0 0 4
200 100 4
0 100 4
200 0 4
0 4.54545 4
4.65116 4.54545 4
4.65116 0 4
0 9.09091 4
4.65116 9.09091 4
0 13.6364 0
4.65116 13.6364 0
0 18.1818 0
4.65116 18.1818 0
0 22.7273 0
4.65116 22.7273 0
0 27.2727 0
4.65116 27.2727 0
0 31.8182 0
4.65116 31.8182 0
0 36.3636 0
4.65116 36.3636 0
0 40.9091 0
4.65116 40.9091 0
0 45.4545 0
4.65116 45.4545 0
0 50 0
4.65116 50 0
0 54.5455 0
4.65116 54.5455 0
0 59.0909 0
4.65116 59.0909 0
0 63.6364 0
4.65116 63.6364 0
0 68.1818 0
4.65116 68.1818 0
0 72.7273 0
4.65116 72.7273 0
0 77.2727 0
4.65116 77.2727 0
0 81.8182 4
4.65116 81.8182 0
0 86.3636 4
4.65116 86.3636 4
0 90.9091 4
4.65116 90.9091 4
0 95.4545 4
4.65116 95.4545 4
4.65116 100 4
9.30233 4.54545 4
9.30233 0 4
9.30233 9.09091 4
9.30233 13.6364 0
9.30233 18.1818 0
9.30233 22.7273 0
9.30233 27.2727 0
9.30233 31.8182 0
9.30233 36.3636 0
9.30233 40.9091 0
9.30233 45.4545 0
9.30233 50 0
9.30233 54.5455 0
9.30233 59.0909 0
9.30233 63.6364 0
9.30233 68.1818 0
9.30233 72.7273 0
9.30233 77.2727 0
9.30233 81.8182 0
9.30233 86.3636 4
9.30233 90.9091 4
9.30233 95.4545 4
9.30233 100 4
13.9535 4.54545 4
13.9535 0 4
13.9535 9.09091 4
13.9535 13.6364 4
13.9535 18.1818 0
13.9535 22.7273 0
13.9535 27.2727 0
13.9535 31.8182 0
13.9535 36.3636 0
13.9535 40.9091 0
13.9535 45.4545 0
13.9535 50 0
13.9535 54.5455 0
13.9535 59.0909 0
13.9535 63.6364 0
13.9535 68.1818 0
13.9535 72.7273 0
13.9535 77.2727 0
13.9535 81.8182 4
13.9535 86.3636 4
13.9535 90.9091 4
13.9535 95.4545 4
13.9535 100 4
18.6047 4.54545 4
18.6047 0 4
18.6047 9.09091 4
18.6047 13.6364 4
18.6047 18.1818 0
18.6047 22.7273 0
18.6047 27.2727 0
18.6047 31.8182 0
18.6047 36.3636 0
18.6047 40.9091 0
18.6047 45.4545 0
18.6047 50 0
18.6047 54.5455 0
18.6047 59.0909 0
18.6047 63.6364 0
18.6047 68.1818 0
18.6047 72.7273 0
18.6047 77.2727 0
18.6047 81.8182 4
18.6047 86.3636 4
18.6047 90.9091 4
18.6047 95.4545 4
18.6047 100 4
23.2558 4.54545 4
23.2558 0 4
23.2558 9.09091 4
23.2558 13.6364 4
23.2558 18.1818 4
23.2558 22.7273 4
23.2558 27.2727 0
23.2558 31.8182 0
23.2558 36.3636 0
23.2558 40.9091 0
23.2558 45.4545 0
23.2558 50 0
23.2558 54.5455 0
23.2558 59.0909 0
23.2558 63.6364 0
23.2558 68.1818 0
23.2558 72.7273 0
23.2558 77.2727 4
23.2558 81.8182 4
23.2558 86.3636 4
23.2558 90.9091 4
23.2558 95.4545 4
23.2558 100 4
27.907 4.54545 4
27.907 0 4
27.907 9.09091 4
27.907 13.6364 4
27.907 18.1818 4
27.907 22.7273 4
27.907 27.2727 4
27.907 31.8182 4
27.907 36.3636 4
27.907 40.9091 0
27.907 45.4545 0
27.907 50 0
27.907 54.5455 0
27.907 59.0909 0
27.907 63.6364 0
27.907 68.1818 0
27.907 72.7273 4
27.907 77.2727 4
27.907 81.8182 4
27.907 86.3636 4
27.907 90.9091 4
27.907 95.4545 4
27.907 100 4
32.5581 4.54545 4
32.5581 0 4
32.5581 9.09091 4
32.5581 13.6364 4
32.5581 18.1818 4
32.5581 22.7273 4
32.5581 27.2727 4
32.5581 31.8182 4
32.5581 36.3636 4
32.5581 40.9091 4
32.5581 45.4545 4
32.5581 50 4
32.5581 54.5455 4
32.5581 59.0909 4
32.5581 63.6364 4
32.5581 68.1818 4
32.5581 72.7273 4
32.5581 77.2727 4
32.5581 81.8182 4
32.5581 86.3636 4
32.5581 90.9091 4
32.5581 95.4545 4
32.5581 100 4
37.2093 4.54545 4
37.2093 0 4
37.2093 9.09091 4
37.2093 13.6364 4
37.2093 18.1818 4
37.2093 22.7273 4
37.2093 27.2727 4
37.2093 31.8182 4
37.2093 36.3636 4
37.2093 40.9091 4
37.2093 45.4545 4
37.2093 50 4
37.2093 54.5455 4
37.2093 59.0909 4
37.2093 63.6364 4
37.2093 68.1818 4
37.2093 72.7273 4
37.2093 77.2727 4
37.2093 81.8182 4
37.2093 86.3636 4
37.2093 90.9091 4
37.2093 95.4545 4
37.2093 100 4
41.8605 4.54545 4
41.8605 0 4
41.8605 9.09091 4
41.8605 13.6364 4
41.8605 18.1818 4
41.8605 22.7273 4
41.8605 27.2727 4
41.8605 31.8182 4
41.8605 36.3636 4
41.8605 40.9091 4
41.8605 45.4545 4
41.8605 50 4
41.8605 54.5455 4
41.8605 59.0909 4
41.8605 63.6364 4
41.8605 68.1818 4
41.8605 72.7273 4
41.8605 77.2727 4
41.8605 81.8182 4
41.8605 86.3636 4
41.8605 90.9091 4
41.8605 95.4545 4
41.8605 100 4
46.5116 4.54545 4
46.5116 0 4
46.5116 9.09091 4
46.5116 13.6364 4
46.5116 18.1818 4
46.5116 22.7273 4
46.5116 27.2727 4
46.5116 31.8182 4
46.5116 36.3636 4
46.5116 40.9091 4
46.5116 45.4545 4
46.5116 50 4
46.5116 54.5455 4
46.5116 59.0909 4
46.5116 63.6364 4
46.5116 68.1818 4
46.5116 72.7273 4
46.5116 77.2727 4
46.5116 81.8182 4
46.5116 86.3636 4
46.5116 90.9091 4
46.5116 95.4545 4
46.5116 100 4
51.1628 4.54545 4
51.1628 0 4
51.1628 9.09091 4
51.1628 13.6364 4
51.1628 18.1818 4
51.1628 22.7273 4
51.1628 27.2727 4
51.1628 31.8182 4
51.1628 36.3636 4
51.1628 40.9091 4
51.1628 45.4545 4
51.1628 50 4
51.1628 54.5455 4
51.1628 59.0909 4
51.1628 63.6364 4
51.1628 68.1818 4
51.1628 72.7273 4
51.1628 77.2727 4
51.1628 81.8182 4
51.1628 86.3636 4
51.1628 90.9091 4
51.1628 95.4545 4
51.1628 100 4
55.814 4.54545 4
55.814 0 4
55.814 9.09091 4
55.814 13.6364 4
55.814 18.1818 4
55.814 22.7273 4
55.814 27.2727 4
55.814 31.8182 4
55.814 36.3636 4
55.814 40.9091 4
55.814 45.4545 4
55.814 50 4
55.814 54.5455 4
55.814 59.0909 4
55.814 63.6364 4
55.814 68.1818 4
55.814 72.7273 4
55.814 77.2727 4
55.814 81.8182 4
55.814 86.3636 4
55.814 90.9091 4
55.814 95.4545 4
55.814 100 4
60.4651 4.54545 4
60.4651 0 4
60.4651 9.09091 4
60.4651 13.6364 4
60.4651 18.1818 4
60.4651 22.7273 4
60.4651 27.2727 4
60.4651 31.8182 4
60.4651 36.3636 4
60.4651 40.9091 4
60.4651 45.4545 4
60.4651 50 4
60.4651 54.5455 4
60.4651 59.0909 4
60.4651 63.6364 4
60.4651 68.1818 4
60.4651 72.7273 4
60.4651 77.2727 4
60.4651 81.8182 4
60.4651 86.3636 4
60.4651 90.9091 4
60.4651 95.4545 4
60.4651 100 4
65.1163 4.54545 4
65.1163 0 4
65.1163 9.09091 4
65.1163 13.6364 4
65.1163 18.1818 4
65.1163 22.7273 4
65.1163 27.2727 4
65.1163 31.8182 4
65.1163 36.3636 4
65.1163 40.9091 4
65.1163 45.4545 4
65.1163 50 4
65.1163 54.5455 4
65.1163 59.0909 4
65.1163 63.6364 4
65.1163 68.1818 4
65.1163 72.7273 4
65.1163 77.2727 4
65.1163 81.8182 4
65.1163 86.3636 4
65.1163 90.9091 4
65.1163 95.4545 4
65.1163 100 4
69.7674 4.54545 4
69.7674 0 4
69.7674 9.09091 4
69.7674 13.6364 4
69.7674 18.1818 4
69.7674 22.7273 4
69.7674 27.2727 4
69.7674 31.8182 4
69.7674 36.3636 4
69.7674 40.9091 4
69.7674 45.4545 4
69.7674 50 4
69.7674 54.5455 4
69.7674 59.0909 4
69.7674 63.6364 4
69.7674 68.1818 4
69.7674 72.7273 4
69.7674 77.2727 4
69.7674 81.8182 4
69.7674 86.3636 4
69.7674 90.9091 4
69.7674 95.4545 4
69.7674 100 4
74.4186 4.54545 4
74.4186 0 4
74.4186 9.09091 4
74.4186 13.6364 4
74.4186 18.1818 4
74.4186 22.7273 4
74.4186 27.2727 4
74.4186 31.8182 4
74.4186 36.3636 4
74.4186 40.9091 4
74.4186 45.4545 4
74.4186 50 4
74.4186 54.5455 4
74.4186 59.0909 4
74.4186 63.6364 4
74.4186 68.1818 4
74.4186 72.7273 4
74.4186 77.2727 4
74.4186 81.8182 4
74.4186 86.3636 4
74.4186 90.9091 4
74.4186 95.4545 4
74.4186 100 4
79.0698 4.54545 4
79.0698 0 4
79.0698 9.09091 4
79.0698 13.6364 4
79.0698 18.1818 4
79.0698 22.7273 4
79.0698 27.2727 4
79.0698 31.8182 4
79.0698 36.3636 4
79.0698 40.9091 4
79.0698 45.4545 4
79.0698 50 4
79.0698 54.5455 4
79.0698 59.0909 4
79.0698 63.6364 4
79.0698 68.1818 4
79.0698 72.7273 4
79.0698 77.2727 4
79.0698 81.8182 4
79.0698 86.3636 4
79.0698 90.9091 4
79.0698 95.4545 4
79.0698 100 4
83.7209 4.54545 4
83.7209 0 4
83.7209 9.09091 4
83.7209 13.6364 4
83.7209 18.1818 4
83.7209 22.7273 4
83.7209 27.2727 4
83.7209 31.8182 4
83.7209 36.3636 4
83.7209 40.9091 4
83.7209 45.4545 4
83.7209 50 4
83.7209 54.5455 4
83.7209 59.0909 4
83.7209 63.6364 4
83.7209 68.1818 4
83.7209 72.7273 4
83.7209 77.2727 4
83.7209 81.8182 4
83.7209 86.3636 4
83.7209 90.9091 4
83.7209 95.4545 4
83.7209 100 4
88.3721 4.54545 4
88.3721 0 4
88.3721 9.09091 4
88.3721 13.6364 4
88.3721 18.1818 4
88.3721 22.7273 4
88.3721 27.2727 4
88.3721 31.8182 4
88.3721 36.3636 4
88.3721 40.9091 4
88.3721 45.4545 4
88.3721 50 4
88.3721 54.5455 4
88.3721 59.0909 4
88.3721 63.6364 4
88.3721 68.1818 4
88.3721 72.7273 4
88.3721 77.2727 4
88.3721 81.8182 4
88.3721 86.3636 4
88.3721 90.9091 4
88.3721 95.4545 4
88.3721 100 4
93.0233 4.54545 4
93.0233 0 4
93.0233 9.09091 4
93.0233 13.6364 4
93.0233 18.1818 4
93.0233 22.7273 4
93.0233 27.2727 4
93.0233 31.8182 4
93.0233 36.3636 4
93.0233 40.9091 4
93.0233 45.4545 4
93.0233 50 4
93.0233 54.5455 4
93.0233 59.0909 4
93.0233 63.6364 4
93.0233 68.1818 4
93.0233 72.7273 4
93.0233 77.2727 4
93.0233 81.8182 4
93.0233 86.3636 4
93.0233 90.9091 4
93.0233 95.4545 4
93.0233 100 4
97.6744 4.54545 4
97.6744 0 4
97.6744 9.09091 4
97.6744 13.6364 4
97.6744 18.1818 4
97.6744 22.7273 4
97.6744 27.2727 4
97.6744 31.8182 4
97.6744 36.3636 4
97.6744 40.9091 4
97.6744 45.4545 4
97.6744 50 4
97.6744 54.5455 4
97.6744 59.0909 4
97.6744 63.6364 4
97.6744 68.1818 4
97.6744 72.7273 4
97.6744 77.2727 4
97.6744 81.8182 4
97.6744 86.3636 4
97.6744 90.9091 0
97.6744 95.4545 4
97.6744 100 4
102.326 4.54545 4
102.326 0 4
102.326 9.09091 4
102.326 13.6364 4
102.326 18.1818 4
102.326 22.7273 4
102.326 27.2727 4
102.326 31.8182 4
102.326 36.3636 4
102.326 40.9091 4
102.326 45.4545 4
102.326 50 4
102.326 54.5455 4
102.326 59.0909 4
102.326 63.6364 4
102.326 68.1818 4
102.326 72.7273 0
102.326 77.2727 0
102.326 81.8182 0
102.326 86.3636 0
102.326 90.9091 0
102.326 95.4545 0
102.326 100 0
106.977 4.54545 4
106.977 0 4
106.977 9.09091 4
106.977 13.6364 4
106.977 18.1818 4
106.977 22.7273 4
106.977 27.2727 4
106.977 31.8182 4
106.977 36.3636 4
106.977 40.9091 4
106.977 45.4545 4
106.977 50 4
106.977 54.5455 4
106.977 59.0909 4
106.977 63.6364 0
106.977 68.1818 0
106.977 72.7273 0
106.977 77.2727 0
106.977 81.8182 0
106.977 86.3636 0
106.977 90.9091 0
106.977 95.4545 0
106.977 100 0
111.628 4.54545 4
111.628 0 4
111.628 9.09091 4
111.628 13.6364 4
111.628 18.1818 4
111.628 22.7273 4
111.628 27.2727 4
111.628 31.8182 4
111.628 36.3636 4
111.628 40.9091 4
111.628 45.4545 4
111.628 50 4
111.628 54.5455 4
111.628 59.0909 0
111.628 63.6364 0
111.628 68.1818 0
111.628 72.7273 0
111.628 77.2727 0
111.628 81.8182 0
111.628 86.3636 0
111.628 90.9091 0
111.628 95.4545 0
111.628 100 0
116.279 4.54545 4
116.279 0 4
116.279 9.09091 4
116.279 13.6364 4
116.279 18.1818 4
116.279 22.7273 4
116.279 27.2727 4
116.279 31.8182 4
116.279 36.3636 4
116.279 40.9091 4
116.279 45.4545 4
116.279 50 4
116.279 54.5455 0
116.279 59.0909 0
116.279 63.6364 0
116.279 68.1818 0
116.279 72.7273 0
116.279 77.2727 0
116.279 81.8182 0
116.279 86.3636 0
116.279 90.9091 0
116.279 95.4545 0
116.279 100 0
120.93 4.54545 4
120.93 0 4
120.93 9.09091 4
120.93 13.6364 4
120.93 18.1818 4
120.93 22.7273 4
120.93 27.2727 4
120.93 31.8182 4
120.93 36.3636 4
120.93 40.9091 4
120.93 45.4545 0
120.93 50 0
120.93 54.5455 0
120.93 59.0909 0
120.93 63.6364 0
120.93 68.1818 0
120.93 72.7273 0
120.93 77.2727 0
120.93 81.8182 0
120.93 86.3636 0
120.93 90.9091 0
120.93 95.4545 0
120.93 100 0
125.581 4.54545 4
125.581 0 4
125.581 9.09091 4
125.581 13.6364 4
125.581 18.1818 4
125.581 22.7273 4
125.581 27.2727 4
125.581 31.8182 4
125.581 36.3636 0
125.581 40.9091 0
125.581 45.4545 0
125.581 50 0
125.581 54.5455 0
125.581 59.0909 0
125.581 63.6364 0
125.581 68.1818 0
125.581 72.7273 0
125.581 77.2727 0
125.581 81.8182 0
125.581 86.3636 0
125.581 90.9091 0
125.581 95.4545 0
125.581 100 0
130.233 4.54545 4
130.233 0 4
130.233 9.09091 4
130.233 13.6364 0
130.233 18.1818 0
130.233 22.7273 0
130.233 27.2727 0
130.233 31.8182 0
130.233 36.3636 0
130.233 40.9091 0
130.233 45.4545 0
130.233 50 0
130.233 54.5455 0
130.233 59.0909 0
130.233 63.6364 0
130.233 68.1818 0
130.233 72.7273 0
130.233 77.2727 0
130.233 81.8182 0
130.233 86.3636 0
130.233 90.9091 0
130.233 95.4545 0
130.233 100 0
134.884 4.54545 0
134.884 0 0
134.884 9.09091 0
134.884 13.6364 0
134.884 18.1818 0
134.884 22.7273 0
134.884 27.2727 0
134.884 31.8182 0
134.884 36.3636 0
134.884 40.9091 0
134.884 45.4545 0
134.884 50 0
134.884 54.5455 0
134.884 59.0909 0
134.884 63.6364 0
134.884 68.1818 0
134.884 72.7273 0
134.884 77.2727 0
134.884 81.8182 0
134.884 86.3636 0
134.884 90.9091 0
134.884 95.4545 0
134.884 100 0
139.535 4.54545 0
139.535 0 0
139.535 9.09091 0
139.535 13.6364 0
139.535 18.1818 0
139.535 22.7273 0
139.535 27.2727 0
139.535 31.8182 0
139.535 36.3636 0
139.535 40.9091 0
139.535 45.4545 0
139.535 50 0
139.535 54.5455 0
139.535 59.0909 0
139.535 63.6364 0
139.535 68.1818 0
139.535 72.7273 0
139.535 77.2727 0
139.535 81.8182 0
139.535 86.3636 0
139.535 90.9091 0
139.535 95.4545 0
139.535 100 0
144.186 4.54545 0
144.186 0 0
144.186 9.09091 0
144.186 13.6364 0
144.186 18.1818 0
144.186 22.7273 0
144.186 27.2727 0
144.186 31.8182 0
144.186 36.3636 0
144.186 40.9091 0
144.186 45.4545 0
144.186 50 0
144.186 54.5455 0
144.186 59.0909 0
144.186 63.6364 0
144.186 68.1818 0
144.186 72.7273 0
144.186 77.2727 0
144.186 81.8182 0
144.186 86.3636 0
144.186 90.9091 0
144.186 95.4545 0
144.186 100 0
148.837 4.54545 0
148.837 0 0
148.837 9.09091 0
148.837 13.6364 0
148.837 18.1818 0
148.837 22.7273 0
148.837 27.2727 0
148.837 31.8182 0
148.837 36.3636 0
148.837 40.9091 0
148.837 45.4545 0
148.837 50 0
148.837 54.5455 0
148.837 59.0909 0
148.837 63.6364 0
148.837 68.1818 0
148.837 72.7273 0
148.837 77.2727 0
148.837 81.8182 0
148.837 86.3636 0
148.837 90.9091 0
148.837 95.4545 0
148.837 100 4
153.488 4.54545 0
153.488 0 0
153.488 9.09091 0
153.488 13.6364 0
153.488 18.1818 0
153.488 22.7273 0
153.488 27.2727 0
153.488 31.8182 0
153.488 36.3636 0
153.488 40.9091 0
153.488 45.4545 0
153.488 50 0
153.488 54.5455 0
153.488 59.0909 0
153.488 63.6364 0
153.488 68.1818 0
153.488 72.7273 0
153.488 77.2727 0
153.488 81.8182 0
153.488 86.3636 0
153.488 90.9091 0
153.488 95.4545 0
153.488 100 4
158.14 4.54545 0
158.14 0 0
158.14 9.09091 0
158.14 13.6364 0
158.14 18.1818 0
158.14 22.7273 0
158.14 27.2727 0
158.14 31.8182 0
158.14 36.3636 0
158.14 40.9091 0
158.14 45.4545 0
158.14 50 0
158.14 54.5455 0
158.14 59.0909 0
158.14 63.6364 0
158.14 68.1818 0
158.14 72.7273 0
158.14 77.2727 0
158.14 81.8182 0
158.14 86.3636 0
158.14 90.9091 0
158.14 95.4545 4
158.14 100 4
162.791 4.54545 0
162.791 0 0
162.791 9.09091 0
162.791 13.6364 0
162.791 18.1818 0
162.791 22.7273 0
162.791 27.2727 0
162.791 31.8182 0
162.791 36.3636 0
162.791 40.9091 0
162.791 45.4545 0
162.791 50 0
162.791 54.5455 0
162.791 59.0909 0
162.791 63.6364 0
162.791 68.1818 0
162.791 72.7273 0
162.791 77.2727 0
162.791 81.8182 0
162.791 86.3636 4
162.791 90.9091 4
162.791 95.4545 4
162.791 100 4
167.442 4.54545 0
167.442 0 0
167.442 9.09091 0
167.442 13.6364 0
167.442 18.1818 0
167.442 22.7273 0
167.442 27.2727 0
167.442 31.8182 0
167.442 36.3636 0
167.442 40.9091 0
167.442 45.4545 0
167.442 50 0
167.442 54.5455 0
167.442 59.0909 0
167.442 63.6364 0
167.442 68.1818 0
167.442 72.7273 4
167.442 77.2727 4
167.442 81.8182 4
167.442 86.3636 4
167.442 90.9091 4
167.442 95.4545 4
167.442 100 4
172.093 4.54545 4
172.093 0 0
172.093 9.09091 0
172.093 13.6364 0
172.093 18.1818 0
172.093 22.7273 0
172.093 27.2727 0
172.093 31.8182 0
172.093 36.3636 0
172.093 40.9091 0
172.093 45.4545 0
172.093 50 0
172.093 54.5455 0
172.093 59.0909 0
172.093 63.6364 4
172.093 68.1818 4
172.093 72.7273 4
172.093 77.2727 4
172.093 81.8182 4
172.093 86.3636 4
172.093 90.9091 4
172.093 95.4545 4
172.093 100 4
176.744 4.54545 4
176.744 0 4
176.744 9.09091 4
176.744 13.6364 4
176.744 18.1818 4
176.744 22.7273 0
176.744 27.2727 0
176.744 31.8182 0
176.744 36.3636 4
176.744 40.9091 4
176.744 45.4545 4
176.744 50 4
176.744 54.5455 4
176.744 59.0909 4
176.744 63.6364 4
176.744 68.1818 4
176.744 72.7273 4
176.744 77.2727 4
176.744 81.8182 4
176.744 86.3636 4
176.744 90.9091 4
176.744 95.4545 4
176.744 100 4
181.395 4.54545 4
181.395 0 4
181.395 9.09091 4
181.395 13.6364 4
181.395 18.1818 4
181.395 22.7273 4
181.395 27.2727 4
181.395 31.8182 4
181.395 36.3636 4
181.395 40.9091 4
181.395 45.4545 4
181.395 50 4
181.395 54.5455 4
181.395 59.0909 4
181.395 63.6364 4
181.395 68.1818 4
181.395 72.7273 4
181.395 77.2727 4
181.395 81.8182 4
181.395 86.3636 4
181.395 90.9091 4
181.395 95.4545 4
181.395 100 4
186.047 4.54545 4
186.047 0 4
186.047 9.09091 4
186.047 13.6364 4
186.047 18.1818 4
186.047 22.7273 4
186.047 27.2727 4
186.047 31.8182 4
186.047 36.3636 4
186.047 40.9091 4
186.047 45.4545 4
186.047 50 4
186.047 54.5455 4
186.047 59.0909 4
186.047 63.6364 4
186.047 68.1818 4
186.047 72.7273 4
186.047 77.2727 4
186.047 81.8182 4
186.047 86.3636 4
186.047 90.9091 4
186.047 95.4545 4
186.047 100 4
190.698 4.54545 4
190.698 0 4
190.698 9.09091 4
190.698 13.6364 4
190.698 18.1818 4
190.698 22.7273 4
190.698 27.2727 4
190.698 31.8182 4
190.698 36.3636 4
190.698 40.9091 4
190.698 45.4545 4
190.698 50 4
190.698 54.5455 4
190.698 59.0909 4
190.698 63.6364 4
190.698 68.1818 4
190.698 72.7273 4
190.698 77.2727 4
190.698 81.8182 4
190.698 86.3636 4
190.698 90.9091 4
190.698 95.4545 4
190.698 100 4
195.349 4.54545 4
195.349 0 4
195.349 9.09091 4
195.349 13.6364 4
195.349 18.1818 4
195.349 22.7273 4
195.349 27.2727 4
195.349 31.8182 4
195.349 36.3636 4
195.349 40.9091 4
195.349 45.4545 4
195.349 50 4
195.349 54.5455 4
195.349 59.0909 4
195.349 63.6364 4
195.349 68.1818 4
195.349 72.7273 4
195.349 77.2727 4
195.349 81.8182 4
195.349 86.3636 4
195.349 90.9091 4
195.349 95.4545 4
195.349 100 4
200 4.54545 4
200 9.09091 4
200 13.6364 4
200 18.1818 4
200 22.7273 4
200 27.2727 4
200 31.8182 4
200 36.3636 4
200 40.9091 4
200 45.4545 4
200 50 4
200 54.5455 4
200 59.0909 4
200 63.6364 4
200 68.1818 4
200 72.7273 4
200 77.2727 4
200 81.8182 4
200 86.3636 4
200 90.9091 4
200 95.4545 4
197.035 3.14135 4
24.7163 3.03902 4
5.56809 7.3784 4
192.942 2.43676 4
132.235 2.56492 0
62.8889 2.87076 4
67.5205 2.8771 4
72.1581 2.87015 4
39.6122 2.86806 4
76.8177 2.82738 4
44.2578 2.88114 4
58.2449 2.88506 4
100.023 2.85317 4
188.512 2.8548 4
81.0654 2.52295 4
48.905 2.88389 4
127.609 3.1352 4
53.5755 2.88641 4
118.217 2.55715 4
104.289 2.51962 4
141.445 2.55182 0
95.1023 3.19383 4
155.382 2.55984 0
136.895 3.08394 0
169.413 2.60639 0
113.659 3.13157 4
150.793 3.14402 0
34.9066 2.87978 4
164.808 3.18679 0
183.509 3.25173 4
15.8094 2.51732 4
29.8091 3.2052 4
11.4707 2.83689 4
25.255 6.85579 4
192.592 6.16252 4
131.639 6.53243 0
20.5482 6.72661 4
196.854 7.33525 4
80.6898 6.4694 4
140.924 6.50545 0
154.839 6.53585 0
117.735 6.52467 4
103.885 6.39636 4
15.4637 6.46453 4
61.8971 6.66462 4
66.4594 6.67836 4
71.0726 6.69463 4
75.7708 6.66533 4
43.2109 6.69616 4
38.5987 6.68201 4
108.711 6.74159 4
47.8521 6.71569 4
57.2461 6.77302 4
122.606 6.7897 4
52.5243 6.73547 4
145.768 6.77816 0
90.2827 6.80326 4
99.0166 6.77657 4
169.271 6.88255 0
159.723 6.80472 0
187.97 6.74372 4
85.6031 6.79239 4
34.0374 6.75221 4
136.34 7.1399 0
19.9037 2.66644 4
127.109 7.20965 4
179.208 6.8886 4
113.188 7.18216 4
150.259 7.20963 0
15.6391 93.7453 4
94.676 7.24429 4
183.658 7.25195 4
29.8045 7.26312 4
164.332 7.3123 0
108.39 2.67197 4
122.33 2.68528 4
85.1389 2.69135 4
145.539 2.68425 0
20.3365 93.7621 4
159.49 2.69347 0
174.496 6.74929 0
10.858 93.7883 4
6.26247 3.36248 4
24.9396 93.8316 4
89.7582 2.73304 4
173.477 2.69946 4
178.14 2.77075 4
71.4299 93.7507 4
76.1002 93.7588 4
38.9638 93.7993 4
5.96751 93.6587 4
43.6347 93.7704 4
131.75 93.7653 0
99.2417 93.7864 0
141.007 93.773 0
34.3232 93.8223 4
62.1075 93.8081 4
29.6118 93.8341 4
66.7452 93.7963 4
89.9885 93.7637 4
174.117 93.8319 4
127.067 93.7516 0
113.209 93.7706 0
164.214 93.7058 4
57.477 93.8063 4
108.531 93.7698 0
145.679 93.7885 0
178.746 93.8018 4
103.888 93.8286 0
94.6377 93.8406 4
136.378 93.8391 0
85.2956 93.8181 4
80.7065 93.853 4
188.059 93.7813 4
117.822 93.8613 0
159.467 93.7807 4
169.224 93.4151 4
154.84 93.8346 4
48.2715 93.8442 4
183.395 93.7938 4
52.8518 93.8346 4
122.406 93.8249 0
150.28 93.8743 0
192.654 93.6377 4
10.2832 6.78724 4
21.335 11.1614 4
104.874 10.7307 4
63.2804 10.7491 4
39.7365 11.0364 4
26.0176 11.2295 4
67.5677 11.0896 4
72.1833 11.0638 4
141.644 11.0709 0
58.6496 11.4632 4
76.822 11.1475 4
118.484 11.1424 4
132.401 11.1887 0
44.3361 11.1159 4
81.5283 11.1591 4
155.529 11.1679 0
16.6093 11.1587 4
53.6804 11.1837 4
91.1125 10.8903 4
48.9715 11.1813 4
109.261 11.1624 4
182.797 10.9145 4
35.4364 10.8324 4
100.272 11.4141 4
123.134 11.2038 4
137.035 11.2634 0
127.778 11.2745 4
146.234 11.1754 0
86.4906 11.4484 4
113.848 11.1789 4
150.843 11.3043 0
160.232 11.2413 0
187.231 11.1586 4
95.3914 11.2481 4
178.32 11.4052 4
30.9075 11.5558 4
165.162 11.5979 0
21.8517 88.9966 4
16.8849 88.6041 4
169.739 11.6048 0
192.176 10.8744 4
26.1976 89.4509 4
11.8637 88.9561 4
173.76 10.8611 0
30.5601 88.9796 4
67.5452 88.9353 4
77.3876 88.9545 4
95.6762 89.3867 4
137.346 89.3372 0
35.1732 88.9441 4
39.8517 88.9085 4
72.4141 88.5927 4
81.7561 89.4302 4
86.1258 88.943 4
132.92 88.9504 0
177.71 89.0372 4
53.6548 89.0054 4
62.9142 89.0291 4
104.863 89.2831 0
118.78 89.4352 0
123.137 88.948 0
44.7351 88.6863 4
49.3005 89.3914 4
58.2568 88.9193 4
100.236 88.7123 0
114.413 88.9589 0
141.954 88.6529 0
151.165 89.4784 0
155.484 89.0076 0
91.0203 88.6353 4
109.499 88.6306 0
146.835 89.0153 0
160.078 88.8801 0
127.961 88.6395 0
182.37 88.9754 4
164.978 88.5737 4
173.453 89.3655 4
169.61 88.5233 4
187.113 88.9053 4
35.42 15.7103 4
72.9316 15.2612 4
104.456 15.3828 4
40.3258 15.258 4
63.4785 15.4251 4
114.457 15.3491 4
44.6377 15.6792 4
54.5756 15.793 4
68.4842 15.5812 4
128.586 15.6773 4
133.192 15.7403 0
137.849 15.7303 0
142.24 15.3304 0
22.1627 15.7518 4
49.5957 16.0532 4
77.4032 15.9978 4
82.3979 15.7583 4
123.899 15.766 4
146.46 15.7143 0
109.682 15.9954 4
151.362 16.0367 0
156.347 15.8174 0
174.29 15.3926 0
90.9471 15.7051 4
118.966 15.9264 4
25.6864 84.6826 4
58.9658 16.0649 4
20.9113 84.7282 4
30.8828 15.7208 4
48.8751 84.6614 4
63.4741 84.675 4
81.2191 84.6342 4
100.234 15.5268 4
118.22 84.642 0
150.568 84.7237 0
183.275 15.6589 4
26.8472 15.6933 4
30.8692 84.0045 4
35.8959 84.2663 4
53.7327 84.3095 4
86.5425 15.7115 4
95.3252 84.9617 4
104.201 84.5692 0
145.816 84.7537 0
155.492 84.3185 0
165.117 15.8111 0
169.221 16.0606 0
173.548 84.6444 4
178.64 15.5142 4
58.7198 83.9776 4
76.2062 84.3414 4
86.3827 83.9481 4
113.183 84.3155 0
131.685 84.3588 0
136.684 84.5666 0
161.095 15.7541 0
178.471 84.3519 4
16.6771 83.6426 4
44.5769 84.4019 4
67.6573 84.3003 4
71.888 83.9186 4
91.1383 83.895 4
96.1517 15.6566 4
99.574 84.0579 0
108.725 83.9333 0
127.602 84.2551 0
164.604 84.2154 4
168.63 84.3164 4
12.0518 84.3159 4
40.555 84.2795 4
123.316 84.0038 0
141.564 83.7061 0
160.333 83.9684 0
6.7404 89.2882 4
17.155 16.0616 4
40.3119 19.9887 4
72.7614 19.9646 4
183.138 84.3275 4
25.7133 19.8744 4
35.375 20.9378 4
45.3775 20.2786 4
53.8701 20.2935 4
58.1811 19.9481 4
62.8105 20.5738 4
67.7535 20.2709 4
76.9242 79.7644 4
81.7105 20.2917 4
86.6029 19.9697 4
105.043 20.5883 4
109.831 20.726 4
114.315 19.9234 4
122.848 20.5437 4
127.433 19.8666 4
131.841 20.2319 0
136.538 20.2709 0
141.838 20.2742 0
145.897 80.0568 0
20.9962 79.9925 4
25.9517 79.715 4
30.4246 20.0026 4
31.3185 24.9214 4
30.6177 34.0551 4
30.2853 79.3493 4
34.5445 79.7662 4
40.0182 24.9112 4
39.1757 79.7996 4
44.4179 29.3834 4
44.5637 38.612 4
44.1654 80.0396 4
49.8062 20.7109 4
49.0734 79.7677 4
53.7179 79.6372 4
58.6885 24.5645 4
58.3379 33.9847 4
58.3747 78.9552 4
62.9207 48.4141 4
63.317 79.9777 4
67.7274 24.8979 4
68.2842 79.7344 4
72.3079 24.8408 4
72.6796 80.0483 4
77.4787 20.6552 4
76.9728 38.6354 4
77.6124 75.1884 4
81.5599 24.8764 4
81.4931 29.4269 4
81.6187 65.9742 4
81.4951 79.7567 4
86.1558 24.7893 4
86.0525 29.3601 4
85.7063 79.3026 4
91.2453 20.5417 4
90.044 79.6881 4
95.4949 20.1909 4
95.0209 80.0409 4
100.126 19.5994 4
100.081 24.8409 4
100.395 29.7689 4
99.9509 79.6585 0
104.654 29.392 4
104.647 33.9303 4
104.638 79.714 0
113.786 47.0159 4
114.322 51.9923 4
113.928 79.7097 0
118.658 20.1302 4
118.511 79.7667 0
123.529 38.9766 4
123.157 75.1593 0
122.754 79.3898 0
127.363 79.9825 0
133.018 24.8369 0
132.468 37.9975 0
132.296 75.0915 0
132.285 79.7096 0
137.768 24.8125 0
137.213 79.3744 0
141.513 79.6452 0
147.057 20.2934 0
151.223 20.3592 0
150.863 79.7611 0
155.381 20.6334 0
155.515 34.0024 0
160.286 20.2892 0
160.236 24.8882 0
165.165 19.9893 0
164.735 24.7523 0
164.398 79.9427 0
169.346 79.733 4
174.092 20.2478 0
174.077 79.7553 4
178.729 19.5659 4
16.3094 79.3589 0
21.3834 20.3051 4
21.709 74.8338 0
25.9674 24.8651 4
26.0518 30.1679 4
26.4496 34.6319 0
25.6287 47.379 0
26.6803 52.2388 0
25.6533 57.0478 0
25.8086 70.2201 0
26.7538 75.092 4
30.6544 29.4681 4
30.5813 38.5883 4
29.7952 43.1631 4
30.6008 47.7635 4
31.3509 52.3113 4
30.1635 56.4137 4
30.2326 61.0444 4
30.6564 65.9626 4
31.0644 70.9489 4
31.1378 75.53 4
35.8174 25.3787 4
34.8706 33.6546 4
35.4952 38.3182 4
34.8479 43.4676 4
35.1675 48.4202 4
35.6717 52.7978 4
34.5311 56.9438 4
35.124 61.4981 4
35.6386 66.4202 4
35.7837 71.1188 4
35.2525 75.2719 4
39.8863 29.4855 4
39.576 34.2991 4
40.2092 38.962 4
39.7839 43.2046 4
39.3498 47.4313 4
40.1978 52.0498 4
39.4775 57.2243 4
39.4066 61.9226 4
40.5894 66.1527 4
40.0154 70.6632 4
39.8441 75.2023 4
44.5788 24.8384 4
44.492 33.9968 4
44.3961 43.1754 4
43.7309 47.7112 4
45.1344 52.1982 4
44.4364 56.827 4
43.8453 61.455 4
45.287 65.9862 4
44.6262 70.5888 4
44.4858 75.1856 4
48.7631 29.0493 4
49.4039 33.6987 4
49.091 38.5148 4
48.9507 43.0845 4
48.4386 47.6758 4
49.7808 52.1816 4
48.7544 56.4283 4
48.7961 61.1111 4
49.9743 65.8944 4
49.288 70.5218 4
49.13 75.137 4
53.8081 24.8798 4
53.4596 29.7107 4
54.0963 34.3614 4
53.0875 42.709 4
53.3702 47.3663 4
54.4403 52.2278 4
53.392 57.0761 4
53.3598 61.7057 4
54.3236 65.5996 4
54.2081 70.2044 4
53.7044 75.0172 4
58.337 29.3931 4
58.3169 38.553 4
57.5354 43.1477 4
58.3525 47.7591 4
59.1049 52.3105 4
57.9212 56.4269 4
58.0012 61.1272 4
58.8233 66.2591 4
58.8068 70.8374 4
63.395 25.2201 4
62.5041 33.5626 4
63.2326 38.2535 4
62.5992 43.4526 4
63.4178 52.7947 4
62.2821 56.9349 4
62.95 61.4465 4
63.7998 66.0201 4
63.047 70.5858 4
62.2651 75.1171 4
67.5813 29.4363 4
66.912 34.009 4
68.284 38.5727 4
67.5645 43.1235 4
67.0958 47.4117 4
67.9051 52.0124 4
67.2012 57.1553 4
67.2359 61.748 4
68.1661 65.6348 4
67.9859 70.2309 4
67.0098 75.1152 4
72.2344 29.4557 4
71.9532 34.3451 4
72.6975 39.0358 4
72.2026 43.2412 4
71.4566 47.724 4
72.7725 52.177 4
71.7076 56.3814 4
71.8527 61.1074 4
72.6348 66.181 4
72.3889 70.5044 4
72.3488 75.2213 4
76.9646 24.9493 4
76.8806 29.4494 4
76.8569 34.0304 4
76.8138 43.1862 4
76.1261 47.7903 4
77.386 52.3114 4
76.0354 56.7607 4
76.7656 61.301 4
77.2751 65.59 4
76.7252 70.2758 4
81.4976 33.9966 4
81.5043 38.5691 4
81.4136 43.1427 4
81.0467 48.0213 4
81.7548 52.688 4
80.6171 56.8914 4
81.3934 61.3977 4
81.9644 70.8933 4
82.0918 75.5584 4
86.1415 33.9648 4
86.1068 38.5496 4
85.9967 43.0693 4
85.5192 47.3454 4
86.3366 51.9894 4
85.2558 56.8316 4
86.0079 61.4267 4
86.227 66.0073 4
87.0043 70.6484 4
86.2031 75.1266 4
90.7792 24.8037 4
90.4617 28.9785 4
91.0784 33.6671 4
90.7554 38.5448 4
90.6023 43.1394 4
89.9166 47.7071 4
91.2463 52.2604 4
89.9544 56.8369 4
90.6695 61.4702 4
90.9145 66.1076 4
91.7178 70.6946 4
90.8194 75.148 4
95.0888 24.4921 4
95.4254 29.3934 4
95.8252 34.2986 4
95.4138 38.6578 4
95.2389 43.1759 4
94.5627 47.7696 4
95.9349 52.2884 4
94.7143 56.9126 4
95.562 61.8371 4
95.5654 66.7471 4
95.9768 71.0357 4
95.4841 75.2369 4
100.102 34.0632 4
100.029 38.5999 4
99.8773 43.1666 4
99.2224 47.7826 4
100.616 52.3208 4
99.6469 57.1541 4
99.7686 70.1625 0
100.37 74.8125 0
105.064 25.2299 4
104.648 38.5345 4
104.541 43.1327 4
103.914 47.7811 4
105.324 52.3105 4
104.571 56.8811 4
103.779 61.4024 4
104.903 65.572 0
104.332 70.2069 0
105.387 75.0828 0
109.304 24.8317 4
108.839 28.9357 4
109.228 33.2298 4
109.563 38.1694 4
109.185 43.0421 4
108.922 47.9801 4
109.765 52.6577 4
109.209 56.947 4
108.406 61.4753 0
109.507 66.3043 0
108.929 70.9742 0
110.084 75.1853 0
109.287 79.6534 0
113.924 24.7717 4
113.493 29.595 4
113.499 34.2796 4
114.573 38.4619 4
113.567 42.6047 4
113.832 56.879 0
113.081 61.4833 0
114.452 66.0313 0
113.358 70.6592 0
114.69 75.188 0
118.554 24.1341 4
118.433 28.792 4
118.155 33.6994 4
118.956 38.1923 4
118.525 43.1181 4
118.126 48.0526 4
119.234 52.2804 0
118.483 56.874 0
117.772 61.4788 0
119.171 66.0359 0
118.338 70.9259 0
118.997 75.5815 0
123.106 25.438 4
123.007 30.116 4
122.73 34.4648 4
123.471 43.6099 0
122.486 47.8514 0
123.833 52.2263 0
123.108 56.7921 0
122.49 61.3968 0
123.914 65.9734 0
123.23 70.6022 0
128.005 24.5168 4
127.378 29.1708 4
127.695 34.0911 0
128.199 38.9656 0
127.789 43.2182 0
127.09 47.8175 0
128.359 52.2297 0
127.292 56.3668 0
127.425 61.0706 0
128.627 65.9224 0
127.883 70.5617 0
127.731 75.165 0
132.079 29.6823 0
132.248 34.0077 0
132.699 42.9137 0
132.019 48.0176 0
132.673 52.6895 0
131.555 56.8576 0
132.375 61.4018 0
133.349 65.9733 0
132.503 70.5266 0
136.978 29.4115 0
136.714 34.3112 0
137.002 39.2775 0
137.344 43.6002 0
136.635 47.5034 0
137.255 52.0542 0
136.206 56.8776 0
137.064 61.4677 0
137.997 66.0397 0
136.635 74.7317 0
142.111 25.1551 0
141.314 29.0302 0
141.908 33.6913 0
141.664 38.6235 0
141.624 43.2224 0
141.221 48.0174 0
141.918 52.6411 0
140.941 57.0032 0
141.99 61.7957 0
142.246 66.3979 0
141.753 70.6445 0
141.299 75.38 0
146.347 24.864 0
145.63 29.4481 0
146.961 33.9973 0
146.318 38.5849 0
146.15 43.0843 0
145.685 47.3611 0
146.572 52.0006 0
145.954 57.1884 0
146.569 61.8029 0
146.038 65.5792 0
146.647 70.1932 0
146.271 75.1506 0
151.276 24.6403 0
150.643 29.7526 0
151.367 34.4449 0
150.951 38.6712 0
150.751 43.1614 0
150.073 47.7047 0
151.498 52.1745 0
150.831 56.7631 0
150.451 60.9439 0
150.604 65.5866 0
151.394 70.1134 0
151.293 74.868 0
155.938 25.2544 0
155.511 29.51 0
155.55 38.5837 0
155.377 43.1568 0
154.689 47.7371 0
156.072 52.1603 0
155.023 56.3271 0
155.082 61.0304 0
155.863 66.2663 0
155.677 71.2643 0
155.979 75.5819 0
155.512 79.7527 0
160.094 29.3621 0
159.679 33.5427 0
160.412 38.2257 0
160.026 43.1241 0
159.314 47.746 0
160.644 52.2607 0
159.334 56.7377 0
160.07 61.372 0
160.905 66.0005 0
160.157 70.5875 0
160.173 75.1366 0
159.77 79.3682 0
164.709 29.3596 0
164.133 33.9328 0
165.465 38.5453 0
164.703 43.1692 0
163.949 47.7633 0
165.271 52.2839 0
163.976 56.8088 0
164.762 61.4083 0
165.592 65.9296 0
164.503 70.0954 0
165.041 74.8223 0
169.725 20.5833 0
169.336 28.8044 0
169.444 34.0583 0
169.913 38.9675 0
169.343 43.2447 0
168.585 47.7808 0
169.913 52.2882 0
168.644 56.8362 0
169.427 61.458 0
170.184 66.0802 0
168.848 70.542 4
170.089 75.0967 4
173.723 25.1344 0
173.984 30.1384 0
174.39 34.541 0
174.104 38.6793 0
173.929 43.1958 0
173.222 47.7764 0
174.58 52.2886 0
173.379 56.9054 4
174.349 61.7948 4
174.486 66.4483 4
173.478 70.6444 4
174.817 75.1358 4
178.967 24.5653 4
178.646 29.4276 4
178.64 33.99 4
178.655 38.5347 4
178.554 43.1224 4
177.885 47.7453 4
179.238 52.2682 4
178.323 57.1352 4
179.023 61.757 4
178.347 65.6826 4
178.745 79.7495 4
21.3302 29.4711 0
21.8089 34.4233 0
21.9577 38.9934 0
21.3272 43.1658 0
21.9901 52.2742 0
21.6206 61.7199 0
21.8528 66.3572 0
21.1528 70.1745 0
25.9993 38.6237 0
25.4033 42.7578 0
25.8916 61.2832 0
26.0053 65.3089 0
35.2889 29.4488 4
49.1949 24.8479 4
53.6797 38.5648 4
57.9584 74.6222 4
62.9585 29.4223 4
99.8101 61.5168 4
100.253 65.7083 4
137.116 70.4846 0
169.036 24.4455 0
178.426 70.3294 4
179.509 75.193 4
183.294 20.8319 4
16.7674 75.1396 0
20.6706 24.8318 0
20.7047 47.6897 0
20.7247 56.8415 0
182.62 47.6448 4
182.842 56.3301 4
183.283 60.7384 4
12.3109 80.06 0
17.277 70.9693 0
183.669 25.1313 4
183.282 29.3375 4
182.893 33.4299 4
183.287 37.8242 4
183.484 42.7862 4
183.905 52.1643 4
183.366 71.2446 4
183.358 79.8291 4
17.5602 38.5613 0
17.3481 52.1657 0
183.313 65.9722 4
183.883 75.6625 4
17.187 20.6915 0
16.7195 43.1619 0
16.3067 56.3658 0
17.139 66.3296 0
11.9056 11.094 4
16.832 33.9148 0
16.2735 24.4643 0
188.528 15.6364 4
16.3673 29.0122 0
11.7411 75.4882 0
15.9995 47.7277 0
16.3499 61.117 0
187.885 20.1752 4
187.592 47.4399 4
187.516 24.328 4
187.222 56.7072 4
187.877 61.3525 4
12.7907 70.6256 0
187.8 84.241 4
187.785 43.0675 4
187.871 39.0734 4
187.868 28.6792 4
188.029 75.1151 4
187.938 79.6643 4
187.981 70.5105 4
12.0784 56.7945 0
12.7559 52.1788 0
187.885 33.8402 4
6.9678 84.6553 4
188.557 52.2068 4
188.632 65.9035 4
7.30108 79.771 0
12.5556 25.0896 0
11.7548 28.8563 0
12.1783 15.6429 0
12.529 20.5511 0
12.4985 38.1992 0
12.1599 33.1764 0
12.0445 43.1154 0
6.53604 75.1721 0
12.1189 65.9439 0
11.3719 47.7026 0
7.62024 10.7121 4
11.3323 61.3016 0
192.961 15.3448 4
192.106 88.6144 4
192.149 24.5319 4
192.209 56.6317 4
192.178 42.9306 4
192.537 19.6855 4
192.483 38.0235 4
192.449 83.6585 4
192.645 69.8665 4
192.531 78.9985 4
192.49 29.4162 4
192.562 74.4096 4
192.893 33.6777 4
192.524 47.7531 4
192.561 61.4582 4
192.989 52.0467 4
193.108 65.66 4
7.08856 70.2566 0
0 100 4
0 95.4545 4
0 90.9091 4
0 86.3636 4
0 81.8182 0
0 77.2727 0
0 72.7273 0
0 68.1818 0
0 63.6364 0
0 59.0909 0
0 54.5455 0
0 50 0
0 45.4545 0
0 40.9091 0
0 36.3636 0
0 31.8182 0
0 27.2727 0
0 22.7273 0
0 18.1818 0
0 13.6364 0
0 9.09091 4
0 4.54545 4
0 0 4
200 100 4
195.349 100 4
190.698 100 4
186.047 100 4
181.395 100 4
176.744 100 4
172.093 100 4
167.442 100 4
162.791 100 4
158.14 100 4
153.488 100 4
148.837 100 4
144.186 100 0
139.535 100 0
134.884 100 0
130.233 100 0
125.581 100 0
120.93 100 0
116.279 100 0
111.628 100 0
106.977 100 0
102.326 100 4
97.6744 100 4
93.0233 100 4
88.3721 100 4
83.7209 100 4
79.0698 100 4
74.4186 100 4
69.7674 100 4
65.1163 100 4
60.4651 100 4
55.814 100 4
51.1628 100 4
46.5116 100 4
41.8605 100 4
37.2093 100 4
32.5581 100 4
27.907 100 4
23.2558 100 4
18.6047 100 4
13.9535 100 4
9.30233 100 4
4.65116 100 4
200 0 4
200 4.54545 4
200 9.09091 4
200 13.6364 4
200 18.1818 4
200 22.7273 4
200 27.2727 4
200 31.8182 4
200 36.3636 4
200 40.9091 4
200 45.4545 4
200 50 4
200 54.5455 4
200 59.0909 4
200 63.6364 4
200 68.1818 4
200 72.7273 4
200 77.2727 4
200 81.8182 4
200 86.3636 4
200 90.9091 4
200 95.4545 4
4.65116 0 4
9.30233 0 4
13.9535 0 4
18.6047 0 4
23.2558 0 4
27.907 0 4
32.5581 0 4
37.2093 0 4
41.8605 0 4
46.5116 0 4
51.1628 0 4
55.814 0 4
60.4651 0 4
65.1163 0 4
69.7674 0 4
74.4186 0 4
79.0698 0 4
83.7209 0 4
88.3721 0 4
93.0233 0 4
97.6744 0 4
102.326 0 4
106.977 0 4
111.628 0 4
116.279 0 4
120.93 0 4
125.581 0 4
130.233 0 4
134.884 0 0
139.535 0 0
144.186 0 0
148.837 0 0
153.488 0 0
158.14 0 0
162.791 0 0
167.442 0 0
172.093 0 4
176.744 0 4
181.395 0 4
186.047 0 4
190.698 0 4
195.349 0 4
7.52659 56.8653 0
7.8622 52.0002 0
7.61553 38.6245 0
7.94744 24.541 0
7.50861 43.1574 0
7.63915 14.9168 0
7.59717 33.9862 0
7.54994 29.3691 0
7.70828 19.5634 0
7.1386 47.3728 0
6.98557 61.107 0
7.43506 65.3482 0
196.842 12.1006 4
