8.33 4.05 1
16.1 17.6 1
21.1 20.5 1
9.2 9.53 1
25.2 75 0
35.6 69.6 0
13.8 92.1 1
12.9 98.9 1
63.7 4.15 1
67.3 1.5 1
41.4 6.03 1
52.1 23.7 1
63.3 21 1
65.6 41.4 0
64.4 39.5 0
68 29.3 0
67.5 33.5 0
57.5 43.1 0
66.6 54.7 0
42 51 0
54.2 78.8 0
42 81 0
115 10.6 1
103 20.5 0
119 19.9 0
103 29.3 0
98.4 45.7 0
98 41.4 0
112 32.1 0
89.3 42 0
96.1 34.9 0
82.9 46.9 0
84.3 57.3 0
82 51 0
115 56.1 0
94.3 91.1 4
82 81 0
139 10.6 0
130 10.5 0
151 3.6 0
134 13.8 0
152 45.4 0
152 33.5 0
126 47.7 0
136 55.4 0
153 53.9 4
124 59.8 0
169 94.1 4
194 13.8 0
178 20.7 0
171 23 0
197 40.7 4
171 78 4
174 89.4 4
5.33 9.4 1
24.2 4.25 1
10.9 13.1 1
14.1 7.73 1
38.2 6.05 1
29.3 39.9 1
3.15 48.8 1
1.2 48.8 1
14 38.2 1
29.5 35.5 1
10.4 35.5 1
6.68 75.1 1
25.1 54.9 1
18.4 71.2 1
7.5 60.5 1
11.3 98.9 1
62.4 12.4 1
42.8 8.08 1
54.8 7.95 1
48.3 22.3 1
64.9 34.5 0
60.5 29.5 0
67.4 75.8 0
60.1 69.9 0
51.6 89.6 0
84.7 10.9 1
104 4.1 1
108 45.9 0
118 37.8 0
84.4 35.5 0
111 54 0
84.1 62.4 0
116 71.2 4
102 98.5 0
105 91.4 4
113 84 4
130 8.18 0
122 20.2 0
169 23 0
136 10.5 0
161 4.93 0
166 31.8 0
152 41.1 0
124 41 0
160 42.3 4
129 74.9 4
129 54.7 0
161 58 4
169 78 4
194 1.3 0
200 66.9 4
186 70.6 4
172 76.8 4
185 95.9 4
35.8 11.7 1
32.3 20.7 1
17.1 9.05 1
18.8 33 1
26.5 41.6 1
36.1 40.7 0
21.5 40.6 1
14.3 71.3 1
14.9 84 1
21.1 90.3 0
55.5 12 1
42 24.2 1
54.7 1.18 1
45.3 1.18 1
59.8 13 1
52.3 14.3 1
71.8 29.2 0
70.9 34.9 0
64.8 45.5 0
51.1 42 0
44.6 58.9 0
42 79.2 0
54.7 51.2 0
57.6 70.8 0
44 66.4 0
55.9 98.6 0
54 81.4 0
60.3 90.5 0
81.9 20.1 0
85.5 23.7 0
80.8 23 0
106 1.4 1
98.1 11.1 1
118 36 0
85.3 48.8 0
82.7 76.8 0
81.9 75.2 0
85.5 78.7 4
80.8 78 0
104 75.3 0
124 10.5 0
149 11 0
131 21.1 0
131 18.5 0
158 4.73 0
143 46 0
143 29 0
164 48.8 4
138 75.7 4
160 71.6 4
152 74.8 4
167 76.8 4
168 75.2 4
164 78.8 4
165 51.2 4
123 73.9 4
165 81.2 4
165 98.9 4
161 86.9 4
160 95.2 4
183 7.08 0
196 7.78 0
199 70.3 4
174 64.1 4
171 75.2 4
38.9 21.4 1
27.4 20.6 1
31.8 29.6 1
31.4 45.7 0
10.2 33.2 1
19.4 42.2 1
36.1 34.1 1
21.4 30.9 1
24.3 33.9 1
27.2 33.6 1
26.9 46.5 1
5.3 83.6 1
29.3 84.6 0
49.7 13.3 1
41.4 9.7 1
44.6 39.1 0
70.7 40.2 0
45.2 26.3 1
54.5 48.7 0
78.9 76.4 0
50.4 65.6 0
41.4 75.1 0
58.2 54.5 0
45 78.7 0
72.6 55.2 0
48.7 68.4 0
55.5 73.7 0
55.2 69.3 0
69.5 84.5 0
82.7 21.7 0
115 15.5 0
111 20.9 0
111 29.6 0
95 29.2 0
96.7 54.1 0
89.6 53.6 0
116 62.2 0
168 21.7 0
169 20.1 0
165 23.6 0
125 34.6 0
166 65.7 4
137 95 4
193 19.9 0
184 45.2 4
176 47 4
174 29.4 0
174 45.7 4
194 35.6 0
172 32.5 0
200 54.5 4
184 54.9 4
192 53.8 4
178 96.4 4
0.775 1.08 1
4.7 4.65 1
28.3 29.3 1
20.8 53.6 1
0.675 98.9 1
51.2 7.23 1
59.4 21.1 1
57 7.4 1
76 7.68 1
71.4 45.8 0
76 40.7 0
49.2 32.8 0
57.7 48.2 0
77.8 72.9 0
75.7 62.6 0
43.4 77.9 0
54.9 66.6 0
48.6 83.7 0
99.6 9.73 1
98.4 1.38 1
109 35.2 0
114 46.2 0
111 37.6 0
82 49.4 0
112 76 4
115 93.1 4
89.9 95.8 4
105 84.8 4
139 20 0
152 17.8 0
155 20.4 0
136 45.9 0
136 29 0
131 47.4 0
166 39.6 4
142 84.7 4
131 83.8 4
154 96.2 4
175 10.6 0
195 47.4 4
195 33.6 0
177 73.3 4
176 57.1 4
193 84.4 4
199 98.9 4
35.7 61 0
17.5 51.3 1
17.5 78.8 1
20.5 76.1 1
31.2 54.7 0
25.2 97 0
17.5 98.8 1
17.5 81.3 1
7.28 92.6 1
3.5 92.9 1
20.6 84.5 0
13.3 82.8 1
57.8 11.4 1
49 10.5 1
58.9 3.6 1
73.2 3.63 1
57.8 18.4 1
76.1 34 0
56.1 46.9 0
76.7 75.4 0
53.7 72.8 0
65.2 97 4
55.6 86.9 0
62.9 95.6 4
62.1 84.4 0
84.9 16 1
109 22.5 0
117 43.8 0
102 40.2 0
116 46.1 0
105 27.7 0
83.7 48.2 0
101 52.3 0
91.3 76.1 4
111 96.4 4
87.5 82.4 4
95.5 98.7 4
82.6 85.3 4
149 22.3 0
124 15.9 0
127 15.8 0
150 34.7 0
145 75 4
144 52.6 4
144 97.4 4
184 12.5 0
187 9.2 0
181 13.4 0
185 20.2 0
191 29.3 0
188 29.1 0
178 75.8 4
175 66.6 4
181 87.4 4
17.7 14.4 1
17.3 1.43 1
17.4 23.9 1
37.8 18 1
19.3 20.7 1
14.6 3.85 1
6.2 37.3 1
36.3 29 1
36.3 46 0
17.4 48.6 1
17.6 26.2 1
14.7 41.1 1
13.5 76.1 1
15.7 92.8 1
0.9 95.7 1
8.4 85.5 1
35.4 90.4 0
9.33 87.3 1
49.5 5.75 1
66.3 22.2 0
59.2 5.7 1
64.3 10.1 1
62.4 2.28 1
67.3 9.83 1
70.5 10.4 1
76.3 46 0
73.9 77.4 0
44.3 71 0
50.4 54 0
73.1 73.1 0
42.4 67.9 0
52.7 97.8 0
116 3.73 1
101 8.85 1
97.1 13.4 1
106 47.1 0
85 71.1 0
103 98.5 0
144 38.5 0
148 40.6 0
131 43.5 0
143 57.1 4
147 56.8 4
159 76 4
143 92.9 4
125 89.6 4
193 8.8 0
200 1.38 0
191 43.7 4
194 43 4
198 29.5 0
177 32.4 0
179 42.7 4
180 75.6 4
185 84.5 4
190 97.3 4
179 87 4
16 12.7 1
19.4 4.55 1
37.4 43.7 0
38.9 26.9 1
38.9 48.1 0
27 76.9 0
37.4 66.8 0
22.4 52.4 1
23.5 95.3 0
9.65 95.5 1
35.5 95.7 0
7.8 82.4 1
66 4.48 1
51.8 16.5 1
47.2 8.98 1
49.3 15.5 1
77.4 43.7 0
76.4 28.8 0
78.9 26.9 0
78.9 48.1 0
56.9 29.6 0
44.3 32.1 0
77.6 67 0
61.6 76.5 0
55 96.4 0
51.9 93.7 0
42.8 86.3 0
47.3 82.3 0
75.5 90.5 4
83.3 13 1
102 2.7 1
112 4.03 1
101 35 0
115 39.2 0
116 28.9 0
119 26.9 0
119 48.1 0
90.2 46 0
116 53.5 0
82.6 68 0
118 68.1 4
87.2 89 4
117 85.6 4
116 83.5 4
144 5.35 0
149 2.35 0
124 4.15 1
122 1.1 1
148 18.3 0
141 4.73 0
143 12.3 0
166 10.7 0
144 47.2 0
144 27.8 0
160 46 4
129 43.9 0
122 66.8 4
160 53.9 4
127 76.4 4
153 87.2 4
148 93.3 4
160 84.1 4
122 98.9 4
153 85.4 4
172 17.8 0
176 22.3 0
196 1.3 0
181 29.2 0
184 35.5 0
194 39.4 4
178 54.3 4
194 94.8 4
34.8 18.3 1
22.3 2.83 1
37.5 14 1
33.9 22.5 1
36.8 21.3 1
37.4 31.2 1
15.6 47.5 1
5.1 32.2 1
22.1 77.3 0
13.3 54.2 1
18.6 92.8 1
12.1 89.6 1
23 82.8 0
76.9 3.23 1
74.8 2.13 1
62.1 47.6 0
77.5 31 0
42.6 33 0
47.9 71.7 0
101 22.3 0
114 2.63 1
117 13.6 0
97 1.38 1
109 18.1 0
84.1 41.8 0
92.3 27 0
83.2 32.2 0
105 31.8 0
104 43.5 0
114 52.5 0
89.7 61.4 0
107 77.4 4
96 77 4
109 77.4 4
92.9 77.4 4
100 87.3 4
117 97 4
114 82.6 4
148 4.28 0
143 15.9 0
122 13.1 0
126 3.05 1
140 14.3 0
166 29.1 0
150 27.8 0
165 41.9 4
121 27.8 0
123 25.9 0
165 71.1 4
122 72 4
126 53 0
124 53.9 0
122 51 0
157 77.3 4
166 59.4 4
149 87 4
124 83.7 4
127 82.8 4
122 81 4
130 96.1 4
162 95.5 4
181 3.98 0
173 13.6 0
182 15.7 0
200 47.5 4
171 26.9 0
171 48.1 4
176 40.5 4
176 34.6 0
187 75.6 4
174 96.2 4
198 98.9 4
195 83.1 4
187 92.8 4
177 97.5 4
9.43 21.9 1
13.1 21.2 1
15.6 29.4 1
20 46 1
4.35 68.4 1
26.6 53.4 0
25.5 72.5 0
29 69.3 0
8.68 53.3 1
12 77.4 1
25.8 83.4 0
4.73 95.8 1
8.43 89.8 1
77.5 12.1 1
61.9 22.6 0
77.4 17.7 0
63.3 19.5 1
43.5 16.1 1
70.1 27.9 0
42.3 42.7 0
50 45.7 0
67.1 47.9 0
47.5 52.5 0
43 56.4 0
77.3 56.5 0
62.9 78 0
64.8 68 0
62.6 52.2 0
47.7 97.2 0
75.5 95.8 4
65.3 82.7 0
106 21.9 0
96.2 21.9 0
88 2.9 1
98.1 17.9 1
113 10.4 1
92.5 21 0
110 28.2 0
87.6 27.3 0
117 31.1 0
92.6 47.8 0
101 47.9 0
103 31.4 0
96 47.8 0
116 32.4 0
85.5 66.9 0
101 76.7 4
87.2 66.4 0
86.6 63 0
117 57 0
82.1 64.9 0
113 57.2 0
96.7 87.5 4
98.9 95.9 0
90 86.9 4
87.4 97.4 4
100 98.5 0
110 82.5 4
96.5 96.2 4
83.3 83.2 4
106 83 4
166 16 0
134 7.3 0
162 17.8 0
130 27.9 0
157 47.9 4
157 27.1 0
169 26.9 0
169 48.1 4
162 27.3 0
132 52.8 0
167 67.8 4
154 76.9 4
132 77.3 4
122 56.7 0
158 52.7 4
132 97.6 4
165 87.9 4
165 92 4
157 82.7 4
123 85.8 4
158 97.4 4
198 21.9 0
196 21.9 0
198 15.1 0
200 28.2 0
197 33.8 0
177 28.1 0
173 41.2 4
179 61.7 4
199 52.6 4
1.68 22.2 1
3.63 22.2 1
22.9 22.8 1
1.95 1.08 1
1.05 10.3 1
29 3.78 1
20.7 28.6 1
3.25 52.8 1
7.4 69 1
25.2 57.4 1
1.3 52.8 1
8.8 76.9 1
31.5 72.8 0
37.8 72.7 0
38.6 56.1 0
28.2 91.3 0
36.6 93.8 0
33.6 96.8 0
30.7 97.2 0
71.8 31.2 0
58.6 28.1 0
62.6 27 0
49.9 29.1 0
40.8 26.9 1
40.8 48.1 0
76.2 54.4 0
69.9 52.9 0
65.3 52.9 0
60.4 57.3 0
66 77.6 0
117 6.53 1
93.5 2.58 1
90 37.8 0
114 41.7 0
92.5 34.1 0
80.8 26.9 0
83.6 29.2 0
97.1 27.2 0
93.1 63 0
106 53.2 0
109 52.8 0
87.2 51.9 0
82.7 55.9 0
114 67.2 0
117 64.5 0
110 56 0
113 62.1 0
91.7 83 4
84.9 82.3 4
137 21.5 0
167 13 0
122 24.2 0
128 4.38 1
160 38.1 0
149 46.9 0
155 47.3 4
154 27.1 0
121 47.1 0
123 49 0
157 40.6 0
143 77.1 4
155 68.9 4
137 53.4 0
141 53.3 0
154 52.2 4
130 68.7 4
142 69.5 4
141 77.1 4
157 69.6 4
130 72.4 4
136 77.3 4
149 53 4
122 79.2 4
123 76.8 4
138 66.6 4
141 96.7 4
154 82.4 4
153 97.6 4
135 97 4
190 21.8 0
187 21.8 0
186 47.1 4
181 46.9 4
197 42.6 4
190 47.1 4
199 77.2 4
186 53 4
180 53.1 4
190 52.4 4
195 52.1 4
182 83.1 4
173 94.3 4
173 91 4
176 82.2 4
192 97.3 4
192 89.4 4
32.5 13 1
8.7 5.93 1
33.9 11.9 1
26 22.4 1
6.6 2.88 1
13.5 2.43 1
26.9 2.58 1
26.7 9.03 1
13.2 27.7 1
31.8 31.6 1
31.4 43.7 0
30.2 28.1 1
34.4 27.7 1
22.4 48 1
29.3 47.8 0
33.7 47.9 0
3.5 76.9 1
1.55 76.9 1
5 57 1
22.5 69.3 0
26.7 66 0
29.7 53 0
36.7 64.3 0
8.55 64.9 1
37.5 54 0
21.3 62.5 1
42.1 17.6 1
70.2 22.2 0
76.4 21.8 0
47.4 17.3 1
77.8 5.1 1
74.5 22.6 0
50.5 37.5 0
71.4 43.7 0
62.4 40.1 0
47.5 47.7 0
68 31.7 0
74.4 47.3 0
66 27 0
59.1 41.9 0
69.2 47.9 0
70.9 77 0
73.2 62 0
72 57.7 0
66.8 59.9 0
70.4 64.3 0
70.4 66.8 0
77.6 59.7 0
74.3 53.4 0
77 64.5 0
43.3 91.5 0
43.3 93.3 0
70.8 97.3 4
43.2 83.2 0
44.4 96.1 0
109 14.4 1
101 4.08 1
87.2 10.6 1
92.8 40.5 0
89.8 31.8 0
114 27 0
101 27.2 0
86.9 35.8 0
98.2 72.4 0
117 60.3 0
117 72.1 4
104 72.8 0
82.8 59.3 0
102 83.1 4
82.9 93.5 4
113 94 4
117 90.3 4
105 95.6 4
95.7 83.3 4
82.9 90.3 4
115 98.1 4
117 94.4 4
83.3 96.4 4
142 22.3 0
156 14.7 0
153 14.7 0
144 22.3 0
132 31.9 0
157 34.2 0
152 31.7 0
123 31.6 0
127 28.2 0
131 40.8 0
149 60.6 4
147 63.7 4
142 60.6 4
133 70.4 4
127 68 4
155 65.1 4
152 68.6 4
157 64.6 4
129 57.2 0
147 66.2 4
136 70.4 4
138 73.2 4
150 97.1 4
133 82.3 4
136 92.5 4
148 83.1 4
193 17.4 0
181 11.2 0
189 6.65 0
179 2.8 0
174 3.7 0
173 21.9 0
197 12.1 0
199 9.93 0
184 43.1 4
182 61.7 4
184 57.4 4
186 60.4 4
197 77.2 4
189 77.1 4
173 56.7 4
192 62.8 4
188 59.9 4
190 59.9 4
172 85.6 4
35.7 7.45 1
24.4 6.13 1
5.2 7.25 1
29.2 12 1
12.9 13.5 1
12.4 8.18 1
29.4 22 1
10.9 29.7 1
25.7 48 1
22.8 26.8 1
29.1 61.7 0
37.5 59.4 0
0.85 68.3 1
32.1 77.2 0
25.4 61.7 0
33.2 60.4 0
36.8 76.8 0
33.9 77.2 0
33.1 69.6 0
34.2 53.2 0
15.1 96.4 1
38.5 85.9 0
50 3.6 1
73 14.9 1
64.8 43.3 0
56.9 37.5 0
43.6 45.8 0
60.5 36 0
73.9 26.9 0
76.6 72 0
72.1 69.6 0
66.8 63.1 0
65.6 57.2 0
65.1 64.8 0
49.5 76.2 0
68.1 69.6 0
68.4 91.3 4
76.6 93.9 4
73.6 96.9 4
44.8 82.2 0
78.5 85.9 4
60.7 81.2 0
95.7 3.95 1
99.7 1.38 1
111 18.4 0
117 9.15 1
83 3.53 1
98.4 43.3 0
99.8 68 0
93.8 69.7 0
96.3 69.7 0
96.3 61.9 0
92.2 59.1 0
91.6 52.6 0
114 77.4 4
99.4 61.2 0
86.8 56.4 0
101 60.2 0
112 87.3 4
110 88.7 4
110 97.5 4
108 97.5 4
126 10.4 0
151 7.2 0
157 2.2 0
162 2.7 0
147 15.6 0
140 17.5 0
150 5.48 0
161 12.5 0
136 12.6 0
127 34.6 0
152 43 0
124 42.9 0
168 33.3 0
160 31.9 0
129 34.5 0
127 41.1 0
167 61.3 4
149 76.7 4
130 61.5 4
160 67.6 4
127 60.2 4
153 55.5 4
130 65.3 4
167 64 4
122 63.7 0
122 61.9 0
140 82.9 4
144 83.1 4
136 82.9 4
181 22.2 0
177 18.2 0
190 3.63 0
172 20.3 0
174 31.6 0
174 43.5 4
192 71.6 4
190 67.4 4
188 69.6 4
196 64.8 4
196 59.4 4
174 71.2 4
191 66 4
198 59.3 4
200 57 4
193 57 4
193 55.2 4
185 93.4 4
176 89.8 4
195 88.6 4
196 87.2 4
27.5 15.1 1
10.9 2.13 1
31.9 17 1
23.8 15.5 1
21.1 18 1
19.6 13.1 1
23.9 9.65 1
22.6 11.5 1
34.2 34 1
34.2 41 0
31 40.9 1
26.1 26.8 1
31.3 34.4 1
6.35 41.2 1
17.5 63.8 1
6.33 72.6 1
11.9 59.9 1
15.4 61.3 1
30.6 57.2 0
9.7 59.9 1
19.6 66.8 1
32.9 89.8 0
37.4 83.8 0
55.3 9.68 1
57.7 23.4 0
54.6 19.3 1
47 21 1
43 37.7 0
62.9 33.9 0
60.5 32 0
52.2 27.1 0
57.9 61.8 0
45.6 66.6 0
61.2 68.1 0
62.8 59.5 0
47.3 67.4 0
66.6 73.3 0
43.3 53.4 0
58.9 81.2 0
55.9 83.5 0
77.4 83.8 4
82.6 6.5 1
95 31.4 0
82.8 38.7 0
105 60 0
95.6 52.1 0
112 73.5 4
83.1 52.8 0
99.6 64.2 0
90.8 67.6 0
107 60.6 0
110 59.4 0
102 57.4 0
111 65.5 0
95.7 89.9 4
106 87.4 4
157 11.7 0
150 12.9 0
156 9.83 0
122 6.65 1
153 2.4 0
127 46.5 0
147 37.8 0
164 27.3 0
143 43.6 0
143 31.4 0
152 62.5 4
144 72.5 4
153 64.3 4
152 58.6 4
153 94.6 4
157 90.3 4
124 96.1 4
143 88.7 4
154 92.9 4
154 90 4
176 2.6 0
197 3.85 0
180 35.6 0
180 39.5 4
177 45.7 4
195 71.8 4
177 62.2 4
197 70.6 4
176 63.7 4
173 67.9 4
186 82.6 4
173 83.5 4
189 82.1 4
192 86.3 4
1.45 3.68 1
37.5 9.05 1
26.5 18.1 1
17.3 36.4 1
26.3 43.5 1
10.1 42.9 1
16.1 37.7 1
13.5 42.5 1
26.1 45.2 1
12.4 70.1 1
14.7 52.5 1
10.5 69.3 1
14.9 86.5 1
29.7 87.1 0
31.2 82.6 0
38.1 98.1 0
34 83 0
19.8 95.8 0
38.5 89.2 0
65.7 17.9 1
77.5 20.2 0
47.1 38.9 0
74.1 41 0
43 36 0
75 75.8 0
49.8 63 0
47.1 59.3 0
50.1 73.8 0
42.8 60.4 0
42.4 64.7 0
44.9 52.4 0
56.6 69.8 0
52.4 91.4 0
69.9 87 4
71.2 82.6 0
78.1 98.1 4
51.9 96.6 0
46 97.2 0
74 83 4
78.5 89.2 4
82.6 8.2 1
105 2.65 1
117 16.8 0
119 1.1 1
84.6 2.43 1
108 43.5 0
82.5 43.2 0
109 48.2 0
82.8 37 0
85.9 27.3 0
106 40.8 0
113 71.2 4
105 64.9 0
111 68.5 0
84.7 51.8 0
117 77.1 4
104 68.4 0
108 70.5 0
107 64.4 0
98.7 84.6 4
110 93.1 4
88.4 83.6 4
109 91.7 4
118 98.1 4
84.9 97.5 4
150 21.1 0
161 7.43 0
167 3.35 0
161 21.1 0
127 22.9 0
122 8.35 1
162 9.13 0
164 32.6 0
163 33.9 0
136 40.8 0
136 34.3 0
167 43.1 4
122 26.6 0
122 38.5 0
146 43.6 0
144 42.4 0
162 65.7 4
152 72.3 4
164 66.1 4
121 75.2 4
155 58.3 4
148 69.2 4
160 62 4
157 59.3 4
139 89.6 4
148 90.2 4
126 97.2 4
132 85.4 4
137 89.6 4
151 83.4 4
140 88.4 4
160 88.2 4
133 89.9 4
131 87.1 4
181 8.48 0
179 15.5 0
186 17.7 0
177 10.3 0
171 1.1 0
186 36.9 4
198 95.6 4
194 92.3 4
13.8 23.1 1
22.9 31.9 1
28.3 31.7 1
5.58 28.8 1
37.5 39.1 0
14.8 64.4 1
13.2 65.3 1
37.9 75.2 0
4.98 64.3 1
11.3 65.8 1
6.1 98.4 1
5.35 86.9 1
5.63 85.2 1
77.2 9.3 1
53.1 35.9 0
55.6 33.6 0
74.2 33.8 0
56.9 31.7 0
55.6 64.7 0
52 78.2 0
55.7 76.1 0
55.4 94.6 0
61.1 86.9 0
73 89.9 4
61.6 97.8 0
91.2 22.9 0
114 22.2 0
113 44.1 0
96.3 55.6 0
95.4 57.4 0
89.7 57.4 0
92.8 97.7 4
83.8 86.1 4
122 17.8 0
135 4.33 0
157 6.6 0
130 22.5 0
158 22.9 0
122 36.8 0
139 36.6 0
144 32.8 0
165 38.7 4
163 37.1 0
137 26.8 0
137 48.2 0
139 38.6 0
133 37.8 0
134 60.9 4
135 58.8 4
140 62.7 4
135 64.3 4
139 58.8 4
168 53 4
160 92.7 4
168 83 4
200 17.6 0
173 6.5 0
173 38.4 4
172 63.5 4
176 77.5 4
172 60.2 4
177 58.5 4
183 97.4 4
178 93.1 4
186 87 4
189 89 4
180 98.9 4
178 94.8 4
0.2 18.2 1
36.1 3.4 1
33.2 1.98 1
39 1.1 1
35 21.7 1
2.95 13 1
3.3 42.8 1
37.5 35.8 0
4.98 46.3 1
8.08 48.1 1
29.2 75.7 0
38.9 51 0
22.3 55.1 1
22.6 56.8 1
38.9 81 0
4.38 81.9 1
0.55 81.2 1
45.1 22.4 1
57.5 9.13 1
50.1 8.55 1
57.8 2.43 1
48.1 2.43 1
79 1.1 1
53.9 21.4 0
42.1 19.4 1
41.4 13.5 1
77.3 39.1 0
45.8 47.7 0
60.5 63.4 0
61.3 65.1 0
58.2 77.9 0
56.9 52.1 0
61.8 70.8 0
78.9 51 0
57 59 0
58.2 57 0
51.2 82.7 0
78.9 81 4
47.4 85.5 0
58.9 97.4 0
82.5 17.7 1
99.5 21.1 0
112 7.55 1
113 15.5 0
117 21.9 0
87.9 23.1 0
101 17 1
113 5.9 1
104 6.7 1
110 1.4 1
113 48.2 0
87.7 48.2 0
82.5 72.8 0
87.9 78.1 4
118 75.5 4
118 51.6 0
98.6 94.4 4
98.9 92.6 4
89.9 93.3 4
118 81.6 4
148 6.15 0
157 16.7 0
149 7.88 0
155 22.5 0
132 2.15 1
164 10.9 0
155 17.9 0
124 21.7 0
167 6.3 0
137 43.8 0
137 31.1 0
122 48.3 0
140 26.2 0
140 48.8 0
167 46.9 4
168 72.8 4
146 53.9 4
167 56 4
167 52.1 4
146 96.2 4
167 86 4
167 82.1 4
174 16.9 0
185 1.18 0
193 2.13 0
188 2.33 0
190 34.6 0
173 36.6 4
178 66.6 4
179 72 4
176 67 4
172 73 4
172 55.2 4
176 51.9 4
196 84.3 4
171 98.9 4
0.625 35 1
8.28 27.1 1
1.25 31.4 1
8.45 35.9 1
13.5 48.9 1
3.23 59.7 1
14.3 56.7 1
1.28 59.7 1
1.28 97.7 1
22.2 97.5 0
0.55 89.2 1
13.8 97.7 1
10.5 83.3 1
2.5 89.2 1
12.4 83.8 1
43.5 21.6 1
52.7 1.95 1
61.3 3.53 1
43.2 3.15 1
40.9 1.1 1
65 21.4 0
58.8 19.3 1
74 5.5 1
69.6 34.2 0
77.3 35.8 0
52.3 48.1 0
47.6 26.9 0
53.8 27.1 0
42.1 72.7 0
43.7 69 0
48.4 53.7 0
51.9 52.4 0
47.4 78 0
56.7 73 0
57.7 88 0
116 5.6 1
84.6 13.9 1
87.4 16 1
89.9 12.5 1
108 1.4 1
106 34.7 0
111 41.8 0
110 38.9 0
92.2 74.5 4
91.4 72.8 4
96.3 94.6 4
88.3 96.2 4
95.4 92.8 4
102 90.3 4
104 90.4 4
168 17.7 0
165 2.25 0
153 8.63 0
168 9 0
141 33.8 0
155 36.5 0
168 38.9 4
162 48.2 4
134 29.1 0
161 28.5 0
148 31.6 0
149 32.8 0
141 41.2 0
121 30.6 0
126 25.9 0
155 38.4 0
124 71.1 4
162 78.1 4
162 52.4 4
126 75.1 4
123 91.2 4
162 82.4 4
162 97.6 4
169 98.9 4
191 14.8 0
188 14.8 0
187 11.8 0
173 9.13 0
193 46.2 4
188 31.5 0
192 31.4 0
196 26.9 0
198 46.2 4
182 26.7 0
185 26.1 0
182 77.3 4
171 51 4
184 90.7 4
171 81 4
182 90.7 4
33.8 7.45 1
4.98 21 1
31.7 8.2 1
5.73 16.8 1
36.7 15.9 1
31.1 1.98 1
38.9 24.2 1
3.75 15.5 1
29.3 6.4 1
20.2 32.2 1
10.3 46.4 1
23.1 35.2 1
20.8 38.2 1
18 40.5 1
16.8 40.5 1
1.6 26.8 1
4.18 26.1 1
18.7 47.4 1
6.53 54.5 1
36.1 67.9 0
18.1 51.9 1
16.9 51.9 1
38.9 79.2 0
21.4 74.5 0
20.6 72.8 0
17.5 58.8 1
0 54.3 1
19.5 78 0
15.5 78 1
19.9 58.8 1
0.125 64.2 1
29.1 95.7 0
12.2 92 1
16.9 92 1
18.1 81.9 1
16.9 81.9 1
10.4 93 1
16.3 97.5 1
22.1 84 0
20.6 87 0
17.5 88.8 1
18.8 97.5 1
76.3 13.1 1
69.1 16.9 1
65.9 11 1
76.1 16.8 0
61.6 5.63 1
66.7 6.35 1
67.4 2.28 1
78.9 24.2 0
67.5 8.23 1
48.3 7.08 1
55.4 22.8 0
70.5 12.6 1
50.9 23.7 0
70.2 2.65 1
49.3 23.7 0
61.1 46.3 0
43.7 28.8 0
59.9 46.3 0
53.1 60.2 0
76.4 68.1 0
46.2 71.6 0
50.4 56.5 0
68.3 54.4 0
78.9 79.2 4
54.4 71.5 0
48.6 96 0
40.8 98.9 0
48.7 88.8 0
110 10.2 1
95.3 13.8 1
105 14.5 1
98.9 14.4 1
91.6 17.7 1
93.3 14.6 1
104 11.4 1
104 16.6 1
89.6 8.18 1
118 20.3 0
119 24.2 0
80.8 1.1 1
101 6.68 1
92.4 19.4 0
106 9.33 1
92.4 3.83 1
85.7 42 0
88.5 28.6 0
95.2 38.4 0
116 42.7 0
95.2 36.5 0
114 38.3 0
87.4 41.5 0
91.3 28.3 0
100 46.6 0
84.5 31.3 0
113 31.4 0
110 33.3 0
108 29.5 0
91.6 46.6 0
83.9 69.1 0
99.9 75.5 4
98.8 54 0
116 69.2 4
88.1 53.2 0
119 79.2 4
87.5 71.1 0
116 65.6 4
92.4 90.4 4
108 84.1 4
80.8 98.9 4
85.8 83.1 4
145 3.28 0
139 2.65 0
136 3 0
132 11.6 0
123 14.1 0
140 8.45 0
162 23 0
169 1.1 0
140 6.6 0
142 4.38 0
144 10.2 0
134 16.4 0
144 7.8 0
133 12.7 0
128 13.5 0
143 37 0
134 45.8 0
146 45.9 0
148 42.4 0
158 46.6 4
121 44.2 0
168 36.2 0
124 67.9 4
151 53.7 4
134 76.1 4
123 58.2 0
134 54.1 0
167 92.3 4
130 92.8 4
158 83.9 4
127 90 4
167 96.9 4
131 94.5 4
122 93.6 4
134 96.3 4
185 8.03 0
187 40.8 4
191 27.5 0
189 40.9 4
179 29.4 0
184 39.9 4
181 67.4 4
197 54 4
178 55.8 4
173 53.1 4
180 73.1 4
186 77.3 4
195 53.5 4
9.38 3.28 1
21.2 4.08 1
26 3.53 1
21.9 21.6 1
18.7 22.6 1
37.1 5.28 1
18 17 1
10.1 14.2 1
9.28 16.5 1
14.6 6.35 1
19.3 18.2 1
15.4 23.1 1
37 19.7 1
13.2 19.6 1
14 17.9 1
7.6 9.5 1
10.3 10.6 1
15.6 9.68 1
16 2.68 1
18.5 2.68 1
4.5 35.7 1
38.3 47.5 0
38.3 27.5 1
36.3 42.6 0
8.18 33.6 1
38.9 25.6 1
38.9 49.4 0
6 33.5 1
17 26.8 1
34.4 46.7 0
3.78 47.5 1
18.2 26.8 1
0.575 48.8 1
23.9 53.8 1
12.6 74.6 1
4.85 75.6 1
0.2 75.6 1
13.4 72.9 1
28.1 54.5 0
36.5 71.8 0
35.9 65.4 0
27.3 84.5 0
3.1 98.8 1
11.1 97.9 1
61 21.3 0
44 8.08 1
72.6 8.75 1
42.3 5.03 1
62.7 16.5 1
64.6 6.95 1
64.6 8.5 1
67.2 40.8 0
45.9 32.9 0
65.2 38.2 0
78.3 47.5 0
78.3 27.5 0
54.4 42.1 0
65.2 36.3 0
76.3 42.6 0
69.4 41 0
47.6 33.4 0
61.6 28.2 0
78.9 25.6 0
78.9 49.4 0
56.2 42.8 0
58.3 45 0
74.6 28.2 0
52.8 41.7 0
69.6 75.7 0
52.1 66.4 0
49 70.5 0
62.5 74.9 0
63 73.2 0
76.2 58 0
54.2 77.6 0
61.6 53.5 0
40.8 51 0
53.6 66.8 0
76.2 65.6 0
69.1 95.8 4
44.5 90.2 0
44.8 94.3 0
67.4 84.5 0
40.8 81 0
43.6 85 0
62.3 90.5 0
65.7 84.2 0
63.7 91.6 0
103 1.25 1
92.9 7.38 1
94.7 8 1
83.4 5.4 1
118 46.9 0
118 28.1 0
96.3 40.8 0
100 40.9 0
90.2 43.5 0
119 25.6 0
119 49.4 0
117 38.5 0
97.5 46.6 0
83 45.7 0
83.6 39.8 0
113 53.6 0
116 58.5 0
108 54.3 0
80.8 51 0
116 88.4 4
106 93.2 4
80.8 81 4
116 95.5 4
83.7 94.6 4
129 7.65 0
166 14 0
132 8.25 0
123 1.73 1
147 11.9 0
121 1.1 1
123 6.03 1
135 20.3 0
128 6.25 0
164 42.2 4
162 41.8 4
158 28.4 0
160 43.5 4
153 46 4
150 40.5 0
126 49 0
154 40.8 0
158 74.4 4
159 72.7 4
160 56.4 4
163 59.8 4
124 61.3 0
151 96.4 4
123 97.7 4
168 95 4
121 98.9 4
124 87.4 4
189 20.5 0
193 12.3 0
197 6.35 0
195 8.28 0
192 10.4 0
171 24.2 0
175 21.5 0
199 41 4
182 31.3 0
198 32 0
184 32.5 0
188 45.8 4
196 39.9 4
187 53.9 4
173 77.2 4
171 79.2 4
189 53.2 4
184 69.8 4
189 95.8 4
175 96.5 4
4.25 10.6 1
18.8 6.43 1
18.2 8.3 1
14.2 28.9 1
36.3 32.3 1
15.1 48.9 1
13.4 37 1
29.2 37.6 1
12.4 35.4 1
35 76.4 0
16.8 70.7 1
9.85 54.3 1
7.05 62.2 1
11.7 54 1
35.3 54 0
36.7 53.8 0
37.5 57.6 0
24.2 91.3 0
22.8 90.3 0
58.5 16.9 1
45.7 1.98 1
43.6 43.8 0
67.5 28.2 0
48.4 46.4 0
66.1 34.1 0
43.8 55.1 0
53.6 82.2 0
45.6 83.1 0
53.3 88.2 0
96.5 5.83 1
99.6 34.3 0
114 28.2 0
118 36 0
99.3 27.8 0
97.4 34.3 0
94.6 76.2 4
84.9 78.1 4
82.5 75.7 4
83.3 64.2 0
95.7 98 4
135 8.38 0
169 24.2 0
138 10.9 0
122 19.5 0
161 16.7 0
153 28.4 0
154 34.2 0
148 29 0
124 39.1 0
166 68.9 4
131 75.7 4
127 54 0
123 55.8 0
169 79.2 4
123 64.9 4
163 87 4
181 5.83 0
173 19.5 0
199 34.7 4
199 68 4
172 75.6 4
186 73.1 4
178 83.4 4
173 87.1 4
36.4 12.9 1
10.8 21.1 1
36.4 9.83 1
23.1 40.9 1
16.2 46.9 1
25.2 41 1
20 43.5 1
21.4 46.8 1
17.4 32.6 1
16.2 31.3 1
23.9 76.1 0
32.2 95.7 0
35.5 92.4 0
24.5 84.2 0
19.2 91.5 0
76.2 10.2 1
55.1 2.03 1
40.8 24.2 1
46 16.1 1
44.8 16.1 1
43.8 34.9 0
63.3 46.3 0
76.4 32.1 0
51.4 28.4 0
66.2 46.6 0
50 43.2 0
54.5 48.7 0
54.3 52 0
40.8 79.2 0
45.8 53.3 0
55.5 97.8 0
57.7 91.8 0
55.5 85.2 0
63.2 84 0
84.2 9.23 1
105 20.7 0
116 12.7 0
80.8 24.2 0
116 8.23 1
94.8 21.1 0
84.9 23.1 0
83.3 22.3 0
82.5 19.5 0
103 46.6 0
84.4 34.1 0
84.7 48.2 0
94.5 47.2 0
93.5 28.3 0
110 76.1 4
83.5 54.6 0
115 76.6 4
80.8 79.2 4
105 76.1 4
83.3 77.3 4
116 63.1 0
99.9 97.8 4
103 97.1 4
85.7 96.6 4
123 11.9 0
150 10.3 0
123 8.98 0
164 16.6 0
167 32.3 0
156 46.6 4
121 29.1 0
124 25.9 0
124 36.1 0
164 28.5 0
125 30.7 0
124 33.2 0
126 29.4 0
129 28.5 0
164 48.2 4
124 73.2 4
155 53.2 4
140 75.9 4
123 51.6 0
155 76.1 4
150 75.5 4
166 76.7 4
164 77.5 4
157 53.7 4
164 52 4
121 51 0
131 53.8 0
163 71.1 4
168 74.5 4
155 83.4 4
165 89.9 4
123 81.6 4
128 83.8 4
164 82 4
164 98.1 4
121 81 4
129 83.2 4
163 93.7 4
135 83.7 4
174 12.7 0
180 20.9 0
172 46.9 4
172 28.1 0
171 25.6 0
171 49.4 4
182 45.6 4
174 39.3 4
182 54.5 4
174 92.9 4
38.1 21.8 1
0.875 5.55 1
24.7 21.6 1
10.9 31.9 1
25.6 34 1
33 29 1
29.7 46.6 0
32.3 46.7 0
21.8 28.1 1
35.6 62.9 0
10.2 76.1 1
35.1 83.8 0
36.6 83.6 0
38.5 87.4 0
58.6 22.1 0
76.6 19.4 0
71.4 21 0
42.2 10.8 1
47.3 19.2 0
76.5 5.88 1
73.8 21.4 0
42 28.1 0
42 46.9 0
71.7 36.4 0
71.7 38.6 0
40.8 25.6 1
40.8 49.4 0
73 46 0
43.5 40.8 0
64.5 27.6 0
45.9 26.9 0
78.1 76.8 4
71.4 54.4 0
76.2 61.1 0
64 53.7 0
58.7 70.7 0
64.7 76.8 0
49.6 67.3 0
44.4 78 0
42.8 77.3 0
42.1 75.7 0
75.1 83.8 4
76.6 83.6 4
78.5 87.4 4
87.1 3.75 1
85.4 3.28 1
82 28.1 0
112 28.2 0
80.8 25.6 0
80.8 49.4 0
85.5 28.6 0
96.2 28.4 0
85.5 52.7 0
84 60.4 0
116 91.7 4
103 84.6 4
92.7 84 4
111 83.8 4
94.5 84.3 4
84.2 91.4 4
114 97.1 4
140 21 0
167 20 0
166 21.6 0
145 21 0
158 3.45 0
121 24.2 0
151 3.25 0
123 23 0
164 23 0
166 5.23 0
168 27.5 0
168 47.5 4
155 28.4 0
156 28.4 0
121 45.8 0
124 49 0
169 25.6 0
169 49.4 4
126 43 0
127 44.3 0
139 54.7 4
123 78 4
121 79.2 4
139 95.4 4
155 96.9 4
157 96.4 4
174 5.58 0
195 20.6 0
196 2.48 0
174 35.7 4
190 75.8 4
175 56.2 4
183 84.5 4
188 83.5 4
175 83.2 4
3.58 3.75 1
27.7 28.1 1
12 28.9 1
32.8 54.3 0
37 74.4 0
54.5 12.7 1
56.4 18.8 1
53 6.95 1
52.9 13.5 1
49.9 31.6 0
72.5 28.2 0
69.6 46.6 0
51.2 77 0
55.5 68.3 0
72.2 95.8 4
75.5 92.5 4
96.5 2.48 1
102 28.4 0
108 46.9 0
110 36.3 0
83.1 47.6 0
104 54.5 0
91.7 96.5 4
166 63.3 4
146 84.4 4
191 7.35 0
195 76 4
173 58.1 4
199 97.6 4
193 95.9 4
179 98.1 4
12.5 3.38 1
30.5 20.8 1
8.6 41.6 1
24.2 47.4 1
20.2 53.3 1
16.3 53.1 1
18.8 53.1 1
15.1 93.9 1
16.3 83.1 1
18.8 83.1 0
5.43 93.3 1
49.5 12.1 1
43.4 19.7 1
59.1 76.6 0
60.5 76.4 0
49.6 83.5 0
60.7 82.5 0
83.8 16.8 1
90.2 21.7 0
88.8 21.8 0
115 21.4 0
102 36.6 0
102 38.6 0
83.8 71.9 0
90.2 76.7 4
94.5 53.1 0
88.8 76.9 4
117 73 4
92.6 53.6 0
117 74.7 4
124 16.9 0
130 18.3 0
126 21.7 0
128 17.1 0
142 47 0
142 28.1 0
121 25.6 0
121 49.4 0
136 28.1 0
136 47 0
141 26.8 0
141 48.2 4
167 35.1 0
146 75.4 4
138 84.2 4
184 20.9 0
188 7.95 0
182 3.2 0
191 3.28 0
177 3.75 0
184 2.05 0
183 13.9 0
173 72.1 4
174 69 4
176 72.5 4
184 95.9 4
190 99.1 0
22.1 0.95 1
1.65 1.9 1
6.13 38.6 1
37 28.1 1
37 46.9 0
36.7 36.7 0
16.4 28 1
24.7 27.4 1
36.7 38.3 0
18.9 28 1
39.2 68.1 0
32.6 84.1 0
39.2 98.1 0
38.1 99.2 0
37.4 89.6 0
51.9 3.2 1
62.2 1.1 1
63 12 1
68.9 10.6 1
77 28.1 0
77 46.9 0
51.5 46.8 0
45.5 46.4 0
56.1 29 0
54.2 28.4 0
43.3 71.8 0
57.8 53.3 0
48.3 76.8 0
79.2 68.1 0
40.8 68.1 0
74.8 73.3 0
52.4 73.9 0
44.1 61.5 0
43.6 64 0
72.6 84.1 4
58 82.1 0
79.2 98.1 4
78.1 99.2 4
60.6 96.6 0
77.4 89.6 4
99.3 2.28 1
97.7 11 1
83.7 44.3 0
113 46.9 0
88.6 46.9 0
80.8 68.1 0
118 50.7 0
119 68.1 4
119 98.1 4
118 99.2 4
118 80.7 4
107 96.2 4
150 18.6 0
123 2.98 1
165 3.13 0
163 3.58 0
159 21.6 0
155 3.35 0
166 44.2 4
148 39.3 0
145 38.5 0
149 36.3 0
161 46.9 4
166 45.7 4
166 71.9 4
146 56.4 4
160 76.7 4
161 76.9 4
169 68 4
121 68.3 4
151 86.8 4
146 93.7 4
151 85 4
123 94.3 4
199 3.4 0
193 44.1 4
197 28.1 0
176 42.4 4
176 32.7 0
177 43.3 4
178 53.1 4
171 67.9 4
192 83.4 4
196 95.3 4
191 82.9 4
12 41.7 1
4.7 41.7 1
6.55 46.9 1
38.8 44 0
0.975 28 1
4.8 27.4 1
4.65 97.2 1
9.95 96.4 1
58.4 12.9 1
72.3 3.6 1
57.7 6.4 1
56.5 22.1 0
66.6 3.38 1
46.5 8.7 1
42 15 1
43.7 30.8 0
78.8 44 0
48.5 28.2 0
40.8 43.2 0
53.2 94.8 0
112 21 0
116 17.8 0
117 19.5 0
119 44 0
80.8 43.2 0
98.7 87.1 4
88 87 4
87.1 85.4 4
85.4 84.9 4
167 16.8 0
133 3.45 0
162 21.8 0
142 14 0
161 19.2 0
169 43.1 4
166 58.2 4
174 8.2 0
193 36.6 4
188 28 0
171 43 4
182 28 0
186 26.7 0
193 38.7 4
173 62.1 4
180 76.1 4
34.2 3.08 1
38.8 14.1 1
21.8 24.2 1
13.3 24.2 1
35.2 20.1 1
4.03 44.2 1
15.6 45.7 1
6.75 28.3 1
10.3 44.2 1
38.8 31 0
13.4 25.6 1
21.6 25.6 1
21.6 49.4 1
4.58 30.9 1
15 43.8 1
14 51.3 1
21.8 50.8 1
21.8 79.2 0
13.3 79.2 1
13.4 87.8 1
10.6 86.6 1
12.4 86.3 1
36.7 96.7 0
1.53 82.4 1
14 81.3 1
21.8 99.2 0
21.8 80.8 0
19.2 93.9 0
9.63 84.8 1
3.4 83.1 1
21.2 96.3 0
53.5 18.5 1
61.8 24.2 0
64.9 19.9 0
52.3 17.2 1
79 13.1 1
76.6 36.7 0
78.8 31 0
40.8 31.7 0
61.6 25.6 0
61.6 49.4 0
76.6 38.3 0
48.8 73.1 0
61.8 50.8 0
61.8 79.2 0
76.7 96.7 4
61.8 99.2 4
100 9.28 1
109 23.8 0
119 14.1 0
91.8 24.2 0
118 2.05 1
80.8 13.3 1
82.4 12.4 1
110 46.9 0
119 31 0
109 49.4 0
111 46.9 0
80.8 31.7 0
91.6 25.6 0
91.6 49.4 0
82.4 32.6 0
110 26.3 0
117 35.2 0
106 42.6 0
116 33.4 0
91.6 61.5 0
109 78.8 4
91 51.3 0
110 51.1 0
91.8 79.2 4
119 51.6 0
94.6 97 4
104 95.8 4
91 81.3 4
110 81.1 4
119 81.6 4
134 6.2 0
129 21.7 0
126 1.25 1
169 13.2 0
158 0.95 0
127 24.2 0
158 24.2 0
121 13.4 0
166 8.08 0
167 38.1 4
169 31.8 0
158 25.6 0
122 27.2 0
158 49.4 4
139 26.8 0
139 48.2 0
123 52.9 0
159 51.3 4
126 51.3 0
127 79.2 4
158 79.2 4
128 77.6 4
169 51.9 4
127 96.2 4
123 82.9 4
159 98.8 4
126 81.3 4
126 98.8 4
129 96.8 4
158 81 4
169 81.9 4
199 23.8 0
171 14.1 0
172 2.05 0
180 1.15 0
196 33.9 0
171 31.9 0
200 48.8 4
200 26.3 0
199 78.8 4
175 76.7 4
200 51.2 4
181 97.4 4
200 81.2 4
39.1 16.8 1
26.1 23.8 1
8.85 23.8 1
37.9 2.2 1
33.8 0.775 1
0.875 12.3 1
1.13 41.7 1
8.98 46.9 1
8.75 49.4 1
8.75 25.6 1
26.2 25.6 1
26.2 49.4 0
5.58 67.1 1
29.6 73.2 0
27.6 71.9 0
39.1 71.8 0
25.8 51.5 0
8.85 78.8 1
26.1 78.8 0
8.75 50.7 1
8.18 52.3 1
6.25 65.5 1
38.9 52.2 0
25.8 98.6 0
25.8 81.5 0
8.75 80.7 1
7.88 88.3 1
38.9 82.2 0
74.7 0.95 1
79.1 16.8 0
59.1 1.25 1
66.1 23.8 0
44.8 2.85 1
58.5 24.4 0
78.1 2.05 1
40.6 16.5 1
48.4 16.2 1
48.5 25.6 0
58.5 49.4 0
48.5 49.4 0
66.2 25.6 0
66.2 49.4 0
59.1 26.3 0
76.7 53.2 0
53.3 77 0
62.8 69.1 0
48.2 50.9 0
58.2 50.9 0
79.1 71.8 0
78.6 55.8 0
65.8 51.5 0
66.1 78.8 0
41.2 56.1 0
78.1 51.8 0
58.5 79.4 0
48.5 79.4 0
40.6 71.5 0
57 76.6 0
48.2 80.9 0
65.8 98.6 4
41.2 86.1 0
45.2 84.9 0
48.2 99.1 0
65.1 80.8 0
63 96.4 4
54.5 83.1 0
78.9 82.2 4
59.1 98.8 0
86.6 21.8 0
106 23.8 0
101 23.8 0
89.1 1.25 1
119 15.9 0
96.2 23.8 0
88.5 24.4 0
80.6 16.5 0
99.9 18.6 1
114 8.95 1
112 3.53 1
85.4 21.8 0
92.2 1.1 1
110 2.58 1
114 43 0
101 49.4 0
101 25.6 0
88.5 25.6 0
96.3 49.4 0
96.3 25.6 0
105 48.8 0
105 26.3 0
88.5 49.4 0
83.8 74 0
86.6 64.8 0
84.9 65.2 0
117 52.9 0
86.6 76.9 4
101 78.8 4
105 51.6 0
106 78.8 4
88.2 50.9 0
119 55.6 0
101 51.3 0
119 70.9 4
96.2 78.8 4
81.2 56.1 0
88.5 79.4 4
80.6 71.5 0
96.3 50.8 0
85.4 76.9 4
83.8 75.3 4
113 55.7 0
117 82.9 4
101 96.4 4
105 81.6 4
88.2 80.9 4
119 85.6 4
92.1 99 4
101 81.3 4
96.3 80.8 4
110 99.1 4
96.8 82.3 4
88.2 99.1 4
80.8 85.1 4
153 16.7 0
156 21.6 0
131 3.25 0
161 1.25 0
154 23.8 0
131 23.8 0
169 16.5 0
131 0.825 0
121 16.5 0
129 3.68 1
154 1.15 0
158 37.4 0
131 48.1 0
131 26.9 0
157 35.9 0
167 28.1 0
154 25.6 0
131 25.6 0
131 49.4 0
154 48.8 4
157 39 0
155 67.3 4
157 68.1 4
158 66.8 4
167 54.8 4
131 78.8 4
154 78.8 4
169 56.1 4
169 71.5 4
154 50.7 4
121 56.2 0
131 50.7 0
121 71.5 4
168 50.9 4
167 84.8 4
169 86.1 4
154 99.3 4
154 80.7 4
131 99.3 4
131 80.7 4
121 85.6 4
168 80.9 4
175 18.2 0
196 23.8 0
181 23.7 0
171 16.8 0
176 23.8 0
175 19.9 0
200 12.3 0
189 1.15 0
186 2.33 0
198 13.2 0
176 26.9 0
176 48.1 4
190 32.5 0
196 25.6 0
181 25.6 0
176 25.6 0
176 49.4 4
195 48.8 4
180 48.1 4
180 49.4 4
179 63.2 4
179 65 4
177 65.4 4
196 78.8 4
181 78.8 4
171 71.8 4
181 51.2 4
173 74.7 4
176 78.8 4
171 55.3 4
175 52.9 4
176 50.7 4
194 50.7 4
195 81.4 4
181 81.2 4
171 85.3 4
176 80.7 4
172 97.9 4
192 99.1 0
176 99.3 4
193 87.6 4
2.65 17.2 1
4.63 18.5 1
4.1 23.8 1
0.9 23.8 1
30.3 3.13 1
11.6 47.1 1
9.18 28.3 1
0.9 25.6 1
0.1 32.6 1
12.9 48.3 1
4.73 48.8 1
3.2 26.8 1
4.1 78.8 1
0.9 78.8 1
0.9 51.2 1
4.1 51.2 1
29.5 93.2 0
31.6 93.2 0
33 91.8 0
5.35 80.7 1
56.9 3.28 1
47.3 3.23 1
51.6 0.775 1
49.2 1.25 1
54.3 2.8 1
41.8 1.98 1
42.2 12.7 1
69.2 3.43 1
70.1 32.3 0
51.4 25.6 0
51.4 49.4 0
55.6 48.1 0
45.2 68.1 0
77.3 76 0
43.3 73.9 0
47.2 70.4 0
46.9 68.9 0
67.3 58.3 0
52.7 53.2 0
70.8 56.9 0
68.7 56.9 0
46.2 76.8 0
50.8 51.3 0
51.4 79.4 0
55.2 52.8 0
44.9 76.8 0
43.3 75.2 0
55.7 72 0
56.3 96.9 0
52 83.4 0
58 96.5 0
50.8 81.3 0
51.6 99.2 0
87.1 13.9 1
106 3.53 1
114 23.8 0
115 0.95 1
83.8 21.1 0
83.8 19.8 0
88.3 12.7 1
108 2.28 1
93.1 39 0
92.2 37.4 0
93.1 35.9 0
114 25.6 0
114 49.4 0
85.8 47.6 0
114 51.3 0
114 78.8 4
114 65.7 4
113 64.6 0
114 63 0
108 99.1 4
114 81.3 4
115 99.2 4
159 11.3 0
158 7.85 0
142 9.2 0
157 9.4 0
144 23.8 0
141 23.8 0
149 23.8 0
136 23.8 0
149 0.85 0
145 1.35 0
136 1.3 0
161 24.4 0
140 0.95 0
142 6.25 0
143 11.1 0
143 7.75 0
160 11.4 0
124 19.8 0
134 43.4 0
134 31.5 0
163 29.8 0
163 31.2 0
136 42.6 0
136 32.4 0
162 32.4 0
144 26.9 0
144 48.1 4
136 25.6 0
136 49.4 0
144 25.6 0
122 47.7 0
144 49.4 4
161 25.6 0
161 49.4 4
150 48.1 4
150 49.4 4
150 26.9 0
150 25.6 0
132 42.5 0
165 47.5 4
125 72.3 4
126 72.6 4
128 69.4 4
163 53.2 4
128 71.4 4
149 78.8 4
141 51.3 4
136 78.8 4
144 78.8 4
141 78.8 4
144 51.3 4
149 51.2 4
161 79.4 4
161 51.3 4
165 52.8 4
136 51.4 4
163 83.2 4
123 92.2 4
141 81.3 4
141 98.7 4
144 81.3 4
144 98.7 4
149 98.8 4
149 81.2 4
161 81.3 4
161 98.8 4
165 82.8 4
165 97.2 4
168 98 4
136 81.4 4
136 98.6 4
186 23.8 0
195 3.3 0
175 0.95 0
192 0.825 0
191 23.8 0
186 48.1 4
195 28.1 0
189 26.9 0
189 48.1 4
189 49.4 4
189 25.6 0
186 49.4 4
193 28.8 0
184 26.7 0
189 78.8 4
185 51.4 4
191 50.7 4
184 76.1 4
186 78.8 4
177 91.7 4
184 98.6 4
200 97.6 4
185 81.4 4
190 80.9 4
175 93.2 4
176 95 4
18.1 15 1
9.75 5.15 1
26.2 5.4 1
34.5 8.9 1
31.6 9.98 1
34.9 17.1 1
33.1 14.2 1
7.48 7.35 1
0.45 1.9 1
34.5 13.1 1
33.3 10 1
12.2 16.5 1
29.5 23.8 1
19.4 23.8 1
30.4 0.775 1
14.3 1.25 1
38.1 23.4 1
7.38 1.15 1
30.9 11.9 1
11.9 5.25 1
10.9 19.5 1
36.4 6.05 1
12.1 14.7 1
33.3 16.3 1
26.4 1.15 1
10.4 17.8 1
12.9 6.8 1
14.9 24.2 1
34 23.8 1
27.4 7.08 1
15.6 1.25 1
19.4 1.25 1
33 31 1
33 44 0
27.8 45.3 0
18.8 38.1 1
28.1 43.6 0
34.4 32.1 1
34.4 42.9 0
30.2 32.5 1
29.9 42.8 0
21.7 33.3 1
39.4 28.8 0
39.4 46.3 0
29.6 26.9 1
29.6 49.4 0
29.6 25.6 1
33.9 49.4 0
16.3 25.6 1
34.5 26.3 1
33 45.4 0
18.8 25.6 1
19.4 48.8 1
21.7 66.7 0
24.4 66.5 0
18.8 61.9 1
29.6 63.7 0
3.25 57.8 1
12.7 58 1
17.5 60.6 1
27.1 60.5 0
33.1 62.3 0
34.7 66.5 0
11.7 56.5 1
23.1 65.2 0
31.9 67.6 0
23.4 63.5 0
18.1 76.9 0
31.7 63.7 0
9.88 56.8 1
33 66.2 0
16.9 76.9 0
22.5 71.5 0
1.3 57.8 1
18.8 50.6 1
16.3 50.6 1
0 56.8 1
27.1 58.4 0
28.5 57 0
8.7 58.3 1
30.2 51.1 0
38.1 78.4 0
38.9 60.2 0
6.53 57 1
22.9 67.9 0
24.3 72.8 0
23.8 74.5 0
29.4 67.6 0
28.4 66.2 0
19.5 76.7 0
20.2 79.2 0
31 78.8 0
15.5 76.7 1
14.9 79.2 1
34 78.8 0
34.3 51.5 0
38.6 64.3 0
20.5 61.3 1
7.08 97.7 1
23.7 96.1 0
26.3 90.5 0
2.85 91.8 1
27.7 87 0
23.5 85.5 0
0.375 97.7 1
26.3 88.4 0
16.9 96.9 1
23.8 87.2 0
18.8 80.6 0
16.3 80.6 1
18.1 96.9 0
8.8 91.5 1
15.6 98.8 1
14.3 98.8 1
30.2 98.9 0
12.8 96.7 1
30.2 81.1 0
7.65 99.3 1
0.9 91.8 1
22.4 88.2 0
34.3 98.6 0
38.6 94.3 0
34.3 81.5 0
19.4 98.8 0
66.1 9.38 1
70.8 18.5 0
74.4 18.1 0
72.7 17.2 0
69.5 23.8 0
43.5 5.8 1
66.2 0.775 1
78.1 23.4 0
74.8 19.8 0
75 24.2 0
47.4 21.8 0
70.2 1.15 1
48.6 23.1 0
73.1 30.8 0
73 44 0
63.2 38.8 0
52.4 38.1 0
62.2 37.3 0
66.5 42.7 0
56.5 39.8 0
45.4 34.8 0
63.2 35.7 0
68 43.6 0
74.5 31.9 0
74.4 42.9 0
53.1 39.8 0
48 36.9 0
69.8 42.9 0
54.7 40.2 0
62.4 45.1 0
47.1 35.2 0
62.7 43.5 0
79.4 28.8 0
79.4 46.3 0
61.5 42.3 0
69.6 26.9 0
41.3 29.4 0
41.3 45.6 0
69.6 49.4 0
69.6 25.6 0
73.9 25.6 0
57.8 41.6 0
74.5 48.8 0
73.2 29.4 0
67.7 45.4 0
45.6 28.2 0
53.6 48.1 0
52 62.8 0
74.9 66.7 0
71.9 72 0
73.7 60.5 0
52.8 64.5 0
54.3 64.9 0
70 73.2 0
47.1 55.5 0
72.2 67.8 0
73.7 58.4 0
72 63.9 0
48 57.1 0
41.2 59.5 0
73.2 66.4 0
68.4 63.9 0
65.5 66.7 0
40.8 65 0
70.2 51.1 0
68.2 67.9 0
78.1 78.4 4
67.2 66.4 0
78.9 60.2 0
45.4 55 0
71 78.8 0
68 72 0
74.3 51.5 0
74 78.8 4
78.6 64.3 0
50.8 92.6 0
66.4 90.5 4
47 90.6 0
63.6 85.4 0
67.8 87 4
62.5 88.2 0
47.3 94.2 0
63.9 87.1 0
48.3 92.6 0
66.4 88.4 0
70.2 98.9 4
41.6 98.1 0
70.2 81.1 4
43.2 97.2 0
41.2 90.9 0
74.3 98.6 4
78.6 94.3 4
41.2 94 0
74.3 81.5 4
107 14.8 1
97 14.7 1
110 12.6 1
93.5 16.5 1
107 16.9 0
96.8 16.9 1
86.7 8.93 1
114 12.5 1
105 18.2 0
86.7 5.63 1
112 13.4 0
95.2 17.8 1
87.6 7.28 1
118 23.4 0
81.6 1.88 1
94.8 19.5 0
85 5.15 1
106 32.8 0
102 45.4 0
102 43.9 0
85.2 40 0
111 39.9 0
87.2 29.8 0
87.8 37.9 0
108 32 0
101 42.7 0
87 31.3 0
86.9 39.6 0
88.2 32.5 0
113 40 0
91.6 32.4 0
119 29.4 0
119 45.6 0
81.3 29.4 0
81.3 45.6 0
92.9 31.1 0
92.5 29.5 0
86.9 34.4 0
117 37.7 0
102 61.8 0
98.5 55.6 0
97 60.4 0
85.4 68.2 0
94.6 74.6 4
107 62.6 0
96.6 72 0
114 58.5 0
100 73 4
110 73.6 4
87.8 61.8 0
93.3 71.6 4
96.9 58.6 0
95 72.9 4
88.4 67.7 0
98.7 57.4 0
114 68.3 4
86.5 59.8 0
87.1 68.9 0
113 60.3 0
81.2 59.5 0
104 62 0
105 63.1 0
112 69.1 4
102 71.7 4
80.8 65 0
119 60.2 0
118 78.4 4
100 62.8 0
102 69 0
106 73.6 4
108 72.4 4
87.8 57.9 0
119 64.3 4
100 58.3 0
110 90.4 4
112 93.2 4
114 88.4 4
86.7 90.8 4
96.8 91.6 4
87 94.4 4
113 90.2 4
81.2 89.5 4
113 91.7 4
87.9 92.8 4
119 90.2 4
81.6 98.1 4
81.2 94 4
114 95.6 4
119 94.3 4
85.3 94.8 4
146 4.13 0
126 7.43 0
127 8.83 0
125 7.43 0
167 18.9 0
125 12.8 0
138 14.3 0
126 12.3 0
148 13.7 0
137 16.5 0
124 0.625 1
138 3.95 0
124 23.8 0
168 1.9 0
136 17.8 0
137 13 0
165 21.8 0
130 32.5 0
163 39.9 4
141 37.5 0
127 32.6 0
128 31.3 0
169 28.8 0
169 46.3 4
140 35.8 0
164 40.3 4
162 38.1 4
140 39.3 0
149 42.4 0
125 32.2 0
128 29.7 0
122 31.3 0
126 26.6 0
149 62.6 4
131 67.6 4
153 69.8 4
141 66 4
155 74.5 4
142 58.3 4
134 57.5 4
151 55.3 4
143 67.4 4
151 63.5 4
150 66.9 4
145 66.1 4
131 73.2 4
132 60.5 4
133 68.6 4
153 71.9 4
149 58 4
133 72.3 4
145 63.6 4
157 71.5 4
134 73.6 4
151 65.3 4
140 73.4 4
155 72.8 4
151 57.1 4
135 67.2 4
143 62.4 4
163 76.9 4
132 58.6 4
142 72.1 4
140 57.2 4
124 50.6 0
124 78.8 4
125 57.3 0
127 56.5 0
126 58 0
169 64.9 4
121 63.9 4
132 55.3 4
134 55.7 4
132 66 4
141 63.5 4
131 57.1 4
148 67.6 4
134 65.6 4
169 60.9 4
166 74.9 4
136 67.9 4
121 60.8 0
136 72.3 4
142 91.7 4
134 92.9 4
129 86.6 4
139 91.7 4
127 87.8 4
132 91.8 4
140 92.9 4
124 80.6 4
128 86.3 4
163 96.9 4
166 94.3 4
124 98.8 4
169 94.9 4
121 93.9 4
130 84.8 4
137 91.7 4
134 94.7 4
142 89.3 4
121 90.2 4
169 90.9 4
191 16.8 0
183 9.7 0
180 12.5 0
190 18 0
196 18.1 0
185 9.73 0
188 16.8 0
176 12.4 0
197 16.9 0
178 13.4 0
185 11.6 0
181 34.6 0
181 40.5 4
182 43.5 4
179 31.8 0
200 42.9 4
186 42.5 4
195 41.9 4
198 43.8 4
190 42.6 4
181 32.7 0
181 42.4 4
188 43.4 4
200 32.9 0
171 29.4 0
171 45.6 4
184 34.6 0
181 60.4 4
190 55.2 4
182 56.9 4
198 61.7 4
193 70.8 4
184 62.3 4
195 57.8 4
186 58 4
183 67.4 4
180 58.1 4
197 56.5 4
188 55.8 4
188 67.9 4
197 68.3 4
179 57.2 4
196 62.8 4
186 63.4 4
196 66.9 4
187 57.5 4
187 66.3 4
195 61.6 4
185 65.8 4
193 68.7 4
194 67.2 4
172 52 4
171 60.2 4
171 64.8 4
191 55.7 4
190 64.9 4
199 57.6 4
192 57.6 4
190 63.4 4
188 61.7 4
189 61.8 4
182 88.1 4
183 86.9 4
185 88.2 4
172 82 4
171 90.2 4
171 94.8 4
3.15 9.18 1
3 5.63 1
23.6 13.4 1
1.1 9.18 1
15.2 12 1
13.6 11.7 1
22.5 5.95 1
21.6 7.5 1
12.3 9.8 1
29.9 18.3 1
19.6 7.5 1
18 22 1
16.8 22 1
27.3 13.2 1
25.8 10.4 1
25.8 12.3 1
10.4 0.95 1
38.9 5.33 1
19 9.38 1
4.1 7.4 1
27.9 17 1
15.4 21.8 1
19.6 11.3 1
22.5 9.05 1
21.2 10.9 1
16.7 3.3 1
17.9 3.3 1
18 46.7 1
2.8 46.9 1
1.55 48.2 1
2.53 69.4 1
4.5 73.1 1
0.55 73.1 1
8.08 70 1
10.3 74.5 1
11.6 71.6 1
8.18 71.9 1
2.53 71.9 1
9.78 72.9 1
33.6 58.2 0
32.2 56.8 0
33.2 72.2 0
35.3 74.7 0
34.8 73 0
36.4 55.2 0
36.1 56.9 0
17.5 90.7 1
10.4 99 1
61.9 19.8 0
74.2 11.9 1
59.6 17.8 1
74.1 10.1 1
61.1 18.1 1
52.8 21.8 0
40.9 5.1 1
79 5.18 1
72.6 12.9 1
51.6 23.1 0
57.3 34.6 0
58.6 32.7 0
58.2 36.3 0
66 61.6 0
63.2 64.6 0
62 61.8 0
63.5 62.9 0
65.1 73.5 0
63.1 54.9 0
61.9 57.7 0
63.4 56.6 0
64.6 75.2 0
69.5 93.3 4
71.6 93.3 4
73 91.9 4
93.2 5.7 1
95.1 6.33 1
119 6.1 1
97.5 3.38 1
81.2 6.1 1
102 29.7 0
98 31.5 0
102 31.2 0
113 29.5 0
100 32.4 0
95.4 42.6 0
92 42.5 0
92.9 45.3 0
93.2 43.8 0
96.9 43.6 0
97.8 29.7 0
96.6 45.3 0
83.6 46.3 0
94.8 46 0
99.6 29.1 0
96.5 32.4 0
98.8 66.9 4
97.1 68.3 0
93.7 68 0
93.4 64.2 0
98.1 65.3 0
104 57 0
95.2 63.9 0
106 58.3 0
108 57.9 0
95.6 67.3 4
96.2 65.7 0
109 56.4 0
86.9 54.9 0
85.2 54.5 0
92.5 66.7 0
109 59.4 0
101 88.1 4
108 87.7 4
103 87.1 4
105 88.5 4
111 85.9 4
109 86.1 4
132 9.85 0
134 9.6 0
143 17.3 0
145 18.5 0
121 6.1 1
147 17.3 0
141 18.5 0
134 11.5 0
169 6.1 0
153 29.6 0
128 36.1 0
130 39.3 0
125 37.7 0
153 43.6 4
123 42.3 0
127 37.7 0
155 32.4 0
128 39.2 0
155 42.7 4
157 45.4 4
158 42.6 4
158 32.4 0
157 29.6 0
157 43.8 4
157 31.2 0
130 36.1 0
153 31.4 0
122 43.5 0
131 37.7 0
164 64.4 4
155 54.8 4
125 66.7 4
163 64.1 4
126 66.3 4
125 62.9 4
129 63.5 4
162 62.4 4
126 62.3 4
156 56.5 4
127 63.8 4
158 57.7 4
157 56.2 4
124 64.8 4
154 85 4
151 94.8 4
154 88.2 4
149 92.1 4
151 93 4
158 87.9 4
155 86.7 4
157 86.4 4
155 95.3 4
158 92.4 4
155 93.5 4
157 93.9 4
153 91.8 4
171 6.1 0
190 73.3 4
188 72.1 4
189 91.2 4
191 92.9 4
190 91.2 4
191 94.4 4
23.3 17.1 1
22.8 20 1
25.1 18.3 1
24.6 20 1
22 18.3 1
31.9 35.7 0
32 39.3 0
33.7 39.4 0
33.7 35.6 0
34.9 38.3 0
34.9 36.7 0
38.3 48.8 0
38.3 26.3 1
38.9 39.7 0
31 37.5 0
16.2 65.6 1
17.5 65.6 1
16.8 68.8 1
12.7 68.4 1
9.25 61.6 1
14 67.1 1
15.6 67.5 1
14.8 62.5 1
10.4 63.1 1
13.2 61.9 1
12.3 63.4 1
18.1 67.5 1
10.9 67.7 1
9.5 64.9 1
43.5 9.85 1
45.9 18 0
44.6 18 1
46.9 40.6 0
45.2 42.9 0
47.2 45.2 0
46.9 43.7 0
66.6 29.5 0
66.9 31.3 0
48.2 42.4 0
62 32.3 0
65.3 32.2 0
63.2 31.1 0
62.9 29.5 0
78.3 26.3 0
78.3 48.8 0
78.9 39.7 0
45.1 41 0
41.2 39 0
64.8 28.9 0
41.6 51.8 0
56.6 90 0
41.6 81.8 0
54.1 90 0
99.5 0.9 1
100 3.53 1
96.1 1.1 1
117 47.5 0
117 27.5 0
118 26.3 0
118 48.8 0
119 39.7 0
81.2 39 0
113 72.4 4
115 73.4 4
115 75.1 4
81.6 51.8 0
99.3 99.3 4
95.6 88.3 4
94.5 86.8 4
91.7 88 4
92.7 86.5 4
96.9 99.3 4
81.6 81.8 4
164 13.2 0
156 13.2 0
163 14 0
151 12.1 0
154 10.2 0
121 1.73 1
152 13 0
154 12.1 0
163 15.5 0
128 47.1 0
121 39 0
169 40 4
126 48.3 0
164 68.2 4
155 62.7 4
154 61.2 4
162 67.8 4
163 69.1 4
154 64.5 4
157 63.1 4
154 59.4 4
158 61.6 4
138 87.9 4
163 90.3 4
139 86.7 4
148 88.1 4
123 97 4
134 85.2 4
136 87.9 4
146 86.9 4
135 87 4
121 98.3 4
162 88.3 4
162 92.3 4
133 88.1 4
195 11.8 0
199 6.93 0
194 9.9 0
172 23.4 0
179 37.6 4
176 39.2 4
176 35.9 0
177 37.6 4
171 39 4
196 73.5 4
198 72.2 4
200 73.5 4
172 78.5 4
178 86.8 4
178 85 4
176 88 4
175 86.5 4
176 84.8 4
39.3 9.05 1
2.8 0.825 1
39.2 20.6 1
13 30.2 1
16.7 35.2 1
12.6 31.7 1
25.1 42.8 1
15.7 48.3 1
13.9 33 1
21.7 42.7 1
22.6 45.5 1
23 43.9 1
38.9 35.2 0
15.5 36.4 1
24.5 46.1 0
16.7 33.9 1
15.5 32.7 1
39.2 75.6 0
33.4 88 0
32 86.6 0
2.83 98.8 1
36.2 85 0
35.9 86.7 0
37.4 87.8 0
42.7 22.4 0
40.8 10.1 1
79.2 20.6 0
45.6 0.8 1
55.2 0.85 1
41.4 23.6 0
78.7 9.05 1
44.9 23.8 0
54.9 23.8 0
40.6 19.5 1
73.6 39.4 0
73.6 35.6 0
74.8 38.3 0
74.8 36.7 0
78.9 35.2 0
41.2 36 0
45.5 49.4 0
45.5 25.6 0
54.3 25.6 0
46.6 60.9 0
45.2 65 0
47.8 62.9 0
46.9 64.5 0
44.3 79.4 0
79.2 75.6 4
44.4 50.8 0
54.4 50.8 0
41.4 78.6 0
48.2 66.3 0
54.9 78.8 0
40.6 75.8 0
73.4 88 4
72 86.6 4
44.4 80.8 0
54.4 80.8 0
54.4 99.2 0
45.2 99.1 0
76.2 85 4
75.9 86.7 4
77.4 87.8 4
84.3 24.4 0
103 1.25 1
119 20.6 0
119 9.98 1
81.4 23.6 0
84.4 0.775 1
81.2 9.05 1
80.6 19.5 0
84.3 49.4 0
119 36 0
81.2 36 0
85.5 25.6 0
84.3 79.4 4
80.6 75.8 4
105 66.7 0
84.4 50.8 0
119 75.6 4
108 68.5 0
108 67.1 4
81.4 78.6 4
109 65.2 0
103 98.6 4
109 94.2 4
108 92.8 4
84.4 80.8 4
84.4 99.2 4
165 9.15 0
167 22.4 0
163 8.78 0
165 5 0
162 7.08 0
163 5.45 0
169 10.1 0
121 9.05 1
166 0.8 0
168 23.6 0
169 20.1 0
121 19.5 0
164 24.4 0
137 39.4 0
137 35.9 0
135 37.6 0
164 25.6 0
121 36 0
123 26.6 0
122 28.4 0
164 49.4 4
169 36 4
167 77.4 4
146 72.9 4
150 73 4
148 71.7 4
164 50.8 4
121 51.6 0
168 78.6 4
165 78.8 4
122 74.5 4
121 74.5 4
169 74.5 4
164 80.8 4
164 99.2 4
121 81.6 4
178 17.2 0
184 18.4 0
179 7.23 0
176 8.9 0
182 17.2 0
180 18.4 0
177 7.25 0
176 5.63 0
197 1.18 4
171 20.6 0
171 9.98 0
173 47.5 4
173 27.5 0
172 26.3 0
172 48.8 4
171 36 0
171 75.6 4
196 91.6 4
197 92.8 4
198 98.8 4
191 85.4 4
188 87.1 4
190 84.8 4
188 85.4 4
199 89.1 4
199 91.7 4
196 89.4 4
197 88 4
23.4 30.9 1
27 31.1 1
23.1 29.3 1
25.5 32 1
26.8 29.3 1
24.9 28.7 1
57.4 20.9 0
57.4 19.6 0
51.4 11.9 1
51.8 8.28 1
54.2 10.4 1
52.6 10 1
54.3 33.8 0
52.7 34.2 0
54.4 31.9 0
51.5 32.3 0
52.8 31 0
52.6 29.6 0
56.1 31.1 0
58.3 63.5 0
57.4 65.1 0
57.7 69.7 0
60.4 67 0
57.4 68.2 0
58.7 66.9 0
58.5 86.7 0
58.9 83.3 0
57.6 85.1 0
95.3 54.6 0
94.3 56.4 0
91.6 57.6 0
92.6 56.1 0
151 6.85 0
156 5.33 0
153 6.85 0
154 5.23 0
150 5.13 0
165 33.1 0
164 35.4 0
165 35 0
168 26.3 0
168 48.8 4
136 59.3 4
138 61.5 4
136 61.5 4
135 62.5 4
138 59.3 4
176 59.1 4
175 62.4 4
176 60.9 4
175 57.6 4
3.13 87.4 1
1.18 87.4 1
0.275 83.1 1
4.43 86.5 1
4.7 84.7 1
42.7 27.5 0
42.7 47.5 0
41.4 26.3 0
41.4 48.8 0
52.5 75.7 0
111 18.5 0
113 17.2 0
115 19.8 0
115 18.1 0
82.7 27.5 0
81.4 48.8 0
81.4 26.3 0
103 92.2 4
104 93.4 4
101 92.1 4
100 93 4
95.4 95.4 4
99.7 94.8 4
94.5 93.7 4
91.7 92.5 4
92.6 94 4
121 23.6 0
123 22.4 0
122 46.5 0
124 48.3 0
123 77.4 4
121 78.6 4
183 92.4 4
184 93.4 4
181 92.4 4
180 93.4 4
180 96.7 4
179 95.1 4
20.8 23 1
21 2.2 1
37.9 15.9 1
12.3 38.1 1
11.3 39.6 1
38.1 29.4 0
38.1 45.6 0
8.05 38.1 1
14.4 26.9 1
9.23 39.7 1
15.6 26.9 1
9.13 36.4 1
11.3 36.5 1
20.6 26.9 1
19.4 26.9 1
20.6 48.1 1
16.3 56.9 1
18.8 56.9 1
15.6 51.9 1
19.4 51.9 1
3.45 61.9 1
4.75 62.8 1
1.5 61.9 1
37.9 70.9 0
20.8 52.1 1
38 69.2 0
17.5 54.4 1
17.5 55.6 1
21.6 54.8 1
20.5 57.5 1
21.9 56.5 1
17.5 58.1 1
0.2 62.8 1
16.3 86.9 1
16.3 93.1 1
18.8 86.9 0
15.6 81.9 1
19.4 81.9 0
20.8 82.1 0
16.9 95 1
18.1 95 0
17.5 85.6 0
17.5 84.4 0
17.5 88.1 0
20.8 98 0
65.6 16.9 1
67.2 16 1
59.4 23.1 0
60.8 23 0
67.3 14 1
65.9 12.9 1
61.1 2.35 1
50.8 2.03 1
77.9 15.9 0
64 13.6 1
63.8 15.7 1
77.8 14.1 1
68.9 12.8 1
78.1 29.4 0
78.1 45.6 0
42 44.2 0
42 30.8 0
50.6 26.9 0
49.4 26.9 0
60.6 26.9 0
60.6 48.1 0
50.6 48.1 0
49.4 48.1 0
59.4 48.1 0
41.9 70.6 0
49.4 78.1 0
50.6 78.1 0
59.4 78.1 0
42.1 69.2 0
60.8 78 0
49.1 52.1 0
77.9 70.9 0
59.1 52.1 0
78 69.2 0
60.8 52.1 0
49.1 82.1 0
50.8 98 0
49.1 97.9 0
60.8 98 4
89.4 23.1 0
90.8 23 0
81.9 15.6 1
82 14.2 1
108 23.8 0
83.6 13.4 1
91.1 2.35 1
108 45.7 0
105 39.3 0
108 43.9 0
105 35.9 0
111 35.3 0
110 43.1 0
106 37.7 0
115 37.7 0
112 44.2 0
82 44.2 0
82 30.8 0
112 45.7 0
90.6 26.9 0
89.4 26.9 0
115 36.2 0
108 25.6 0
108 49.4 0
113 35.2 0
83.6 31.6 0
108 37.6 0
113 32.2 0
114 33.3 0
111 33.5 0
109 26.9 0
106 48.1 0
108 28.1 0
90.6 48.1 0
106 26.9 0
89.4 48.1 0
89.4 78.1 4
81.9 70.6 0
90.8 78 4
82.1 69.2 0
108 51.1 0
89.1 52.1 0
107 52.7 0
118 69.2 4
108 78.8 4
108 81.1 4
89.1 82.1 4
107 82.7 4
91 97.8 4
89.1 97.9 4
161 23.1 0
168 15.6 0
125 18.1 0
126 22.9 0
159 22.9 0
168 14.1 0
124 1.88 1
129 20.1 0
126 18.4 0
159 2.2 0
122 14.4 0
122 15.6 0
127 20.1 0
142 31.1 0
142 43.9 0
140 43.1 0
140 31.9 0
142 45.7 0
142 29.3 0
138 44.2 0
138 30.8 0
138 29.3 0
138 45.7 0
159 26.9 0
168 30.9 0
168 44.2 4
159 48.1 4
168 29.4 0
168 45.6 4
161 26.9 0
161 48.1 4
121 26.3 0
121 48.8 0
140 28.7 0
140 46.3 4
140 27.4 0
140 47.6 4
161 78.1 4
168 70.6 4
159 78 4
126 77.9 4
168 69.1 4
124 51.9 0
122 69.4 4
122 70.6 4
127 76.4 4
129 93.4 4
127 93.7 4
126 92.2 4
124 81.9 4
125 92.9 4
130 95.2 4
159 82.3 4
189 8.65 0
192 13.5 0
195 6.85 0
192 5.15 0
188 13.1 0
191 10.4 0
172 15.9 0
198 23.8 0
194 5.18 0
183 0.875 0
190 12.3 0
181 2.03 0
186 39.4 4
187 37.7 4
191 35.9 4
172 44.1 4
191 39.4 4
189 37.7 4
198 25.6 0
198 49.4 4
172 31 0
198 46.9 4
199 48.1 4
199 26.9 0
196 48.1 4
179 67.8 4
197 52.6 4
172 70.9 4
172 69 4
176 68.3 4
177 71.3 4
198 78.8 4
198 51.2 4
177 69.3 4
195 52.1 4
197 82.6 4
198 81.2 4
1.25 0.825 1
34.6 6.05 1
16.2 18.2 1
16 7.05 1
5.45 22.6 1
30.6 6.85 1
33.4 4.95 1
27.7 23.8 1
7.33 23.8 1
31.6 5 1
17.3 4.55 1
32.3 0.775 1
16.8 20.1 1
18 20.1 1
17.3 5.8 1
17.4 17 1
18.7 18.2 1
13.9 20.2 1
14.6 18.5 1
16.7 8.93 1
23.7 39.1 1
18.7 43 1
18.9 31.8 1
5.43 43 1
5.98 48.1 1
5.98 26.9 1
25.8 39.2 1
25.8 35.9 1
26.9 37.6 1
2.55 30.7 1
17.4 45.5 1
8.8 42.9 1
7.28 43.8 1
7.23 49.4 1
7.23 25.6 1
2.58 29.3 1
17.4 44.2 1
7.45 45.6 1
17.6 29.3 1
17.6 30.5 1
27.7 25.6 1
27.7 49.4 0
22.7 37.6 1
23.7 36 1
18 41.1 1
16.8 41.1 1
16.2 43 1
3.83 28 1
13.9 75.1 1
6.03 53.5 1
14.7 73.5 1
18.7 73.2 0
16.2 73.2 0
5.45 77.5 1
27.3 52.6 0
28.4 51.1 0
7.33 78.8 1
18.1 75 0
16.9 75 0
38.9 58.4 0
27.7 78.8 0
7.23 50.7 1
21 75.2 0
20.3 73.5 0
17.5 71.9 0
29.7 77.6 0
5.35 52 1
1.28 98.8 1
10.7 93.9 1
13.5 92.7 1
12.5 94.2 1
27.3 97.5 0
27.3 82.6 0
28.4 98.9 0
28.4 81.1 0
7.23 80.7 1
69.1 8.98 1
73.1 5.48 1
59.4 11.3 1
58.1 9.38 1
61.4 11 1
72 7.15 1
59 7.73 1
56.5 5.15 1
70.1 7.15 1
62.2 6.33 1
46.8 5.1 1
67.3 5.25 1
73.6 2.1 1
53.1 5.08 1
72.1 1.15 1
69.1 5.3 1
67.7 23.8 0
45.2 4.73 1
61.1 7.73 1
54.7 4.68 1
62.2 9.13 1
64 6.95 1
64 8.5 1
47.6 6.8 1
67.7 25.6 0
67.7 49.4 0
53.6 58.6 0
57.9 74.1 0
57.9 75.4 0
52.4 56.7 0
61.4 74.9 0
56.5 55.1 0
61.9 71.9 0
53.2 55 0
77.5 57.3 0
67.3 52.6 0
68.4 51.1 0
59.1 72.9 0
60.7 73.2 0
78.9 58.4 0
67.7 78.8 0
41.2 57.6 0
54.8 54.6 0
56.1 58.6 0
57.4 56.7 0
69.7 77.6 0
60.9 92.4 0
55.9 95.1 0
51.7 86.9 0
52.5 85.2 0
58.5 93.1 0
67.3 97.5 4
67.3 82.6 0
68.4 98.9 4
68.4 81.1 0
41.2 87.6 0
57.6 94.7 0
48.3 85.3 0
49.2 86.9 0
62 95.1 4
62.3 93.4 0
65.6 82.3 0
42.5 89.6 0
54.1 84.8 0
100 10.8 1
100 0.9 1
91.1 20.1 0
95.1 12.1 1
85 18.1 0
86.3 18.1 0
90.3 18.4 0
98.9 0.9 1
88.8 18.1 0
111 7.05 1
108 8.8 1
91.6 8.4 1
106 5.43 1
99.5 22.6 0
102 16 1
109 7.08 1
87.5 20.6 0
87.5 19.3 0
93.1 12.9 1
104 12.7 1
101 12.7 1
92.7 9.8 1
91.8 11.7 1
108 5.35 1
97.7 23.8 0
102 13.5 1
95.7 10.2 1
94.5 9.18 1
87.5 16.8 0
113 5.4 1
106 8.8 1
105 7.15 1
109 3.45 1
85.3 43.4 0
99.7 47.5 0
99.7 48.8 0
99.7 26.3 0
88.3 43 0
87.1 44.2 0
97.8 49.4 0
97.8 25.6 0
87.3 45.7 0
85.5 46.3 0
91.1 75.1 4
85 73.1 0
86.3 73.1 4
90.3 73.4 4
88.8 73.1 4
99.5 77.6 4
99.3 52 0
87.5 75.6 4
87.5 74.4 4
118 57.1 0
119 58.3 0
97.7 78.8 4
97.8 50.8 0
81.2 57.6 0
87.5 71.9 4
98.6 83.6 4
98.7 99.3 4
99.3 82 4
118 87.1 4
119 88.3 4
81.2 87.6 4
97.8 80.8 4
100 99.3 4
82 85.9 4
157 17.1 0
130 17.1 0
150 22.5 0
135 22.5 0
159 18.4 0
150 2 0
134 2.13 0
156 20.1 0
132 16.2 0
131 13 0
143 23.8 0
152 1.15 0
133 23.8 0
152 23.8 0
143 2.3 0
142 0.95 0
133 0.825 0
132 14.1 0
158 20.1 0
156 18.4 0
160 18.1 0
129 15.8 0
129 13.8 0
147 43.1 0
153 35.9 0
145 33.4 0
144 37 0
149 39.3 0
164 43.4 4
148 35.3 0
135 27.5 0
135 47.5 0
161 43 4
135 26.3 0
135 48.8 0
145 41.9 0
150 37.6 0
145 40.1 0
146 35.3 0
152 37.5 0
152 49.4 4
163 44.3 4
152 25.6 0
133 25.6 0
163 45.7 4
143 25.6 0
133 49.4 0
143 49.4 4
133 46.9 0
133 28.1 0
152 46.9 4
147 32.2 0
149 33.4 0
153 48.1 4
153 39.2 0
164 46.3 4
159 75.1 4
160 73.4 4
164 73.1 4
165 73.1 4
161 73.1 4
162 56.7 4
150 77.6 4
135 77.5 4
151 52 4
163 75.6 4
163 74.4 4
163 55 4
133 78.8 4
152 78.8 4
169 57.6 4
143 51.3 4
143 78.8 4
152 50.7 4
121 57.7 0
165 54.6 4
133 50.7 0
163 71.9 4
164 58.6 4
122 59 0
167 59.6 4
135 52.1 0
122 60.2 4
151 98.1 4
151 82 4
163 95.1 4
163 85 4
169 87.6 4
143 81.3 4
143 98.7 4
152 99.3 4
121 87.7 4
152 80.7 4
165 84.6 4
165 95.4 4
133 99.3 4
133 80.7 4
123 87.7 4
122 86.5 4
122 89 4
167 89.6 4
135 82.1 4
135 97.9 4
183 5.05 0
180 22.5 0
186 6.78 0
188 23.8 0
178 23.8 0
185 5.05 0
200 0.85 4
189 22.5 0
190 1.98 0
185 3.2 0
180 27.5 0
180 26.3 0
178 49.4 4
178 25.6 0
188 25.6 0
188 49.4 4
178 46.9 4
178 28.1 0
188 46.9 4
180 77.6 4
179 52 4
187 52.2 4
175 73.4 4
178 54.6 4
172 56.9 4
178 78.8 4
188 78.8 4
178 50.7 4
171 58.4 4
175 75.1 4
188 50.9 4
176 54.4 4
190 51.6 4
199 98.8 4
185 97.1 4
187 82.2 4
179 82 4
172 86.9 4
187 97.6 4
188 99.1 0
171 88.4 4
178 80.7 4
188 80.9 4
178 99.3 4
1.88 0.825 1
7.45 15.9 1
8.95 2.1 1
38.9 3.45 1
36.9 24.2 0
23.3 0.95 1
5.33 12.6 1
7.18 13.4 1
8.7 12.5 1
25.4 2.1 1
35.1 23 1
3.63 13.7 1
8.65 10.6 1
3.35 36.3 1
1.3 36.3 1
4.45 38 1
0.35 38 1
35.8 26.9 1
37.7 42.9 0
3.5 39.8 1
35.8 48.1 0
8.9 32.3 1
1.45 39.8 1
38.9 41.6 0
7.38 31.3 1
37 25.6 0
34.5 48.1 0
7.65 29.6 1
37 49.4 0
5.48 32.2 1
36.9 79.2 0
36.9 50.8 0
39.2 66.9 0
35.1 78 0
35.4 52.3 0
37.8 65.4 0
38.1 52.1 0
1.9 98.8 1
9.23 98.3 1
36.9 80.8 0
36.9 99.2 0
39.2 96.9 0
8.65 96.7 1
35.4 97.8 0
37.8 95.4 0
35.4 82.3 0
38.1 82.1 0
53.4 16 1
53.5 14.6 1
48 12.3 1
55.1 13.8 1
47 15 1
45.1 10.9 1
46.8 13.5 1
56.8 14.6 1
57.1 16 1
54.6 17.3 1
55.9 17.3 1
63.5 1.1 1
65.4 1.88 1
45.1 12.7 1
76.9 24.2 0
79 3.3 1
40.9 3.23 1
46.8 10.4 1
43.3 15 1
43.5 13.6 1
56.3 44.1 0
56.5 45.6 0
70.4 35.7 0
66.4 35.8 0
45.3 31.7 0
70.4 39.3 0
54.5 43.3 0
66.4 39.2 0
75.8 26.9 0
77.7 42.9 0
48.3 32.2 0
52.9 44.2 0
69.4 37.5 0
75.8 48.1 0
52.8 45.6 0
74.5 26.9 0
78.9 41.6 0
47 30.9 0
67.6 37.5 0
77 25.6 0
47.3 29.4 0
40.8 41.9 0
77 49.4 0
42 40.1 0
54.7 46.2 0
51.7 42.9 0
54.7 47.5 0
75.5 76.4 4
45.8 73 0
44.6 73 0
53.7 72 0
51.2 72 0
49.9 72 0
51.3 68.1 0
47.1 75.5 0
47.1 74.3 0
52.4 70.7 0
52.6 69.3 0
40.8 66.9 0
76.9 79.2 4
76.9 50.8 0
79.2 66.9 0
52.4 73.2 0
54.2 68.4 0
75.4 52.3 0
75.1 78 4
77.8 65.4 0
43.6 95.4 0
40.8 96.9 0
76.9 80.8 4
76.9 99.2 4
79.2 96.9 4
75.4 97.8 4
77.8 95.4 4
42 95.1 0
75.4 82.3 4
78.1 82.1 4
115 23 0
98.3 0.9 1
119 3.3 1
117 24.2 0
117 0.95 1
80.8 3.13 1
118 5.18 1
82 5 1
96.5 35.9 0
101 35.9 0
101 39.3 0
118 42.9 0
96.6 39.2 0
115 47.5 0
115 27.5 0
99.8 37.6 0
115 26.3 0
119 41.6 0
115 48.8 0
97.7 37.6 0
80.8 41.9 0
117 25.6 0
117 49.4 0
82 40.1 0
116 51.9 0
115 78 4
117 50.7 0
117 79.2 4
80.8 66.9 0
119 66.8 4
118 65.4 4
116 81.9 4
117 80.7 4
98.1 99.3 4
80.8 96.9 4
117 99.2 4
119 96.8 4
82 95.1 4
118 95.4 4
164 18 0
165 18 0
146 6 0
130 7.73 0
148 9.25 0
135 7.28 0
146 11 0
133 5.33 0
163 20.5 0
163 19.3 0
122 4.23 1
130 6.18 0
145 7.6 0
138 5.83 0
122 5.48 1
138 8.78 0
131 5.13 0
137 7.28 0
146 9.13 0
121 2.98 1
169 3.15 0
128 5.55 0
168 5.03 0
121 40.2 0
123 40.2 0
169 41.9 4
121 42.1 0
121 65.2 4
169 66.8 4
121 67 4
123 95.2 4
121 95.2 4
169 96.8 4
121 97 4
171 3.3 0
173 0.95 0
172 5.18 0
197 31.3 0
197 29.4 0
187 31 0
195 32.1 0
185 31.9 0
183 30.7 0
187 29.2 0
183 29.2 0
193 30.8 0
171 41.8 4
185 28.6 0
185 27.3 0
172 39.9 4
183 72.3 4
185 73.6 4
171 66.7 4
181 73.6 4
171 96.7 4
24.8 23 1
10.2 23 1
37.7 13 1
34.8 1.88 1
38.2 9.83 1
38.9 11.7 1
36.7 1.1 1
23 24.2 1
12 24.2 1
0.6 43.1 1
15.1 47.1 1
13.8 47.1 1
13.5 43 1
37.7 32.1 0
9.65 48.1 1
9.65 26.9 1
10.9 48.1 1
10.9 26.9 1
2.2 44.2 1
24.7 26.3 1
12.2 44.2 1
24.7 48.8 0
12.6 45.8 1
38.9 33.3 0
2.18 45.7 1
12.2 25.6 1
12.2 49.4 1
22.9 25.6 1
22.9 49.4 0
0.3 46.3 1
0.3 47.5 1
24.5 52.3 0
10.2 77.9 1
24.8 78 0
13.1 52.3 1
9.93 51.7 1
11.8 51 1
12 79.2 1
23 79.2 0
23 50.8 0
9.35 53.3 1
24.5 97.8 0
24.5 82.3 0
22.7 94.8 0
13.1 82.3 1
21.5 92.1 0
23 93.1 0
19.8 92.7 0
9.93 81.7 1
11.8 81 1
23 99.2 0
23 80.8 0
50.8 18.1 0
52 19.3 0
52 20.6 0
64.8 23 0
63 24.2 0
79 11.9 1
76.8 0.95 1
40.8 12 1
49.5 21.8 0
50.8 21.8 0
77.7 9.98 1
48.3 20.6 0
48.3 19.3 0
49.5 18.1 0
77.7 32.1 0
64.7 26.3 0
64.7 47.5 0
64.7 48.8 0
78.9 33.3 0
40.8 33 0
62.9 25.6 0
62.9 49.4 0
42 34.9 0
64.5 52.3 0
77.8 54.5 0
64.8 78 0
42 54.8 0
63 79.2 0
40.8 53 0
79.2 53 0
63 50.8 0
64.5 97.8 4
42 84.8 0
40.8 83 0
63 99.2 4
63 80.8 0
61.8 82.1 0
83.6 10.6 1
100 7.1 1
102 1.25 1
99.3 5.4 1
118 13.1 0
94.8 23 0
97.3 5.25 1
119 11.9 0
93 24.2 0
80.8 12 1
82 10.2 1
83.6 34.5 0
118 32.1 0
94.7 48.8 0
94.7 26.3 0
119 33.3 0
118 35.2 0
80.8 33 0
92.9 25.6 0
92.9 49.4 0
82 34.9 0
94.7 27.5 0
94.8 78 4
118 54.2 0
92 52.3 0
82 54.8 0
95.1 51.8 0
93.2 51 0
93 79.2 4
119 52.9 0
80.8 53 0
102 98.6 4
118 84.2 4
92 82.3 4
95.1 81.8 4
93.2 81 4
119 82.9 4
80.8 83 4
95.6 83.3 4
155 22.9 0
130 22.9 0
127 2.35 1
123 10.3 0
121 10.3 0
130 1.93 0
128 1.1 1
169 11.9 0
157 24.2 0
128 24.2 0
157 0.95 0
121 12.2 0
155 2.1 0
122 34.1 0
156 48.1 4
156 26.9 0
122 35.3 0
130 47.5 0
130 27.5 0
130 48.8 0
130 26.3 0
155 26.9 0
124 27.8 0
121 32.8 0
157 25.6 0
123 30.3 0
123 29.1 0
169 33.1 4
157 49.4 4
125 27.8 0
128 25.6 0
128 49.4 0
168 34.9 0
129 76.4 4
130 77.9 4
155 78 4
168 54.9 4
158 52.3 4
127 52.3 0
122 55.4 0
122 54.1 0
155 51.7 4
130 51.7 0
128 51 0
157 51 4
128 79.2 4
157 79.2 4
169 53.1 4
121 52.9 0
168 84.9 4
158 97.8 4
127 82.3 4
127 97.8 4
122 84.1 4
155 98.3 4
155 81.7 4
130 98.3 4
130 81.7 4
128 99 4
128 81 4
157 99 4
157 81 4
169 83.1 4
121 82.9 4
198 1.18 4
172 13.1 0
175 23 0
171 11.9 0
173 24.2 0
195 35.8 4
196 37.5 4
200 39.2 4
200 35.9 4
199 37.5 4
175 47.5 4
175 27.5 0
175 48.8 4
175 26.3 0
171 33.2 4
173 25.6 0
173 49.4 4
172 35 4
195 39.2 4
175 78 4
175 51.7 4
173 51 4
173 79.2 4
171 53.2 4
198 98.8 0
175 81.7 4
175 98.3 4
173 99 4
173 81 4
171 83.2 4
0.25 4.93 1
38.4 19.7 1
3.68 0.825 1
39.1 18 1
38.4 74.7 0
39.1 73 0
3.7 98.8 1
46 23.1 0
56 23.1 0
58.2 2.1 1
78.4 19.7 0
44.7 1.68 1
47.2 24.4 0
57.2 24.4 0
40.6 17.8 1
79.1 18 0
43.1 0.875 1
57 0.85 1
47.2 25.6 0
57.2 25.6 0
57.2 49.4 0
47.2 49.4 0
58.5 26.9 0
55.4 26.3 0
57.2 28.1 0
55.4 27.5 0
44.7 78.1 0
41.9 74 0
46 78.1 0
56 78.1 0
45.3 51.7 0
78.4 74.7 0
55.3 51.7 0
57.2 79.4 0
47.2 79.4 0
40.6 72.8 0
47 50.9 0
79.1 73 0
57 50.9 0
41.9 75.3 0
58.2 97.9 0
45.3 81.7 0
55.3 81.7 0
55.2 98.3 0
46.9 99.1 0
56.9 99.1 0
47 80.9 0
57 80.9 0
101 2.15 1
104 22.6 0
111 22.6 0
84.7 23.1 0
86 23.1 0
88.2 2.1 1
118 16.8 0
95.3 1.1 1
112 23.8 0
114 2.13 1
103 23.8 0
104 1.25 1
118 19.8 0
87.2 24.4 0
112 1.18 1
80.6 17.8 0
119 18.1 0
87 0.85 1
85.2 1.63 1
97.1 2 1
110 48.1 0
104 26.9 0
85.4 48.8 0
111 48.1 0
111 26.9 0
104 48.1 0
87.2 25.6 0
112 25.6 0
87.2 49.4 0
103 25.6 0
112 49.4 0
103 49.4 0
111 77.6 4
84.7 78.1 4
81.9 75.3 4
86 78.1 4
81.9 74 4
104 77.6 4
118 71.8 4
104 52.8 0
113 52.4 0
85.3 51.7 0
118 74.8 4
102 51.3 0
112 78.8 4
112 51.1 0
103 78.8 4
87.2 79.4 4
80.6 72.8 4
119 73.1 4
87 50.9 0
104 82.8 4
104 98.6 4
113 82.4 4
114 98.2 4
85.3 81.7 4
102 81.3 4
112 81.1 4
96.1 99.3 4
86.9 99.1 4
87 80.9 4
112 99.1 4
100 97.9 4
85.2 98.3 4
146 22.5 0
139 22.5 0
146 2.2 0
168 19 0
166 23.1 0
162 2.13 0
138 23.8 0
147 23.8 0
137 2.25 0
165 1.68 0
138 0.95 0
167 24.4 0
169 17.8 0
163 0.875 0
147 0.85 0
121 17.8 0
165 23.1 0
146 27.5 0
146 47.5 4
146 26.3 0
146 48.8 4
165 26.3 0
165 27.5 0
167 25.6 0
167 49.4 4
147 49.4 4
138 25.6 0
147 25.6 0
138 49.4 4
147 46.9 4
147 28.1 0
149 47.5 4
149 48.8 4
149 27.5 0
149 26.3 0
165 48.8 4
146 77.5 4
139 52.7 4
139 77.5 4
166 78.1 4
146 52.5 4
148 51.2 4
165 51.7 4
137 51.4 4
147 78.8 4
138 78.8 4
167 79.4 4
169 72.8 4
167 50.9 4
121 72.8 4
139 97.3 4
139 82.7 4
146 82.5 4
146 97.5 4
148 98.8 4
165 81.7 4
137 98.6 4
137 81.4 4
165 98.3 4
148 81.2 4
167 99.1 4
167 80.9 4
185 22.5 0
176 2.1 0
183 23.7 0
172 19.7 0
178 1.15 0
196 1.18 4
171 18 0
188 1.15 0
199 2.03 4
185 47.5 4
185 48.8 4
183 49.4 4
183 25.6 0
183 46.9 4
181 47.5 4
181 48.8 4
184 52.6 4
172 74.8 4
182 51.2 4
183 78.8 4
171 73 4
185 77.5 4
197 98.8 0
184 82.6 4
182 98.6 4
182 81.2 4
30.7 22.6 1
29.6 1.93 1
2.5 23.8 1
6.55 1.15 1
32.6 23.8 1
27.8 1.15 1
4.65 1.98 1
39.2 22.2 0
30.6 47.5 0
30.6 27.5 1
30.6 48.8 0
30.6 26.3 1
2.5 49.4 1
2.5 25.6 1
32.5 25.6 1
32.5 49.4 0
32.5 28.1 1
33.7 26.9 1
3.75 48.1 1
2.5 78.8 1
32.9 52.6 0
37.5 62.9 0
31.9 51.1 0
2.5 51.2 1
38.9 61.9 0
32.6 78.8 0
39.2 77.2 0
5.63 96.5 1
4.38 82 1
32.9 97.5 0
32.9 82.6 0
37.5 92.9 0
31.9 98.9 0
38.9 91.9 0
31.9 81.1 0
2.5 81.2 1
4.95 98.1 1
6.83 99.3 1
70.7 22.6 0
48.4 2.05 1
54.4 1.63 1
72.6 23.8 0
52.7 24.4 0
67.6 0.775 1
42.7 24.4 0
40.6 22.4 0
47.2 0.8 1
79.2 22.2 0
52.8 0.775 1
41.9 21.1 0
43.9 23.1 0
53.9 23.1 0
41.9 19.9 0
74.3 23 0
69.2 1.93 1
70.6 27.5 0
70.6 47.5 0
70.6 48.8 0
70.6 26.3 0
52.7 25.6 0
72.5 25.6 0
42.7 49.4 0
42.7 25.6 0
52.7 49.4 0
72.5 49.4 0
72.5 46.9 0
73.7 48.1 0
44.5 47.5 0
44.5 48.8 0
44.5 27.5 0
44.5 26.3 0
42.5 60.6 0
51.6 52 0
42 64.3 0
72.9 52.6 0
77.5 62.9 0
71.9 51.1 0
78.9 61.9 0
41.2 62.6 0
72.6 78.8 4
42.7 79.4 0
40.6 77.4 0
52.7 79.4 0
42.8 50.8 0
79.2 77.2 4
52.8 50.8 0
53.9 78.1 0
51.6 82 0
72.9 97.5 4
72.9 82.6 4
77.5 92.9 4
71.9 98.9 4
78.9 91.9 4
71.9 81.1 4
41.2 92.6 0
42.8 99.2 0
52.8 99.2 0
42.8 80.8 0
52.8 80.8 0
44.4 98.3 0
93.4 1.1 1
105 2.13 1
107 0.875 1
80.6 22.4 0
82.7 24.4 0
119 22.2 0
82.8 0.775 1
81.9 21.1 0
81.9 19.9 0
82.7 25.6 0
82.7 49.4 0
84.5 27.5 0
84.5 26.3 0
82.5 60.6 0
82 64.3 0
119 61.8 4
117 62.9 4
81.2 62.6 0
80.6 77.4 4
82.7 79.4 4
119 77.2 4
82.8 50.8 0
82.5 90.6 4
107 97.7 4
108 99.1 4
119 91.8 4
117 92.9 4
105 97.3 4
81.2 92.6 4
93.3 99 4
95.2 98.3 4
82.8 99.2 4
82.8 80.8 4
169 22.4 0
163 24.4 0
167 0.8 0
121 22.4 0
168 21.1 0
123 20.5 0
121 20.5 0
126 43 0
127 44.3 0
124 43.3 0
127 45.8 0
123 45.8 0
124 47.1 0
125 47.1 0
123 44.6 0
163 25.6 0
163 49.4 4
162 52 4
168 64.2 4
169 62.6 4
169 77.4 4
163 79.4 4
163 50.8 4
121 77.4 4
121 62.5 4
168 76.1 4
164 78.1 4
123 75.5 4
121 75.5 4
168 74.9 4
122 91.2 4
162 82 4
162 98 4
168 94.2 4
169 92.6 4
163 99.2 4
163 80.8 4
121 92.5 4
194 22.5 0
193 23.8 0
195 2 4
171 22.2 0
193 0.825 0
193 46.9 4
195 26.9 0
191 27.5 0
191 47.5 4
191 48.8 4
191 26.3 0
194 26.9 0
194 48.1 4
193 25.6 0
193 49.4 4
193 28.1 0
191 77.5 4
194 77.5 4
172 63.4 4
193 78.8 4
171 61.9 4
171 77.2 4
192 50.7 4
194 82.1 4
196 97.3 0
191 81.6 4
172 93.4 4
194 97.7 0
171 91.9 4
193 99.1 0
192 80.7 4
38.2 6.1 1
13.4 2.2 1
12.1 0.95 1
39.3 7.5 1
38.2 38.9 0
38.2 36.1 0
39.3 37.5 0
13.4 97.8 1
12.1 99 1
42.1 9.2 1
42.2 5.88 1
41.3 7.5 1
78.7 7.5 1
77.7 5.95 1
78.2 38.9 0
78.2 36.1 0
41.2 37.5 0
79.3 37.5 0
119 7.5 1
118 9.05 1
81.2 7.5 1
81.2 37.5 0
119 37.5 0
118 38.9 0
168 9.13 0
169 7.5 0
121 7.5 1
168 39.2 4
169 37.5 4
121 37.5 0
171 7.5 0
172 9.05 0
171 37.5 4
18.8 23.1 1
16.3 23.1 1
17.5 24.4 1
17.5 0.625 1
14.9 23 1
16.3 1.88 1
18.8 1.88 1
18.8 48.1 1
17.5 25.6 1
17.5 49.4 1
39.4 27.5 0
39.4 47.5 0
18.8 78.1 0
16.3 78.1 0
17.5 50.6 1
17.5 79.4 0
20.2 78 0
14.9 77.9 1
16.3 98.1 1
18.8 98.1 0
17.5 80.6 0
17.5 99.4 0
41.9 28.8 0
41.9 46.3 0
79.4 27.5 0
79.4 47.5 0
40.6 27.5 0
40.6 47.5 0
118 28.8 0
118 46.3 0
81.9 28.8 0
81.9 46.3 0
119 27.5 0
119 47.5 0
80.6 27.5 0
80.6 47.5 0
124 23.1 0
123 0.625 1
123 24.4 0
123 25.6 0
121 27.5 0
121 47.5 0
123 49.4 0
169 27.5 0
169 47.5 4
124 78.1 4
123 50.6 0
123 79.4 4
124 98.1 4
123 80.6 4
123 99.4 4
172 28.8 0
172 46.3 4
171 27.5 0
171 47.5 4
0.875 0.825 1
0.9 98.8 1
99.9 0.9 1
99.3 0.9 1
99.1 99.3 4
99.7 99.3 4
199 98.8 4
1.5 0.825 1
1.53 98.8 1
102 1.25 1
98.7 0.9 1
101 98.6 4
98.5 99.3 4
198 1.18 4
199 98.8 0
0.15 1.98 1
0 98.1 1
100 2.15 1
100 97.9 4
200 2.03 4
2.48 0.825 1
2.5 98.8 1
96.3 2 1
97.7 0.9 1
103 1.25 1
97.5 99.3 4
102 98.6 4
198 1.18 4
