3.21425 94.1893 4
197.061 89.2828 4
62.8214 4.25786 4
39.4699 4.26037 4
127.376 4.26678 4
90.4036 4.30316 4
2.89386 65.7411 0
71.9862 4.25811 4
99.5424 95.8138 4
62.6568 95.81 4
169.061 4.32898 4
132.059 95.806 0
155.169 95.8097 4
183.058 4.29043 4
173.606 95.8016 4
118.19 95.8071 4
192.748 95.6916 4
71.8032 95.8048 4
141.241 95.8038 4
81.0304 95.8077 4
39.4358 95.8037 4
17.2391 4.28406 4
99.4288 4.26794 4
2.90009 61.5107 0
131.719 4.25948 4
43.8271 4.25987 4
26.353 95.7718 4
2.91639 11.5349 4
94.7821 4.27931 4
2.90763 52.2619 0
7.56922 95.562 4
2.89966 47.6884 0
2.90942 15.6982 4
2.90333 43.1133 0
2.9062 38.5368 0
2.9085 20.2458 0
2.90912 24.8162 0
2.90667 29.3888 0
2.90686 33.9625 0
136.344 4.26934 4
197.135 79.693 4
197.102 11.093 4
197.135 75.1187 4
197.137 70.5445 4
197.141 65.9675 4
197.136 38.5278 4
197.137 56.8195 4
197.136 43.0991 4
197.14 52.2457 4
197.139 61.3915 4
58.4685 4.26196 4
197.136 20.2341 4
197.139 33.9527 4
197.135 24.8055 4
197.139 47.6706 4
197.136 15.6603 4
197.138 29.3771 4
2.90042 56.8129 0
150.232 4.27587 0
197.132 84.242 4
108.584 4.29051 4
86.1869 4.32149 4
113.233 4.27489 4
145.584 4.29335 4
58.4027 95.7968 4
21.4877 4.26742 4
103.976 4.30357 4
48.5281 4.26528 4
127.778 95.7944 0
140.948 4.30791 0
169.398 95.7843 4
12.2165 95.7645 4
173.461 4.32852 4
113.897 95.7941 4
95.3376 95.7963 4
154.866 4.31028 0
85.4411 95.7978 4
159.536 95.7954 4
159.587 4.29713 4
103.936 95.7979 4
150.86 95.7971 4
25.9351 4.25739 4
81.5468 4.31324 4
53.832 95.791 4
187.996 95.7792 4
117.906 4.30938 4
4.04392 3.14382 4
178.027 95.7944 4
16.8464 95.7884 4
49.1491 95.7903 4
67.4206 4.26161 4
164.535 4.28462 4
2.88888 88.979 4
192.504 5.14813 4
67.2892 95.7893 4
76.6023 4.265 4
136.701 95.7885 4
7.97739 4.3905 4
2.85802 70.5141 0
122.827 4.29437 4
178.395 4.30647 4
76.4869 95.789 4
34.9358 4.27267 4
2.85376 84.3059 4
53.4954 4.26795 4
122.879 95.7868 0
2.85071 75.1442 4
187.728 4.37578 4
2.8504 79.7231 4
145.945 95.7862 4
164.503 95.782 4
44.1527 95.7858 4
90.4265 95.7858 4
183.041 95.7843 4
12.624 4.30169 4
108.967 95.7846 4
34.8543 95.785 4
21.7176 95.7887 4
196.82 6.362 4
30.2986 4.27688 4
30.2708 95.7813 4
5.7 8.6 4
5.7 13.2 4
10.3 8.6 4
10.3 13.2 4
5.7 17.8 0
10.3 17.8 0
5.7 22.4 0
10.3 22.4 0
5.7 27 0
10.3 27 0
5.7 31.6 0
10.3 31.6 0
5.7 36.2 0
10.3 36.2 0
5.7 40.8 0
10.3 40.8 0
5.7 45.4 0
10.3 45.4 0
5.7 50 0
10.3 50 0
5.7 54.6 0
10.3 54.6 0
5.7 59.2 0
10.3 59.2 0
5.7 63.8 0
10.3 63.8 0
5.7 68.4 0
10.3 68.4 0
5.7 73 0
10.3 73 0
5.7 77.6 4
10.3 77.6 4
5.7 82.2 4
10.3 82.2 4
5.7 86.8 4
10.3 86.8 4
5.7 91.4 4
10.3 91.4 4
14.9 8.6 4
14.9 13.2 4
14.9 17.8 4
14.9 22.4 0
14.9 27 0
14.9 31.6 0
14.9 36.2 0
14.9 40.8 0
14.9 45.4 0
14.9 50 0
14.9 54.6 0
14.9 59.2 0
14.9 63.8 0
14.9 68.4 0
14.9 73 0
14.9 77.6 4
14.9 82.2 4
14.9 86.8 4
14.9 91.4 4
19.5 8.6 4
19.5 13.2 4
19.5 17.8 4
19.5 22.4 4
19.5 27 4
19.5 31.6 0
19.5 36.2 0
19.5 40.8 0
19.5 45.4 0
19.5 50 0
19.5 54.6 0
19.5 59.2 0
19.5 63.8 0
19.5 68.4 0
19.5 73 4
19.5 77.6 4
19.5 82.2 4
19.5 86.8 4
19.5 91.4 4
24.1 8.6 4
24.1 13.2 4
24.1 17.8 4
24.1 22.4 4
24.1 27 4
24.1 31.6 4
24.1 36.2 4
24.1 40.8 0
24.1 45.4 0
24.1 50 0
24.1 54.6 0
24.1 59.2 0
24.1 63.8 4
24.1 68.4 4
24.1 73 4
24.1 77.6 4
24.1 82.2 4
24.1 86.8 4
24.1 91.4 4
28.7 8.6 4
28.7 13.2 4
28.7 17.8 4
28.7 22.4 4
28.7 27 4
28.7 31.6 4
28.7 36.2 4
28.7 40.8 4
28.7 45.4 4
28.7 50 4
28.7 54.6 4
28.7 59.2 4
28.7 63.8 4
28.7 68.4 4
28.7 73 4
28.7 77.6 4
28.7 82.2 4
28.7 86.8 4
28.7 91.4 4
33.3 8.6 4
33.3 13.2 4
33.3 17.8 4
33.3 22.4 4
33.3 27 4
33.3 31.6 4
33.3 36.2 4
33.3 40.8 4
33.3 45.4 4
33.3 50 4
33.3 54.6 4
33.3 59.2 4
33.3 63.8 4
33.3 68.4 4
33.3 73 4
33.3 77.6 4
33.3 82.2 4
33.3 86.8 4
33.3 91.4 4
37.9 8.6 4
37.9 13.2 4
37.9 17.8 4
37.9 22.4 4
37.9 27 4
37.9 31.6 4
37.9 36.2 4
37.9 40.8 4
37.9 45.4 4
37.9 50 4
37.9 54.6 4
37.9 59.2 4
37.9 63.8 4
37.9 68.4 4
37.9 73 4
37.9 77.6 4
37.9 82.2 4
37.9 86.8 4
37.9 91.4 4
42.5 8.6 4
42.5 13.2 4
42.5 17.8 4
42.5 22.4 4
42.5 27 4
42.5 31.6 4
42.5 36.2 4
42.5 40.8 4
42.5 45.4 4
42.5 50 4
42.5 54.6 4
42.5 59.2 4
42.5 63.8 4
42.5 68.4 4
42.5 73 4
42.5 77.6 4
42.5 82.2 4
42.5 86.8 4
42.5 91.4 4
47.1 8.6 4
47.1 13.2 4
47.1 17.8 4
47.1 22.4 4
47.1 27 4
47.1 31.6 4
47.1 36.2 4
47.1 40.8 4
47.1 45.4 4
47.1 50 4
47.1 54.6 4
47.1 59.2 4
47.1 63.8 4
47.1 68.4 4
47.1 73 4
47.1 77.6 4
47.1 82.2 4
47.1 86.8 4
47.1 91.4 4
51.7 8.6 4
51.7 13.2 4
51.7 17.8 4
51.7 22.4 4
51.7 27 4
51.7 31.6 4
51.7 36.2 4
51.7 40.8 4
51.7 45.4 4
51.7 50 4
51.7 54.6 4
51.7 59.2 4
51.7 63.8 4
51.7 68.4 4
51.7 73 4
51.7 77.6 4
51.7 82.2 4
51.7 86.8 4
51.7 91.4 4
56.3 8.6 4
56.3 13.2 4
56.3 17.8 4
56.3 22.4 4
56.3 27 4
56.3 31.6 4
56.3 36.2 4
56.3 40.8 4
56.3 45.4 4
56.3 50 4
56.3 54.6 4
56.3 59.2 4
56.3 63.8 4
56.3 68.4 4
56.3 73 4
56.3 77.6 4
56.3 82.2 4
56.3 86.8 4
56.3 91.4 4
60.9 8.6 4
60.9 13.2 4
60.9 17.8 4
60.9 22.4 4
60.9 27 4
60.9 31.6 4
60.9 36.2 4
60.9 40.8 4
60.9 45.4 4
60.9 50 4
60.9 54.6 4
60.9 59.2 4
60.9 63.8 4
60.9 68.4 4
60.9 73 4
60.9 77.6 4
60.9 82.2 4
60.9 86.8 4
60.9 91.4 4
65.5 8.6 4
65.5 13.2 4
65.5 17.8 4
65.5 22.4 4
65.5 27 4
65.5 31.6 4
65.5 36.2 4
65.5 40.8 4
65.5 45.4 4
65.5 50 4
65.5 54.6 4
65.5 59.2 4
65.5 63.8 4
65.5 68.4 4
65.5 73 4
65.5 77.6 4
65.5 82.2 4
65.5 86.8 4
65.5 91.4 4
70.1 8.6 4
70.1 13.2 4
70.1 17.8 4
70.1 22.4 4
70.1 27 4
70.1 31.6 4
70.1 36.2 4
70.1 40.8 4
70.1 45.4 4
70.1 50 4
70.1 54.6 4
70.1 59.2 4
70.1 63.8 4
70.1 68.4 4
70.1 73 4
70.1 77.6 4
70.1 82.2 4
70.1 86.8 4
70.1 91.4 4
74.7 8.6 4
74.7 13.2 4
74.7 17.8 4
74.7 22.4 4
74.7 27 4
74.7 31.6 4
74.7 36.2 4
74.7 40.8 4
74.7 45.4 4
74.7 50 4
74.7 54.6 4
74.7 59.2 4
74.7 63.8 4
74.7 68.4 4
74.7 73 4
74.7 77.6 4
74.7 82.2 4
74.7 86.8 4
74.7 91.4 4
79.3 8.6 4
79.3 13.2 4
79.3 17.8 4
79.3 22.4 4
79.3 27 4
79.3 31.6 4
79.3 36.2 4
79.3 40.8 4
79.3 45.4 4
79.3 50 4
79.3 54.6 4
79.3 59.2 4
79.3 63.8 4
79.3 68.4 4
79.3 73 4
79.3 77.6 4
79.3 82.2 4
79.3 86.8 4
79.3 91.4 4
83.9 8.6 4
83.9 13.2 4
83.9 17.8 4
83.9 22.4 4
83.9 27 4
83.9 31.6 4
83.9 36.2 4
83.9 40.8 4
83.9 45.4 4
83.9 50 4
83.9 54.6 4
83.9 59.2 4
83.9 63.8 4
83.9 68.4 4
83.9 73 4
83.9 77.6 4
83.9 82.2 4
83.9 86.8 4
83.9 91.4 4
88.5 8.6 4
88.5 13.2 4
88.5 17.8 4
88.5 22.4 4
88.5 27 4
88.5 31.6 4
88.5 36.2 4
88.5 40.8 4
88.5 45.4 4
88.5 50 4
88.5 54.6 4
88.5 59.2 4
88.5 63.8 4
88.5 68.4 4
88.5 73 4
88.5 77.6 4
88.5 82.2 4
88.5 86.8 4
88.5 91.4 4
93.1 8.6 4
93.1 13.2 4
93.1 17.8 4
93.1 22.4 4
93.1 27 4
93.1 31.6 4
93.1 36.2 4
93.1 40.8 4
93.1 45.4 4
93.1 50 4
93.1 54.6 4
93.1 59.2 4
93.1 63.8 4
93.1 68.4 4
93.1 73 4
93.1 77.6 4
93.1 82.2 4
93.1 86.8 4
93.1 91.4 4
97.7 8.6 4
97.7 13.2 4
97.7 17.8 4
97.7 22.4 4
97.7 27 4
97.7 31.6 4
97.7 36.2 4
97.7 40.8 4
97.7 45.4 4
97.7 50 4
97.7 54.6 4
97.7 59.2 4
97.7 63.8 4
97.7 68.4 4
97.7 73 4
97.7 77.6 4
97.7 82.2 4
97.7 86.8 4
97.7 91.4 4
102.3 8.6 4
102.3 13.2 4
102.3 17.8 4
102.3 22.4 4
102.3 27 4
102.3 31.6 4
102.3 36.2 4
102.3 40.8 4
102.3 45.4 4
102.3 50 4
102.3 54.6 4
102.3 59.2 4
102.3 63.8 4
102.3 68.4 4
102.3 73 4
102.3 77.6 4
102.3 82.2 4
102.3 86.8 4
102.3 91.4 4
106.9 8.6 4
106.9 13.2 4
106.9 17.8 4
106.9 22.4 4
106.9 27 4
106.9 31.6 4
106.9 36.2 4
106.9 40.8 4
106.9 45.4 4
106.9 50 4
106.9 54.6 4
106.9 59.2 4
106.9 63.8 4
106.9 68.4 4
106.9 73 0
106.9 77.6 0
106.9 82.2 0
106.9 86.8 0
106.9 91.4 0
111.5 8.6 4
111.5 13.2 4
111.5 17.8 4
111.5 22.4 4
111.5 27 4
111.5 31.6 4
111.5 36.2 4
111.5 40.8 4
111.5 45.4 4
111.5 50 4
111.5 54.6 4
111.5 59.2 4
111.5 63.8 4
111.5 68.4 0
111.5 73 0
111.5 77.6 0
111.5 82.2 0
111.5 86.8 0
111.5 91.4 0
116.1 8.6 4
116.1 13.2 4
116.1 17.8 4
116.1 22.4 4
116.1 27 4
116.1 31.6 4
116.1 36.2 4
116.1 40.8 4
116.1 45.4 4
116.1 50 4
116.1 54.6 4
116.1 59.2 4
116.1 63.8 0
116.1 68.4 0
116.1 73 0
116.1 77.6 0
116.1 82.2 0
116.1 86.8 0
116.1 91.4 0
120.7 8.6 4
120.7 13.2 4
120.7 17.8 4
120.7 22.4 4
120.7 27 4
120.7 31.6 4
120.7 36.2 4
120.7 40.8 4
120.7 45.4 4
120.7 50 4
120.7 54.6 0
120.7 59.2 0
120.7 63.8 0
120.7 68.4 0
120.7 73 0
120.7 77.6 0
120.7 82.2 0
120.7 86.8 0
120.7 91.4 0
125.3 8.6 4
125.3 13.2 4
125.3 17.8 4
125.3 22.4 4
125.3 27 4
125.3 31.6 4
125.3 36.2 4
125.3 40.8 4
125.3 45.4 4
125.3 50 4
125.3 54.6 0
125.3 59.2 0
125.3 63.8 0
125.3 68.4 0
125.3 73 0
125.3 77.6 0
125.3 82.2 0
125.3 86.8 0
125.3 91.4 0
129.9 8.6 4
129.9 13.2 4
129.9 17.8 4
129.9 22.4 4
129.9 27 4
129.9 31.6 4
129.9 36.2 0
129.9 40.8 4
129.9 45.4 0
129.9 50 0
129.9 54.6 0
129.9 59.2 0
129.9 63.8 0
129.9 68.4 0
129.9 73 0
129.9 77.6 0
129.9 82.2 0
129.9 86.8 0
129.9 91.4 0
134.5 8.6 4
134.5 13.2 4
134.5 17.8 4
134.5 22.4 0
134.5 27 0
134.5 31.6 0
134.5 36.2 0
134.5 40.8 0
134.5 45.4 0
134.5 50 0
134.5 54.6 0
134.5 59.2 0
134.5 63.8 0
134.5 68.4 0
134.5 73 0
134.5 77.6 0
134.5 82.2 0
134.5 86.8 0
134.5 91.4 0
139.1 8.6 0
139.1 13.2 0
139.1 17.8 0
139.1 22.4 0
139.1 27 0
139.1 31.6 0
139.1 36.2 0
139.1 40.8 0
139.1 45.4 0
139.1 50 0
139.1 54.6 0
139.1 59.2 0
139.1 63.8 0
139.1 68.4 0
139.1 73 0
139.1 77.6 0
139.1 82.2 0
139.1 86.8 0
139.1 91.4 0
143.7 8.6 0
143.7 13.2 0
143.7 17.8 0
143.7 22.4 0
143.7 27 0
143.7 31.6 0
143.7 36.2 0
143.7 40.8 0
143.7 45.4 0
143.7 50 0
143.7 54.6 0
143.7 59.2 0
143.7 63.8 0
143.7 68.4 0
143.7 73 0
143.7 77.6 0
143.7 82.2 0
143.7 86.8 0
143.7 91.4 0
148.3 8.6 0
148.3 13.2 0
148.3 17.8 0
148.3 22.4 0
148.3 27 0
148.3 31.6 0
148.3 36.2 0
148.3 40.8 0
148.3 45.4 0
148.3 50 0
148.3 54.6 0
148.3 59.2 0
148.3 63.8 0
148.3 68.4 0
148.3 73 0
148.3 77.6 0
148.3 82.2 0
148.3 86.8 0
148.3 91.4 0
152.9 8.6 0
152.9 13.2 0
152.9 17.8 0
152.9 22.4 0
152.9 27 0
152.9 31.6 0
152.9 36.2 0
152.9 40.8 0
152.9 45.4 0
152.9 50 0
152.9 54.6 0
152.9 59.2 0
152.9 63.8 0
152.9 68.4 0
152.9 73 0
152.9 77.6 0
152.9 82.2 0
152.9 86.8 4
152.9 91.4 4
157.5 8.6 0
157.5 13.2 0
157.5 17.8 0
157.5 22.4 0
157.5 27 0
157.5 31.6 0
157.5 36.2 0
157.5 40.8 0
157.5 45.4 0
157.5 50 0
157.5 54.6 0
157.5 59.2 0
157.5 63.8 0
157.5 68.4 0
157.5 73 0
157.5 77.6 0
157.5 82.2 0
157.5 86.8 4
157.5 91.4 4
162.1 8.6 0
162.1 13.2 0
162.1 17.8 0
162.1 22.4 0
162.1 27 0
162.1 31.6 0
162.1 36.2 0
162.1 40.8 0
162.1 45.4 0
162.1 50 0
162.1 54.6 0
162.1 59.2 0
162.1 63.8 0
162.1 68.4 0
162.1 73 4
162.1 77.6 4
162.1 82.2 4
162.1 86.8 4
162.1 91.4 4
166.7 8.6 4
166.7 13.2 0
166.7 17.8 0
166.7 22.4 0
166.7 27 0
166.7 31.6 0
166.7 36.2 0
166.7 40.8 4
166.7 45.4 4
166.7 50 4
166.7 54.6 4
166.7 59.2 4
166.7 63.8 4
166.7 68.4 4
166.7 73 4
166.7 77.6 4
166.7 82.2 4
166.7 86.8 4
166.7 91.4 4
171.3 8.6 4
171.3 13.2 4
171.3 17.8 4
171.3 22.4 4
171.3 27 4
171.3 31.6 4
171.3 36.2 4
171.3 40.8 4
171.3 45.4 4
171.3 50 4
171.3 54.6 4
171.3 59.2 4
171.3 63.8 4
171.3 68.4 4
171.3 73 4
171.3 77.6 4
171.3 82.2 4
171.3 86.8 4
171.3 91.4 4
175.9 8.6 4
175.9 13.2 4
175.9 17.8 4
175.9 22.4 4
175.9 27 4
175.9 31.6 4
175.9 36.2 4
175.9 40.8 4
175.9 45.4 4
175.9 50 4
175.9 54.6 4
175.9 59.2 4
175.9 63.8 4
175.9 68.4 4
175.9 73 4
175.9 77.6 4
175.9 82.2 4
175.9 86.8 4
175.9 91.4 4
180.5 8.6 4
180.5 13.2 4
180.5 17.8 4
180.5 22.4 4
180.5 27 4
180.5 31.6 4
180.5 36.2 4
180.5 40.8 4
180.5 45.4 4
180.5 50 4
180.5 54.6 4
180.5 59.2 4
180.5 63.8 4
180.5 68.4 4
180.5 73 4
180.5 77.6 4
180.5 82.2 4
180.5 86.8 4
180.5 91.4 4
185.1 8.6 4
185.1 13.2 4
185.1 17.8 4
185.1 22.4 4
185.1 27 4
185.1 31.6 4
185.1 36.2 4
185.1 40.8 4
185.1 45.4 4
185.1 50 4
185.1 54.6 4
185.1 59.2 4
185.1 63.8 4
185.1 68.4 4
185.1 73 4
185.1 77.6 4
185.1 82.2 4
185.1 86.8 4
185.1 91.4 4
189.7 8.6 4
189.7 13.2 4
189.7 17.8 4
189.7 22.4 4
189.7 27 4
189.7 31.6 4
189.7 36.2 4
189.7 40.8 4
189.7 45.4 4
189.7 50 4
189.7 54.6 4
189.7 59.2 4
189.7 63.8 4
189.7 68.4 4
189.7 73 4
189.7 77.6 4
189.7 82.2 4
189.7 86.8 4
189.7 91.4 4
194.3 8.6 4
194.3 13.2 4
194.3 17.8 4
194.3 22.4 4
194.3 27 4
194.3 31.6 4
194.3 36.2 4
194.3 40.8 4
194.3 45.4 4
194.3 50 4
194.3 54.6 4
194.3 59.2 4
194.3 63.8 4
194.3 68.4 4
194.3 73 4
194.3 77.6 4
194.3 82.2 4
194.3 86.8 4
194.3 91.4 4
0 100 4
0 95.4545 4
0 90.9091 4
0 86.3636 4
0 81.8182 4
0 77.2727 4
0 72.7273 0
0 68.1818 0
0 63.6364 0
0 59.0909 0
0 54.5455 0
0 50 0
0 45.4545 0
0 40.9091 0
0 36.3636 0
0 31.8182 0
0 27.2727 0
0 22.7273 0
0 18.1818 0
0 13.6364 4
0 9.09091 4
0 4.54545 4
0 0 4
200 100 4
195.349 100 4
190.698 100 4
186.047 100 4
181.395 100 4
176.744 100 4
172.093 100 4
167.442 100 4
162.791 100 4
158.14 100 4
153.488 100 4
148.837 100 4
144.186 100 4
139.535 100 4
134.884 100 4
130.233 100 0
125.581 100 0
120.93 100 0
116.279 100 4
111.628 100 4
106.977 100 4
102.326 100 4
97.6744 100 4
93.0233 100 4
88.3721 100 4
83.7209 100 4
79.0698 100 4
74.4186 100 4
69.7674 100 4
65.1163 100 4
60.4651 100 4
55.814 100 4
51.1628 100 4
46.5116 100 4
41.8605 100 4
37.2093 100 4
32.5581 100 4
27.907 100 4
23.2558 100 4
18.6047 100 4
13.9535 100 4
9.30233 100 4
4.65116 100 4
200 0 4
200 4.54545 4
200 9.09091 4
200 13.6364 4
200 18.1818 4
200 22.7273 4
200 27.2727 4
200 31.8182 4
200 36.3636 4
200 40.9091 4
200 45.4545 4
200 50 4
200 54.5455 4
200 59.0909 4
200 63.6364 4
200 68.1818 4
200 72.7273 4
200 77.2727 4
200 81.8182 4
200 86.3636 4
200 90.9091 4
200 95.4545 4
4.65116 0 4
9.30233 0 4
13.9535 0 4
18.6047 0 4
23.2558 0 4
27.907 0 4
32.5581 0 4
37.2093 0 4
41.8605 0 4
46.5116 0 4
51.1628 0 4
55.814 0 4
60.4651 0 4
65.1163 0 4
69.7674 0 4
74.4186 0 4
79.0698 0 4
83.7209 0 4
88.3721 0 4
93.0233 0 4
97.6744 0 4
102.326 0 4
106.977 0 4
111.628 0 4
116.279 0 4
120.93 0 4
125.581 0 4
130.233 0 4
134.884 0 4
139.535 0 0
144.186 0 0
148.837 0 0
153.488 0 0
158.14 0 0
162.791 0 0
167.442 0 4
172.093 0 4
176.744 0 4
181.395 0 4
186.047 0 4
190.698 0 4
195.349 0 4
