33.8 40 1
10.5 5.08 0
10.5 10.5 0
57.9 37.1 1
46.6 33.7 1
49.1 27 1
12 26.9 0
15.4 33.3 1
46.9 11.2 1
37.1 5 1
34 10 1
4.23 4.63 0
12.3 3.35 0
32 41.8 1
41.7 9.5 1
28.7 32.1 1
26.6 39.6 1
28.1 41.9 1
54.3 29.6 1
55 41.1 1
56.2 30.2 1
15.9 5.13 0
34.2 31.5 1
44.1 20 1
23.2 39.7 1
3.68 19.4 0
29.2 20.9 1
41.2 6.65 1
2.28 2.9 0
44.7 17.9 1
57.2 9.83 1
44.5 14.4 1
41.5 24.6 1
21.4 38.2 1
11.8 36.5 1
57.2 3.75 1
2.05 8.33 0
5.7 17.7 0
10.2 17.8 0
41.8 35.4 1
39.2 18.1 1
27.9 35.3 1
37.8 26.2 1
21.5 15.7 0
34.7 18.6 1
19 8.63 0
35.3 25.2 1
51.1 17.7 1
33.5 20.7 1
23.2 18 1
7.35 1.73 0
39.8 40.7 1
14.5 12.5 0
53.8 13.1 1
51.7 15.4 1
11.7 19.9 0
14.2 40.4 1
27.6 18.7 1
29.1 16.6 1
52.7 19.4 1
6.25 11.2 0
2.98 34.9 0
56.2 14 1
8.28 43.7 1
29.5 5.93 0
46.2 43.2 1
58.7 2.18 1
58.4 7.25 1
58.7 42.9 1
2.7 43.6 1
47.7 24.1 1
23.5 1.08 0
4.75 13.4 0
17.9 1.4 0
2.6 12.5 0
11.7 43.7 1
53.4 1.58 1
58.5 21.9 1
58.7 18 1
58.8 12 1
33.2 1.38 1
56.3 34.1 1
17.8 28.2 0
24 26.4 1
27 25.7 1
33.9 35.4 1
4.63 27.1 0
52.5 42.4 1
3 25.5 0
20.1 34.7 1
37.4 43.2 1
34 27.5 1
43.1 4.43 1
59 27.5 1
25.8 7.85 0
28.9 9.38 1
27 10.1 1
3.7 30.6 0
5.8 30.8 0
50 23.6 1
17.6 43.5 1
56.1 24.6 1
42.5 13.3 1
42.8 89.2 1
19.8 85.1 1
22.1 87.6 1
27.7 82.9 1
21.5 72.4 1
1.38 48.4 1
34.6 78.3 1
30 89.9 1
51.7 94.6 1
6.6 71.2 1
46.9 67.2 1
28.6 87.9 1
22.9 54.3 1
39.1 79.6 1
7.4 74.2 1
5.85 53.7 1
30.2 60.6 1
33.7 64.2 1
33.4 75.6 1
24.5 86.6 1
23.1 74.9 1
48.2 94.4 1
25.5 53.3 1
8.9 57.6 1
30.5 55.4 1
15.8 93.4 1
58.6 61.9 1
54.6 65.7 1
55.6 71 1
46.7 62.4 1
8.13 84.5 1
28.3 70.1 1
47.6 86.3 1
43.7 47.1 1
23.9 62 1
36.4 48.5 1
8.55 87.7 1
44.4 61.6 1
27.1 73.1 1
45.8 48.4 1
22.1 58.2 1
15.2 95.9 1
51.1 59.2 1
51.3 49.2 1
18.2 93.3 1
10.8 96.8 1
8.95 95.5 1
20.5 64.5 1
21 49.6 1
4.23 48.3 1
56.6 56.2 1
6.55 98.6 1
11.6 67.6 1
16.7 77.9 1
16 75.9 1
3.05 90.8 1
27.5 46.7 1
39.9 72.1 1
34 57.6 1
15.3 69.3 1
55.8 84.5 1
42.6 98.5 1
52.1 86.4 1
58.6 57.4 1
47.1 46.3 1
41.5 70 1
22.2 98.6 1
52.1 82 1
58.7 87.1 1
37.5 46.3 1
59.1 73.8 1
59.1 76.3 1
53.1 84.2 1
12.1 98.8 1
17.5 46.3 1
58.7 82.3 1
37.2 54.8 1
32.9 89.7 1
54.2 92.1 1
56.6 93.2 1
1.43 69.4 1
1.1 54.3 1
55.1 67.5 1
13.1 77 1
56.6 52.8 1
9.9 74.1 1
54.8 63.3 1
56.4 88.5 1
6.1 48.3 1
7.4 50.4 1
17.6 95.8 1
22.8 48.3 1
57.5 46.3 1
57.5 98.8 1
44.5 95.2 1
23.9 69 1
16.6 71.6 1
30.4 76.4 1
24.2 83.4 1
21.9 79.3 1
68.4 22.8 1
70.4 26.2 1
65.8 19.9 1
63 23.4 1
83.4 24 1
70.9 19.3 1
85.8 24 1
67.2 40.5 1
77.8 22.1 1
73 29.2 1
81.7 4.63 1
69.1 40.2 1
86.9 8.68 1
61.6 27.1 1
79.5 40.7 1
82.4 21.5 1
87.2 41.3 1
68.1 12.8 1
64.2 9.43 1
79.3 13.5 1
82.3 34.8 1
82 28.9 1
85.7 30.7 1
76.1 38.5 1
76.5 31.7 1
88.7 2.18 1
88.7 42.9 1
77.1 15.2 1
61.2 38.3 1
68.7 32.7 1
74.8 13.6 1
81.2 32.7 1
65.9 37.4 1
88.4 37.9 1
62.3 3.55 1
78.6 8.9 1
88.6 32.8 1
76.1 20.1 1
83.4 43.4 1
61.2 2.18 1
61.4 12.3 1
88.8 27.6 1
62.4 42.6 1
77.6 1.48 1
61.2 32.9 1
86.2 2.55 1
87 35 1
88.7 5.78 1
64 29.2 1
78.3 26.6 1
75 25.3 1
68.6 9.73 1
87.1 16.1 1
61.4 17 1
63.5 17.6 1
75.3 42.3 1
65.3 91.4 1
64.5 70.8 1
82.6 84.9 1
67 70.2 1
71.2 48 1
85.2 85.8 1
76.1 65.6 1
68.1 86.5 1
85 55.1 1
73.5 65.6 1
63.4 61.8 1
75.7 68.7 1
73.2 68.7 1
68.6 96.7 1
88.2 62.2 1
86.6 87.8 1
88.4 93.2 1
81.8 55 1
75 95.1 1
88.6 68.4 1
69.4 62.4 1
88.7 98.1 1
83.4 98.5 1
64.1 48.9 1
67 46.4 1
88.6 72.8 1
61.2 98.1 1
72.7 98.7 1
63.4 59.2 1
65.4 58.1 1
72.1 83.5 1
73.9 84.7 1
85.9 97.8 1
86.8 52.6 1
87.3 81.5 1
81.1 51.2 1
87.5 46.3 1
82.5 74.6 1
61.9 46.3 1
71.8 55 1
74.2 54.6 1
76 81.1 1
73.4 81.1 1
88.2 57.8 1
62.9 51.3 1
64.9 52.7 1
141 21.2 1
154 30.6 0
199 18.8 0
110 39.8 1
138 26.3 0
163 27.6 0
122 34 0
124 30.8 0
138 29.7 0
116 39.7 1
161 8.23 1
117 28.7 1
170 13.3 1
110 36.8 1
91.3 39.2 1
147 15.9 1
136 24.8 0
104 42 1
156 40.2 0
174 30.5 0
186 1.28 1
149 25.6 0
188 16.8 0
104 30.7 1
129 27.8 0
131 11.8 1
170 4.33 1
124 27.6 0
149 1.8 1
111 9.33 1
113 9.08 1
193 4.8 1
114 17 1
114 4.55 1
190 39.5 0
161 31.4 0
91.5 28 1
123 24.3 1
186 22.4 0
98 30 1
143 37.1 0
110 4.6 1
187 40.4 0
121 30.3 1
187 14.3 1
151 28.7 0
117 36.7 1
145 30.7 0
146 3.08 1
112 3.28 1
134 13 1
128 32 0
99 5.08 1
120 18.4 1
134 30.1 0
139 33.9 0
121 8.35 1
93 31.6 1
157 14 1
131 8.73 1
123 8.28 1
188 41.7 0
97.9 39.9 1
140 38.1 0
151 14.7 1
166 41.9 0
92.2 41.1 1
172 2.88 1
110 7.3 1
140 6.6 1
183 11.8 1
158 2.65 1
199 16 1
96 41.2 1
124 13.2 1
176 26.2 0
164 1.45 1
149 32.6 0
142 32.7 0
110 26.4 1
188 28.4 0
102 8.2 1
157 16.8 1
149 43.5 0
153 19.3 1
110 14.4 1
108 29.8 1
145 28.1 0
133 3.9 1
174 15.7 1
196 10 1
181 36.8 0
167 43.6 0
153 37.4 0
92.4 3.55 1
105 13.2 1
141 1.28 1
167 1.45 1
91.3 37.6 1
177 8.28 1
152 42.1 0
183 43.7 0
144 1.28 1
133 43.8 0
128 1.23 1
132 43.8 0
91.4 12.5 1
91.1 2.18 1
123 43.8 0
131 1.23 1
117 25.9 1
144 10.8 1
188 1.28 1
182 26.4 0
136 21.1 1
134 19.4 1
141 14.6 1
141 12.6 1
144 15.8 1
167 14.9 1
191 14.2 1
178 5.43 1
183 6.15 1
184 22.8 0
106 23.2 1
136 42 0
153 11.4 1
171 7.18 1
169 8.68 1
134 36.9 0
132 36.3 0
169 32.3 0
169 34.7 0
194 43.6 0
93 22.1 1
198 26.1 0
93 16.1 1
98.6 12.5 1
101 15 1
180 42.5 0
140 42.5 0
147 22.2 0
94 8.95 1
104 7.2 1
186 8.03 1
181 32.8 0
128 41.1 0
154 26.2 0
137 3 1
109 20.1 1
145 42.2 0
161 39.5 0
91.3 7.05 1
122 3 1
129 66.2 0
124 61.7 0
179 50.4 0
122 79.6 0
146 68.2 0
158 69.1 0
113 73.8 0
145 65.6 0
182 47.8 0
153 56.1 0
168 94.9 0
116 71.3 0
173 62.5 0
167 74.3 0
117 47.4 0
198 61.1 0
113 69.2 0
151 57.6 0
119 87.3 0
133 89.6 0
147 77.1 0
194 67.8 0
93.2 71.8 1
168 78.1 0
115 58.4 0
147 79.6 0
109 85.2 1
145 75.4 0
190 77.1 0
162 78.7 0
170 64.5 0
117 85.6 0
182 79.4 0
94.9 61 1
143 70.9 0
147 64.2 0
193 95 0
138 86.7 0
164 87.2 0
111 84 0
118 61.3 0
164 72.5 0
188 79 0
175 77.5 0
179 56.3 0
180 58.5 0
198 96.3 0
136 56.6 0
104 52.8 1
109 67.9 1
164 67.2 0
188 70 0
182 60.9 0
104 47.9 1
113 96.4 0
182 86.4 0
105 49.7 1
188 47.9 0
130 78.4 0
151 74.8 0
189 73.8 0
192 78.4 0
191 80.3 0
169 52.9 0
172 53.3 0
151 72.2 0
91.5 86.8 1
165 95.8 0
91.5 65.9 1
117 80.2 0
149 68.7 0
192 97.3 0
192 56.9 0
144 46.6 0
120 68.4 0
131 53.4 0
101 74.4 1
182 67.2 0
147 88.5 0
97 98.4 1
160 76.2 0
114 60.9 0
134 60.5 0
184 72.9 0
185 93.3 0
116 64.6 0
99.8 49.2 1
94.5 56.1 1
185 79.9 0
186 52.3 0
102 65.6 1
106 95.5 1
135 83.2 0
187 62.7 0
99.7 51.6 1
138 50.9 0
166 61.4 0
193 63.2 0
92.5 57.5 1
174 87.4 0
199 53.4 0
106 57 1
139 97.4 0
144 98.5 0
145 80.1 0
102 60.8 1
189 56.7 0
120 57.2 0
166 56.9 0
112 98.6 0
151 82.1 0
149 65.9 0
151 84.2 0
163 93.4 0
140 95.9 0
134 94 0
129 56.9 0
123 71.2 0
155 80.8 0
106 92.5 1
168 84.8 0
130 59.2 0
156 74.7 0
135 50.5 0
142 97.2 0
195 87.2 0
170 87.2 0
185 66.4 0
134 47.2 0
141 46.6 0
140 93.1 0
137 98.8 0
124 52.6 0
91.4 52 1
154 76.5 0
129 93.9 0
197 83.5 0
172 48 0
91.5 67.4 1
135 97.8 0
149 97.6 0
132 46.2 0
136 46 0
123 46.2 0
91.1 98.1 1
132 99 0
91 46.9 1
102 86.6 1
161 52.5 0
162 49.9 0
136 90.9 0
198 79.5 0
196 77.6 0
169 60.9 0
102 53.4 1
110 87.8 0
168 68.1 0
170 70.4 0
126 80.9 0
129 81.1 0
162 95 0
126 91 0
123 86.3 0
139 80.9 0
136 78.8 0
119 90.2 0
175 58.9 0
175 56.6 0
193 49.7 0
106 73.7 1
127 97 0
129 96 0
146 95.4 0
92.9 84.8 1
92.7 81.1 1
144 86.4 0
101 90.9 1
186 84.3 0
185 86.1 0
174 95.2 0
134 72.4 0
91.5 64.1 1
102 47.9 1
154 95.4 0
128 46.2 0
152 49.7 0
153 52.3 0
139 47.6 0
194 46.4 0
137 67.7 0
112 86.6 0
118 98.6 0
158 97.7 0
156 46.2 0
183 97.2 0
22.5 28.9 1
23.7 32.6 1
12.4 31.7 0
21.5 20.3 0
28.7 28 1
58.4 32.7 1
50.4 8.03 1
4.3 23.6 0
25.6 12.6 0
47.3 26.2 1
44.1 33.3 1
55.7 37.6 1
35.4 9.75 1
45.3 11.8 1
36.1 12.3 1
12 13 0
1.33 43.6 1
20.3 40.5 1
23.8 6.65 0
4.13 7.35 0
15.9 19.5 0
31.4 20.1 1
44.2 28.4 1
43.2 30.8 1
40.8 31.6 1
22.1 42 1
39.7 34 1
30.6 8.15 1
30 2.45 0
46.4 1.73 1
16.7 8.23 0
33.1 16.5 1
16.3 35.7 1
47.8 41.9 1
52.8 9.15 1
7.58 43.7 1
17.6 43.5 1
33.8 23.9 1
57.2 8.23 1
43.7 16.1 1
22.6 2.48 0
35.2 29.5 1
57.3 19.8 1
14.1 37.8 1
17.9 1.4 0
4.08 43.6 1
27.8 1.08 0
25.6 18.4 1
59 27.5 1
37.7 28.8 1
53 25.7 1
14.8 26.6 0
22.2 25.3 1
10.2 23.5 0
32.5 33.7 1
2.9 28.8 0
8.73 29.1 0
41.3 20.3 1
51 31.1 1
38.4 42.1 1
5.9 42.3 1
22.4 12.4 0
38 1.4 1
36.5 2.78 1
43.8 3.13 1
42.5 1.4 1
42.7 43.9 1
44 42.1 1
39.7 15.6 1
44.4 91.4 1
46.9 90.6 1
2.73 50.1 1
31.4 81.9 1
9.73 90.1 1
34.2 69.8 1
42.1 55.9 1
12.8 90.7 1
41.1 53.2 1
52.8 97 1
55.3 95.7 1
4.2 82.2 1
13.1 81.3 1
32.1 68.9 1
8.7 60.3 1
21.7 92 1
1.25 96.5 1
7.83 92.3 1
2.73 62.6 1
6.83 66.9 1
41.9 48.4 1
38.2 86.6 1
5.13 62 1
16.3 62.4 1
45.6 81.3 1
43.6 80.3 1
37 60.8 1
48.5 55.8 1
26.6 68.4 1
29.2 95 1
48.8 53.6 1
34.3 50.1 1
13.3 54.8 1
27.2 96.4 1
17.3 59.8 1
14.6 52.4 1
17.9 64.7 1
40.7 77.2 1
40.1 66.2 1
25 50 1
45.4 73.4 1
25 95 1
13.2 63.2 1
42.3 82.6 1
31 46.7 1
12.9 69.8 1
56 47.9 1
55.2 55 1
41 64 1
53.5 46.6 1
20.7 52.3 1
58.7 46.9 1
21.5 98.6 1
42.9 77.4 1
43.5 70.3 1
2.73 98.6 1
28.5 46.7 1
31.9 98.6 1
17.5 46.3 1
0 76.7 1
50.8 75.1 1
53.3 74.8 1
2.63 71.1 1
50.8 68.5 1
56.5 68.6 1
32.6 60.6 1
34.1 62.1 1
37.1 97 1
18.4 97.2 1
44.4 97 1
46.8 98.6 1
11.8 48.5 1
13.7 49.7 1
65.2 22 1
68.2 30 1
73.1 20.6 1
70.7 16.4 1
61.6 27.1 1
83.7 1.73 1
75.6 29.6 1
85.3 10.2 1
63.8 37 1
71.4 1.28 1
74.9 36.8 1
75.9 9.13 1
83 30.8 1
66.6 4.18 1
66.3 42.5 1
64 4.25 1
81 8.88 1
62.8 6.7 1
88.7 7.4 1
62.6 38.8 1
71.9 43.7 1
63.8 41.2 1
88.8 27.6 1
84.8 20.3 1
87.1 22.1 1
87.5 3.9 1
86.6 12.2 1
76.7 27.1 1
66.8 7.35 1
68.8 1.28 1
84.8 16.8 1
77.2 43.7 1
73.1 76.6 1
65.5 55.5 1
65.4 94.5 1
68.3 94.4 1
65.8 78.1 1
69 76.2 1
77.2 76.8 1
74.4 50.8 1
72.9 88.7 1
65.9 63.6 1
70 52.6 1
77.3 58.7 1
61.2 90.6 1
85.4 67.3 1
82.9 67.9 1
81.3 77.1 1
63.3 72.4 1
85 90.1 1
80.6 85.9 1
85.7 48.1 1
79.8 88.3 1
81.6 90.4 1
88.2 58.7 1
88.2 61.3 1
83.2 46.8 1
63 48.3 1
69 71.2 1
88.7 46.9 1
88.7 77.3 1
75.5 74.6 1
61.2 88.1 1
85.6 83.3 1
83 82.4 1
62.9 68.6 1
65.3 67.9 1
71.2 92.1 1
85 64.5 1
82.5 65.1 1
87.2 96.6 1
87.3 75.1 1
61.2 46.9 1
78.8 49.2 1
167 25.6 0
135 34.8 0
130 20.6 1
166 28 0
140 23.2 0
132 33.9 0
153 3.33 1
168 18.4 0
144 6.95 1
190 4.63 1
160 10.3 1
99.3 19.8 1
109 35.5 1
151 5.13 1
122 31.9 0
115 30.2 1
191 24.6 0
163 7.2 1
113 41.7 1
165 20.2 0
118 41.3 0
112 17.8 1
183 1.28 1
150 10.2 1
120 40.1 0
151 26.6 0
161 20.4 0
108 41.5 1
114 24.9 1
128 18.8 1
173 21.5 0
97.1 32.9 1
97.6 17.2 1
106 40.2 1
95.2 25.5 1
130 13.5 1
163 15.1 1
190 7.35 1
134 15.2 1
122 26 1
141 25.9 0
175 21.7 0
94.2 33.5 1
148 42.1 0
130 24.4 1
173 19.4 0
142 38.5 0
91.5 28 1
148 36.9 0
198 36.1 0
162 4.43 1
125 36.6 0
160 18.1 1
183 29.2 0
106 35.5 1
176 19.5 0
104 37.2 1
131 26.5 0
174 28 0
150 38.1 0
172 26.2 0
165 36.9 0
115 35.7 1
189 12.8 1
163 41.6 0
135 43.8 0
123 18.5 1
134 27.9 0
124 20.2 1
165 40.2 0
188 35.8 0
103 43.8 1
139 16 1
133 7.83 1
127 2.68 1
98.7 37 1
151 31 0
119 19.9 1
139 2.75 1
193 7.53 1
135 10.2 1
110 16.6 1
186 37.6 0
186 18.7 0
190 36.3 0
186 29.9 0
181 19.2 0
116 6.43 1
119 6.28 1
163 35.6 0
150 16.6 1
150 18.9 1
196 43.6 0
151 42.1 0
119 3.83 1
184 8.85 1
145 1.28 1
116 13.6 1
95.7 43.2 1
109 31.5 1
122 1.45 1
199 1.45 1
140 31.8 0
104 15 1
197 1.45 1
101 43.8 1
178 1.28 1
109 13.1 1
117 2.38 1
104 2.7 1
153 43.7 0
176 1.28 1
139 43.9 0
142 1.28 1
91 42.8 1
96.4 1.38 1
103 1.38 1
136 1.48 1
176 43.8 0
108 1.33 1
123 43.8 0
157 33.3 0
99.6 28 1
116 24.5 1
145 11.8 1
98.3 25.1 1
166 15.6 1
180 5.05 1
106 21.6 1
138 42.1 0
136 40.9 0
194 41.4 0
155 7.25 1
94.6 17.7 1
99.2 14.7 1
182 43.7 0
121 15.8 1
106 18.4 1
104 20.2 1
139 10.8 1
200 8.63 1
189 8.38 1
128 29.6 0
200 27.3 0
155 25.1 0
112 20.4 1
119 37.1 0
122 36 0
194 1.45 1
159 25.3 0
161 36.8 0
142 42.5 0
143 41.1 0
113 50.7 1
128 68.4 0
111 48.3 1
121 77.7 0
182 46.2 0
122 63.3 0
178 65.2 0
118 77.5 0
116 73.7 0
181 49.4 0
173 74.3 0
161 85 0
160 66.2 0
160 68.5 0
105 83.7 1
127 63.8 0
146 49.8 0
174 72.2 0
112 81.7 0
107 77.3 1
161 81.8 0
173 69.9 0
94.6 73.7 1
110 77.4 1
166 72.7 0
180 76.5 0
193 69.8 0
163 48.4 0
156 87.2 0
93.5 89.9 1
92 92.2 1
168 48.2 0
155 91.1 0
142 75.9 0
146 57.2 0
142 55.7 0
162 69 0
112 56 1
138 53.1 0
123 97.3 0
144 54.6 0
145 59.3 0
182 73.6 0
180 72.1 0
136 54.5 0
94.5 97.2 1
144 73.8 0
94.2 59.1 1
163 63.2 0
157 59.4 0
163 97.3 0
124 81.8 0
151 92.9 0
169 75.8 0
139 76.2 0
154 58.5 0
156 65.7 0
187 72.3 0
175 48.6 0
122 98.6 0
194 72.1 0
167 97 0
143 90.9 0
123 73.9 0
134 52.5 0
147 90.8 0
198 98.6 0
156 70.9 0
139 60.4 0
194 52.8 0
145 92.5 0
116 94.9 0
103 46.4 1
109 63.2 1
136 59.2 0
189 91.5 0
105 59.9 1
131 85 0
159 58.2 0
130 52.7 0
200 88.4 0
179 91.3 0
185 60.3 0
135 76.9 0
152 60 0
128 74.6 0
109 48.3 1
198 74 0
131 87.7 0
165 91.5 0
94.8 53.7 1
98.7 77.9 1
142 58.4 0
168 91.7 0
184 46.2 0
190 97.3 0
167 59.6 0
116 62.4 0
151 65.1 0
194 84.6 0
197 68.3 0
143 46.6 0
192 91.7 0
139 98.8 0
104 67.1 1
195 61 0
99.5 66.2 1
151 96 0
143 98.5 0
123 58.6 0
176 91.7 0
147 86.1 0
128 50.9 0
135 48.6 0
154 78.3 0
108 98.6 1
178 98.7 0
176 98.7 0
136 98.8 0
92.4 48.2 1
103 98.5 1
136 47.4 0
149 98.7 0
123 46.2 0
95.9 46.3 1
99.8 86.1 1
99.4 88.9 1
158 51.9 0
159 49.3 0
134 91.6 0
180 53.2 0
190 49.5 0
97.6 72.5 1
110 89.7 1
168 70.1 0
96.7 82 1
196 95 0
182 93.4 0
96.2 57.7 1
99.1 59 1
128 91.3 0
162 54.4 0
136 80.9 0
104 73 1
94.3 82.6 1
142 83.9 0
103 89.5 1
171 97.9 0
131 71.7 0
95.2 63 1
93.1 76.9 1
101 46.4 1
149 47.1 0
153 97.3 0
191 82.4 0
132 65.1 0
154 46.2 0
100 96.9 1
140 46.6 0
138 48.9 0
196 46.4 0
136 71.6 0
114 87 0
187 97.3 0
157 94.2 0
128 47.5 0
127 48.7 0
157 46.2 0
183 98.7 0
181 95.9 0
48.6 12.2 1
10.4 3.7 0
47.6 34.9 1
14.9 31.2 0
5.15 3.08 0
24 30.6 1
19.4 20 0
20.7 27.7 1
54.1 35.7 1
24.4 4.28 0
17.2 21.5 0
20.9 36.1 1
50.3 5.2 1
25.5 39.1 1
55.2 4.83 1
43.3 10.7 1
40.6 8.2 1
29.1 22.1 1
16 4.48 0
31.3 21.3 1
5.93 25.2 0
12.2 1.98 0
55.2 7.68 1
7.18 1.73 0
29.8 34.1 1
45 18.8 1
25.8 14.5 0
27.3 30.4 1
27.1 16.3 1
52.7 3.48 1
10.6 35.8 0
20.8 9.8 0
44.3 21 1
29.4 4.25 0
50.6 28.5 1
28.8 43.1 1
38.3 25.9 1
31.3 43.1 1
49.9 18.4 1
11.8 21.2 0
58.8 8.53 1
33.4 22 1
13.9 40.8 1
17.4 15.5 0
51.5 20.1 1
19.8 15.6 0
48.8 37.5 1
1.98 1.35 0
52.9 28.2 1
58.4 32.8 1
51 14.7 1
16.3 43.5 1
31.2 17.3 1
0.775 12.2 0
27.2 2.88 0
52.8 13.6 1
18.8 43.5 1
11.9 42.3 1
41.2 37.5 1
21 1.4 0
59 26.3 1
37 18.4 1
59 28.8 1
57.5 25 1
50.3 22.3 1
32.3 1.38 0
58.5 23.1 1
48 22.7 1
19.1 1.4 0
39.1 43.9 1
58.7 2.3 1
58.7 42.8 1
38.8 1.4 1
57.5 14.5 1
58.8 11.9 1
58.7 16.7 1
16 28.7 1
28.3 24.2 1
8.28 24.8 0
9.48 26.8 0
11.4 25.5 0
40.7 25.4 1
22.6 14.3 0
31.1 27.3 1
30.9 25.4 1
37.7 7.85 1
7.78 37 0
6.73 35.2 0
41.6 15.1 1
8.3 30.9 0
8.98 32.7 0
35.5 86.6 1
34.7 71.9 1
32.9 73.9 1
28.8 80.8 1
35.3 79.2 1
21.2 71.4 1
23.6 56 1
18.3 85.6 1
5.63 69.1 1
39.5 89.4 1
0.175 46.8 1
39.9 57.2 1
15.9 86.1 1
23.2 58.4 1
54.7 90.3 1
37.8 79.7 1
18.4 79.8 1
15.4 83.3 1
30.6 90.8 1
7.9 55.7 1
26.8 62.1 1
46.8 66.4 1
42.4 50.3 1
45.1 50.4 1
30.1 93 1
43.9 56.6 1
7.5 83.2 1
50.2 94.5 1
11.6 80.3 1
24.7 60.8 1
35.5 95.1 1
28.5 60.2 1
38 84.3 1
22.5 68.9 1
36.2 92.7 1
28.5 75.1 1
35.7 67.7 1
17.4 98.6 1
48.6 86.8 1
38.8 82.3 1
54 72.3 1
21.1 66.1 1
33.6 66.8 1
6.55 46.7 1
18.2 71.7 1
57.5 70.8 1
9.48 50.1 1
46.9 63.5 1
34 51.9 1
8.23 97.4 1
53.9 77.5 1
50.8 57.1 1
19.5 92.8 1
4.68 46.7 1
24.3 93.1 1
19.6 97.2 1
59.1 72.5 1
48.7 79.2 1
30.1 97.1 1
57.8 79.2 1
51.1 53.1 1
52.6 55.1 1
59.1 77.5 1
6.38 98.6 1
44.7 62.7 1
58.6 60.9 1
32.3 53.9 1
28.2 98.6 1
16.9 69.4 1
16.3 46.3 1
39 98.5 1
50.6 47.9 1
18.8 46.3 1
51.1 87.4 1
15 47.6 1
39 72.8 1
20.2 47.8 1
58.6 58.4 1
58.5 51.6 1
58.7 88 1
58.7 98.8 1
48.3 46.3 1
41.4 98.5 1
22 46.6 1
58.7 81.6 1
11.8 98.8 1
58.7 45.6 1
38.3 46.3 1
49.7 73.3 1
26.2 54.9 1
28.2 56.6 1
26 83.3 1
39 54.5 1
33.6 90.6 1
10 53.7 1
2.35 67.1 1
3.05 53.4 1
12.1 77.2 1
10.6 75.1 1
3.98 78.7 1
22.7 88.2 1
50.9 80.6 1
58.7 48.1 1
70.4 23.9 1
65.7 17.5 1
73.2 23 1
70.4 28.5 1
74.6 4.55 1
88.4 37.9 1
68.6 15.3 1
87.2 41.2 1
73.7 7.4 1
69.6 42.2 1
69.3 37.9 1
79.8 26.4 1
80.8 21.8 1
80 42.1 1
82.2 43.4 1
82 36 1
61.4 15.7 1
71.1 36.2 1
73.5 42.3 1
80 37.8 1
64.2 8.53 1
67.4 36.2 1
69.1 34.5 1
81.4 13.5 1
77 15.9 1
67.6 43.6 1
81.8 27.7 1
61.6 24 1
82.4 10.8 1
88.8 26.3 1
76.8 18.4 1
88.4 12.4 1
61.6 25.9 1
88.8 28.8 1
88.7 2.3 1
88.7 42.8 1
88.6 33 1
61.2 33 1
87.4 30.1 1
61.2 2.3 1
61.2 42.8 1
88.7 7.4 1
61.4 12.2 1
77.9 43.7 1
78.3 1.48 1
85.1 36 1
61.6 28.4 1
62.8 29.7 1
80.8 3.2 1
68.6 8.83 1
68 2.8 1
78 62 1
70.5 57.4 1
63.3 90.8 1
71.8 49.9 1
71.5 64.1 1
63.5 76.6 1
61.8 58.9 1
70.5 46.4 1
86.8 90.4 1
61.8 61.5 1
68.4 73.6 1
75.1 94.9 1
88.4 92.3 1
76.7 70.3 1
61.8 49.5 1
69.2 98.7 1
88.3 88.1 1
61.8 51.4 1
88.6 69.1 1
88.2 51.8 1
82.2 98.5 1
88.7 81 1
88.6 71.5 1
68 46.4 1
71.7 98.7 1
61.2 98.8 1
88.7 98.8 1
88.7 78.5 1
61.2 45.6 1
88.7 45.6 1
76.3 83.3 1
68.7 55 1
62.9 84.1 1
65.2 83.1 1
70.4 85.3 1
72.2 86.5 1
77.2 96.2 1
79.3 94.8 1
81.7 69.3 1
86.9 48.7 1
79.5 46.8 1
77 51.1 1
75.8 79.2 1
73.2 79.1 1
141 20.2 1
144 20.4 1
112 39.9 1
158 29.8 0
134 32.9 0
181 2.55 1
138 28.1 0
133 19.8 1
137 22.9 0
158 41.2 0
193 14.6 1
112 36.8 1
170 11.9 1
105 29.7 1
161 28 0
176 32.6 0
182 23.5 0
155 12 1
172 38 0
192 26.4 0
119 29 1
148 3.35 1
135 26.6 0
196 36.2 0
123 15.9 1
146 4.63 1
116 16.4 1
162 17.1 1
147 33 0
163 19.5 0
107 28.6 1
200 40.3 0
195 27.8 0
197 41.9 0
160 30.5 0
200 37.9 0
113 29 1
127 4.33 1
149 40.7 0
181 36.3 0
112 26.8 1
174 18 0
129 8 1
125 1.45 1
195 13.7 1
197 15.4 1
98.9 10.5 1
128 41.1 0
109 15.2 1
179 20.1 0
108 26.2 1
181 14.7 1
128 38.8 0
118 18.1 1
110 10.6 1
179 37.9 0
136 42.7 0
183 13.2 1
115 3.98 1
190 28.5 0
163 1.45 1
124 1.45 1
174 42.4 0
145 1.28 1
196 9.35 1
124 22.6 1
100 8.55 1
127 6.7 1
138 37.6 0
137 35.3 0
97 8.98 1
109 8.58 1
181 17.3 1
176 36.9 0
97.6 41.9 1
155 37.2 0
136 38.9 0
133 2.7 1
127 37.1 0
109 2.93 1
118 13.1 1
98.6 7.05 1
178 25.5 0
91.4 15.8 1
111 1.6 1
145 31.8 0
143 33 0
91.5 32.1 1
174 14.1 1
179 1.28 1
185 1.28 1
172 1.28 1
146 43.6 0
138 1.48 1
91.3 7.05 1
131 1.23 1
98.2 2.75 1
106 12.6 1
176 12.5 1
186 42.3 0
185 43.7 0
92.4 3.68 1
171 43.6 0
126 43.8 0
93.9 2.33 1
188 43.6 0
176 9.6 1
100 43.8 1
168 1.45 1
91.1 2.3 1
101 1.38 1
106 1.33 1
124 43.8 0
169 43.6 0
91 44.1 1
91.3 37.6 1
91.4 12.3 1
91.1 0.95 1
156 31.3 0
119 26.3 1
104 27.2 1
194 20.5 0
192 18.6 0
144 9.1 1
189 1.28 1
156 9.53 1
181 25.7 0
187 20.9 0
145 14.9 1
106 24.9 1
151 12.3 1
171 7.73 1
169 9.23 1
169 35.8 0
192 41.3 0
154 4.78 1
181 43.7 0
179 42.5 0
194 30.8 0
192 31 0
122 42.2 0
125 29.2 0
106 9.85 1
121 1.45 1
92.2 40.9 1
193 3.13 1
195 1.45 1
157 26.5 0
160 39.4 0
125 63.1 0
130 69.2 0
144 65.8 0
178 62.4 0
119 50.2 0
166 49.9 0
117 49 0
95 95.5 1
121 52.9 0
171 62.6 0
164 85.7 0
93.5 93 1
162 79.8 0
168 53 0
174 61 0
176 50.2 0
182 79.3 0
145 47.7 0
107 84.4 1
111 69.5 1
104 81 1
196 77.5 0
188 82.9 0
114 57.7 0
193 55.1 0
169 80.7 0
115 67.3 0
179 83.5 0
122 69.4 0
112 53.8 1
176 83.7 0
180 60 0
141 77.1 0
165 55 0
117 69.4 0
107 49.7 1
120 61.2 0
174 55 0
175 81 0
190 75.6 0
141 64.9 0
154 85 0
130 97.7 0
143 81.3 0
108 65.6 1
188 93.4 0
113 94.8 0
106 63.1 1
168 66 0
137 73.7 0
106 65.5 1
133 48.9 0
198 49.5 0
188 95.9 0
114 92 0
151 70.6 0
99.9 54.5 1
135 74.5 0
165 63.3 0
187 79.9 0
146 97.3 0
122 46.2 0
153 69.5 0
175 46.5 0
140 97.3 0
197 52.6 0
91.5 70.6 1
91.4 80.6 1
135 96 0
139 92.8 0
105 97.1 1
187 46.2 0
160 75.1 0
139 98.8 0
134 93.9 0
116 92 0
173 87.5 0
121 58.5 0
124 52.7 0
91.4 57.6 1
193 78.5 0
122 93.3 0
141 79.8 0
137 98.8 0
107 98.6 1
153 66.8 0
126 55.9 0
166 66.1 0
91.5 87.7 1
162 73.2 0
128 56.3 0
157 74.6 0
146 46.1 0
97.5 46.3 1
120 98.6 0
97.9 52.7 1
200 98.6 0
98.2 64 1
192 98.7 0
191 98.7 0
118 98.6 0
93.8 46.9 1
111 98.6 0
179 98.7 0
158 46.2 0
125 98.7 0
102 98.5 1
91.4 51.2 1
91.4 49.4 1
126 98.7 0
185 46.2 0
132 99 0
91.5 68.2 1
172 46.5 0
91.1 98.8 1
147 98.7 0
124 46.2 0
91 45.6 1
130 61.1 0
169 96.5 0
137 90.8 0
120 55.2 0
183 52.3 0
158 82.8 0
156 82.6 0
99.3 74.9 1
112 89.8 1
196 97.3 0
120 91.8 0
109 56.7 1
197 82 0
198 79.4 0
132 51.8 0
143 85.8 0
173 96.7 0
145 52.6 0
150 48.8 0
147 48.3 0
159 97.7 0
131 47.5 0
133 67.1 0
152 50 0
153 52.5 0
98.5 98.4 1
139 47.9 0
196 48 0
194 48 0
136 68.8 0
185 98.7 0
143 47.7 0
91.5 63.2 1
181 97.4 0
49.7 10.2 1
10.2 10.4 0
47 12.8 1
3.48 22 0
6.68 10.1 0
6.63 42.3 1
3.33 19.5 0
8.78 1.73 0
35.1 36 1
49.8 33.4 1
26.1 10.4 0
5.35 17.8 0
47.6 24.9 1
45.1 34.5 1
11.2 33.1 0
23.1 8.5 0
11.6 12.9 0
56.8 7.98 1
34.6 9.5 1
1.88 43.6 1
52.1 11.3 1
35.9 14.2 1
14.3 25.3 0
49.4 3.63 1
23 34.8 1
0.575 36.4 0
3.68 1.35 0
56.8 4.2 1
19.4 17.7 0
5.05 7.85 0
47.2 39.9 1
17 2.5 0
17 17.6 0
9.95 17.7 0
17.4 8.4 0
44.6 40.1 1
37.9 35.2 1
3.53 43.6 1
43.1 27.3 1
14.1 12.4 0
41.6 21.2 1
51.8 1.9 1
44 17.1 1
3.2 29.4 0
20.1 41.8 1
47 19.5 1
34.5 16 1
22.3 21.2 0
51 36.1 1
16 1.1 0
2.83 35.1 0
50.6 17 1
47.6 1.73 1
25.8 36.4 1
21.9 43.3 1
4 31.1 0
38.3 15.4 1
35.7 29.3 1
14.1 21.1 0
36 2.78 1
15.4 23.1 0
57.4 29.9 1
37.1 20.1 1
43.7 37.4 1
35 23.5 1
46.4 21.7 1
58.4 31.5 1
13.7 38.2 1
0.075 1.35 0
15.2 42.1 1
39.7 30.5 1
49.1 43.7 1
36.9 17.1 1
33.6 1.38 0
0.725 9.53 0
13.2 43.6 1
4.4 13.7 0
38.2 28.6 1
41.2 1.4 1
53.1 25.3 1
58.8 9.98 1
41.5 43.9 1
58.7 0.95 1
58.7 44.1 1
58.8 13.2 1
51.6 43.7 1
34.7 39.2 1
37.4 40 1
56.4 38.3 1
0.45 30.1 0
8.3 43.7 1
41.2 23.7 1
55.1 40.7 1
57.3 19.8 1
0.975 94.3 1
10.6 90 1
41.1 87.9 1
17.7 82.8 1
48 89.5 1
33.5 81.7 1
0.85 63.6 1
13.7 90.7 1
30.3 73.2 1
8.88 80.6 1
51.5 71.3 1
8.1 75.1 1
21.6 78.5 1
49.4 66.8 1
8.7 61.5 1
6.88 92.6 1
1.4 83.6 1
15.1 54.4 1
30 70.3 1
22.9 75.6 1
6.65 62.9 1
57 90.1 1
1.8 91.2 1
51.2 61 1
14.9 92.9 1
58.3 92.1 1
18.6 66.3 1
46 55.3 1
45.1 79.9 1
56.2 77.9 1
47.1 80.8 1
36.6 72.1 1
34 49.7 1
25 87.2 1
6.9 77.5 1
32 48.4 1
46.3 53 1
51.9 78.5 1
57.4 76.2 1
24 95.2 1
41 82.8 1
37.6 91.1 1
22 96.7 1
27.1 87.7 1
17.5 58.5 1
32.8 96.6 1
43 69.5 1
57.4 73.7 1
18.7 98.6 1
52 98.3 1
16.4 52 1
49.7 77.1 1
57.1 54.9 1
0.175 66.3 1
35.8 53.6 1
58.4 68.3 1
19.1 52.2 1
40.9 69.2 1
57.5 84.6 1
40.7 46.3 1
8.05 65.9 1
34.2 55.6 1
16.2 98.6 1
39.8 75.2 1
52.3 46.6 1
11.4 63.5 1
17.4 76.1 1
52 89.8 1
50.1 91.6 1
4.43 98.6 1
39.6 66.9 1
10.7 66.3 1
14.8 97.4 1
9.78 98.8 1
48 98.6 1
52.9 83.7 1
13.1 46.4 1
13.2 98.8 1
1.08 78.3 1
3.55 68.8 1
54.3 64.8 1
54.5 62.4 1
27.3 46.7 1
25.5 48.2 1
22.8 90.4 1
17.5 46.3 1
51.2 81.7 1
40.6 62.9 1
57.3 49.1 1
68 29.9 1
76.4 35 1
72.4 40 1
88.4 39.3 1
72.5 3.08 1
77.1 32.6 1
85.2 40.6 1
82.7 41.5 1
70.9 7.45 1
80.6 40.2 1
73.1 36.9 1
81.2 24.3 1
72.4 16.1 1
73.8 18.9 1
83.2 25.7 1
80.9 33.9 1
63.1 9.03 1
62.7 35.3 1
88.4 15.9 1
75.7 9.18 1
61.7 7.2 1
61.4 10.3 1
62.9 3.83 1
74.8 14.3 1
87.2 10.4 1
87.5 4.03 1
87.4 25 1
61.4 38 1
88.7 8.85 1
88.7 23.1 1
82.8 29.6 1
62.6 41.3 1
61.2 31.7 1
88.4 13.7 1
61.2 44.1 1
61.2 0.95 1
88.7 5.9 1
88.7 0.95 1
88.6 31.6 1
61.4 13.5 1
88.7 44.1 1
84.8 18.4 1
86.5 37.3 1
82.5 1.73 1
64.6 96.5 1
71.1 76.6 1
65.9 80.6 1
76 64.1 1
68.8 96.4 1
80.4 63.4 1
65.9 66 1
74.8 56.9 1
61.8 82.2 1
71.2 48.4 1
79.4 68.6 1
74.7 90.4 1
65.1 88.1 1
65.2 74.2 1
85 56.5 1
61.9 78.1 1
87.2 96 1
73.5 92.6 1
78.3 89.6 1
80.2 91.6 1
67.4 85.8 1
64.2 47 1
86.8 58.4 1
71.1 69.7 1
61.7 68.9 1
80.2 97 1
86.6 62.7 1
78.1 98.5 1
85.4 74.6 1
61.7 71.4 1
87 68 1
75.4 72.3 1
81.9 46.8 1
79.5 56.8 1
82.4 70.8 1
62.9 86.6 1
82.6 74.1 1
88.2 50 1
79 75.8 1
81.4 76.6 1
118 23.8 1
167 25.5 0
156 39.8 0
148 25.9 0
122 23.2 1
176 34.6 0
151 26.8 0
192 22.8 0
174 37.4 0
174 31.4 0
113 18.4 1
183 30.2 0
110 32 1
141 17.4 1
196 39.6 0
179 40.5 0
97.9 17.2 1
143 17.6 1
143 7.1 1
104 20.6 1
99.5 14.7 1
130 34.2 0
140 4.7 1
199 34.1 0
148 22.1 0
200 5.13 1
113 43.3 0
149 5.35 1
170 25.8 0
121 8.48 1
118 43.3 0
167 36.5 0
174 28.8 0
158 43.2 0
140 7.03 1
189 8.38 1
198 3.48 1
159 21.9 0
137 14.4 1
150 19.9 0
148 1.55 1
131 38 0
173 12.1 1
146 2.83 1
119 22 1
106 17.2 1
98.9 37 1
149 8.73 1
129 22.9 1
179 22.2 0
126 22.1 1
157 35.8 0
161 2.9 1
126 19.6 1
108 4.8 1
154 19.3 0
195 7.88 1
113 21 1
185 14.8 1
92.7 34 1
125 8.38 1
104 43.8 1
135 40.7 0
184 17.2 0
129 2.88 1
187 30.9 0
183 8.4 1
104 15.2 1
162 43.3 0
115 10 1
144 1.28 1
181 32.4 0
144 27.8 0
185 37.8 0
109 43.2 1
106 3.2 1
104 7.45 1
144 35.5 0
116 12.2 1
172 43.6 0
105 4.58 1
169 19.1 0
177 23.4 0
126 42.4 0
100 20.9 1
178 43.8 0
174 9.25 1
130 42.3 0
98.9 43.8 1
91.6 22.9 1
179 13.4 1
191 43.6 0
142 1.28 1
99.4 1.38 1
138 43.9 0
91.5 30.8 1
91.5 29.2 1
174 1.28 1
91.3 5.55 1
151 43.7 0
132 43.8 0
135 1.48 1
158 1.45 1
91.3 36.1 1
91.3 39 1
189 43.6 0
92.4 44.1 1
92.6 0.95 1
118 1.1 1
153 43.7 0
139 43.9 0
91.4 13.6 1
101 28.1 1
196 19.7 0
131 15 1
130 17.3 1
146 10.2 1
91.5 26.7 1
93.1 25.2 1
190 2.95 1
98.5 25 1
126 12.2 1
189 20.9 0
173 40.4 0
106 23.3 1
169 33.4 0
155 24 0
170 2.73 1
147 35.4 0
119 15.7 1
190 11.2 1
94.9 17.7 1
137 11.2 1
140 9.18 1
199 8.28 1
121 43.4 0
120 40.5 0
200 28.7 0
106 9.03 1
158 18.1 0
156 17.2 0
120 2.55 1
97.8 4.73 1
93.6 42.2 1
120 37.5 0
122 36.4 0
195 3.13 1
159 24.2 0
159 36.7 0
93.3 7.68 1
94.7 9.1 1
142 43.9 0
133 62.9 0
187 53.1 0
145 68.4 0
114 50.5 0
189 55.6 0
152 54.6 0
103 85.6 1
140 67.4 0
120 52 0
128 90.2 0
148 57.3 0
159 86 0
108 74.3 1
146 62.9 0
143 69.7 0
148 77.2 0
180 77.5 0
120 47.8 0
140 49.4 0
111 80.4 1
95 90.8 1
129 94.2 0
175 71.9 0
168 79 0
185 87 0
148 79.7 0
174 69.5 0
191 63.2 0
151 76.2 0
106 80 1
199 68.2 0
118 46.6 0
193 46.6 0
176 79.1 0
140 52.6 0
181 66.7 0
156 89.6 0
141 54 0
110 73 1
146 92.5 0
156 58.2 0
180 81.2 0
187 69.4 0
157 64 0
161 62.3 0
112 75 1
163 98.6 0
179 54.9 0
176 48.1 0
122 95.8 0
157 60.9 0
176 53.5 0
188 46.2 0
93.1 59.2 1
141 61.1 0
123 86.5 0
178 70.9 0
180 91.2 0
148 90.9 0
139 95.6 0
120 87.2 0
106 52.8 1
129 75.6 0
168 83.1 0
115 81.6 0
160 47.9 0
151 92.3 0
117 83.9 0
160 59.8 0
162 46.7 0
162 70.7 0
160 70.2 0
182 87.3 0
152 78.5 0
195 88.9 0
150 80.6 0
199 91.3 0
111 46.5 0
193 91.1 0
199 48.1 0
129 54.1 0
151 97.2 0
159 53.2 0
130 77.9 0
175 90.5 0
92.9 82.1 1
125 54.1 0
197 75.2 0
100 61.4 1
198 89.2 0
174 98.7 0
187 62.9 0
117 81.1 0
168 98.6 0
94.3 48.1 1
128 98.7 0
141 87 0
137 97 0
139 46.4 0
157 72.2 0
136 59.4 0
169 46.5 0
194 84.5 0
192 76.4 0
126 51.5 0
133 60.7 0
133 77.6 0
104 46.4 1
159 76.9 0
99.1 47.7 1
194 98.7 0
125 57.4 0
135 83.3 0
194 74.4 0
109 46.5 1
138 86.5 0
149 98.7 0
101 46.4 1
106 61.1 1
155 78.4 0
143 98.5 0
154 46.2 0
171 87.3 0
92.8 52.6 1
148 85.9 0
150 84.3 0
154 98.5 0
157 76.4 0
137 46.4 0
92.6 98.8 1
173 46.5 0
91.4 78.1 1
92.4 45.6 1
126 89.9 0
132 61.3 0
99.4 92.4 1
97.9 90.4 1
135 91.5 0
193 67.6 0
190 47.8 0
182 46.2 0
196 92.9 0
161 96.3 0
200 62.2 0
109 54.5 1
123 67.4 0
125 67.4 0
142 89.7 0
98.4 57.1 1
160 55.5 0
200 82.2 0
185 67 0
112 97 1
123 46.2 0
155 53.2 0
148 49.9 0
106 92.2 1
192 82.9 0
158 96.1 0
112 61.6 1
97.5 96.7 1
99.1 95.2 1
142 49.2 0
93.1 62.2 1
127 46.3 0
125 47.5 0
26.8 21.3 1
8.55 10.5 0
6.95 38.5 0
11.1 5.08 0
5.75 5.13 0
8.05 3.78 0
24.2 3.2 0
0.35 32.5 0
54.8 36.4 1
46 23.8 1
22.9 23.8 1
49.5 25.2 1
31.5 5.15 0
33.7 34.3 1
22.3 1.4 0
43.5 25.6 1
0.7 18.6 0
47.9 16.3 1
8.18 24.7 0
27 41.5 1
5.83 25.2 0
46 17.8 1
32.6 43.1 1
24.8 19.7 0
58 6.08 1
20 9.35 0
31.7 8.45 0
16.9 35.5 1
10.9 20.1 0
48.4 41.7 1
5.65 11.8 0
15.5 14.3 0
43.8 3.13 1
42.1 29.7 1
39 37.2 1
17 6.4 0
39.5 20.8 1
5.03 35.7 0
37 24.5 1
55.6 25.2 1
1.83 12.8 0
37.9 43.9 1
2.88 33 0
26.9 1.8 0
53.2 19.9 1
50.7 28.1 1
34.6 21.5 1
56.2 13.6 1
29.7 34 1
37.6 1.4 1
17.6 43.5 1
58.7 18 1
59 27.5 1
20.9 14.2 0
53 27.7 1
18.3 2.5 0
5.95 30.5 0
51.4 23.5 1
11.6 37.3 1
26 23.4 1
11.3 8.18 0
58.6 37.8 1
57 34.9 1
14.3 4.45 0
13.3 1.38 0
12.9 3.35 0
10.1 42.3 1
15.5 10.1 0
52.6 42 1
57.3 41.1 1
46.4 1.73 1
58.5 21.9 1
36.9 7.6 1
8.15 30.1 0
35.9 31.8 1
42.9 58.4 1
43.8 91.2 1
28 80.2 1
35.3 84.2 1
35 88.9 1
8.13 55.9 1
21.5 73.4 1
36 76.8 1
19.2 78.6 1
56.8 61.5 1
44 61.2 1
25.6 50.4 1
34.8 74.1 1
16.5 56.1 1
49.3 62.4 1
44.1 67.2 1
37.4 96.5 1
23.1 79.5 1
40.1 58.1 1
15 88.8 1
55.1 79.8 1
15.8 62.4 1
7.58 84.4 1
50.9 64.6 1
26.6 64.1 1
38.5 77.2 1
55.8 72.1 1
0.725 46.8 1
2.35 48.5 1
24.4 62.9 1
22.8 65.6 1
44.7 78 1
51 58.9 1
40.2 84.8 1
16.2 91 1
18.5 73.7 1
20.1 95.3 1
13.5 75 1
7.28 95.7 1
27.1 76.9 1
45.8 49.6 1
50.1 96.9 1
31 95.2 1
41.2 48.2 1
57 95.8 1
4.13 46.7 1
50 49.3 1
18.4 91.1 1
14.3 95.4 1
35.5 48 1
4.8 96.9 1
55.5 84.1 1
24.2 68.3 1
12 72.9 1
58.4 67 1
48.6 82.5 1
7.28 46.7 1
15.5 69.9 1
25.3 91.5 1
49.9 51.9 1
58.7 97.5 1
19.4 49.5 1
53.5 46.6 1
8.9 48.1 1
11.8 67.9 1
49 84.8 1
15.5 49.3 1
47.7 47.7 1
26.7 67.5 1
12.9 70.2 1
26 85.7 1
39.7 70.8 1
58.6 57.1 1
58.7 82.8 1
38.8 60.9 1
58.5 52.8 1
17.4 98.6 1
43.2 76.6 1
26.9 98.6 1
58.7 86.7 1
23.3 46.6 1
51.5 85.4 1
37.1 46.3 1
12.3 46.4 1
25.9 53.8 1
25.6 81.6 1
21 58.3 1
10.3 54 1
32.3 61.1 1
33.7 62.5 1
48.2 73.6 1
36.9 67.9 1
0.85 72.4 1
28.2 91.5 1
28.8 89.2 1
20.4 87.3 1
17.4 47.9 1
45.4 73.2 1
40.2 64.6 1
43 63 1
58.7 46.9 1
56 47.9 1
42.1 96.5 1
43.9 95 1
21.4 55.8 1
19.2 54.1 1
30 55.1 1
69.1 32.4 1
70.2 28.4 1
86.5 38.7 1
64.8 29.3 1
70.4 4.6 1
63.6 16.9 1
69.8 39.9 1
78.7 36.2 1
79.4 33.9 1
76.1 30.5 1
83.7 1.73 1
69.3 14.3 1
82.7 18 1
81.1 5.08 1
68.8 10.9 1
61.4 36.5 1
78.8 18.8 1
74.1 43.7 1
85.6 25.7 1
81.1 20.3 1
78.2 26.8 1
86.2 2.68 1
64.1 2.48 1
85.5 29.5 1
80.7 8.13 1
66.6 1.53 1
61.6 27.1 1
88.8 27.6 1
61.7 5.7 1
66.3 43.6 1
63.8 42.6 1
76.6 43.7 1
61.4 39.4 1
81.1 15.5 1
88 36 1
86.6 34.8 1
86.9 27.6 1
77 3.28 1
63.8 22.7 1
87.1 19 1
65.1 54.6 1
67.1 97.7 1
63.6 80.3 1
78.4 65.5 1
72.2 58.6 1
63.5 65.3 1
72.8 62.4 1
71.3 79.1 1
61.8 57.6 1
78 82.8 1
77.8 72.5 1
72.4 71.8 1
69.6 84.5 1
70.5 74 1
87 84.1 1
88.4 93.5 1
80.4 84.1 1
61.8 62.7 1
63 48.3 1
83.4 98.5 1
82.5 82.3 1
85.2 70.1 1
88.7 82.2 1
85.2 61.1 1
62.4 98.8 1
74.7 97.1 1
87.5 45.6 1
88.7 97.5 1
86.8 72.4 1
88.2 53 1
88.3 86.8 1
88.7 77.3 1
72.9 98.7 1
62.4 45.6 1
66.7 46.4 1
77 55 1
69.7 66.8 1
63.3 51.9 1
85.7 47.5 1
77.6 48.8 1
62.2 92.7 1
174 35.1 0
172 33.2 0
140 22.2 0
195 17.4 0
194 39.6 0
149 23.8 0
161 9.58 1
100 26.2 1
191 31.9 0
122 25.3 1
129 12 1
162 28.4 0
105 22.7 1
112 30.5 1
126 9.73 1
146 21.4 0
111 41.5 1
109 34.3 1
190 34.7 0
155 32.5 0
142 9.25 1
100 30.1 1
167 23.2 0
146 27 0
163 7.43 1
116 31.8 1
148 32.2 0
197 28.8 0
163 33.4 0
115 17.4 1
160 41.5 0
163 14.3 1
167 20.9 0
181 4.48 1
97.5 34.3 1
103 37.6 1
198 43.2 0
179 18.2 0
183 24 0
93.3 6.18 1
126 3.1 1
183 37.2 0
110 14.5 1
133 6.88 1
119 6.68 1
180 6.98 1
150 37.6 0
105 31.1 1
116 34.5 1
129 36.4 0
141 3.23 1
170 23.5 0
149 42.3 0
151 31.1 0
182 43.7 0
138 1.48 1
178 31.7 0
133 4.13 1
124 15.8 1
97.4 39.9 1
94.4 24.7 1
105 42 1
119 9.65 1
98.6 12.1 1
136 42 0
114 23 1
99.1 19 1
128 29.4 0
155 3.45 1
122 1.45 1
105 33.9 1
133 28.3 0
180 34.3 0
155 21.3 0
166 41.8 0
196 5.15 1
107 30 1
99.5 22.7 1
153 19.4 0
177 41.8 0
111 11.3 1
153 2 1
166 8.13 1
107 15.6 1
138 35.3 0
117 43.3 0
196 11.6 1
142 26.7 0
139 37.6 0
123 42.2 0
102 8.1 1
186 40.6 0
102 15.2 1
184 43.7 0
132 40.4 0
153 37.2 0
144 2.83 1
171 20 0
157 20.4 0
118 19.1 1
182 10.9 1
141 38.2 0
125 37.9 0
118 11.8 1
137 43.9 0
167 43.6 0
179 1.28 1
143 36.2 0
108 7.75 1
102 20.9 1
106 13.7 1
145 29.9 0
134 1.48 1
116 7.78 1
133 41.8 0
107 43.2 1
91.5 28 1
125 40.8 0
172 22.1 0
102 43.8 1
155 41.9 0
114 43.3 0
130 26.9 0
177 27.7 0
112 1.6 1
114 2.7 1
167 1.45 1
141 43.9 0
92.9 22.4 1
147 43.6 0
142 32.1 0
185 1.28 1
178 8.68 1
140 31.7 0
157 1.45 1
102 1.38 1
152 43.7 0
119 25.6 1
193 17 0
133 15.6 1
133 17.9 1
189 1.28 1
165 28.8 0
150 15.5 1
186 21.8 0
171 41.5 0
177 16.1 1
182 28 0
171 4.88 1
154 12.9 1
175 16.5 1
175 39.8 0
148 35.9 0
188 34.2 0
192 12.1 1
119 41.7 0
121 32.3 0
164 1.45 1
99 3.35 1
94.9 4.3 1
168 14.1 1
169 12 1
156 25.4 0
92 9.1 1
93.4 10.5 1
93.3 16.1 1
143 42.5 0
121 77.1 0
190 51.8 0
191 54.4 0
178 65.9 0
147 59.3 0
124 88.1 0
145 64.5 0
108 59.5 1
183 72.4 0
109 89.9 1
187 83.3 0
131 84.1 0
94.8 73.3 1
181 85.6 0
160 79.1 0
139 47.9 0
142 63.6 0
106 95.1 1
108 82 1
168 48.1 0
121 56.5 0
118 92.8 0
165 57.1 0
178 79.4 0
176 67.6 0
159 64.7 0
105 68.5 1
135 54.6 0
153 90.1 0
143 84.3 0
164 90 0
143 81.8 0
93.1 95.8 1
130 96.3 0
124 82.2 0
151 95.4 0
105 71.7 1
139 90.9 0
130 88.2 0
179 68.4 0
147 52.7 0
168 67.4 0
130 73.8 0
199 96.5 0
93.4 71.4 1
169 69.9 0
145 60.3 0
181 92.9 0
114 53.6 0
172 80.9 0
169 76.7 0
98.8 67.1 1
101 81.2 1
115 84.4 0
116 62.8 0
166 83.1 0
167 72.5 0
106 47.9 1
195 82.5 0
113 48.1 0
169 91.5 0
171 89.7 0
194 87.3 0
137 89 0
151 61.7 0
149 88.4 0
149 70.9 0
145 96.1 0
165 80.4 0
99.1 79.7 1
134 79.5 0
170 84.4 0
181 89.6 0
186 71.7 0
116 55.7 0
186 60.5 0
97.4 82 1
173 91.6 0
163 73.2 0
197 46.6 0
185 79 0
199 53.3 0
121 97.2 0
136 80.9 0
134 97.3 0
126 52.9 0
141 98.5 0
150 46.7 0
175 85.3 0
150 63.9 0
148 98.7 0
133 47.7 0
134 75.1 0
178 46.7 0
98.5 48.9 1
166 59.9 0
153 47.8 0
183 46.2 0
124 97.2 0
96.8 47.5 1
108 46.5 1
194 60.7 0
157 98.5 0
91.5 97.5 1
147 98.7 0
92.9 49.4 1
152 98.5 0
152 85.1 0
91.5 83.9 1
142 59.3 0
125 49.3 0
102 46.4 1
94.3 51.4 1
178 98.7 0
193 80.8 0
97.4 51.5 1
91.5 86.4 1
190 98.7 0
91.4 56.3 1
91.5 66.9 1
184 46.2 0
91.4 53.8 1
185 98.7 0
157 46.2 0
128 46.3 0
147 46.1 0
124 91.9 0
119 76.9 0
129 82.1 0
129 60.5 0
173 94.8 0
170 94.7 0
144 72.6 0
192 69.6 0
118 54.3 0
158 81.6 0
156 81.3 0
181 47.8 0
97.8 72.1 1
99.5 74.5 1
149 54.8 0
197 95.2 0
120 90.1 0
112 92.2 1
111 90 1
122 64.5 0
124 64.5 0
132 93.8 0
133 52.7 0
118 98.6 0
116 97.1 0
187 97.4 0
113 98.5 1
123 48 0
155 55.3 0
110 95.1 1
143 52 0
123 74.3 0
107 96.6 1
104 90.8 1
112 60 1
131 46.3 0
98.8 84.7 1
181 97.4 0
187 92.7 0
189 90.8 0
144 46.1 0
91.5 64.4 1
22.7 5.13 0
9.35 38.5 0
9.48 5.15 0
6.55 40.9 1
20.9 3.33 0
46.7 12.1 1
38.3 32.7 1
5.2 23 0
34 28 1
22.3 8.05 0
34.1 41.1 1
7.58 18.4 0
0.325 38.3 0
1.53 22.7 0
27.3 9.95 0
14.8 25.5 0
33.2 24.9 1
35.4 12.3 1
42.2 16.4 1
27.9 40 1
36.9 41.8 1
18.9 36.4 1
50.8 40 1
9.23 22.3 0
39 23.2 1
25.7 43.3 1
33.4 3.35 0
4.4 15.9 0
44.6 41.9 1
56.3 29.3 1
18.7 4.43 0
48.9 4.88 1
55.4 23.2 1
31.3 16.2 1
14.9 17.8 0
46.8 43 1
55.5 2.85 1
43 9.78 1
15.8 31.5 1
11 15.6 0
15.8 42.1 1
53 1.9 1
19.9 11.8 0
39.4 19.5 1
35.8 4.75 1
41.9 7.78 1
32.2 34.7 1
13.2 20 0
5 37.4 0
20.2 20.9 0
55.5 9.45 1
28.5 31.5 1
42.4 1.4 1
51.7 36.8 1
4.83 27.6 0
4.03 9.5 0
52.6 22.1 1
37 18.8 1
0.075 14.4 0
1.78 10.2 0
26.9 37.2 1
53.9 13.6 1
23.2 43.3 1
53.2 11.3 1
52.4 18.1 1
42.7 43.9 1
17.6 43.5 1
0.075 1.35 0
59 27.5 1
57.5 10.4 1
10.6 43.6 1
15.4 37.5 1
12.4 43.6 1
57.5 12.2 1
57.5 0.95 1
57.5 44.1 1
17.3 1.1 0
4.8 43.6 1
58.6 39.2 1
1.1 42.3 1
58.6 36.3 1
14.8 2.48 0
16.9 29.1 0
20.2 28.7 1
25.9 14.6 0
27.2 16.4 0
8.35 27 0
9.7 27.9 0
30.6 28 1
30.4 26.2 1
41.2 13.9 1
39.3 14.7 1
19.5 41.8 1
56 19.7 1
8.83 31.8 0
3.35 53.5 1
0.75 76.1 1
9 92 1
41.6 89.6 1
13.1 54 1
9.7 87.4 1
52.9 54.2 1
55.4 54.1 1
56.6 65.1 1
8.95 81.8 1
2.83 94.7 1
43.9 70.9 1
17.4 83 1
58.2 63 1
0.4 61.7 1
29.8 61.1 1
15 83.5 1
2.35 84.9 1
46 89.8 1
17.7 64.9 1
35.9 98.1 1
18.1 80.3 1
16.7 60.3 1
50.1 71.6 1
13.4 80.9 1
15.9 74.9 1
8.48 60.7 1
3.65 91.6 1
24.4 76.7 1
33.5 66.5 1
6.53 69.1 1
37.5 53.3 1
52.2 79.5 1
10.4 95.1 1
17 72.5 1
37.3 70.2 1
24.9 96.6 1
58.4 76.2 1
22.9 98.1 1
33.4 98.1 1
33.6 46.8 1
25.6 84.1 1
58.4 73.7 1
8.83 97.1 1
36.4 61.1 1
28.7 68.8 1
56.8 82.3 1
55.7 89.4 1
7.88 66.8 1
5.4 46.7 1
12.7 96.8 1
47 52.3 1
33.4 64.3 1
58.3 93.3 1
12.9 63.2 1
41.3 75.8 1
53.3 98.3 1
17.4 98.6 1
46.8 98.6 1
10.4 46.4 1
48.4 68.9 1
43.7 48.3 1
48.6 75.6 1
45 81.8 1
20.5 89.5 1
44.5 74.8 1
42.6 64.6 1
57.5 46.3 1
45 96.6 1
23.1 55.3 1
28.6 54 1
69.3 25.2 1
62.2 18.7 1
62.4 32.6 1
85.5 42.2 1
73.6 22.7 1
81.5 22.8 1
78.5 5.15 1
71 9.5 1
77 24.7 1
73.6 1.8 1
83 43.1 1
71.8 15.2 1
88.7 5.9 1
81.1 33.2 1
81.2 30.8 1
73.9 11 1
82 10 1
74.1 13.3 1
78.6 29.3 1
88.7 21.8 1
78.1 8.2 1
62.4 0.95 1
62.4 44.1 1
87.5 0.95 1
87.5 44.1 1
74.6 35.1 1
79 16.3 1
88.7 8.83 1
63.8 34.9 1
66.5 35.4 1
87.2 10.3 1
88.4 17.2 1
76.1 1.8 1
63.3 9.98 1
65 8.7 1
62.2 21.2 1
65.1 23.5 1
63.6 27.4 1
63.4 55.7 1
76.4 79.6 1
75.6 47 1
81.4 61.2 1
74.9 89.7 1
85.9 97.2 1
85 91.1 1
85.1 83.2 1
72.5 86.5 1
78.6 88.9 1
70.6 95 1
61.7 67.6 1
86.8 55.2 1
63.5 74.5 1
81.8 92.1 1
73.1 47 1
69.3 81.2 1
69.9 48.4 1
86.8 75.6 1
61.8 83.4 1
61.9 76.8 1
61.2 97.5 1
72.4 93.4 1
83.2 46.8 1
61.7 72.6 1
88.6 57.1 1
68 46.4 1
88.4 63.9 1
72.2 97.3 1
88.1 73.3 1
88.8 46.9 1
61.2 46.9 1
76.8 98.5 1
88.4 66.4 1
81 80.2 1
68.3 54.1 1
80 70 1
81.2 57.9 1
61.6 53 1
61.8 85.9 1
87 48.7 1
63.4 95.2 1
78.6 77.3 1
81 78.1 1
133 31.7 0
162 11.7 1
114 31.7 0
181 40 0
108 23.9 1
108 31.6 1
124 3.1 1
165 34.1 0
192 24.6 0
165 13.6 1
108 33.9 1
159 16.4 0
104 35.5 1
112 16.5 1
114 34.4 1
156 34.8 0
185 30.7 0
112 35.5 1
129 9.58 1
108 26.2 1
111 20.9 1
199 26.9 0
138 40.2 0
103 30.6 1
143 24.4 0
101 37.4 1
96.7 24.8 1
98.7 32.7 1
157 30.9 0
162 16.3 0
135 27.1 0
154 39.9 0
114 15.4 1
136 14.8 1
155 15.3 1
183 42 0
150 40.2 0
180 3.2 1
167 39.8 0
109 9.78 1
139 3.43 1
153 25.3 0
181 19 0
131 7.05 1
105 18.5 1
143 4.78 1
149 3.55 1
178 33.6 0
167 9.58 1
188 7.7 1
101 17.4 1
152 23.5 0
93.2 38.4 1
121 15.5 1
152 41.6 0
130 4.3 1
111 26.4 1
118 7.85 1
168 41.5 0
118 30.7 0
142 40.7 0
136 1.48 1
98.7 41.8 1
194 10.1 1
180 21.5 0
104 40.6 1
199 14.7 1
125 29.8 0
162 4.65 1
122 1.45 1
95.7 34.1 1
134 21.2 0
153 21.4 0
172 3.43 1
123 7.68 1
113 10.9 1
116 23.1 1
199 2.03 1
151 2 1
160 25.1 0
160 22.9 0
101 3.35 1
126 17.9 1
139 33.8 0
122 43.4 0
184 17.8 0
151 12.7 1
199 21.3 0
148 1.55 1
185 42 0
161 31 0
150 29.1 0
148 43.6 0
93.8 33.2 1
119 35.9 0
189 29.4 0
136 22.6 0
179 11.2 1
163 43.3 0
134 43.1 0
179 29.3 0
169 17.4 0
130 24.4 0
178 1.28 1
187 1.28 1
158 43.2 0
114 13.1 1
92.4 35.3 1
141 34.2 0
92.5 13.4 1
118 21.4 1
156 43.2 0
127 1.65 1
185 13.5 1
129 1.65 1
104 3.25 1
139 29.4 0
175 23.9 0
194 1.68 1
145 43.6 0
174 1.28 1
189 43.6 0
129 43.6 0
92.6 31.3 1
115 1.1 1
117 1.1 1
92.3 44.1 1
130 32.2 0
193 43.6 0
194 41.8 0
167 32 0
190 2.95 1
166 27.4 0
156 9.75 1
150 17.5 1
145 14.6 1
125 13.6 1
188 21.9 0
184 3.2 1
94.6 40.2 1
173 16.1 0
186 35.8 0
189 10.5 1
138 9.6 1
140 43.9 0
102 24.3 1
101 22.7 1
121 34.7 0
164 3.2 1
171 12.2 1
94.8 20.1 1
171 28.1 0
162 21.3 0
165 21.6 0
92.8 26.8 1
195 31.7 0
196 34.2 0
92 17.8 1
120 4.23 1
137 69 0
133 66.7 0
139 68.2 0
189 69.2 0
178 63.1 0
123 90.1 0
161 86.9 0
127 82.4 0
182 74.9 0
173 60.8 0
147 74.9 0
191 65.4 0
180 71.1 0
174 55.4 0
128 92.4 0
121 49.6 0
158 94.2 0
176 53.9 0
171 62 0
141 46.5 0
161 94.3 0
148 63.4 0
107 73.8 1
164 87.2 0
186 85.6 0
183 52.4 0
177 87.5 0
129 58 0
145 91.7 0
188 58.3 0
127 61.3 0
180 56.2 0
139 61.3 0
139 54 0
190 83.8 0
168 53 0
168 49.9 0
188 46.2 0
150 73.9 0
151 87.9 0
133 83.3 0
152 69.9 0
134 90 0
140 91.6 0
137 60.9 0
192 62 0
106 66.9 1
128 70.4 0
129 73.4 0
166 46.7 0
118 69.5 0
175 48.1 0
130 86.1 0
135 57 0
104 96.6 1
137 72.5 0
192 91.2 0
166 67.5 0
91.6 93.3 1
189 76 0
138 47.9 0
165 72.4 0
117 74.1 0
152 65.6 0
93.4 75.2 1
117 46.6 0
146 82.2 0
144 97.4 0
113 80.4 1
146 94.3 0
162 70.7 0
200 50.3 0
97.8 69.4 1
130 54 0
127 75.2 0
149 96.9 0
119 84.9 0
125 95.9 0
132 49.8 0
156 59.8 0
171 69.8 0
100 54.1 1
181 59.1 0
172 83.3 0
182 66.9 0
158 90.8 0
123 84.5 0
147 81.2 0
128 97.3 0
183 91.3 0
162 56.7 0
95 81.4 1
185 81.3 0
182 47.8 0
146 84.8 0
197 61.4 0
153 78.6 0
115 46.6 0
162 61.8 0
118 61.8 0
141 85.5 0
124 55.6 0
146 97.6 0
97.5 64.9 1
164 98.6 0
141 75.4 0
194 98.7 0
93.1 59.2 1
163 46.7 0
151 46.7 0
165 62.1 0
147 69.2 0
177 98.7 0
137 98.3 0
92.3 45.6 1
135 98.3 0
159 52.8 0
161 59.2 0
173 46.5 0
166 98.6 0
90.9 46.9 1
156 98.5 0
150 82.1 0
115 98.5 1
137 84.9 0
122 98.6 0
135 46.4 0
183 98.7 0
194 46.6 0
91.4 76.9 1
137 46.4 0
102 98.5 1
156 46.2 0
145 46.1 0
118 79 0
174 76 0
171 77.2 0
130 79.9 0
121 69.6 0
122 79.5 0
146 72.1 0
199 68.7 0
108 87.3 1
105 88.2 1
194 57.4 0
114 67.7 0
111 68.5 1
110 66.5 1
132 96 0
142 90.4 0
177 90.5 0
119 97.2 0
118 95.6 0
189 98.7 0
186 65.4 0
174 98.7 0
140 79.4 0
149 46.7 0
148 47.8 0
113 62.3 0
93.1 89.9 1
93.8 46.9 1
92.4 48.1 1
180 98.7 0
101 84.1 1
181 95.4 0
185 91.2 0
187 89.3 0
159 50 0
143 47.6 0
93.1 63.4 1
152 96.7 0
