56.7 3.88 1
37.5 26.3 1
48 25.9 1
28.8 23.5 1
32 38.4 1
49.3 12.7 1
21.2 29.1 1
53.4 12.1 1
13 7.7 1
8.43 26.6 1
38.3 28.6 1
33.4 27.6 1
47.6 20.2 1
34.9 25.6 1
46.2 10.2 1
41.4 40.2 1
12.3 35.8 1
12.2 28.3 1
30.4 34.8 1
11.8 20.3 1
17.6 28 1
34 36.9 1
0.275 10.5 1
9.6 32.5 1
15.9 31.1 1
58.4 36 1
49.7 31.2 1
25.1 12.8 1
52.8 32.2 1
52.9 1.85 1
46.1 1.93 1
14.4 35.1 1
42.9 32.7 1
14.6 20.7 1
11.8 18.1 1
56.9 19.6 1
15.5 37.5 1
7.28 30.8 1
36.5 30.6 1
55.9 42.5 0
36.8 17.7 1
2.7 23.3 1
0.6 26.4 1
7.73 15.3 1
30 17.4 1
4.73 20.6 1
27.8 17 1
6.93 4.33 1
29.4 37.2 1
33.9 43.6 1
18.9 18.6 1
50.6 26.5 1
11.7 38.1 1
58.2 17.7 1
17.8 3.08 1
36.1 11.9 1
58.4 39.5 0
19.8 23.8 1
30.5 19.7 1
35.3 3.2 1
6.38 10.9 1
4.4 1.9 1
8.13 41.4 1
46.4 16.6 1
41.3 4.45 1
41.1 7.18 1
33.1 1.95 1
21.1 15.2 1
55.7 30.8 1
14.3 17.1 1
58.3 27.1 1
58.3 28.3 1
23.9 1.65 1
43.1 11 1
42.1 13 1
37.8 13.9 1
7.55 6.73 1
11.9 43.8 1
10.3 3.65 1
8.68 2.43 1
36.4 43.6 1
5.13 43.8 1
10 43.8 1
27.2 43.7 1
16.9 43.9 1
18.1 43.9 1
49.6 19 1
31.1 42.2 1
55.5 14 1
24.9 25.5 1
22.8 25.3 1
5.08 29.1 1
3.18 27.4 1
2 15.7 1
40.9 18.8 1
55.7 34.2 1
20.7 20.2 1
43.5 41.6 1
16.2 4.3 1
15.6 2.38 1
25.1 10.4 1
0.975 19.5 1
23.3 43.5 1
25.2 42.1 1
40.3 34.7 1
15.1 40.5 1
13.4 40.3 1
43.6 1.93 1
1.48 41.9 1
2.85 40.7 1
38.5 7.2 1
4 33.7 1
18.9 36.2 1
4.1 95.4 0
53.3 88.4 0
8.93 66.3 1
50.7 50.3 0
12.4 48.4 1
26.9 74.6 0
50.1 70.5 0
43.4 84.8 0
48.5 84.6 0
48.3 74.6 0
33.8 64.8 0
31.4 66 0
52 69.7 0
5.55 98.1 0
11.1 96.3 0
8.83 46.3 1
25.2 59.6 1
45.4 90.4 0
30 77.6 0
13.6 67.8 1
18.8 72.4 0
57.5 63.7 0
1.63 75 1
6.13 73.1 1
33.8 61.8 0
37.5 68.2 0
35 83 0
53.6 46.6 0
34.9 75.7 0
34.5 48.4 1
22.6 60.6 1
12.5 83.4 0
7.95 81.2 0
6.23 61.1 1
34.2 96.8 0
36.4 98 0
29 60.7 0
5.73 63.3 1
0.65 57.7 1
50.1 53.5 0
1.43 69.5 1
55.1 80.3 0
7.93 85.2 0
48.7 77 0
45.4 48.1 1
51.8 55.6 0
22.5 87.9 0
17.8 78.2 0
3.5 70 1
17.2 46.7 1
58.8 61.9 0
11.5 91 0
28.2 98.8 0
47.4 53.7 0
43.4 46.8 1
53.4 91.1 0
18.4 46.7 1
14.6 73.9 0
57.3 86 0
34.1 54.5 1
58.4 83.9 0
12.8 98.2 0
30.4 54.3 1
36.4 46.5 1
8.9 60.5 1
57.4 90.9 0
4.25 54.7 1
1.9 52.9 1
27.4 46.6 1
52.4 80.3 0
56 98.7 0
58.7 66.5 0
58.5 95.9 0
57.4 55.4 0
5.18 46.3 1
53.5 98.7 0
58.6 53.2 0
58.5 93.4 0
32.6 98.8 0
59 87.5 0
58.8 57.5 0
20.9 62.6 1
1.28 92.7 1
5.28 90.6 0
21.7 48.3 1
23.8 49.9 1
52.1 64.3 0
53.4 62.2 0
17.6 90 0
31.3 48.4 1
31.7 91.8 0
32.1 89.2 0
49.4 90.5 0
10.7 77.2 0
35.8 86.2 0
10.1 49.7 1
2.43 86 1
9.43 98.1 0
43.8 96.9 0
29.5 80.5 0
27.4 82 0
55 76.5 0
10.9 64.8 1
12.7 65.3 1
16.2 96.6 0
58.6 49.1 0
25.8 96 0
23.6 98.1 0
67.3 31.2 1
74.8 10.8 1
82.1 8.78 0
80.8 21.4 0
82.3 30.4 0
73.8 25.5 0
64.8 35.8 0
76.9 25.4 0
69.9 11.9 1
70.3 8.48 1
68.2 10 1
72.8 28.7 1
64.3 23.9 1
88.6 10.4 0
64.3 30.4 1
87.5 41.6 0
70.3 3.33 1
85.4 14.6 0
85.2 25.5 0
72.1 36.9 0
62.9 41.4 0
68.8 40 0
61.4 37.8 0
75.6 33.3 0
62 18.3 1
72.4 17.2 1
88.4 35 0
63.2 9.38 1
61.7 5.53 1
76.4 43.4 0
66.8 43.4 0
82.9 13.7 0
61.5 12.5 1
61.4 28 1
61.4 26.7 1
67 1.6 1
88.9 27.3 0
88.9 28.5 0
84.6 7.88 0
70 21.5 1
86.3 18.6 0
77.5 28.4 0
87.3 32.9 0
88.9 31.8 0
77.2 1.33 1
75.8 3.05 1
82.5 1.33 0
64.9 20.5 1
62.9 22.2 1
84.7 4.88 0
88.8 3.93 0
65.9 69.7 0
69.6 76 0
72.7 71.8 0
84.3 77.3 0
78.5 77.6 0
68.6 66.1 0
71.2 49.7 0
61.8 56.1 0
81.1 83.5 0
81.7 91.6 0
80.1 74.8 0
86.8 90.6 1
86.5 60.5 0
61.8 95.5 0
64.6 98.3 0
88.1 72.6 0
67.1 47.1 0
61.8 53.6 0
64.5 86 0
70.9 92.3 0
68.1 89.1 0
88.6 83.1 0
88.4 65.9 0
88.4 63.4 0
76.3 46.7 0
67.1 98.3 0
61.8 93 0
61.7 62.6 0
72.7 98.6 0
61.4 87.4 0
88 57.2 0
86.1 98.7 1
83.6 98.7 1
88.6 95.9 1
88.6 93.4 1
65.8 77.2 0
63.2 48.9 0
81.5 52.6 0
74.8 96.6 0
196 40.5 0
155 17 0
155 19.5 0
137 29.5 0
186 42.1 0
122 35.3 0
148 39.3 0
126 17.1 0
120 20.6 0
108 24.6 0
199 27 0
125 32.6 0
113 35.5 0
171 17.3 0
191 2.18 1
135 26.6 0
171 19.9 0
188 40.7 0
138 14 0
161 39.7 0
93.7 2.55 0
93.2 34.3 0
176 16.4 0
113 29.9 0
147 14.3 0
142 13.7 0
142 35.4 0
158 22.7 0
191 13.1 0
126 27.7 0
105 2.18 0
104 33.1 0
138 36.2 0
142 33.1 0
194 32.7 0
169 28.1 0
135 17.8 0
189 35.9 0
192 26 0
98.4 23.8 0
99.3 40.4 0
194 9.03 0
107 27.2 0
91.7 36 0
138 32.5 0
173 25.2 0
176 30.7 0
155 33.3 0
162 35.7 0
103 2.18 0
147 8 0
167 20.2 0
161 22.3 0
106 18 0
91.8 5.6 0
188 13 0
149 41.7 0
166 5.25 0
112 17.6 0
99 33.9 0
196 29.8 0
184 43.7 0
136 34.8 0
91.8 18.7 0
166 16 0
110 16.3 0
168 35.4 0
161 5 0
138 41.8 0
195 23.5 0
95.1 28.9 0
163 3.45 0
167 43.4 0
91.9 12.8 0
91.9 27.7 0
91.9 26.5 0
151 1.55 1
127 3.1 1
182 42.1 0
185 16.2 0
153 25.1 0
102 12.2 0
97 1.68 0
180 25 0
101 35.9 0
117 1.28 1
100 16.6 0
119 30.4 0
167 1.8 0
164 31.6 0
144 43.5 0
139 1.53 1
92.9 8.33 0
104 12.2 0
172 42.1 0
135 2.93 1
149 36.7 0
183 37.7 0
177 40.9 0
195 1.45 1
112 1.43 0
92.4 44.2 0
189 31.1 0
173 43.7 0
141 43.5 0
191 43.6 0
176 38.3 0
144 1.55 0
123 43.6 0
104 43.5 0
122 43.6 0
130 10.6 0
106 34.6 0
106 36.7 0
149 10.3 0
120 41.8 0
115 16.9 0
108 5.53 0
178 32 0
165 24.8 0
108 9.08 0
124 26.7 0
124 24.6 0
93.3 23.7 0
95.1 22.4 0
186 21.9 0
182 19.4 0
107 43.4 0
161 29.7 0
159 35.2 0
156 26 0
94.8 9.95 0
93.9 42.7 0
128 19 0
128 41.9 0
172 1.8 0
173 10.4 0
172 11.4 0
125 3.1 1
91.7 39.5 0
94.1 41 0
125 39.8 0
97.7 43.6 0
171 91.6 0
171 57.6 0
177 63 0
175 64.3 0
189 83.3 0
103 65.9 0
178 57.1 0
156 80 0
136 68.4 0
132 82.1 0
184 72.8 0
109 58.8 0
118 73.3 0
175 67.1 0
135 80.5 0
108 53.9 0
107 56.2 0
98.5 58.2 0
126 67.9 0
179 92.8 0
110 65.6 0
152 84.6 0
94.9 98.5 0
109 85.1 0
175 49.9 0
176 82.8 0
130 84.6 0
99.3 85.7 0
153 72.4 0
115 71.9 0
150 57.2 0
110 88.9 0
185 63.9 0
170 61.2 0
151 75.6 0
177 52.9 0
172 85.5 0
138 54.9 0
157 66.5 0
139 66.5 0
108 95.1 0
93.2 55.9 0
149 54.9 0
191 47.9 0
174 55 0
128 69.5 0
179 84.3 0
199 91.3 0
112 53.4 0
155 65.8 0
132 50.1 0
99.5 66.5 0
192 50 0
92.5 78.7 0
111 86.1 0
152 70.3 0
141 68.3 0
132 53.2 0
195 91.9 0
180 97.4 0
164 71.3 0
191 97.9 0
151 96.6 0
125 81.5 0
168 79.5 0
106 80.1 0
126 84.2 0
166 78 0
134 48.3 0
105 98.1 0
133 56.6 0
95.3 49.7 0
154 63.4 0
193 96.5 0
148 75.9 0
127 72.5 0
91.8 53.6 0
143 79.4 0
195 57 0
136 56.9 0
139 98.4 0
165 60.1 0
109 75.8 0
178 48.2 0
158 55.9 0
164 56.8 0
156 54.3 0
133 95.7 0
165 96.8 0
124 75.2 0
142 85.1 0
131 78.5 0
174 46.6 0
116 97.9 0
162 62.8 0
98.1 48.5 0
180 77.3 0
100 50.1 0
137 49.7 0
139 77 0
190 60.6 0
168 82.1 0
166 72.7 0
141 62.2 0
146 87.1 0
163 98.2 0
149 91.1 0
136 59.7 0
139 90.7 0
166 46.7 0
157 72.3 0
140 70.6 0
92.5 85 0
109 62.8 0
106 86.4 0
146 46.5 0
178 98.8 0
164 46.7 0
102 98.1 0
146 98.6 0
138 85.9 0
172 46.6 0
123 98.3 0
164 79.2 0
91.4 57.7 0
114 79.8 0
126 56.2 0
143 89.7 0
122 98.3 0
91.5 46.3 0
91.5 47.5 0
91.3 93.2 1
141 98.4 0
139 46.5 0
142 74.3 0
199 85.2 0
104 46.6 0
157 98.8 0
123 46.5 0
122 46.5 0
196 85.6 0
140 46.5 0
91.3 66.7 0
185 46.6 0
181 65.8 0
181 68.4 0
118 56 0
132 88.9 0
107 70.3 0
187 81.2 0
147 61.9 0
150 60.8 0
163 83.4 0
102 55.6 0
98.2 77.8 0
119 63.5 0
117 62.7 0
188 97.9 0
132 61.4 0
156 86.5 0
166 90.9 0
144 53.6 0
102 72.7 0
99.9 88.4 0
192 54.9 0
116 83.5 0
182 55.9 0
106 48.1 0
177 78.2 0
185 60.1 0
146 73.8 0
195 88 0
91.3 71.9 0
93.3 72.7 0
158 58.9 0
168 67.1 0
195 61.5 0
153 88.9 0
99.6 70.5 0
197 47.1 0
198 48.6 0
91.4 88.2 0
92.8 90.2 0
94.9 62.4 0
91.3 64.2 0
116 86.1 0
55.2 11 1
55.4 2.73 1
30.6 25.5 1
47.2 28 1
47.7 3.78 1
24.7 36.1 1
46.9 11.8 1
6.78 28.7 1
0.5 3.18 1
46.8 23.5 1
17.5 29.9 1
10.9 12.3 1
56.4 38.7 0
23.6 14.3 1
37.3 4.48 1
27.1 30.9 1
19.5 30.8 1
50.5 39.9 1
51 31.9 1
32.7 34.6 1
4.08 38.4 1
50.1 37.5 1
56.6 8.98 1
19.5 4.73 1
38.9 2.53 1
30.5 3.4 1
20.2 33.9 1
52.7 41.4 0
52.3 35.9 1
0.55 30.4 1
2 33.8 1
5.73 16.2 1
16.6 1.15 1
2.98 21.5 1
11 6.95 1
46.2 35.8 1
40.1 28.9 1
26.8 8.88 1
21.4 8.93 1
12.4 42.2 1
32.1 1.95 1
18.8 14 1
34 12.6 1
33.5 21.2 1
8.28 22.3 1
56.8 16.6 1
43 29.7 1
44.5 16 1
12.5 3.55 1
17.9 1.15 1
49.9 28.6 1
46.5 43.5 1
6.15 3.08 1
14.7 15.3 1
13.9 2.38 1
4.43 11.9 1
34.2 30.3 1
7.48 32.9 1
16.1 18.7 1
44.2 13.8 1
57.3 32.1 1
36.4 15.7 1
6.48 42.6 1
2.6 25.3 1
7.4 8.53 1
9.28 42.6 1
51.9 24.7 1
8.28 39.1 1
57 25.9 1
57.5 0.875 1
57.5 44.2 0
34 15.2 1
58.7 21.9 1
28.3 43.7 1
7.9 1.18 1
48.9 16.9 1
32.8 43.6 1
57.3 12.9 1
57.9 5.78 1
24.5 27.8 1
22.4 27.6 1
56.4 36.7 1
28.7 21.2 1
51.3 20.2 1
44 43.5 1
29.8 11.2 1
15.4 23.6 1
14.3 25.2 1
38.6 33.8 1
27.5 13.3 1
42.9 3.2 1
2.3 43.7 1
3.68 42.5 1
27 3.1 1
15.9 42.4 1
42.3 8.9 1
24.3 18.4 1
41.7 36.6 1
5.33 34.8 1
19.3 41.1 1
49.2 87.3 0
46 83.7 0
24.9 89.2 0
18.8 56.8 1
14.2 50.2 1
13.5 76.7 0
50.1 74.2 0
5.8 70.4 1
40.1 48.3 1
33 49.9 1
45.5 73.1 0
50.2 62 0
39.8 87.8 0
25.9 68 0
35.9 60.7 0
36.3 80.9 0
12.1 69.9 1
15.2 78.9 0
35.3 73.3 0
34.4 58.9 0
27.8 62.6 0
32.5 83.1 0
32.4 52.9 1
21.3 95.2 0
41 53.8 0
37.8 72.7 0
43.6 55.6 0
58.3 73.5 0
51.9 47.9 0
51.5 59.9 0
15.6 60.9 1
12.3 46.5 1
9.45 83.7 0
46.7 98.6 0
58.8 60.8 0
40 80.8 0
29.3 98.8 0
7.55 53.7 1
46.6 77.8 0
0.25 59.3 1
1.2 64.4 1
18.4 98.4 0
7.65 98.1 0
47 46.3 1
57 82.3 0
35.8 55.9 0
28.5 46.6 1
7 46.3 1
52.3 77.8 0
57.5 45.6 0
57.2 97.3 0
58.5 92.3 0
31.5 98.8 0
59 88.6 0
58.8 58.6 0
3.95 92.5 0
16.3 57.7 1
9.2 56.3 1
40.4 94.6 0
9.33 68.9 1
30.7 46.6 1
13.6 54 1
43.9 77 0
43.3 74.6 0
51.2 92.5 0
21.9 83.1 0
26.2 56.3 1
29 86.6 0
44.2 98.6 0
58.7 77.4 0
20.9 90 0
4.63 59.4 1
1.25 46.4 1
2.68 47.6 1
31.7 58.5 0
56.1 47.2 0
17.1 98.4 0
27.9 96.7 0
23.1 96.8 0
69 25.1 1
62.9 34.9 0
78.9 23.6 0
86.1 2.53 0
70.4 28 1
83.5 11 0
78.1 14.2 1
61.4 32.7 1
78 7.65 1
61.4 36.1 1
87.2 38 0
86.2 42.8 0
83.7 43.6 0
72.2 1.73 1
64.3 42.6 0
88.8 39.8 0
64.5 2.48 1
61.5 10.7 1
69.9 15.4 1
88.4 21.8 0
61.4 39.6 0
87.5 0.875 0
62.8 0.875 1
62.8 44.2 0
68.1 1.6 1
87.5 44.2 0
87.4 13.2 0
71.6 23.5 1
85.1 17.2 0
88.4 19.3 0
77.1 16.4 1
63.4 16.6 1
67.7 36.9 0
73.1 41.9 0
83.5 2.98 0
87.3 4.43 0
87.2 9.45 0
66.3 71.5 0
72.1 79.8 0
65.6 66.9 0
84.7 84.4 0
71.4 73.7 0
76.9 55.8 0
71.4 82.8 0
83.8 74.6 0
71.3 70.1 0
65 79.6 0
73.2 54.7 0
74.9 70.6 0
75.2 90.5 0
80.6 80.9 0
88.6 81.7 0
86.5 68.8 0
67.5 86.5 0
86.4 54.9 0
70.9 64.3 0
79.6 85.1 0
80.2 89.8 0
88.3 53.1 0
63.2 96.9 0
88.4 62.3 0
88.3 88.3 0
61.7 61.5 0
88 58.3 0
62.8 45.6 0
87.5 45.6 0
83.3 46.5 0
88.6 92.3 1
87.3 97.3 1
61.2 83.5 0
61.7 59.3 0
63.5 57.6 0
88.6 79 0
64.6 47.7 0
68.5 48.1 0
61.7 65.1 0
80.6 96.8 0
68.7 96.8 0
63.2 91.4 0
73 47.7 0
85.8 47.1 0
87.1 48.4 0
63.8 75.6 0
63.8 73.1 0
78.2 98.1 0
158 16.8 0
154 39.8 0
110 10.9 0
118 14.8 0
146 31.4 0
152 11.9 0
162 10.3 0
131 23 0
145 39.3 0
197 41.9 0
134 35.9 0
117 23.6 0
123 17.8 0
161 8.15 0
141 9.3 0
182 9.93 0
193 3.63 0
161 19.4 0
138 27 0
153 37.2 0
182 12.3 0
187 26.2 0
174 20.9 0
157 21.5 0
103 30.7 0
165 40.1 0
99.6 37.5 0
133 23.8 0
175 14.6 0
94.7 35.5 0
113 22.1 0
120 36.6 0
143 10.6 0
110 33.6 0
140 35.1 0
111 30.5 0
97.7 35.5 0
176 12.5 0
188 4.95 0
93.2 37.1 0
100 5.3 0
195 20.2 0
130 3.25 1
140 32.7 0
194 25.8 0
114 3.45 0
116 3.3 1
132 1.4 1
196 27.4 0
136 20 0
117 21 0
102 20.6 0
116 31.5 0
168 9.38 0
114 40.4 0
117 33.9 0
120 8.53 0
176 26.4 0
158 24.5 0
141 22.2 0
166 34.2 0
173 14 0
158 41.6 0
190 43.6 0
142 25 0
166 3.23 0
148 14.6 0
165 18 0
137 10.9 0
171 32.3 0
170 34.7 0
102 17.8 0
186 9.8 0
153 20.3 0
144 21 0
99.5 10.2 0
179 35.5 0
121 31.3 0
127 29.3 0
146 21.9 0
132 16.9 0
131 18.2 0
119 28.2 0
91.5 32.3 0
149 17.3 0
139 43.5 0
146 24.6 0
193 42.3 0
174 40.9 0
184 30.9 0
164 1.43 0
141 3.08 0
185 36.2 0
91.1 9.55 0
104 16.5 0
182 36.7 0
117 42 0
132 30.6 0
178 42.2 0
144 26.4 0
119 40.5 0
143 1.55 0
122 2.53 1
174 38.3 0
142 43.5 0
137 1.53 1
175 42.5 0
157 1.55 0
183 1.53 0
91.9 0.875 0
127 24 0
133 2.93 1
114 24.1 0
123 20.7 0
163 41.7 0
93.8 16 0
125 36.5 0
126 34.7 0
93 11.2 0
187 37.6 0
166 37.3 0
186 20.1 0
105 20.8 0
180 20.5 0
184 19.9 0
106 42 0
124 7.55 0
161 31.6 0
199 3.33 1
148 1.55 0
147 3.1 0
190 21.1 0
192 18.7 0
99.2 30.8 0
101 29.5 0
186 1.53 1
124 4.38 1
93.2 39.2 0
179 42.2 0
197 75.6 0
178 65.6 0
135 84.4 0
104 62.5 0
147 83 0
120 89.6 0
185 91 0
134 92.7 0
132 86 0
189 86.4 0
102 60.7 0
114 67 0
146 66.7 0
177 68.2 0
189 97.9 0
116 57.3 0
200 53.3 0
168 53.7 0
120 71.9 0
109 82.9 0
191 75.1 0
137 70.9 0
184 70.2 0
177 91 0
199 57.6 0
181 73.5 0
105 57.1 0
102 79.9 0
112 94.9 0
163 88.7 0
133 59.4 0
97.4 80 0
126 63.7 0
168 62.5 0
93.8 52.4 0
168 48.2 0
102 84.6 0
115 69.3 0
97.1 84.3 0
199 63.1 0
196 58.1 0
106 96.8 0
146 80.1 0
175 52.7 0
137 52.8 0
164 68.7 0
112 75.9 0
161 54.4 0
195 47.1 0
163 95.5 0
160 77.1 0
137 95.5 0
174 98.5 0
96.6 98.5 0
118 48.3 0
108 92.1 0
135 97.2 0
119 95 0
162 65.5 0
111 97 0
136 77.6 0
188 76.6 0
162 61.3 0
123 80.1 0
114 48.2 0
113 82.3 0
161 97 0
128 81.1 0
155 56.5 0
128 61.8 0
153 96.8 0
120 69 0
134 75.1 0
116 46.8 0
156 48.3 0
175 48 0
157 92.2 0
143 60.7 0
100 53.3 0
140 86.3 0
184 81.6 0
147 90 0
120 61.1 0
131 75.9 0
148 46.5 0
145 91.3 0
160 89.4 0
180 48.2 0
130 79.9 0
128 48.2 0
187 46.6 0
138 92.5 0
179 71.8 0
144 48 0
141 77.1 0
183 84 0
167 73.9 0
121 81.1 0
192 62.4 0
145 97 0
91.3 92.1 1
126 49.7 0
126 92.6 0
141 89.2 0
142 46.5 0
126 95.6 0
143 98.4 0
91.1 83.2 0
167 98.6 0
183 98.6 0
157 46.5 0
177 46.4 0
196 98.6 0
148 98.6 0
197 78.3 0
95.7 76.2 0
120 57.6 0
186 86.9 0
170 89.6 0
104 70.8 0
165 81.8 0
101 77.4 0
186 96.5 0
123 88.7 0
200 96.4 0
112 91.6 0
97.9 90.1 0
190 56.1 0
186 55.1 0
184 53.6 0
184 57.4 0
107 46.5 0
156 59.2 0
153 87.1 0
161 48.2 0
129 98.5 0
94.8 89.5 0
172 97.1 0
92.7 62.9 0
91.3 95.7 1
93.3 98.5 1
45.8 5.05 1
26.8 35.6 1
32.6 25.6 1
26.7 24.3 1
34.1 23.6 1
9.25 26.4 1
49.1 1.85 1
13.6 9.45 1
25.2 5.53 1
27.8 33.3 1
11 10.6 1
40.8 42.1 1
20.2 7.15 1
44.3 34.6 1
46.9 18 1
3.8 36.5 1
55.2 40.6 0
51.5 13.3 1
10.5 20.7 1
11.5 27.2 1
10.8 17.2 1
20.2 2.8 1
8.93 15.7 1
14.8 21.8 1
5.98 39 1
25.1 15.9 1
55.4 18.5 1
19.3 10.3 1
50.8 34.1 1
14.7 6.45 1
21.9 43.5 1
48 21.9 1
9.4 8.78 1
18.5 38.1 1
48.6 35.7 1
51.6 1.85 1
12.7 5.7 1
16.3 38.1 1
22.5 1.65 1
41.5 22 1
22.1 20.2 1
38.3 30.9 1
4.33 14.6 1
17.1 15.6 1
5.03 41.3 1
2.63 1.9 1
10.8 41 1
41 19.5 1
31 20.2 1
21.6 24 1
37.8 43.6 1
2.3 31.3 1
37 10.7 1
17.9 18 1
6.28 21 1
38.7 12.7 1
28.5 1.45 1
40.6 12.1 1
57.1 29.6 1
14.3 1.15 1
10.2 38.8 1
7.63 43.8 1
58.7 25 1
58.7 23.1 1
58.7 0.875 1
58.7 44.2 0
33 41.6 1
31.3 40.2 1
45.2 28.2 1
45.4 8.03 1
3.8 29.1 1
55.2 35.4 1
52.3 18.4 1
24 10 1
29.2 9.18 1
17.4 24.2 1
16.3 25.9 1
14.2 31.4 1
12.4 30.6 1
13.9 34.1 1
27.6 15.1 1
38.6 8.4 1
38.1 18.9 1
16.6 41 1
15.2 43.4 1
11.7 34.8 1
10.8 32.6 1
18.2 42.6 1
41.2 50.6 1
42.2 66.3 0
31.4 86.2 0
33.3 88 0
44.4 67.9 0
23.3 53.3 1
1 84.1 1
20.6 68.4 0
18.8 66.7 0
49.6 83.6 0
47.5 89.9 0
9.8 63.1 1
45.2 50.4 0
8.48 58.4 1
55.6 62.8 0
41.5 91.4 0
26.3 87.3 0
3.8 96.8 0
21.1 46.7 1
19.3 79.4 0
7.85 64.6 1
40.9 61.4 0
30.6 69.9 0
22.1 85.3 0
30.6 67.3 0
15.6 88.6 0
23.9 81.1 0
42.1 46.8 1
43.2 59.9 0
9.18 77.3 1
27.7 70.4 0
21.7 75 0
8.68 88.3 0
46.6 66.9 0
17.2 90.2 0
57.1 70.3 0
28.6 56.3 1
37.8 81.6 0
31.2 81.5 0
7.78 85.9 0
24.2 75.9 0
14.3 84.7 0
55.4 91.1 0
27.9 65.9 0
15.9 48.2 1
16.3 85.9 0
41.6 83.5 0
50.2 97.3 0
37.8 67.5 0
40.6 85.2 0
58.7 67.9 0
8.93 52.1 1
3.78 63 1
29.3 59.3 0
19 46.7 1
24.5 91.5 0
50.5 76.6 0
45.8 53.6 0
52.2 98.7 0
21.9 92.1 0
37.8 46.5 1
5.38 54.5 1
13.6 98.2 0
1.73 98.7 0
58.6 49.7 0
19 98.4 0
58.6 51.8 0
20.1 61.4 1
21.1 64.3 1
19.3 58.7 1
21.8 59.4 1
42.9 95.2 0
29 96.7 0
14.7 55.2 1
10.6 54.6 1
37.4 86.8 0
19.8 82.3 0
10.1 47.8 1
6.95 75.1 1
1.35 77.1 1
1.88 79.6 1
57 75.9 0
52.3 55.3 0
3.08 60.4 1
16.5 98.4 0
15.6 96.6 0
25.3 94.7 0
75.8 9.05 1
75.4 12.6 1
70.6 19.1 1
76.6 4.85 1
80.9 37.4 0
80 40.1 0
80 25.5 0
71 4.58 1
80.4 7.58 1
80.7 19.2 0
81.5 28.7 0
82.8 26.2 0
69.3 42 0
76.3 35.3 0
78.6 1.33 1
87.2 36.2 0
79.2 35.6 0
70.6 13.6 1
71.5 43.5 0
67.8 43.4 0
88.9 30.6 0
75 30.2 0
61.5 13.7 1
87.2 25.3 0
88.4 23 0
63.1 24.5 1
88.9 26.6 0
61.4 26.1 1
88.9 29.1 0
88.8 0.875 0
88.7 44.2 0
77.3 41.5 0
87.2 17.8 0
74.7 16.2 1
65.1 18.2 1
61.5 15.8 1
78.7 28 0
69.3 35.5 0
81.2 1.33 1
82.3 2.98 1
68.1 17.3 1
61.4 28.6 1
62.9 29.9 1
86 11.1 0
69.9 77.9 0
84.1 80.4 0
86.1 88.7 0
77.4 91.5 0
64.2 66.1 0
84.3 61 0
68.7 83 0
79.1 53.5 0
72.3 52 0
84.7 91 0
76.9 78 0
80.4 61.1 0
79.1 63.7 0
67.4 79.7 0
77.4 71.5 0
61.8 52.2 0
81 87.5 0
88.4 67.3 0
79.9 48.1 0
88.1 71.4 0
77.7 46.7 0
71.4 46 0
82.3 98.7 1
61.4 88.4 0
62.7 85.5 0
71.6 98.6 0
81 66.3 0
86.3 78.3 0
70.8 57.2 0
61.8 50.2 0
69.2 46 0
78.3 73.8 0
81 94.7 0
69.4 98.6 0
75 65.5 0
61.4 90.6 0
78.5 96 0
76.5 94.5 0
198 9.23 0
159 19.5 0
148 32.7 0
107 22.8 0
117 12.4 0
112 9.4 0
152 41.8 0
196 38.1 0
144 32.6 0
132 40.1 0
115 27 0
189 27.7 0
110 13.6 0
115 19.1 0
180 5.1 0
168 26.1 0
132 9.2 0
200 5.73 0
114 29.8 0
151 40 0
174 4.1 0
166 11.3 0
178 3.58 0
122 35 0
130 33.8 0
134 8.88 0
94.1 4.7 0
117 26.5 0
113 19.7 0
148 34.9 0
119 34.5 0
185 27.4 0
185 29.6 0
199 32.2 0
133 26.1 0
155 31.4 0
181 24.3 0
129 12.5 0
192 4.88 0
184 18.1 0
151 37.4 0
114 37.6 0
142 20.4 0
136 17.1 0
137 31.5 0
169 30.7 0
155 8.7 0
96.5 5.28 0
188 42.3 0
190 3.43 0
138 40.6 0
92.9 6.6 0
138 15.6 0
145 41.6 0
192 33.4 0
98.8 24.3 0
100 42.1 0
107 27.4 0
192 35.7 0
167 7.5 0
152 18.1 0
190 35 0
187 12.5 0
177 30.9 0
144 16.2 0
91.9 24 0
144 19.2 0
179 32.2 0
102 3.63 0
91.9 13.9 0
186 43.7 0
155 35.5 0
177 18.9 0
160 2.98 0
180 38.3 0
172 1.8 0
156 23.2 0
196 31.8 0
178 37 0
125 41.8 0
179 33.7 0
106 11.8 0
97.9 3.13 0
190 32.7 0
130 29.3 0
126 12.1 0
148 43.2 0
128 1.85 1
108 17.6 0
101 12.1 0
93.4 28.6 0
134 21.3 0
183 32.4 0
166 24.2 0
154 3.1 0
158 43.6 0
131 15.2 0
91.9 25.9 0
131 20.5 0
162 24.6 0
169 43.4 0
100 8.13 0
171 43.4 0
184 1.53 0
195 43.7 0
98.2 43.6 0
97.1 10.2 0
149 1.55 0
109 43.4 0
102 43.5 0
124 43.6 0
184 14.2 0
158 1.55 0
128 43.2 0
167 22 0
144 36.5 0
166 31.9 0
111 43.4 0
154 23 0
151 1.55 0
176 43.8 0
125 30.2 0
94.2 42.7 0
111 1.43 0
117 43.7 0
195 1.45 0
91.5 31.1 0
185 43.7 0
92.7 44.2 0
91.2 0.875 0
129 24.8 0
149 11.6 0
133 5.3 0
157 39.9 0
153 15.7 0
125 23 0
150 26.4 0
127 15.2 0
106 2.18 0
108 3.6 0
115 15.8 0
91.8 17.4 0
108 9.63 0
134 41.9 0
164 36.1 0
181 21 0
160 34.4 0
157 29.3 0
157 27.8 0
187 2.78 0
169 1.8 0
125 1.85 1
198 16.6 0
121 43.6 0
181 40.9 0
126 67.5 0
169 56.1 0
118 88.1 0
150 83.3 0
173 57.1 0
147 63.4 0
134 82 0
101 75.3 0
147 68.7 0
180 55.4 0
132 67.2 0
171 72.3 0
119 54.1 0
101 82.5 0
193 87.9 0
184 63.1 0
172 68.3 0
174 73.7 0
167 50.5 0
129 69.1 0
185 60.9 0
199 67.9 0
110 58 0
103 68.5 0
192 70.1 0
98 82.2 0
174 78 0
153 79.4 0
111 84 0
95.2 54.7 0
143 67 0
177 79.2 0
108 74.4 0
173 63.3 0
115 59.8 0
112 66.2 0
184 50.4 0
193 83.1 0
149 53.5 0
152 76.5 0
146 85.1 0
110 55.2 0
182 91.8 0
160 74.4 0
124 86.1 0
162 56.3 0
176 82.2 0
181 50.1 0
164 72.4 0
153 91.1 0
176 97.3 0
111 98.7 0
166 55.5 0
102 88.5 0
142 54.9 0
99.4 96.6 0
134 54.4 0
105 88.7 0
169 46.6 0
154 66.2 0
154 63.8 0
160 59.1 0
99.8 60.5 0
186 46.6 0
114 73.9 0
130 49.5 0
125 62.1 0
125 53.2 0
127 54.7 0
131 97.3 0
138 60.4 0
98.3 55.3 0
143 80.8 0
97.5 98.5 0
128 83.8 0
138 97.2 0
93.5 48.3 0
163 93 0
167 60.7 0
117 96.8 0
140 64.6 0
143 83.5 0
105 86.3 0
154 46.8 0
151 95.4 0
121 97.1 0
91.3 70.7 0
169 78.9 0
91.1 79.1 0
118 67.8 0
127 60.2 0
166 76.3 0
91.4 58.7 0
161 98.8 0
102 98.1 0
151 92.5 0
189 46.6 0
160 91.7 0
184 98.6 0
155 95.6 0
109 61.6 0
102 48.1 0
124 97.1 0
162 78.2 0
114 78.4 0
155 92.8 0
121 46.5 0
109 46.5 0
117 75.3 0
172 46.6 0
181 97.4 0
138 47.8 0
124 47.9 0
194 98.6 0
117 77.8 0
111 46.5 0
168 98.6 0
134 46.4 0
198 98.6 0
98.6 46.5 0
91.3 68.1 0
178 98.8 0
157 98.8 0
92.7 45.6 0
94.8 78.3 0
185 88.4 0
186 94.1 0
192 96.5 0
108 70.9 0
187 79.5 0
163 83.9 0
150 48.3 0
118 65.1 0
116 64.3 0
105 79.3 0
94.6 85.4 0
97.4 64.3 0
131 62.1 0
91.4 60.9 0
189 68.6 0
191 68.2 0
165 90.7 0
110 90.7 0
196 61.2 0
163 46.7 0
100 69.2 0
130 52.6 0
127 97.3 0
198 50.5 0
93.5 87.5 0
92.5 97.1 1
20.9 5.23 1
34.5 37.1 1
40.7 39.9 1
29.6 41.7 1
50.4 16.3 1
56.6 3.9 1
23.9 36.9 1
38.7 25 1
57.9 5.8 1
24.6 40.3 1
23.1 4.08 1
57.9 9.25 1
6.93 16.5 1
21.1 35.3 1
7.35 18.8 1
23.2 12.6 1
1.73 35.8 1
10.2 18.7 1
9.05 24.1 1
11 13.8 1
45.4 23.6 1
50.4 22.5 1
18 8.48 1
27.6 29.2 1
12.3 21.7 1
20.2 12.5 1
43.4 17.5 1
25.8 22.5 1
42.8 43.5 1
26.7 20.6 1
28.3 43.7 1
25.7 8.53 1
39.2 1.28 1
43.2 22.3 1
49.6 41.5 1
34.5 20.3 1
13.5 43.4 1
12.7 25.6 1
12.9 15.2 1
51.8 43.1 1
32.5 15.6 1
15.3 8.2 1
6.15 7.63 1
22.9 22.5 1
30.4 16.6 1
18.5 1.15 1
47.8 43.5 1
58.6 14.4 1
58.8 30 1
58.6 16.4 1
58.8 31.5 1
16 1.15 1
41.8 1.28 1
1.38 43.7 1
8.28 1.18 1
44.4 26.2 1
55.1 27.1 1
37.7 41.4 1
32.1 1.95 1
30.5 3.4 1
12.9 2.33 1
38.3 35.1 1
37.7 16.9 1
37 19.8 1
41 9.43 1
24.3 19.4 1
41 36.4 1
18.8 43.7 1
20 42.2 1
17.6 60.7 1
43.2 49.1 1
24 50.4 1
32.3 79.4 0
38 72.1 0
50.3 86.3 0
35 78.9 0
31.4 76.9 0
34.1 76.4 0
6.95 70.1 1
52.7 69.6 0
0.1 66.2 1
20 55 1
12 76.7 0
55.6 95.9 0
45.4 82.9 0
18.6 84.6 0
15.2 80 0
14.4 72.9 0
0.6 69 1
6.08 88.6 0
5.18 86.2 0
23.5 67.8 0
44.1 92 0
52.4 50 0
25.7 82.7 0
54.8 83 0
19 71.1 0
15.3 67.7 1
24.5 84.9 0
50.5 53.2 0
14.2 61.6 1
7.85 79.7 1
11.5 91.5 0
34.3 95.3 0
26.5 74.6 0
15 46.5 1
6.1 78.8 1
32.9 93.2 0
9.3 84.4 0
6.93 46.3 1
35.3 65.6 0
27 63.9 0
58.8 58.6 0
38.1 84.3 0
0.325 46.4 1
57.3 48.5 0
5.83 57.4 1
28.5 46.6 1
58.3 72.3 0
50.8 46.3 1
13.2 46.5 1
20.5 97.1 0
8.03 98.1 0
48 98.6 0
22.3 98.7 0
52.1 81.6 0
58.7 81.3 0
48.3 46.3 1
58.7 98.6 0
58.7 78.6 0
58.7 45.6 0
45.2 71 0
52.7 65 0
30.7 46.6 1
31.3 95.2 0
32.7 97.3 0
11.8 55.9 1
36 61.2 0
53.9 87.8 0
55.9 86.4 0
24.9 55.5 1
58.8 60.8 0
5.58 76.2 1
50.8 70.4 0
11.1 94.7 0
47.3 62.5 0
3.23 77 1
3.75 79.6 1
55.4 54.7 0
51.7 57.6 0
19.3 88.9 0
43.3 97 0
36.5 96.5 0
56.9 93.4 0
85.8 32.4 0
80.4 4.78 1
78 3.13 1
85.7 35 0
75.2 40 0
61.5 10.7 1
83 17.7 0
82.8 32.1 0
70.2 28 1
72.9 2.98 1
63.1 3.65 1
61.7 5.55 1
74.6 37 0
68 29.6 1
71.2 7.3 1
73.4 13.8 1
61.4 36.1 1
62.9 34.9 1
88.8 36.3 0
62.8 41.4 0
88.5 5.6 0
88.8 16 0
82.5 43.6 0
87.5 42.8 0
61.4 39.6 0
61.4 31.6 1
61.7 22.8 1
88.8 14 0
88.8 39.8 0
61.4 44.2 0
61.4 0.875 1
81 14.2 0
63.2 9.38 1
63.1 17.3 1
88.5 9.05 0
62.5 68.2 0
64.3 70.7 0
86.4 82.5 0
85.1 68.1 0
83.5 73.6 0
74.1 78.8 0
70 71.9 0
78.5 50.4 0
72.6 84 0
86.2 62.8 0
65.2 57 0
76.3 48.9 0
74.1 49.9 0
65 95.1 0
61.7 61.5 0
68 95.1 0
65 92.2 0
86.4 92.7 1
84.5 54.6 0
74.8 85.8 0
61.8 72.4 0
88.3 51.6 0
61.4 98.6 0
82.1 46.5 0
88.8 98.6 1
61.2 82 0
61.4 45.6 0
88.7 45.6 0
85.8 58.8 0
61.7 59.3 0
84 87 0
73.9 88.9 0
61.8 77.4 0
63 79.3 0
75.1 68.5 0
73.2 65.6 0
69.7 92 0
68.1 90.5 0
87.1 48.4 0
88.3 49.6 0
78.1 58.4 0
65 49.1 0
106 24.4 0
171 24.9 0
198 37.7 0
132 34.3 0
173 24.7 0
109 21.7 0
199 40.1 0
130 5.63 0
106 35.1 0
133 37.4 0
160 8 0
123 17.4 0
106 37.2 0
193 9.58 0
190 26.3 0
153 10.6 0
188 42.3 0
100 27.7 0
191 17.4 0
165 9.38 0
160 29 0
191 13.8 0
161 26.8 0
109 35.2 0
173 8.73 0
121 33 0
157 9.03 0
134 32.2 0
110 29.4 0
154 43.3 0
145 28.3 0
177 3.58 0
157 36.7 0
188 21.1 0
138 27.3 0
146 34.7 0
181 7.83 0
131 11.2 0
98.2 29.1 0
93 12.3 0
93 34.6 0
137 19.3 0
142 14.8 0
154 5.55 0
158 26.2 0
173 32.2 0
140 19 0
99 16.6 0
106 40.1 0
167 16.1 0
140 16.3 0
188 30 0
107 13.7 0
177 26.9 0
179 1.28 0
192 42.3 0
123 8.7 0
190 43.6 0
120 8.88 0
131 31.7 0
139 42.2 0
121 27.8 0
140 8 0
125 10.8 0
114 42.1 0
142 9.33 0
171 1.8 0
119 38.3 0
123 26.9 0
136 10.5 0
91.5 36.3 0
173 42.1 0
127 1.85 1
131 27.2 0
127 33.5 0
114 3.45 0
146 4.08 0
138 37.9 0
91.1 6.1 0
106 16 0
113 1.43 0
164 24.1 0
129 16.5 0
136 1.53 0
127 43.2 0
112 43.4 0
182 2.8 0
184 35.2 0
180 32.2 0
171 36.2 0
146 15 0
185 2.78 0
187 7.68 0
117 3.3 0
173 37.7 0
143 2.53 0
190 1.25 0
153 1.55 0
97.7 8.1 0
162 1.43 0
193 37.5 0
98.6 1.45 0
159 43.6 0
170 10.4 0
197 1.45 0
162 43.6 0
119 1.28 1
101 1.45 0
118 43.7 0
96.6 43.6 0
109 1.43 0
118 1.28 0
91.5 39.7 0
91.5 29.6 0
184 43.7 0
91.1 9.55 0
91.2 44.2 0
121 1.28 1
199 13.3 0
104 30.1 0
114 11.7 0
112 13.8 0
134 1.53 0
188 24.1 0
186 24.4 0
184 25.6 0
123 20.2 0
151 31 0
152 25.7 0
173 21.9 0
171 21 0
95.6 22.9 0
116 35.6 0
118 36.2 0
95.9 16.8 0
188 36.7 0
196 18.7 0
146 6.93 0
140 4.95 0
167 3.23 0
124 3.13 1
199 18 0
95.3 27.6 0
120 42.3 0
180 43.8 0
181 42.4 0
127 65.1 0
172 92.3 0
150 80.9 0
149 62.3 0
199 55.8 0
182 64.7 0
184 73.2 0
190 83.6 0
102 64.4 0
174 92.5 0
158 84.4 0
184 70.6 0
148 79 0
190 86.7 0
186 75 0
164 68.9 0
182 73.9 0
178 90.7 0
167 57.9 0
198 74.1 0
134 67.9 0
149 76.8 0
118 50.3 0
140 57.6 0
111 74.3 0
94.9 72 0
131 64.8 0
117 84.1 0
144 62.2 0
164 86.3 0
121 55.7 0
114 50.1 0
151 55.7 0
143 49.8 0
113 53 0
111 68.4 0
143 64.8 0
120 83 0
193 50.3 0
191 73 0
107 53.3 0
161 52.6 0
142 57.7 0
115 95.5 0
200 65.3 0
132 60.1 0
154 72.6 0
153 46.8 0
162 65.3 0
154 55.3 0
139 54.8 0
174 48 0
162 74.2 0
185 48.6 0
105 55 0
97.7 71.6 0
123 53.3 0
103 86.1 0
184 79.9 0
143 52.9 0
122 95.9 0
177 72.3 0
157 86.6 0
123 75.8 0
179 84.4 0
119 46.5 0
179 52.9 0
171 85.1 0
127 73.9 0
92 51.6 0
151 69.9 0
195 48.6 0
120 92.5 0
141 71.4 0
157 67 0
190 55.8 0
137 77.8 0
92 49.6 0
194 85.5 0
163 62.5 0
131 47.7 0
103 52.9 0
103 49.7 0
145 73.3 0
140 77.5 0
145 91.6 0
123 78.6 0
94.7 47.1 0
130 75.5 0
143 73.6 0
168 66.9 0
182 83.6 0
121 79.7 0
172 78.9 0
147 90.3 0
190 61 0
91.3 92.1 1
128 92.6 0
125 91.5 0
189 46.6 0
150 92.2 0
106 49.7 0
156 71.8 0
150 97.4 0
192 62.8 0
134 98.8 0
128 46.4 0
164 76.7 0
180 46.4 0
120 98.9 0
113 46.5 0
149 98.6 0
136 98.8 0
108 98.7 0
101 46.5 0
133 46.4 0
177 46.4 0
125 46.4 0
136 46.4 0
109 98.7 0
117 98.9 0
159 46.5 0
125 98.8 0
155 97.6 0
180 98.8 0
91.2 98.6 1
91.1 81.8 0
153 98.8 0
177 98.8 0
158 98.8 0
91.2 45.6 0
177 62.1 0
177 59.6 0
155 79.7 0
157 77.8 0
195 76.9 0
192 76.6 0
190 97.9 0
131 90.7 0
106 71.4 0
105 59.9 0
106 61.7 0
164 82.4 0
150 50.3 0
148 46.5 0
182 76.5 0
99.2 63 0
142 48.3 0
139 49.7 0
169 83.2 0
193 53.6 0
161 49.9 0
171 98.6 0
172 95.4 0
193 92.2 0
26 36.4 1
3.85 14.6 1
29.6 26.7 1
36.7 36.9 1
27.7 25.6 1
34.2 39.9 1
31.3 43 1
36.7 4.75 1
38.1 32.2 1
57.9 7.53 1
1.15 5 1
51.4 12.4 1
19.9 37.3 1
4.75 36.5 1
47.3 10.2 1
51.8 32.7 1
11.1 12.1 1
42.8 16.6 1
56.8 41.1 0
2.55 25 1
52.5 26.5 1
40 16.6 1
11.3 23.9 1
25.7 28.1 1
1.6 8.38 1
3.2 3.4 1
58.1 39.2 0
17.4 28.9 1
16.9 26.5 1
8.15 7.88 1
45.1 18.4 1
19.5 29.7 1
48.2 35.6 1
3.55 21.5 1
52 30.5 1
50.7 28.6 1
11.8 42.3 1
34.1 30.8 1
5.53 4.58 1
7.98 27.2 1
15 36.2 1
4.28 9.83 1
30.2 7.93 1
32.9 33.1 1
12.3 30.3 1
11.5 36.4 1
17.3 15.7 1
46.5 22 1
57.2 19.6 1
5.63 21 1
10.5 38.1 1
30.3 18.5 1
4.45 42.5 1
44.4 20.7 1
10.9 1.18 1
28.9 15.1 1
58.7 2.05 1
58.7 21.9 1
58.7 43 0
21.4 27.9 1
28.5 1.45 1
7.55 43.8 1
58.8 32.7 1
48.4 3.68 1
46.5 4.95 1
39.6 27.2 1
45.2 29.2 1
41.3 12.3 1
46.1 7.93 1
6.53 28.6 1
4.68 28 1
45.4 34 1
39.9 23 1
56.8 26.3 1
55.2 29.6 1
58.1 35.8 1
56.8 34.5 1
36.4 39.7 1
33.8 12.1 1
18 19.5 1
20.7 42.2 1
22.6 43.5 1
23.4 41.6 1
19.9 23.9 1
31.7 11.5 1
7.48 32.8 1
9.38 33.1 1
56.1 10.4 1
54.6 11.7 1
36.6 17.8 1
15.9 42.1 1
43.3 13.4 1
40.2 67 0
35.5 72.8 0
6.93 71.9 1
21.9 48.8 1
45.3 61 0
21.2 77.6 0
17.7 80.1 0
32.5 49.8 1
23 57.6 1
56.9 67.9 0
20.5 56.9 1
55.2 70.3 0
23.7 78.5 0
31.9 52.8 1
46.6 78.4 0
40.5 90 0
21.1 72.2 0
10.6 58.5 1
16.7 71.5 0
8.03 50.1 1
2.7 49.1 1
12.6 71.2 1
55.4 49.9 0
2.15 51.9 1
20 86 0
15.1 83.2 0
13.6 90.4 0
51.3 48.4 0
48.9 56.5 0
18.3 48.5 1
26.5 71.9 0
43.1 57.8 0
14.7 95 0
13.6 86 0
15.2 92 0
10.2 89.8 0
47.9 53.9 0
8.95 47.8 1
34.5 59.4 0
39.4 54.1 0
37.6 69.4 0
4.43 95 0
37.1 46.5 1
12.2 60.7 1
15.9 53.2 1
50.5 76.6 0
3.73 92.1 0
43 83.3 0
36.4 54.8 1
52.2 77.7 0
57 75.9 0
58.7 47.5 0
58.7 46.3 0
18.4 98.4 0
17.1 98.4 0
40.3 79.1 0
46.7 64.9 0
42.3 63.8 0
32.9 88.5 0
55.2 64.4 0
52.7 67.3 0
16.4 50 1
24 65 0
28.6 97.9 0
53.1 97.3 0
42.3 77.4 0
41.7 75 0
35.3 63.1 0
54.7 85 0
13 64.1 1
11 63.3 1
28.5 57.1 1
56.9 61 0
50.2 72.4 0
48.7 68.7 0
9.8 96.5 0
12.8 96.6 0
49.3 62 0
55.5 89.3 0
57.5 87.9 0
56.6 52.6 0
51.6 93.6 0
51.1 95.9 0
41.6 98.4 0
38.3 94.9 0
37.3 98.5 0
54.9 92.5 0
27 96.6 0
76.4 10.9 1
65.5 16.9 1
79.3 19.9 0
68.8 25.1 1
74.8 4.78 1
80.8 41.7 0
87.3 31.3 0
83.3 10.8 0
69.5 14.6 1
73.9 7.5 1
69.3 42 0
67.6 9.35 1
82 30.5 0
79.1 17.2 0
64.8 4.53 1
61.5 12.5 1
82.7 36 0
81 34.2 0
74.2 30.6 0
61.4 26.7 1
67.8 43.4 0
67.5 37.1 0
88.4 21.8 0
88.9 27.3 0
88.9 28.5 0
87.3 3.7 0
88.5 7.33 0
61.4 37.9 0
88.8 2.05 0
71.5 43.5 0
88.8 41.6 0
61.4 32.7 1
88.8 12.8 0
71.6 21.5 1
71 19 1
67.3 3.35 1
81.4 15.7 0
78.2 43.1 0
77.4 22.2 0
61.7 7.28 1
64.9 9.23 1
61.4 43 0
61.4 2.05 1
68.5 17.2 1
87.2 19.1 0
61.4 28 1
62.9 29.3 1
87.3 10.7 0
73.3 74.7 0
71.9 76.9 0
87.9 89.3 1
71.3 62.7 0
80.6 54.2 0
67.7 49.5 0
85.8 71.8 0
87 66.5 0
77.2 64.3 0
78.5 79.9 0
84.8 64.6 0
69.4 98.6 0
87.9 91.5 1
61.4 90.6 0
76.8 75.4 0
77.1 84.7 0
69.2 46 0
88.7 47.5 0
88.7 46.3 0
71.6 98.6 0
61.4 88.4 0
71.4 46 0
63.6 52.4 0
84 57.4 0
82.9 66.1 0
72.4 59.1 0
68.8 56.6 0
79.8 72.8 0
83.3 97.3 1
85.8 95.9 1
84.9 93.8 1
69.9 51.8 0
73.3 68.6 0
77.6 69.4 0
79.1 66.9 0
69.9 84.1 0
69 86 0
63.6 50.4 0
76.3 96.5 0
106 5.5 0
195 30.7 0
107 7.98 0
157 16 0
126 40.2 0
196 9.8 0
161 10.1 0
190 38.5 0
119 26.1 0
99.6 37.5 0
174 5.7 0
192 12.1 0
169 27.6 0
169 22.5 0
119 11.3 0
99 40.4 0
119 15.2 0
115 18 0
153 31.2 0
114 29.7 0
167 13.5 0
157 5.88 0
165 20.8 0
165 40.3 0
180 25 0
112 22.6 0
180 12.1 0
161 30.9 0
136 37.9 0
188 13.1 0
97.7 35.5 0
130 41.7 0
172 40.3 0
114 37.6 0
159 3.43 0
123 43.6 0
92.3 4.2 0
111 20.2 0
161 4.85 0
168 41.7 0
140 31.2 0
172 31 0
169 30.1 0
169 12.8 0
138 30.1 0
155 33.6 0
109 19.3 0
173 34.5 0
141 25.8 0
101 17.9 0
192 2.7 0
177 18.6 0
180 19.5 0
177 1.28 0
168 5.48 0
99.5 14.5 0
177 29 0
149 9.6 0
108 41.6 0
144 39.8 0
162 19.4 0
122 29.8 0
135 25.9 0
176 14.5 0
177 12.4 0
189 8.6 0
110 1.43 0
192 7.33 0
124 28.9 0
173 43.8 0
149 17.8 0
148 24.8 0
184 4.05 0
194 1.45 0
148 2.53 0
129 30.3 0
184 14.8 0
153 23.6 0
184 6.78 0
147 20.2 0
178 43.8 0
149 43.2 0
123 1.28 1
121 1.28 1
137 43.8 0
141 36.1 0
142 43.5 0
181 1.28 0
91.5 32.3 0
189 1.25 0
91.5 38 0
144 37 0
91.2 2.05 0
91.1 11.4 0
127 30.9 0
177 43.8 0
92.7 41.6 0
194 43.7 0
105 28.5 0
94.6 12.6 0
105 4.08 0
103 5.53 0
164 18.5 0
102 21.8 0
100 23.5 0
118 21.6 0
156 41.9 0
154 15.8 0
125 22.6 0
150 31.5 0
151 28.6 0
126 16.3 0
125 36.9 0
93.8 24.2 0
93.9 18.3 0
195 27.5 0
194 25.9 0
135 40.6 0
134 43.5 0
166 37.5 0
104 11.1 0
170 16.8 0
171 15 0
144 7.25 0
93.8 26.1 0
93.4 28.6 0
154 29 0
95.8 21 0
122 43.6 0
178 37 0
120 40 0
135 84.4 0
119 86.3 0
161 84.1 0
180 64.5 0
151 64.3 0
98.7 95.1 1
95.9 74.7 0
173 70.1 0
145 70.3 0
113 72.3 0
171 55.6 0
189 81.5 0
188 87.9 0
180 57.6 0
121 85.2 0
174 95.6 0
143 69.1 0
110 83.8 0
132 85.9 0
163 67.2 0
165 50.6 0
114 80.2 0
113 69.9 0
183 58.1 0
199 71.7 0
114 82.9 0
180 91.4 0
187 61.6 0
120 48.5 0
150 85 0
175 75.9 0
98.8 74.3 0
153 86.9 0
169 48.8 0
93 71.3 0
171 67.3 0
112 98.7 0
162 80.1 0
164 71.3 0
135 73.8 0
136 71.3 0
95.2 55.1 0
108 82.8 0
156 52.5 0
94.2 63.2 0
153 74.8 0
96.8 97 1
145 95.5 0
122 68.6 0
156 49.7 0
193 98.6 0
128 71.6 0
132 55 0
103 96.5 0
163 93.3 0
102 76 0
152 90.9 0
131 95.6 0
156 69.3 0
129 95.6 0
182 93.7 0
152 68 0
176 70.1 0
120 72.9 0
140 85.8 0
182 96.1 0
138 61.4 0
91.4 60.9 0
117 74.1 0
181 48.3 0
158 73.7 0
187 54.4 0
127 55.4 0
105 95.2 0
138 52.7 0
107 92.2 0
105 90.3 0
160 87.9 0
141 79.4 0
173 83.5 0
171 65.1 0
183 47 0
178 82.5 0
115 97.6 0
167 90.8 0
109 54.5 0
172 46.6 0
118 78 0
98.3 55.6 0
113 98.7 0
139 95.3 0
157 59.9 0
139 64 0
121 60.7 0
93.1 48.3 0
122 93.4 0
143 98.4 0
127 58.3 0
141 90.4 0
169 64.7 0
109 62.2 0
133 98.8 0
130 78.2 0
198 98.6 0
167 77.2 0
167 98.6 0
139 92.3 0
166 62.1 0
108 48.1 0
137 46.4 0
91.4 58.7 0
179 46.4 0
127 46.4 0
119 98.9 0
126 98.8 0
97.1 46.5 0
152 98.8 0
174 62.3 0
174 59.7 0
195 79.6 0
170 90.3 0
188 94 0
192 95 0
189 96.4 0
193 81.3 0
133 92.5 0
98.2 91.9 0
191 48.2 0
184 76.9 0
184 97.3 0
184 94.9 0
104 77.4 0
106 80.4 0
96.7 63.9 0
187 70.8 0
165 54 0
162 54.5 0
168 73.4 0
117 54.4 0
115 55.3 0
192 65.9 0
113 91.7 0
163 95.9 0
197 69.7 0
195 56 0
174 52.1 0
169 81.4 0
134 82 0
122 46.5 0
124 47.9 0
196 62.1 0
92.5 96.3 1
163 48.4 0
197 50.6 0
92 88.2 1
93.4 90.3 1
127 79.4 0
54.8 4.43 1
37.9 7.2 1
25.4 5.3 1
31.5 26.7 1
29.1 40.2 1
36.2 32.3 1
28.3 33 1
38.2 2.8 1
33.9 5 1
14.6 40.2 1
52 19.6 1
49.6 10.2 1
26.2 40.4 1
12.3 40.4 1
52.3 3.25 1
18.3 8.05 1
20.4 20.1 1
44.5 17.5 1
27.4 38.4 1
17.5 23.3 1
19.4 13.6 1
50.8 22 1
2.68 35.8 1
6.7 18.8 1
32.7 14.2 1
13.1 27.1 1
1.48 19.9 1
55.5 41.9 0
35.9 11.1 1
5.7 38.5 1
50.1 40.3 1
6.28 34.8 1
6.35 23.2 1
24 13.1 1
25.2 15.3 1
38.3 21.4 1
14 31.1 1
55.2 19.8 1
27.9 42.2 1
15.5 7.78 1
16.3 21.3 1
33.8 17 1
53 43.1 0
14.6 15.4 1
2.35 30.9 1
58.1 37.5 1
44 43.5 1
13.9 37.3 1
11.8 28.7 1
11.4 43.8 1
6.75 2.68 1
7.03 30.6 1
32.5 18.8 1
7.78 25 1
24.4 17.3 1
43 8.53 1
46.5 43.5 1
27.6 20.3 1
57.5 1.18 1
58.6 17.7 1
57.5 43.9 0
17 43.7 1
18.2 43.7 1
5.83 43.8 1
43.1 1.28 1
17.9 1.15 1
16.6 1.15 1
9.4 43.8 1
2.18 43.7 1
41.7 26 1
44.5 27.2 1
5.9 15.2 1
39.4 12.9 1
34.4 21.4 1
34.3 23.5 1
21.2 22.4 1
43.5 35.4 1
41.6 23.3 1
56.9 30 1
37.8 42.9 1
21.5 40.3 1
32.3 3.48 1
30.8 4.93 1
25.9 8.3 1
32.2 43 1
27.2 2.88 1
58.2 12.3 1
56.7 13.6 1
13.1 3.63 1
12.3 5.78 1
35.2 74.5 0
42.9 48.8 1
8.55 73 1
43.2 74.2 0
16.2 61.4 1
44.3 77.8 0
17.5 83.3 0
19.8 50.6 1
39.3 74.1 0
48.7 87.5 0
44.9 50.1 0
13.3 78.8 0
47.3 83.5 0
14.9 69.8 1
45.8 80.6 0
34.1 53.2 1
5.68 68.4 1
10.9 72.9 1
36.5 79.6 0
31 86.7 0
37.9 78.1 0
14.6 65.9 1
5.93 89.9 0
12.7 74.6 1
23.6 70.4 0
13.6 88.9 0
55.9 97.2 0
18.7 53.8 1
56.4 82.7 0
23 47.1 1
25.9 48.7 1
47.8 58.8 0
0.35 53 1
2.45 68.8 1
26.7 81.6 0
31.3 70.4 0
4.48 52.9 1
30 82 0
33.9 71.3 0
1.65 84.5 1
53.5 57.7 0
38.1 91.7 0
36 57 0
55.5 59.4 0
6.55 96.3 0
47.7 90.4 0
11.6 85.5 0
3.35 59.3 1
20 90.6 0
27.6 46.6 1
45.1 91 0
41.9 85 0
21 95.4 0
51.7 79.9 0
47 46.3 1
57.4 58.1 0
26.3 87.5 0
58.3 73.5 0
6.98 65.6 1
4.53 63.9 1
21.6 92.3 0
58.7 77.4 0
58.7 82 0
10.4 46.5 1
29.2 60 0
46.7 98.6 0
23 98.7 0
2.1 98.7 0
12.3 46.5 1
20.2 63.1 1
40.4 64.5 0
44.5 71.7 0
35.5 87.5 0
32.9 91.1 0
55.3 66.7 0
30.8 48.3 1
15.5 48.3 1
1.05 47.9 1
30.9 96.4 0
32.3 98.5 0
5.13 47.8 1
38.6 60.7 0
52.7 86.3 0
57.5 98.6 0
40.9 50.3 1
26.4 56.2 1
33.7 67.3 0
31.4 67.8 0
35.5 46.5 1
33.8 48.2 1
6.6 74.1 1
48.1 70.7 0
11.5 98.4 0
29.1 75.8 0
58.6 88.3 0
55.4 56.4 0
7.43 83.1 1
7.48 80.9 1
42.3 79.5 0
58.1 62.2 0
44.6 97 0
39.1 96.9 0
58.4 92.2 0
25.5 92 0
26.4 98.7 0
69.7 22.9 1
73.9 21.2 1
87.2 35.1 0
74.5 40.2 0
81.4 9.05 1
77.4 43.1 0
65 28.3 1
85.9 25.9 0
76.2 29.3 0
83.5 26.6 0
75.2 33.4 0
68.6 40.2 0
73.9 37.2 0
88.5 32.7 0
69.3 7.33 1
72.3 14.8 1
66.9 43.4 0
69.2 35.7 0
69.6 30.7 1
71.8 29 0
64.7 36 1
86 2.83 1
61.7 19.1 1
83.5 1.65 1
71.7 1.25 1
87.5 1.18 1
86.2 43.6 0
83.7 43.6 0
61.7 21.6 1
88.8 38 0
69 4.6 1
68.1 1.75 1
81.5 12.7 0
73.6 17.2 1
64.4 42.3 0
78.5 24.1 0
88.8 17.3 0
63.4 7.13 1
62.1 43.9 0
62.1 1.18 1
85.1 18.4 0
66.5 24.2 1
64.4 23.9 1
83.9 75.4 0
84 79.6 0
73.5 81.4 0
76.6 82.1 0
86.2 77.5 0
65.2 54.3 0
65.6 71.1 0
84.4 69.8 0
76.7 91.7 0
87.8 61.6 0
65.7 65 0
63.9 96.9 0
76.5 47.3 0
86.5 53.5 0
63.2 62.9 0
88.3 52.4 0
85.8 47.7 0
68.7 96.8 0
64.3 78.8 0
63.2 91.4 0
78.2 74.5 0
66.7 78.9 0
61.8 76.1 0
80 87.8 0
68.4 47.5 0
83.3 46.5 0
64.1 85.4 0
88.8 97.9 1
62.1 98.6 0
72.6 98.6 0
62.1 45.6 0
72.3 46 0
61.2 82.8 0
87.8 59.4 0
63.4 58.7 0
74.3 98.6 0
87.9 82.9 0
84.3 86.4 0
73.4 48.3 0
87.3 96.5 1
74.6 90.3 0
82.4 95.2 1
68.8 53.9 0
78.6 70.2 0
61.8 73.6 0
71.2 90.2 0
69.6 88.7 0
62.9 87.2 0
76 59.2 0
80.1 57 0
78.2 97.9 0
63.9 47.1 0
123 24.4 0
108 23.3 0
132 35.8 0
193 32.1 0
101 37.6 0
194 16.9 0
101 28.9 0
196 12.1 0
114 27 0
189 40.9 0
106 33.5 0
160 19.4 0
198 42 0
104 37.4 0
125 4.75 0
192 41 0
129 5.85 0
160 11.9 0
132 12.4 0
192 38.5 0
121 16.3 0
117 19.2 0
142 29.7 0
171 5.65 0
165 10.3 0
120 13.1 0
158 14 0
176 5.18 0
175 25.6 0
104 40.3 0
190 11.3 0
180 9.45 0
109 33.5 0
144 28.1 0
111 28.8 0
162 30.5 0
172 3.4 0
104 23.6 0
144 30.7 0
124 7.15 0
127 41.6 0
115 40.4 0
151 41.5 0
171 8.68 0
158 36.6 0
103 42.2 0
147 27.2 0
111 37 0
138 3.4 0
163 21.7 0
132 43.5 0
127 35.1 0
94.7 35.8 0
109 30.9 0
142 27 0
191 27.3 0
154 5.45 0
187 20.8 0
136 12.1 0
96.4 5.15 0
137 14.1 0
198 5.33 0
119 23.8 0
180 40.9 0
128 23.7 0
126 9.25 0
127 3.48 0
113 41.7 0
175 10.1 0
180 38.3 0
189 30.8 0
107 13.7 0
187 36.3 0
190 32.4 0
151 18.6 0
153 43.3 0
159 33.1 0
164 26.4 0
114 5.03 0
154 12.9 0
143 41.6 0
160 35.5 0
167 30.5 0
177 16 0
184 36.2 0
134 21.8 0
165 31.6 0
129 9.23 0
116 4.88 0
150 35.6 0
136 20.2 0
169 37.1 0
146 0.975 0
148 4.33 0
151 9.2 0
137 8.83 0
182 13.7 0
153 3 0
131 27 0
106 16 0
119 8.13 0
140 42.2 0
112 7.5 0
94.4 40.7 0
197 2.93 0
102 8.35 0
183 17.3 0
163 43.6 0
146 18.9 0
143 13.1 0
145 35.2 0
140 37.7 0
97.8 1.45 0
147 16.5 0
131 19.8 0
157 23.5 0
102 1.45 0
166 1.43 0
195 37 0
138 43.8 0
130 17.2 0
96.8 41.8 0
192 43.7 0
175 43.8 0
164 1.43 0
184 43.7 0
91.9 1.18 1
186 1.25 0
91.1 7.83 0
143 0.975 0
91.2 43 0
133 5.25 0
97 11.7 0
95.6 15.1 0
123 12.8 0
124 15.2 0
101 20 0
121 20.7 0
180 31.6 0
124 36.4 0
116 35.7 0
199 32 0
132 14.5 0
97.9 30.6 0
112 1.43 0
142 21.3 0
135 42.3 0
165 36.3 0
136 15.5 0
104 12.4 0
104 9.38 0
183 31.8 0
184 30.3 0
147 7.18 0
148 22 0
142 4.4 0
146 13.5 0
91.9 26.5 0
91.9 27.8 0
153 27.8 0
178 34.9 0
175 37.8 0
122 41.3 0
125 67.8 0
192 74.5 0
112 82.9 0
189 90.3 0
101 95 1
179 59.9 0
179 62.5 0
147 53.1 0
145 49.7 0
101 82.9 0
145 52.9 0
149 60.6 0
118 89.6 0
132 64.3 0
117 50.6 0
138 85.3 0
200 96.8 0
160 65.9 0
92 87.3 1
175 92.2 0
95.1 91.3 1
107 75.5 0
183 81.1 0
135 65.8 0
161 86.5 0
185 64.6 0
157 66.4 0
161 80.4 0
152 88.5 0
150 66.8 0
160 72.5 0
133 61.6 0
149 68.6 0
132 88.6 0
115 90.4 0
162 73 0
140 81.6 0
136 61.7 0
137 64.4 0
179 86.3 0
149 96 0
154 53 0
146 93.3 0
148 93.7 0
132 74.1 0
172 52.9 0
119 91.7 0
172 76.8 0
147 85.7 0
148 76.4 0
119 67.4 0
183 66.2 0
134 69.8 0
93.8 52.8 0
148 88.1 0
125 75.4 0
190 58.8 0
150 57.7 0
183 87.4 0
121 74.6 0
114 93.8 0
182 85.5 0
125 54.3 0
170 50.2 0
173 49.3 0
119 75.8 0
199 85.4 0
139 97 0
166 68.2 0
127 85.3 0
136 75.2 0
147 97.2 0
105 74 0
194 96.6 0
171 88.1 0
124 61.2 0
187 49.9 0
142 84.2 0
167 83.7 0
103 85.1 0
198 64.7 0
198 92 0
96.9 82.6 0
125 87.2 0
113 48.3 0
111 52.8 0
156 75.9 0
92.9 61.2 0
141 96.5 0
195 85.7 0
121 57.7 0
98.3 70.2 0
103 90.1 0
188 48 0
101 47.9 0
120 81.6 0
124 46.4 0
107 84.8 0
152 71.3 0
165 97.2 0
124 98.8 0
158 47.9 0
156 62.2 0
93.2 56.5 0
172 47.9 0
172 81.4 0
175 46.4 0
181 97.5 0
178 52.7 0
195 46.6 0
91.3 93 1
107 97.1 0
167 64.1 0
153 69.4 0
130 57.9 0
119 64.1 0
141 75.3 0
158 91.7 0
157 97 0
91.4 57.8 0
137 98.8 0
112 59.8 0
177 97 0
110 98.7 0
115 62.6 0
156 93.1 0
106 62.3 0
91.2 97.9 1
114 60 0
156 95.8 0
91.2 47.5 0
91.2 46.3 0
158 79.2 0
178 78.1 0
191 80 0
101 91.8 0
178 88.8 0
127 91.5 0
92.5 78.5 0
94.8 78.2 0
188 73.3 0
168 75.6 0
170 73 0
111 64 0
188 67.1 0
145 91.6 0
143 92 0
111 90.8 0
156 81 0
158 83.1 0
130 47.7 0
142 46.8 0
161 97.3 0
160 59.5 0
161 61.4 0
195 70.3 0
197 54.5 0
139 48.2 0
136 80.7 0
154 48.2 0
92.7 67.2 0
121 48.5 0
123 49.8 0
194 62.8 0
192 54.1 0
91.3 94.8 1
94.3 96.3 1
99.4 58.5 0
117 79.9 0
103 68.4 0
130 53.3 0
171 96.9 0
125 78.3 0
192 89.9 0
194 92.3 0
147 47.9 0
94.6 84.3 0
200 47 0
121 98.9 0
122 97.7 0
92.5 82.5 0
