105.088 95.7022 4
90.3538 51.0783 4
81.7274 95.7021 4
94.7689 38.2379 4
30.2505 95.7018 0
109.763 95.7012 4
188.5 95.6828 0
25.5495 95.7015 0
72.047 34.5888 4
192.844 4.63863 4
160.199 95.7012 0
54.5705 47.377 0
137.371 95.7012 4
78.0405 61.9401 4
123 37.2281 4
173.932 4.29766 4
90.6415 65.2801 4
169.342 95.7016 0
49.1623 95.702 4
118.401 95.7017 4
81.5412 65.2617 4
83.6542 42.8671 4
68.2628 64.9664 4
78.6732 38.9668 4
76.3723 42.4387 4
85.7728 50.0464 4
0 100 0
0 95.4545 0
0 90.9091 0
0 86.3636 0
0 81.8182 0
0 77.2727 0
0 72.7273 0
0 68.1818 0
0 63.6364 1
0 59.0909 1
0 54.5455 1
0 50 1
0 45.4545 0
0 40.9091 0
0 36.3636 0
0 31.8182 0
0 27.2727 0
0 22.7273 0
0 18.1818 0
0 13.6364 0
0 9.09091 4
0 4.54545 4
0 0 4
200 100 0
195.349 100 0
190.698 100 0
186.047 100 0
181.395 100 0
176.744 100 0
172.093 100 0
167.442 100 0
162.791 100 0
158.14 100 0
153.488 100 0
148.837 100 0
144.186 100 0
139.535 100 4
134.884 100 4
130.233 100 4
125.581 100 4
120.93 100 4
116.279 100 4
111.628 100 4
106.977 100 4
102.326 100 4
97.6744 100 4
93.0233 100 4
88.3721 100 4
83.7209 100 4
79.0698 100 4
74.4186 100 4
69.7674 100 4
65.1163 100 4
60.4651 100 4
55.814 100 4
51.1628 100 4
46.5116 100 4
41.8605 100 4
37.2093 100 4
32.5581 100 0
27.907 100 0
23.2558 100 0
18.6047 100 0
13.9535 100 0
9.30233 100 0
4.65116 100 0
200 0 4
200 4.54545 4
200 9.09091 4
200 13.6364 4
200 18.1818 4
200 22.7273 4
200 27.2727 4
200 31.8182 4
200 36.3636 4
200 40.9091 4
200 45.4545 4
200 50 4
200 54.5455 4
200 59.0909 4
200 63.6364 4
200 68.1818 4
200 72.7273 4
200 77.2727 0
200 81.8182 0
200 86.3636 0
200 90.9091 0
200 95.4545 0
4.65116 0 4
9.30233 0 4
13.9535 0 4
18.6047 0 4
23.2558 0 4
27.907 0 4
32.5581 0 4
37.2093 0 4
41.8605 0 4
46.5116 0 4
51.1628 0 4
55.814 0 4
60.4651 0 4
65.1163 0 4
69.7674 0 4
74.4186 0 4
79.0698 0 4
83.7209 0 4
88.3721 0 4
93.0233 0 4
97.6744 0 4
102.326 0 4
106.977 0 4
111.628 0 4
116.279 0 4
120.93 0 4
125.581 0 4
130.233 0 4
134.884 0 4
139.535 0 4
144.186 0 4
148.837 0 4
153.488 0 4
158.14 0 4
162.791 0 4
167.442 0 4
172.093 0 4
176.744 0 4
181.395 0 4
186.047 0 4
190.698 0 4
195.349 0 4
82.2586 47.0708 4
77.1707 48.3576 4
5.7 8.6 4
5.7 13.2 4
10.3 8.6 4
10.3 13.2 4
5.7 17.8 0
10.3 17.8 0
5.7 22.4 0
10.3 22.4 0
5.7 27 0
10.3 27 0
5.7 31.6 0
10.3 31.6 0
5.7 36.2 0
10.3 36.2 0
5.7 40.8 0
10.3 40.8 1
5.7 45.4 1
10.3 45.4 1
5.7 50 1
10.3 50 1
5.7 54.6 1
10.3 54.6 1
5.7 59.2 1
10.3 59.2 1
5.7 63.8 1
10.3 63.8 1
5.7 68.4 1
10.3 68.4 1
5.7 73 0
10.3 73 1
5.7 77.6 0
10.3 77.6 0
5.7 82.2 0
10.3 82.2 0
5.7 86.8 0
10.3 86.8 0
5.7 91.4 0
10.3 91.4 0
14.9 8.6 4
14.9 13.2 0
14.9 17.8 0
14.9 22.4 0
14.9 27 0
14.9 31.6 0
14.9 36.2 0
14.9 40.8 1
14.9 45.4 1
14.9 50 1
14.9 54.6 1
14.9 59.2 1
14.9 63.8 1
14.9 68.4 1
14.9 73 1
14.9 77.6 0
14.9 82.2 0
14.9 86.8 0
14.9 91.4 0
19.5 8.6 4
19.5 13.2 0
19.5 17.8 0
19.5 22.4 0
19.5 27 0
19.5 31.6 0
19.5 36.2 1
19.5 40.8 1
19.5 45.4 1
19.5 50 1
19.5 54.6 1
19.5 59.2 1
19.5 63.8 1
19.5 68.4 1
19.5 73 0
19.5 77.6 0
19.5 82.2 0
19.5 86.8 0
19.5 91.4 0
24.1 8.6 4
24.1 13.2 0
24.1 17.8 0
24.1 22.4 0
24.1 27 0
24.1 31.6 0
24.1 36.2 1
24.1 40.8 1
24.1 45.4 1
24.1 50 1
24.1 54.6 1
24.1 59.2 1
24.1 63.8 1
24.1 68.4 1
24.1 73 0
24.1 77.6 0
24.1 82.2 0
24.1 86.8 0
24.1 91.4 0
28.7 8.6 4
28.7 13.2 0
28.7 17.8 0
28.7 22.4 0
28.7 27 0
28.7 31.6 0
28.7 36.2 0
28.7 40.8 1
28.7 45.4 1
28.7 50 1
28.7 54.6 1
28.7 59.2 1
28.7 63.8 1
28.7 68.4 0
28.7 73 0
28.7 77.6 0
28.7 82.2 0
28.7 86.8 0
28.7 91.4 0
33.3 8.6 4
33.3 13.2 0
33.3 17.8 0
33.3 22.4 0
33.3 27 0
33.3 31.6 0
33.3 36.2 0
33.3 40.8 1
33.3 45.4 1
33.3 50 1
33.3 54.6 1
33.3 59.2 0
33.3 63.8 0
33.3 68.4 0
33.3 73 0
33.3 77.6 0
33.3 82.2 0
33.3 86.8 0
33.3 91.4 0
37.9 8.6 4
37.9 13.2 4
37.9 17.8 0
37.9 22.4 0
37.9 27 0
37.9 31.6 0
37.9 36.2 0
37.9 40.8 0
37.9 45.4 0
37.9 50 0
37.9 54.6 0
37.9 59.2 0
37.9 63.8 0
37.9 68.4 0
37.9 73 0
37.9 77.6 0
37.9 82.2 0
37.9 86.8 0
37.9 91.4 0
42.5 8.6 4
42.5 13.2 4
42.5 17.8 0
42.5 22.4 0
42.5 27 0
42.5 31.6 0
42.5 36.2 0
42.5 40.8 0
42.5 45.4 0
42.5 50 0
42.5 54.6 0
42.5 59.2 0
42.5 63.8 0
42.5 68.4 0
42.5 73 0
42.5 77.6 0
42.5 82.2 0
42.5 86.8 4
42.5 91.4 4
47.1 8.6 4
47.1 13.2 4
47.1 17.8 0
47.1 22.4 0
47.1 27 0
47.1 31.6 0
47.1 36.2 0
47.1 40.8 0
47.1 45.4 0
47.1 50 0
47.1 54.6 0
47.1 59.2 0
47.1 63.8 0
47.1 68.4 0
47.1 73 0
47.1 77.6 4
47.1 82.2 4
47.1 86.8 4
47.1 91.4 4
51.7 8.6 4
51.7 13.2 4
51.7 17.8 4
51.7 22.4 4
51.7 27 4
51.7 31.6 0
51.7 36.2 0
51.7 40.8 0
51.7 45.4 0
51.7 50 0
51.7 54.6 0
51.7 59.2 4
51.7 63.8 4
51.7 68.4 4
51.7 73 4
51.7 77.6 4
51.7 82.2 4
51.7 86.8 4
51.7 91.4 4
56.3 8.6 4
56.3 13.2 4
56.3 17.8 4
56.3 22.4 4
56.3 27 4
56.3 50 4
56.3 54.6 4
56.3 59.2 4
56.3 63.8 4
56.3 68.4 4
56.3 73 4
56.3 77.6 4
56.3 82.2 4
56.3 86.8 4
56.3 91.4 4
60.9 8.6 4
60.9 13.2 4
60.9 17.8 4
60.9 22.4 4
60.9 27 4
60.9 50 4
60.9 54.6 4
60.9 59.2 4
60.9 63.8 4
60.9 68.4 4
60.9 73 4
60.9 77.6 4
60.9 82.2 4
60.9 86.8 4
60.9 91.4 4
65.5 8.6 4
65.5 13.2 4
65.5 17.8 4
65.5 22.4 4
65.5 27 4
65.5 63.8 4
65.5 68.4 4
65.5 73 4
65.5 77.6 4
65.5 82.2 4
65.5 86.8 4
65.5 91.4 4
70.1 8.6 4
70.1 13.2 4
70.1 17.8 4
70.1 22.4 4
70.1 27 4
70.1 68.4 4
70.1 73 4
70.1 77.6 4
70.1 82.2 4
70.1 86.8 4
70.1 91.4 4
74.7 8.6 4
74.7 13.2 4
74.7 17.8 4
74.7 22.4 4
74.7 27 4
70.1 31.6 4
74.7 31.6 4
74.7 68.4 4
74.7 73 4
74.7 77.6 4
74.7 82.2 4
74.7 86.8 4
74.7 91.4 4
79.3 8.6 4
79.3 13.2 4
79.3 17.8 4
79.3 22.4 4
79.3 27 4
79.3 31.6 4
79.3 68.4 4
79.3 73 4
79.3 77.6 4
79.3 82.2 4
79.3 86.8 4
79.3 91.4 4
83.9 8.6 4
83.9 13.2 4
83.9 17.8 4
83.9 22.4 4
83.9 27 4
83.9 31.6 4
83.9 68.4 4
83.9 73 4
83.9 77.6 4
83.9 82.2 4
83.9 86.8 4
83.9 91.4 4
88.5 8.6 4
88.5 13.2 4
88.5 17.8 4
88.5 22.4 4
88.5 27 4
88.5 31.6 4
88.5 68.4 4
88.5 73 4
88.5 77.6 4
88.5 82.2 4
88.5 86.8 4
88.5 91.4 4
93.1 8.6 4
93.1 13.2 4
93.1 17.8 4
93.1 22.4 4
93.1 27 4
93.1 31.6 4
93.1 68.4 4
93.1 73 4
93.1 77.6 4
93.1 82.2 4
93.1 86.8 4
93.1 91.4 4
97.7 8.6 4
97.7 13.2 4
97.7 17.8 4
97.7 22.4 4
97.7 27 4
97.7 31.6 4
93.1 36.2 4
97.7 36.2 4
93.1 63.8 4
97.7 63.8 4
97.7 68.4 4
97.7 73 4
97.7 77.6 4
97.7 82.2 4
97.7 86.8 4
97.7 91.4 4
102.3 8.6 4
102.3 13.2 4
102.3 17.8 4
102.3 22.4 4
102.3 27 4
102.3 31.6 4
102.3 36.2 4
97.7 40.8 4
102.3 40.8 4
97.7 45.4 4
102.3 45.4 4
97.7 50 4
102.3 50 4
97.7 54.6 4
102.3 54.6 4
97.7 59.2 4
102.3 59.2 4
102.3 63.8 4
102.3 68.4 4
102.3 73 4
102.3 77.6 4
102.3 82.2 4
102.3 86.8 4
102.3 91.4 4
106.9 8.6 4
106.9 13.2 4
106.9 17.8 4
106.9 22.4 4
106.9 27 4
106.9 31.6 4
106.9 36.2 4
106.9 40.8 4
106.9 45.4 4
106.9 50 4
106.9 54.6 4
106.9 59.2 4
106.9 63.8 4
106.9 68.4 4
106.9 73 4
106.9 77.6 4
106.9 82.2 4
106.9 86.8 4
106.9 91.4 4
111.5 8.6 4
111.5 13.2 4
111.5 17.8 4
111.5 22.4 4
111.5 27 4
111.5 31.6 4
111.5 36.2 4
111.5 40.8 4
111.5 45.4 4
111.5 50 4
111.5 54.6 4
111.5 59.2 4
111.5 63.8 4
111.5 68.4 4
111.5 73 4
111.5 77.6 4
111.5 82.2 4
111.5 86.8 4
111.5 91.4 4
116.1 8.6 4
116.1 13.2 4
116.1 17.8 4
116.1 22.4 4
116.1 27 4
116.1 36.2 4
116.1 40.8 4
116.1 45.4 4
116.1 50 4
116.1 54.6 4
116.1 59.2 4
116.1 63.8 4
116.1 68.4 4
116.1 73 4
116.1 77.6 4
116.1 82.2 4
116.1 86.8 4
116.1 91.4 4
120.7 8.6 4
120.7 13.2 4
120.7 17.8 4
120.7 22.4 4
120.7 40.8 4
120.7 45.4 4
120.7 50 4
120.7 54.6 4
120.7 59.2 4
120.7 63.8 4
120.7 68.4 4
120.7 73 4
120.7 77.6 4
120.7 82.2 4
120.7 86.8 4
120.7 91.4 4
125.3 8.6 4
125.3 13.2 4
125.3 17.8 4
125.3 22.4 4
120.7 27 4
125.3 27 4
125.3 40.8 4
125.3 45.4 4
125.3 50 4
125.3 54.6 4
125.3 59.2 4
125.3 63.8 4
125.3 68.4 4
125.3 73 4
125.3 77.6 4
125.3 82.2 4
125.3 86.8 4
125.3 91.4 4
129.9 8.6 4
129.9 13.2 4
129.9 17.8 4
129.9 22.4 4
129.9 27 4
125.3 31.6 4
129.9 31.6 4
125.3 36.2 4
129.9 36.2 4
129.9 40.8 4
129.9 45.4 4
129.9 50 4
129.9 54.6 4
129.9 59.2 4
129.9 63.8 4
129.9 68.4 4
129.9 73 4
129.9 77.6 4
129.9 82.2 4
129.9 86.8 4
129.9 91.4 4
134.5 8.6 4
134.5 13.2 4
134.5 17.8 4
134.5 22.4 4
134.5 27 4
134.5 31.6 4
134.5 36.2 4
134.5 40.8 4
134.5 45.4 4
134.5 50 4
134.5 54.6 4
134.5 59.2 4
134.5 63.8 4
134.5 68.4 4
134.5 73 4
134.5 77.6 4
134.5 82.2 4
134.5 86.8 4
134.5 91.4 4
139.1 8.6 4
139.1 13.2 4
139.1 17.8 4
139.1 22.4 4
139.1 27 4
139.1 40.8 4
139.1 45.4 4
139.1 50 4
139.1 54.6 4
139.1 59.2 4
139.1 63.8 4
139.1 68.4 4
139.1 73 4
139.1 77.6 4
139.1 82.2 4
139.1 86.8 4
139.1 91.4 4
143.7 8.6 4
143.7 13.2 4
143.7 17.8 4
143.7 22.4 4
143.7 40.8 4
143.7 45.4 4
143.7 50 4
143.7 54.6 4
143.7 59.2 4
143.7 63.8 4
143.7 68.4 4
143.7 73 4
143.7 77.6 4
143.7 82.2 4
143.7 86.8 4
143.7 91.4 4
148.3 8.6 4
148.3 13.2 4
148.3 17.8 4
148.3 22.4 4
143.7 27 4
148.3 27 4
148.3 40.8 4
148.3 45.4 4
148.3 50 4
148.3 54.6 4
148.3 59.2 4
148.3 63.8 4
148.3 68.4 4
148.3 73 4
148.3 77.6 4
148.3 82.2 4
148.3 86.8 4
148.3 91.4 0
152.9 8.6 4
152.9 13.2 4
152.9 17.8 4
152.9 22.4 4
152.9 27 4
148.3 31.6 4
152.9 31.6 4
148.3 36.2 4
152.9 36.2 4
152.9 40.8 4
152.9 45.4 4
152.9 50 4
152.9 54.6 4
152.9 59.2 4
152.9 63.8 4
152.9 68.4 4
152.9 73 4
152.9 77.6 4
152.9 82.2 4
152.9 86.8 0
152.9 91.4 0
157.5 8.6 4
157.5 13.2 4
157.5 17.8 4
157.5 22.4 4
157.5 27 4
157.5 31.6 4
157.5 36.2 4
157.5 40.8 4
157.5 45.4 4
157.5 50 4
157.5 54.6 4
157.5 59.2 4
157.5 63.8 4
157.5 68.4 4
157.5 73 4
157.5 77.6 4
157.5 82.2 0
157.5 86.8 0
157.5 91.4 0
162.1 8.6 4
162.1 13.2 4
162.1 17.8 4
162.1 22.4 4
162.1 27 4
162.1 31.6 4
162.1 36.2 4
162.1 40.8 4
162.1 45.4 4
162.1 50 4
162.1 54.6 4
162.1 59.2 4
162.1 63.8 4
162.1 68.4 4
162.1 73 4
162.1 77.6 0
162.1 82.2 0
162.1 86.8 0
162.1 91.4 0
166.7 8.6 4
166.7 13.2 4
166.7 17.8 4
166.7 22.4 4
166.7 27 4
166.7 31.6 4
166.7 36.2 4
166.7 40.8 4
166.7 45.4 4
166.7 50 4
166.7 54.6 4
166.7 59.2 4
166.7 63.8 4
166.7 68.4 4
166.7 73 0
166.7 77.6 0
166.7 82.2 0
166.7 86.8 0
166.7 91.4 0
171.3 8.6 4
171.3 13.2 4
171.3 17.8 4
171.3 22.4 4
171.3 27 4
171.3 31.6 4
171.3 36.2 4
171.3 40.8 4
171.3 45.4 4
171.3 50 4
171.3 54.6 4
171.3 59.2 4
171.3 63.8 4
171.3 68.4 4
171.3 73 0
171.3 77.6 0
171.3 82.2 0
171.3 86.8 0
171.3 91.4 0
175.9 8.6 4
175.9 13.2 4
175.9 17.8 4
175.9 22.4 4
175.9 27 4
175.9 31.6 4
175.9 36.2 4
175.9 40.8 4
175.9 45.4 4
175.9 50 4
175.9 54.6 4
175.9 59.2 4
175.9 63.8 4
175.9 68.4 4
175.9 73 0
175.9 77.6 0
175.9 82.2 0
175.9 86.8 0
175.9 91.4 0
180.5 8.6 4
180.5 13.2 4
180.5 17.8 4
180.5 22.4 4
180.5 27 4
180.5 31.6 4
180.5 36.2 4
180.5 40.8 4
180.5 45.4 4
180.5 50 4
180.5 54.6 4
180.5 59.2 4
180.5 63.8 4
180.5 68.4 4
180.5 73 0
180.5 77.6 0
180.5 82.2 0
180.5 86.8 0
180.5 91.4 0
185.1 8.6 4
185.1 13.2 4
185.1 17.8 4
185.1 22.4 4
185.1 27 4
185.1 31.6 4
185.1 36.2 4
185.1 40.8 4
185.1 45.4 4
185.1 50 4
185.1 54.6 4
185.1 59.2 4
185.1 63.8 4
185.1 68.4 4
185.1 73 0
185.1 77.6 0
185.1 82.2 0
185.1 86.8 0
185.1 91.4 0
189.7 8.6 4
189.7 13.2 4
189.7 17.8 4
189.7 22.4 4
189.7 27 4
189.7 31.6 4
189.7 36.2 4
189.7 40.8 4
189.7 45.4 4
189.7 50 4
189.7 54.6 4
189.7 59.2 4
189.7 63.8 4
189.7 68.4 4
189.7 73 4
189.7 77.6 0
189.7 82.2 0
189.7 86.8 0
189.7 91.4 0
194.3 8.6 4
194.3 13.2 4
194.3 17.8 4
194.3 22.4 4
194.3 27 4
194.3 31.6 4
194.3 36.2 4
194.3 40.8 4
194.3 45.4 4
194.3 50 4
194.3 54.6 4
194.3 59.2 4
194.3 63.8 4
194.3 68.4 4
194.3 73 4
194.3 77.6 0
194.3 82.2 0
194.3 86.8 0
194.3 91.4 0
77.6916 56.1671 4
86.018 62.211 4
86.0144 45.5494 4
90.8621 56.9233 4
54.386 38.5723 4
66.9799 52.0362 4
71.7104 55.5363 4
118.777 29.5403 4
72.4463 51.1203 4
118.236 33.8966 4
59.1265 39.1396 4
63.2052 35.8267 4
79.4877 44.1879 4
94.0834 52.5317 4
67.7043 38.5622 4
81.7331 38.2838 4
84.6939 55.8708 4
145.127 30.3295 4
77.254 35.0204 4
72.8847 61.0665 4
72.8324 38.8725 4
63.1845 47.4826 4
141.951 33.9733 4
63.1075 30.5041 4
77.2541 64.9331 4
3.27412 3.05274 4
67.4352 56.965 4
54.821 44.0938 4
91.5403 38.6965 4
39.7786 95.7065 4
91.0383 61.9406 4
114.21 33.4557 4
122.601 29.8108 4
178.575 95.7072 0
63.4783 53.0074 4
82.4632 34.3941 4
90.9053 43.4224 4
118.833 38.0929 4
94.8291 57.7095 4
68.2731 33.909 4
113.775 95.7062 4
53.6101 95.7069 4
155.515 95.7077 0
145.813 34.2237 4
141.384 29.1933 4
81.2594 51.4222 4
67.5443 61.8161 4
58.2102 34.2919 4
86.9942 65.7708 4
164.708 95.7072 0
122.424 33.7487 4
3.53275 94.1181 0
86.3192 39.8513 4
72.6594 4.28862 4
182.723 4.29352 4
118.407 25.3462 4
50.0248 38.5122 0
63.6795 57.7279 4
58.008 47.3675 4
94.6708 46.9668 4
141.34 38.0302 4
87.0899 34.6616 4
137.661 34.7151 4
94.8676 95.7098 4
71.8017 65.412 4
94.8692 42.2984 4
57.7932 30.1019 4
54.256 33.5414 4
131.956 95.7072 4
196.495 5.88786 4
48.8229 4.28845 4
141.456 25.2718 4
58.684 43.5385 4
68.4745 48.3191 4
164.599 4.28893 4
140.994 95.7079 4
114.491 29.9663 4
99.6334 95.7123 4
113.673 4.28254 4
85.7083 4.28825 4
71.9407 95.7111 4
25.7752 4.28282 4
82.4532 65.4166 4
145.417 37.8014 4
62.5923 95.711 4
67.622 29.8013 4
137.452 38.3124 4
122.483 37.7197 4
95.0063 61.4066 4
90.7617 34.3627 4
85.7586 95.7115 4
95.1274 38.6455 4
63.5764 61.4009 4
54.3107 47.4997 4
90.6563 65.7999 4
54.1343 29.7154 4
67.9909 65.7194 4
68.7409 43.4181 4
72.4812 34.1218 4
63.019 41.8919 4
53.1802 4.28454 4
193.17 95.6611 0
7.64115 95.4554 0
94.7709 4.28316 4
108.777 4.28304 4
159.67 4.28453 4
169.404 4.28846 4
145.48 95.7113 4
67.7501 4.28491 4
145.742 4.28298 4
20.879 4.28275 4
127.617 95.7123 4
155.015 4.28317 4
76.966 4.28267 4
104.115 4.28281 4
150.377 4.28285 4
16.2066 4.28164 4
2.85004 75.1499 0
2.84989 20.2771 0
90.0817 4.28364 4
2.85054 79.7231 0
2.85004 24.8507 0
2.8501 70.5765 0
141.115 4.2831 4
2.84921 15.7371 0
99.4466 4.28286 4
62.5227 4.28348 4
2.85569 84.2968 0
127.24 4.28284 4
2.85058 29.4289 0
2.85093 65.9983 0
131.869 4.28282 4
197.15 84.2561 0
136.495 4.28295 4
2.84524 11.5775 4
34.6965 4.28307 4
11.5331 4.26385 4
57.8158 4.28346 4
12.2371 95.6857 0
187.198 4.31554 4
39.375 4.28287 4
197.15 79.7184 0
2.8536 33.9992 0
2.85561 61.43 0
197.149 20.2756 4
197.149 24.8485 4
197.149 29.4214 4
197.149 33.9942 4
197.149 38.5669 4
197.149 43.1396 4
197.149 47.7124 4
2.85605 56.8607 1
197.149 52.2852 4
197.149 75.1488 4
197.149 56.858 4
2.8555 38.5697 0
197.149 61.4309 4
197.143 15.7035 4
2.85605 47.715 0
2.85607 52.2879 1
197.149 70.5765 4
2.85595 43.1422 0
197.149 66.0038 4
84.6031 47.8823 4
197.15 88.4187 0
2.90685 88.8399 0
197.095 11.159 4
122.614 4.28259 4
44.486 95.7087 4
16.8844 95.7091 0
173.915 95.7119 0
76.7568 95.7122 4
137.701 30.3681 4
109.227 95.712 4
21.4881 95.7116 0
26.0513 95.7122 0
187.878 95.7025 0
89.2906 48.4932 4
57.9331 95.7075 4
44.2731 4.28221 4
7.18994 4.09558 4
34.8555 95.7121 4
150.513 95.7162 4
67.1931 95.7126 4
178.184 4.28578 4
30.3065 4.28144 4
136.574 95.7123 4
89.0265 53.3186 4
118.245 4.28094 4
192.128 4.54657 4
113.627 74.8096 4
81.0891 95.7131 4
122.651 95.717 4
30.2087 95.7099 0
113.309 71.452 4
117.968 95.7079 4
173.585 4.28585 4
81.9881 60.6619 4
82.8112 43.8512 4
150.242 75.6566 4
35.2431 38.1415 0
160.098 95.7128 0
110.14 74.6695 4
81.5097 4.2804 4
35.5563 34.3267 0
31.4523 38.4306 0
150.514 79.4465 4
146.407 75.3318 4
183.199 95.7128 0
90.5586 95.7177 4
104.541 95.7187 4
49.0926 95.7175 4
169.246 95.7132 0
78.1369 40.1733 4
