1.63 26.2 0
3.78 26.2 0
13.8 46.9 0
13.8 48.2 0
1.58 37.8 0
14 67.7 0
40.6 10.1 0
38.2 8.88 0
44.5 8 0
52.5 23.9 0
19.4 20.3 0
24.3 4.03 0
33.8 10.2 0
57.8 0.975 0
56.5 2.25 0
40.9 52.9 0
27.9 47.8 0
49.1 59.8 0
35.2 65.5 0
51.2 34.9 0
16.9 26.9 0
58.8 37.9 0
26.1 41.3 0
43.2 71.4 0
24.1 89.9 0
39.3 95.3 0
50.4 90.2 0
54.3 73.1 0
16.1 88.3 0
16.1 86.6 0
52.3 71.1 0
21.3 75.4 0
48 74.2 0
20.8 84.2 0
64.4 15.1 0
73.1 21.1 0
73.8 3.73 0
67.1 15 0
71.4 17.9 0
80.2 17 0
82.4 10.8 0
87.8 0.975 0
69.5 53.4 0
88.7 57.3 4
64.2 51.7 0
88.7 59.1 4
62.3 69 0
88.7 38.1 0
64.8 80.5 4
84.6 73.2 4
82.4 71.1 4
61 97.7 4
91.5 19.6 0
118 24.2 0
109 8.13 0
112 36.6 0
115 63 4
91.3 35.7 0
119 58.3 4
119 56.5 4
92.3 69 4
119 46.1 4
117 47.3 4
98.5 79.8 4
114 99 4
117 72.3 4
114 71.4 4
116 83.9 4
147 9.25 0
151 16.6 0
128 11.4 0
138 8.73 0
123 22.8 0
166 44.5 4
135 64.8 4
141 56.2 4
146 42.6 4
122 36 4
122 26.9 0
169 37.8 4
155 62.7 4
154 40.7 4
126 42.9 4
153 51.7 4
147 46.1 4
162 71.1 4
182 9.95 4
186 6.43 4
187 48.3 4
199 65.9 4
171 35.7 4
172 69 4
171 63.2 4
183 35.3 4
195 75.1 4
172 73.9 4
171 97.7 0
0.325 10.3 0
5.33 1.18 0
13.6 9.48 0
14 23 0
1.48 7.18 0
7.43 57.7 0
47.4 10.8 0
36.8 21.3 0
39.9 50.9 0
38.6 41.3 0
57.8 69 0
31.9 26.1 0
58.8 36.2 0
33.7 26.1 0
16.2 47 0
16.2 48.2 0
23.5 40.3 0
34.8 50.9 0
16.6 35.8 0
36.2 74.4 0
40.5 84.6 0
38.4 81.1 0
68.2 1.45 0
61 23 0
66.4 1.45 0
72.6 39.6 0
74 55.6 4
68.3 29.5 0
81.9 51.6 4
71.7 26.5 0
88.7 36.4 0
73.5 26.5 0
87.8 69 4
86.5 67.9 4
74.9 94.9 4
61 72.2 0
87.8 99 4
86.5 97.9 4
106 16.2 0
110 15.3 0
91 23 0
119 8.93 0
104 7.83 0
106 41.9 4
102 61.4 4
113 33.4 0
119 27.5 0
119 26.3 0
116 88.5 4
105 89.1 4
102 95.5 4
102 92.5 4
91.4 75.8 4
91 72.2 4
169 1.63 0
160 30 4
136 61.8 4
129 59.3 4
148 42.3 4
150 45.8 4
151 40.6 4
155 44.6 4
168 69 4
166 67.9 4
152 89.3 4
167 73 4
121 88.7 4
121 86.9 4
135 95 4
174 10.4 0
187 13.6 4
174 15.4 4
171 23 4
185 46.5 4
199 44.2 4
193 29 4
186 91.3 4
171 72.2 4
171 75.6 4
187 73.2 4
10.4 84.3 0
40.3 14.3 0
32.6 20.7 0
58.7 7.83 0
59.1 23 0
58.7 6 0
54.7 1.28 0
43.7 33.5 0
45.6 41.1 0
16.2 58 0
16.2 56.2 0
32.8 37.9 0
47.6 46.5 0
19.2 43.2 0
56.7 47.6 0
28.4 74.6 0
57.8 74.3 0
59.1 72.2 0
43.2 89.3 0
87.2 21.8 0
88.1 20.2 0
89.1 23 0
84.2 23.7 0
85.7 45.2 4
85.7 52.9 4
66.6 36.2 0
70.4 65.6 4
71.5 74.5 4
67.9 94.9 4
86.6 73 4
87.8 70.9 4
88.8 76.1 4
98.4 3.6 0
91.3 7.88 0
91.3 6.05 0
106 33.8 0
101 29.1 0
91.3 58.8 4
91.3 57 4
119 38.1 4
109 66.4 4
91.2 88.9 4
91.2 87.1 4
167 21.7 4
168 20.1 4
169 7.2 0
134 16.2 0
169 23 4
164 23.7 4
169 9.03 0
131 42.5 4
150 59.8 4
159 55.3 4
144 40.4 4
152 47.1 4
169 36.1 4
121 47.6 4
121 46.3 4
149 56.3 4
145 48.6 4
138 74.8 4
140 89.2 4
168 70.9 4
169 76.1 4
131 89.3 4
157 78.4 4
178 20.8 4
192 8.75 4
189 9.5 4
171 57.4 4
171 59.2 4
174 64.8 4
178 58.2 4
200 90 4
183 91.3 4
171 88.6 0
171 86.8 4
8.08 38.4 0
14 27.5 0
14 26.3 0
13.8 75.3 0
17.5 0.975 0
16.3 0.975 0
44.5 23.7 0
26 19.7 0
19 11.8 0
48.6 51.5 0
43.2 38.6 0
44.7 68.7 0
17.5 69 0
16.3 69 0
47 48.7 0
58.7 76 4
17.5 99 0
16.3 99 0
54.7 98.8 4
44.7 98.9 0
69.6 3.88 0
88.7 9.3 0
63.9 60 0
79.8 47 0
64.6 49.3 0
68.2 33.8 0
61 27.5 0
61 26.3 0
84.7 68.9 4
72.6 54 0
84.7 98.9 4
112 20.8 0
111 10.1 0
96.9 1.33 0
113 4.03 0
98.6 30.2 0
91 27.5 0
91 26.3 0
119 36.4 4
111 78.2 4
119 75.4 4
101 84.1 4
124 10.6 0
139 20.1 0
121 0.975 0
123 0.975 0
136 46.9 4
156 65.5 4
129 29.1 0
123 69 4
121 69 4
165 68.9 4
152 30.1 4
140 59.5 4
161 87.2 0
156 83.8 4
122 75.1 4
123 99 4
121 99 4
165 98.9 0
135 92.3 4
159 76.7 4
154 96 0
194 7.23 4
193 15.9 4
179 30.3 4
179 34.9 4
171 27.5 4
171 26.3 4
177 37.2 4
186 32.8 4
184 73.2 4
11.1 56.8 0
43.9 4.08 0
57.2 21.9 0
58.1 20.3 0
54.1 23.9 0
18.1 18.7 0
37.1 55 0
25.8 34.5 0
42.8 36.2 0
29.3 49.9 0
37.1 59.4 0
59.1 27.5 0
59.1 26.3 0
56.1 32.7 0
52.8 87.6 0
44.8 71.4 0
50.8 95.6 0
53.9 71.1 0
17.5 70.9 0
16.3 70.9 0
61.6 6.18 0
64.1 41.3 0
82.5 33.3 0
89.1 27.5 0
89.1 26.3 0
84 71.1 4
104 20.3 0
99.8 20 0
116 13.3 0
99.9 15.5 0
97.4 13.8 0
118 22.6 0
101 2.28 0
111 51.1 4
108 29.3 0
106 56 4
104 54.4 4
104 74.7 4
122 20 0
166 31.9 4
169 27.5 4
169 26.3 4
155 54.9 4
147 35.5 4
145 36.6 4
152 74 4
153 76.7 4
164 71.1 4
123 70.9 4
121 70.9 4
185 20.3 4
184 42 4
187 40 4
178 87.7 4
10.8 15.1 0
5.6 11.5 0
1 1.18 0
0.975 66 0
11 36.2 0
6.88 77.9 0
17.5 24.2 0
16.3 24.2 0
49.2 65.8 0
51.4 59.7 0
56.2 39.8 0
35.5 46.6 0
33.6 49.6 0
48.3 95.7 0
50.5 79.1 0
31.3 95.2 0
80.8 3.93 0
66.6 40.6 0
64.1 36.1 0
86.3 40.3 0
80.7 35.2 0
69.9 46.9 0
64.6 87.8 4
111 12.9 0
111 29.5 0
102 65.6 4
113 47.5 4
105 50.1 4
112 57.9 4
93.8 46 4
107 51.8 4
115 93.2 4
98.2 75.1 4
109 96 4
141 6.75 0
121 24.2 0
123 24.2 0
128 52.3 4
124 53.7 4
146 74.3 4
132 74.4 4
159 90.3 0
199 1.53 4
197 50.4 4
195 27.5 4
181 29.2 4
179 52.7 4
193 65.5 4
200 46.9 4
182 67.3 4
192 96.1 4
175 80.3 4
177 96 0
6.28 14.9 0
5.7 39.7 0
0.25 29.1 0
2.3 32.7 0
7.4 45.7 0
5.15 45 0
6.05 49.3 0
11 50.4 0
3.18 48 0
5 41.9 0
30.7 4.1 0
50.5 4.18 0
39 4.48 0
49.6 16.3 0
46.8 18.1 0
23.7 37.2 0
22.3 47.2 0
15.6 27.5 0
15.6 26.3 0
52.7 56.9 0
18.8 28.8 0
26.2 27 0
22.1 88.7 0
47.4 77.8 0
85 16.2 0
85.6 14 0
71.9 7.78 0
75.3 33.6 0
86.1 33.9 0
70.3 29.3 0
85.6 56.6 4
79.5 53.9 4
81.1 56.5 4
74.1 47.8 0
67.4 49.2 0
85.4 86.7 4
81.9 93.3 4
104 42.6 4
102 41.8 4
99.1 40.1 4
116 59.6 4
95.6 47.5 4
109 50.4 4
136 20.2 0
165 16.2 4
166 13.7 0
162 12.6 0
160 10.5 0
166 6.55 0
144 67.4 4
167 53.3 4
141 40.5 4
167 39.6 4
139 43.4 4
162 63.3 4
121 27.5 0
121 26.3 0
141 35.9 4
161 38.2 4
132 52.2 4
144 97.4 4
166 83.1 4
126 85 4
162 93.6 0
184 12.6 4
193 20.3 4
177 39.7 4
178 74.9 4
198 97.4 4
176 92.2 0
5.95 55.3 0
2.3 55.1 0
8.15 50.9 0
12.5 53.1 0
10.9 79.1 0
11.1 90.9 0
28.9 11.8 0
27.9 14.9 0
24.4 13.6 0
45.3 15.4 0
55.8 8.68 0
27.7 9.95 0
24.1 9.53 0
57.4 42 0
44.1 61.2 0
44.2 54.5 0
40.9 61.3 0
44.5 44.5 0
40.7 65.8 0
54.5 56 0
44.9 57.4 0
18.5 32.7 0
41.8 29.1 0
31.1 34.4 0
22.1 58.1 0
19.2 45.4 0
56.1 63.9 0
23.5 54 0
55.9 87.5 4
41.6 95.7 0
16.9 81.7 0
44.9 83.3 0
18.6 84 0
47.7 91.5 0
51.4 77.3 0
77.7 21.2 0
87.4 32.3 0
87.6 42.4 0
81 65.7 4
82.1 63.2 4
62.7 83.2 4
85.9 82.9 4
80.7 95.8 4
94.6 13.5 0
105 11.8 0
104 14.5 0
109 41.9 4
100 45.7 4
102 46.4 4
114 40.6 4
106 59.5 4
106 97 4
94.1 82.5 4
135 7.58 0
124 15.8 0
161 15.8 0
129 15.5 0
150 13.1 0
152 20.6 0
148 63.3 4
124 37.5 4
168 41.9 4
161 65.7 4
124 32.9 0
124 41.5 4
130 64 4
138 35.5 4
124 28.8 0
142 63.2 4
143 92.9 4
146 83 4
140 85.6 4
161 96 0
153 85.3 4
136 85.4 4
161 77.6 4
179 4.23 4
182 15.8 4
181 13.3 4
182 62.9 4
199 53.5 4
180 45.8 4
174 40.1 4
180 83.3 4
182 80.2 4
187 95.5 0
3.35 22.2 0
1.2 22.2 0
12.3 82.4 0
8.03 96.4 0
55.7 12.2 0
22.3 2.75 0
40.9 20.7 0
41.5 49.6 0
37.7 67.5 0
32.6 32.4 0
46.6 27.8 0
52.5 55 0
26.7 30 0
24.3 64.6 0
52.3 82 0
41.2 74.5 0
38 72.8 0
37 97.6 0
46.3 85 0
56.2 81.7 4
48.3 76 0
71.3 22.8 0
73.1 35.2 0
86.2 29.2 0
77.9 67.3 4
76.8 52.7 4
80.3 59.6 4
70.3 33.6 0
77.6 97.4 4
81.8 77.6 4
103 4.05 0
116 28.9 0
92.4 49 4
116 79.2 4
156 6.25 0
163 2.1 0
130 9.43 0
159 17.8 0
140 14.2 0
133 9.73 0
160 20.7 0
122 51.9 4
142 34.1 4
124 49 4
158 39.3 4
148 93.3 4
148 79.3 4
160 83.4 4
129 86.2 4
174 3.58 0
194 11.6 4
193 2.18 4
174 36.9 4
184 63 4
200 83.1 4
198 80 4
174 84.1 4
181 95.6 0
10.9 8.13 0
11.5 3.38 0
10.8 38.8 0
5.43 32 0
1 82.8 0
4.65 81.9 0
19 4.03 0
22.5 21.2 0
17.5 13.7 0
43.3 16.1 0
38.1 22.5 0
27.4 45.5 0
30.5 29.1 0
16.9 31.6 0
21.6 26.9 0
42.6 27.1 0
37.8 45.3 0
26.3 66.5 0
34.7 87.5 0
44.8 92.3 0
42.3 78 0
49.7 85 0
56.2 92.5 4
24.5 94.7 0
57.5 83.2 4
62.9 13.2 0
76.4 38.3 0
74.9 50.4 0
69.3 42.8 0
72 44.9 0
76.4 36.7 0
76.8 76 4
76.4 77.7 4
73.2 79.8 4
74.6 72.5 4
118 17.9 0
94.2 9.28 0
94.3 41.1 0
98.5 60.2 4
118 82 4
114 88.7 4
153 15.1 0
122 13.2 0
124 4.05 0
126 3.08 0
147 20.8 0
151 10.1 0
158 1.25 0
152 9.08 0
166 29.2 4
141 52.4 4
166 57.5 4
126 48.9 4
134 41 4
157 35.7 4
162 27.3 4
137 43.4 4
159 66.9 4
128 46.3 4
144 60.4 4
132 27.2 0
124 57 4
136 73.2 4
165 87.7 0
157 97.4 0
158 73.2 4
124 91.4 4
197 9.68 4
176 2.6 0
175 53.5 4
187 28.4 4
192 39.2 4
199 26.9 4
184 84.1 4
197 83.8 4
6.45 3.78 0
12.6 63.9 0
6.75 28.6 0
4.85 67.7 0
8.7 67.2 0
6.25 97.8 0
5.78 90.5 0
3 93.2 0
28.8 2.43 0
17.5 16.8 0
27.5 21.9 0
33.3 18.2 0
34.9 23 0
42.1 2.43 0
48.5 31.4 0
51.1 51.5 0
51.5 27.8 0
51.4 67.1 0
29.9 63 0
37.7 35.6 0
16.9 41.8 0
55.4 48.8 0
56.7 28.5 0
17.5 73.5 0
31.5 87.1 0
23.2 72.7 0
33.3 90.7 0
26.4 96.5 0
66.5 22.2 0
62.8 16.8 0
82.1 2.6 0
69.8 63.1 4
72 60.4 4
75.5 62.5 4
87.5 51.7 4
63 63.8 0
66.1 66.9 4
62 53.2 0
74.4 67.6 4
75.8 64.2 4
81.9 29 0
78.5 73.8 4
70.9 77 4
117 20.4 0
94.3 36.9 0
117 31.1 0
94.4 62.6 4
94.2 96.6 4
118 85.6 4
98.1 90.3 4
94.2 92.7 4
111 85.6 4
143 15.9 0
153 5.88 0
142 12.4 0
155 0.95 0
138 52.9 4
122 31.6 0
127 26.9 0
130 46.1 4
153 67.6 4
132 66.3 4
138 29.3 0
136 27.4 0
129 39.5 4
128 97.4 4
125 96.2 4
127 78.3 4
195 3.7 4
187 3.93 4
173 13.5 0
172 17.7 4
176 22.2 4
195 14.8 4
193 42.8 4
181 42 4
174 55.8 4
195 67.2 4
177 66.7 4
193 73.2 4
199 73.1 4
7.43 6.88 0
8.63 22.2 0
12.2 16.8 0
9.63 2.4 0
11.4 29.3 0
12.4 31.5 0
6.8 64.1 0
0.1 49.3 0
28.1 6.7 0
48.6 2.9 0
17.5 21.8 0
25.9 2.23 0
24.5 5.9 0
50.1 42.3 0
49.7 62.1 0
33.7 67.1 0
30.9 67.5 0
26.2 73 0
15.6 77.4 0
76.8 13.8 0
80.4 43.1 0
78.1 40.8 0
62.6 39.2 0
65.9 96.7 4
62.8 93.6 4
66.6 73 4
102 21.8 0
114 22.3 0
117 3.1 0
110 4.28 0
117 6.38 0
93 64.5 4
110 28.2 0
117 64.4 4
116 33.9 0
113 54.3 4
97.1 67.9 4
116 67.2 4
93 94.5 4
101 73.2 4
113 83.9 4
94 85.4 4
117 90.1 4
97.4 86.8 4
110 91.4 4
147 3.78 0
129 4.43 0
130 16.9 0
141 3.58 0
157 22.5 4
154 22.1 0
167 3 0
157 27.6 4
137 67 4
141 67 4
134 48.9 4
167 56 4
150 67.1 4
149 27.5 0
131 55.2 4
134 32 4
144 72.8 4
137 96.7 4
141 96.7 4
131 97.7 0
141 72.8 4
154 72.6 4
153 97.6 0
131 80.2 4
131 78.2 4
157 72.2 4
167 86.2 0
123 93.4 4
198 22.3 4
181 22.3 4
189 2.5 4
177 10.2 4
187 21.8 4
189 21.8 4
195 41.8 4
194 40 4
197 32.7 4
195 60.8 4
176 64.2 4
181 73.2 4
185 71.3 4
190 73.2 4
11.7 66 0
12.5 55 0
12.7 60.2 0
0.225 38.9 0
8.7 27.4 0
9.28 56.5 0
12.2 89.2 0
7.28 73.9 0
36.5 17.9 0
37 19.6 0
26.3 17.2 0
44.2 5.95 0
32.5 12.3 0
33 15 0
29.6 21.9 0
56.3 66.5 0
45.4 33.7 0
27.5 59.7 0
25.5 56.9 0
58.8 46.3 0
58.8 47.5 0
18.5 37.2 0
36.5 76.1 0
36.1 77.7 0
18.1 76.9 0
21.3 77.9 0
29.6 96.8 0
34.3 72.5 0
21.8 83.2 0
22.1 80 0
30.2 72.9 0
86.3 3.65 0
79.4 12.7 0
85.5 8.33 0
75.2 22.5 0
67.6 60.4 4
64 65.9 4
68.2 31.9 0
66.7 52.8 0
63.5 29.2 0
62.5 31.4 0
69.3 67.3 4
79.6 81.5 4
71.4 84.5 4
73.5 96.8 4
76.4 80.9 4
74.9 92.4 4
70.3 83.1 4
70.7 97.1 4
63 78.4 4
78.8 89.4 4
76.7 84.2 4
76.4 85.9 4
72.8 85.9 4
71.2 89.5 4
63.3 85.8 4
107 22.3 0
109 22.3 0
113 18.3 0
100 67.2 4
106 67.1 4
113 63.2 4
111 68 4
90.6 46.9 4
90.6 48.1 4
109 61.7 4
114 68.1 4
112 74.2 4
106 72.8 4
97.1 97.9 4
109 72.8 4
92.4 81.5 4
100 97.2 4
108 89.2 4
142 22.3 0
127 10.5 0
144 22.3 0
140 17.6 0
139 49.5 4
154 36.1 4
147 30 4
154 27.6 4
122 38.9 4
143 89.4 4
149 72.7 4
149 97.1 0
130 82.9 4
196 22.3 4
173 6.38 0
199 63.4 4
192 59.9 4
190 67.4 4
187 66.8 4
173 38.6 4
189 80.5 4
186 77.7 4
173 91 0
194 77.6 4
192 80.5 4
190 97.5 4
12.3 6.18 0
0.45 8.6 0
11 45 0
0 63.5 0
6.4 84.1 0
8.55 83.9 0
12.2 85.9 0
1.03 97.1 0
3.03 79.2 0
2.75 86.8 0
21.8 11.1 0
49.5 22 0
20.2 11.5 0
25.3 43.2 0
47.7 40.5 0
44.2 27.1 0
28.5 54.8 0
40.1 86.7 0
37 89.7 0
28.8 77.1 0
31.8 80 0
30.7 92.7 0
39.3 92.8 0
34 83.6 0
57.5 90.5 4
34.4 97 0
57.1 86 4
26.4 89.2 0
64.3 8.88 0
84 52.6 4
62.5 43.1 0
74.8 43.3 0
83.8 27.3 0
66.2 27.4 0
63.8 95.7 4
67.3 80.5 4
67.1 88.4 4
68.3 92.4 4
62.4 90.4 4
68.7 73 4
92.7 14.7 0
118 12.7 0
115 2.13 0
111 15.7 0
105 17.8 0
94 66.6 4
111 31.7 0
102 63.1 4
93.6 29.8 0
102 31.3 0
117 53.4 4
114 27.6 0
118 51.7 4
92.6 32 0
110 64.5 4
107 80.1 4
103 80.6 4
104 77.2 4
149 2.45 0
132 22.4 0
146 12.3 0
157 4.38 0
165 2.03 0
168 48.1 4
168 46.9 4
160 32.5 4
124 65.5 4
157 45.5 4
151 38.4 4
164 27.3 4
126 66.5 4
147 86.7 4
168 81.6 4
153 94.4 0
186 17.8 4
178 18.3 4
173 9.13 0
188 7.6 4
179 47.5 4
174 29.7 4
193 63.1 4
173 31.9 4
192 35.8 4
198 57.1 4
182 58.7 4
193 84.3 4
199 93.3 4
195 90.4 4
172 94.5 0
176 97.9 0
193 86.7 4
190 88.2 4
194 97.9 4
12.4 13.2 0
12.5 42.3 0
37.9 15.2 0
50.8 17.6 0
53.8 67.6 0
49.1 34.2 0
26.1 47.2 0
32.5 61.5 0
57.9 33.3 0
21.5 42.2 0
52.5 44.7 0
49.1 46 0
56.4 55.8 0
55 27.2 0
25.7 84.4 0
27.5 80.1 0
18.8 90.3 0
25.8 80.9 0
27.4 86.1 0
86.8 6.55 0
78.7 22.9 0
83.7 2.6 0
69.6 6.5 0
63.3 21.9 0
83.2 45.2 0
62.3 58.6 0
86 62.4 4
63.6 73.5 4
88 81.6 4
86.1 92.5 4
97.8 2.23 0
96.4 22 0
92.7 16.6 0
95.7 28.5 0
98.6 32.7 0
100 53.4 4
102 27.4 0
106 26.8 0
92.9 38.6 0
119 43.8 4
110 82.5 4
154 12.7 0
136 17.7 0
135 4.1 0
130 21 0
134 22.4 0
154 10.9 0
148 60.1 4
125 38.1 4
153 48.6 4
161 41.3 4
122 62.8 4
166 62.5 4
163 42.5 4
145 51.1 4
127 38.1 4
149 89.9 4
146 76.8 4
157 84.8 0
166 92.5 0
150 81.8 4
193 17.8 4
173 21.9 4
177 15.4 4
193 32.5 4
176 28.5 4
188 59.6 4
189 47.5 4
186 60.1 4
189 27.2 4
187 84.5 4
193 92.8 4
193 94.7 4
11.7 21.8 0
1.83 72.6 0
4.6 71.3 0
8.1 94.8 0
7.83 93.1 0
17.7 5.9 0
46.1 2.45 0
48.1 23.1 0
16.3 20.2 0
17.1 9.6 0
21.9 67.3 0
40.7 45.9 0
18.9 65.9 0
18.9 59.8 0
36.2 27.4 0
58.8 51.6 0
48.6 49.4 0
21.1 50.8 0
22 97.4 0
19 96 0
44.8 79.7 0
15.6 75.8 0
62.7 10.2 0
62.3 20.3 0
79.2 2.1 0
84.4 33.7 0
87.8 47.2 4
66.2 57.3 0
87.8 48.4 4
67.6 55.9 0
62.7 55.8 0
78.6 26.6 0
112 7.83 0
93.5 3.4 0
108 43.7 4
102 34.5 0
98.2 48 4
116 40.6 4
92.8 52.3 4
91.7 43.6 4
96.3 73.2 4
92.7 78.6 4
168 11.9 0
122 8.38 0
122 6.55 0
153 3.35 0
160 45.7 4
152 32.5 4
168 33.2 4
150 53.1 4
157 49.2 4
161 53.8 4
162 52.6 4
162 45 4
130 32.7 0
149 36 4
145 38.5 4
133 55.9 4
152 51.9 4
136 78.8 4
135 80.8 4
127 87.1 4
172 20.3 4
180 2.58 4
196 37 4
193 46 4
179 32.7 4
173 52.3 4
189 40.7 4
172 43.6 4
187 89.1 4
176 73 4
173 96.7 0
182 89 4
0.8 18.3 0
12.7 20.2 0
12.9 94.5 0
11.8 96.6 0
0.15 76.8 0
12 72.3 0
53.3 8.38 0
37.8 2.93 0
45.9 21.2 0
35.4 61.3 0
17 63.1 0
30.4 57.2 0
47.5 29 0
35.6 53.3 0
32 53.5 0
52.9 39.7 0
54.5 40.1 0
16.9 38.7 0
58 63.4 0
37.3 29.3 0
17.5 52.5 0
18.6 50.8 0
48.7 78.9 0
17.1 93.2 0
57.7 97 4
87.5 17.8 0
74.2 2.48 0
87.8 12.2 0
83 40.2 0
84.6 40.6 0
75.6 29.4 0
81 37.3 0
62.5 76 4
79.4 71.1 4
100 17.5 0
118 4.98 0
106 2.3 0
91.2 0.975 0
99.9 0.9 0
96.4 36.2 0
108 31.8 0
107 54.1 4
105 52.5 4
117 94.4 4
113 93.4 4
111 98 4
91.2 99 4
116 97.2 4
168 17.7 4
162 3.35 0
150 23.6 0
145 1.33 0
163 6.83 0
160 49.3 4
130 58.2 4
143 30 0
164 32.7 4
130 61.5 4
163 33.9 4
127 53.6 4
161 49.9 4
125 31.9 0
131 36.6 4
127 31.3 0
153 40.2 4
121 44 4
122 59.4 4
155 52.7 4
122 57.6 4
147 44 4
157 81.9 4
126 71.2 4
123 78.5 4
168 97 0
184 2.3 4
179 6.8 4
186 45.1 4
185 43.6 4
197 44.4 4
186 49.8 4
182 27.4 4
193 56.3 4
196 55.5 4
186 51.3 4
189 34 4
187 34 4
185 97.3 0
182 97.5 0
173 78.4 4
172 84.1 4
7.55 9.8 0
13.9 0.975 0
1.03 33.9 0
12.6 34.3 0
9.03 72.6 0
13.9 99 0
12.9 73.2 0
57.2 13.2 0
52.7 2.05 0
33.8 2.45 0
46.8 67.8 0
31.8 49.9 0
52.8 33.9 0
53.3 61.4 0
24.5 62.1 0
41.9 67.5 0
35.2 44.5 0
25 32.6 0
19.8 31.8 0
21.6 31.1 0
35.9 31.8 0
54.8 63 0
25.3 28.2 0
54.4 33.5 0
50.8 93.1 4
47.8 97.6 0
57.4 93.9 4
48.3 93.2 0
56.8 97.9 4
74.8 7.08 0
82 23.1 0
61.1 0.975 0
82 5.8 0
81.2 7.53 0
76.9 8.43 0
86.2 31.3 0
81 53.1 4
83.1 56.7 4
87.4 64 4
70.3 31.7 0
88.2 78.2 4
87.4 94 4
82.9 88.1 4
97.8 5.48 0
117 17 0
119 0.975 0
113 13.3 0
112 48.9 4
119 69 4
108 35.7 0
109 38.8 4
99.6 37.9 4
97.8 55.9 4
110 58.9 4
98.6 77.6 4
109 94.1 4
119 99 4
114 98.2 4
148 15.8 0
136 2.6 0
162 23 4
139 2.25 0
127 22.7 0
166 52.2 4
146 66.2 4
139 55.9 4
149 43.7 4
163 56.9 4
167 64 4
161 28.6 4
165 38.8 4
164 37.2 4
146 54.2 4
164 82.8 4
146 96.2 0
163 81.9 4
134 74.4 4
156 91.2 0
139 78.5 4
142 83.3 4
141 79.7 4
130 72.5 4
135 83.9 4
163 87.1 0
157 90.3 0
168 78.2 4
167 94 0
167 98 0
124 72.7 4
121 81.5 4
171 0.975 0
191 50.5 4
183 54.5 4
182 31.4 4
190 52 4
189 55.5 4
185 54.1 4
185 26.2 4
200 98.8 4
177 94.5 0
8.28 15.1 0
4.13 62.9 0
1.3 31.2 0
1 27.5 0
4.4 26.2 0
14 69 0
6.43 47.6 0
1.85 61.9 0
11.3 52 0
4.13 49.3 0
3.55 46.3 0
12.6 78.1 0
8.9 90.5 0
9.03 97.9 0
5.03 96.6 0
57.5 16.5 0
53.9 12.4 0
52.3 12 0
42.3 23.1 0
48.3 16.9 0
41.2 3.68 0
56.2 43.1 0
30.1 45.8 0
31.3 44.4 0
28.7 51.6 0
23.6 46.5 0
57.6 57.1 0
58.9 59.7 0
32.7 43.3 0
45.9 45.8 0
56.1 31.2 0
56.3 29.7 0
27.6 53.1 0
18.1 80.6 0
18.1 79.3 0
24.6 92.2 0
51.9 97.6 4
58.1 78.2 4
41.9 97.6 0
49.4 71.1 0
77.9 19.6 0
78.7 17.9 0
83 8.95 0
73.4 11.9 0
63.8 3.53 0
82.4 30.2 0
86.4 43.5 4
82.5 31.6 0
86 55 4
87.8 39.1 0
88.7 59.7 4
62.2 34.3 0
81.9 67.6 4
61 69 0
62.8 48.3 0
62.8 45.8 0
72.1 46.8 0
80.5 26.6 0
84.2 82.6 4
82.6 81.7 4
63.9 82.1 4
87.5 87.3 4
84.6 74.5 4
88.8 89.8 4
80.8 92 4
81.9 97.6 4
61 99 4
93.2 21.6 0
96.1 8.35 0
95.5 2.43 0
100 8.95 0
115 5.68 0
112 46.4 4
114 58.8 4
94.1 54.5 4
117 49.3 4
91 69 4
116 47.9 4
97.5 81.1 4
116 91.7 4
93.3 73.7 4
117 78.2 4
119 70.9 4
96 82.1 4
161 8.4 0
122 17.6 0
123 14.1 0
164 12.9 0
142 7.9 0
147 18.3 0
132 2.33 0
144 8.9 0
137 8.88 0
136 14.1 0
124 21.5 0
166 43 4
167 60.6 4
161 62 4
154 45.8 4
162 67.6 4
123 39.5 4
137 36 4
161 59.5 4
141 37.9 4
141 27.5 0
126 41.6 4
141 48 4
142 48.6 4
153 91.2 0
158 96.1 0
164 74.4 4
167 90.6 0
160 92.2 0
162 97.6 0
124 84.8 4
122 77.3 4
184 9.4 4
186 7.68 4
196 50.2 4
196 66 4
194 49.6 4
171 69 4
184 47.4 4
182 46.8 4
197 28.2 4
181 34.8 4
179 77.4 4
173 73.5 4
186 93 4
171 99 0
177 80.3 4
1.38 41.7 0
4.1 38.4 0
6.9 53.8 0
0.75 53.7 0
13.2 46.9 0
13.2 48.2 0
0.35 36.5 0
7.48 52.2 0
3.43 41.7 0
11.1 81.3 0
40.4 12.3 0
21.2 4 0
31.8 7.1 0
18.8 15.9 0
50.5 6.68 0
42.7 8.85 0
36.8 9.98 0
32.8 8.93 0
46.8 14.2 0
46.8 8.95 0
56.9 3.1 0
59.1 0.975 0
21.5 20 0
18.8 14.7 0
54.9 18.5 0
34.9 10.5 0
48.1 12.9 0
39 6.98 0
51.3 23.9 0
45.9 16.8 0
42.3 53 0
27.5 34.5 0
46.3 63.2 0
38.8 66.3 0
18.1 30.6 0
50.5 37.1 0
43.2 31.7 0
44.2 59.2 0
27.8 65.4 0
38.8 60 0
47.2 58.2 0
20.6 28.1 0
31.3 27.4 0
21 46 0
40.7 63.3 0
57.9 39 0
59.1 69 0
43.5 49.9 0
43.1 30.3 0
45.1 43.1 0
45.2 52.8 0
46.9 52 0
29.6 34.3 0
38.8 53.2 0
17.5 26.9 0
45.4 49.2 0
19.7 37.8 0
21.7 37.8 0
17.3 35.8 0
22.2 73.9 0
39.1 74 0
38.1 96.4 0
51.1 83.7 0
41.1 79.1 0
54.4 74.4 0
38.9 83.7 0
17.4 89 0
16.7 86.6 0
51.1 71.1 0
42.6 72 0
18.1 82.9 0
21.9 86.7 0
49.6 77.1 0
39.2 79.8 0
37.6 82.5 0
67.4 13.3 0
69 12.2 0
83.8 13.2 0
73.6 17 0
89.1 0.975 0
74.4 14.8 0
82.5 16.2 0
82.6 12 0
67.3 17.2 0
69.3 18.4 0
66.4 38.5 0
79 66.1 4
87.4 57.2 4
76.3 51.2 4
81 61.8 4
89.1 69 4
74.1 38.3 0
74.1 36.8 0
68.4 51.4 0
77.7 46.1 0
78.4 34.6 0
78.7 96.1 4
85.8 85 4
81.2 71.1 4
61 70.9 4
89.1 99 4
115 20.7 0
110 6.88 0
92.3 20 0
98.5 10.4 0
104 11 0
102 14.9 0
119 24.2 0
97.9 12.3 0
108 11.3 0
109 2.3 0
118 8.93 0
101 3.53 0
112 42.7 4
112 35.2 0
116 61.5 4
118 58.9 4
109 47.6 4
113 38.9 4
119 45.5 4
118 55.3 4
92.6 35.7 0
92.2 76.2 4
105 95.6 4
117 73.3 4
91 70.9 4
104 91.6 4
114 72.7 4
147 7.68 0
140 8.23 0
161 13.8 0
129 13.3 0
147 5.65 0
127 15.8 0
136 11 0
163 16.2 0
152 18.1 0
166 4.88 0
158 9.93 0
145 28.2 0
134 64.9 4
166 48.8 4
166 46.3 4
123 30.7 0
139 45.4 4
151 66.4 4
137 32 4
123 50.8 4
156 61.9 4
166 55 4
126 28.2 0
152 56.2 4
134 38.5 4
152 61.5 4
168 38.9 4
169 69 4
154 63 4
137 30.5 4
136 28.7 0
122 36 4
123 26.9 0
153 56 4
138 33.9 4
157 59.1 4
144 35.4 4
150 28.7 4
133 28.4 0
127 96.1 0
152 87.5 0
161 71.1 4
129 76.6 4
166 85.2 0
121 89.3 4
180 10 4
196 11.1 4
173 16.8 4
191 3.33 4
174 5.45 0
173 35.7 4
171 63.2 4
179 65.2 4
197 74.4 4
180 74.5 4
184 90.6 4
182 93.1 0
171 70.9 4
174 82.2 4
6.48 20.9 0
4.55 17 0
3.9 11.5 0
12.6 10.4 0
1.6 2 0
14 24.2 0
1.85 11.5 0
3.95 6.6 0
3.98 2 0
11.3 5.25 0
6.8 61.1 0
11.7 62.3 0
12.5 40.5 0
1.08 57.1 0
6.8 59.2 0
8.35 79.1 0
56.2 10.3 0
39.2 21.2 0
50 13.8 0
36.6 37.6 0
27.7 40.6 0
36.3 66.1 0
31.5 31.2 0
29.8 40.8 0
16.8 47 0
16.8 48.2 0
33.7 26.7 0
31.6 40.8 0
37.4 50.4 0
44.7 28.4 0
41.5 39.3 0
39.2 40.1 0
37.5 43.3 0
23.4 56.5 0
58.8 35.6 0
28.9 28.7 0
54.5 82.5 4
47.5 73.1 0
53.7 92.1 4
27.9 95.4 0
42.5 85 0
59.1 70.9 0
43.6 90.9 0
44.1 84.6 0
42.9 93.9 0
68.7 21 0
68.2 2.23 0
65.7 2.55 0
61 24.2 0
67.9 9.95 0
66.2 9.98 0
75.8 54.4 4
74.1 57.5 4
67.6 65.8 4
64.1 62.3 0
71 27.8 0
78 59.6 4
73.4 27.1 0
86.8 67 4
87.4 36.4 0
76.2 95.9 4
69.1 95.7 4
86.7 74.3 4
63.9 92 4
86.8 97 4
89.1 70.9 4
73.9 73.7 4
64.1 84.7 4
91 24.2 0
108 15.7 0
103 6.65 0
105 34 0
101 43.6 4
99.1 66.5 4
114 33.8 0
118 28.1 0
119 25.6 0
103 44.4 4
96.5 41 4
100 60.5 4
93.9 39.5 0
104 60.4 4
108 66.1 4
116 80.9 4
111 76.7 4
99.9 74.5 4
105 87.3 4
99.8 91.7 4
104 85.9 4
96.1 96.9 4
102 84.4 4
129 7.85 0
129 6.3 0
169 0.975 0
158 21.2 4
164 2.9 0
134 58.9 4
123 53.1 4
135 61 4
127 51.1 4
122 47.6 4
121 45.7 4
167 67 4
147 32.1 4
125 58.4 4
127 59 4
139 61.4 4
128 44.1 4
147 34 4
151 96.4 0
167 74.3 4
134 86.3 4
122 86.9 4
169 70.9 4
132 87.5 4
133 96.3 0
151 84.6 4
127 90.4 4
125 91.1 4
191 14.8 4
188 14.8 4
193 10.3 4
180 21 4
171 24.2 4
187 11.9 4
177 3.75 0
199 2.7 4
173 49.6 4
185 38.4 4
199 48.3 4
172 45.3 4
178 54.2 4
176 53.9 4
187 29.6 4
185 31.1 4
184 36.7 4
172 76 4
190 96.6 4
188 96 4
7.4 35 0
6.3 29.9 0
6.2 33.2 0
3.78 66.5 0
17.5 1.6 0
57.4 7.83 0
55.1 2.13 0
59.1 24.2 0
15.6 0.975 0
42.7 17.6 0
42.4 14.9 0
41.5 18.8 0
34.3 21.8 0
57.4 6 0
24.3 38.8 0
18.1 42.9 0
44.3 68 0
17.5 58.6 0
16.9 56.2 0
39.1 36.9 0
41 36.9 0
41.8 76.4 0
56.5 74.2 0
51.9 88.9 4
51.5 86.3 4
45.6 86.3 0
44 88 0
35.5 96.2 0
56.2 85 4
64 12.1 0
85.9 5.53 0
86 21.7 0
89.1 24.2 0
84.2 22.5 0
87.5 19.5 0
72.4 65.8 4
86.3 50.6 4
86.5 46.6 4
63.3 52.1 0
86.5 49.1 4
84.3 28.6 0
71.3 54.5 0
73.9 52 4
74.1 66.1 4
78.8 75.5 4
79.7 77.2 4
87.6 76 4
108 9.35 0
105 9.35 0
92.1 6.05 0
92.1 7.88 0
97.4 61.7 4
92.3 56.2 4
92.3 59.5 4
96.2 63.2 4
118 38.9 4
116 87 4
97.2 91.8 4
113 79.2 4
92.2 86.3 4
92.2 89.5 4
96.1 93.3 4
116 83.3 4
98.1 85.3 4
98.8 83.8 4
123 11.9 0
167 20 4
166 21.6 4
167 7.2 0
123 1.6 0
150 3.6 0
156 16.4 0
169 24.2 4
121 0.975 0
157 17.6 0
164 22.4 4
167 9.03 0
158 28.9 4
130 44 4
133 51 4
132 41.4 4
155 43.1 4
154 66.6 4
149 57.7 4
164 28.6 4
137 45.3 4
155 41.3 4
169 35.5 4
136 54.4 4
146 48.1 4
131 28.4 0
147 46.9 4
141 87.4 4
150 74 4
151 78 4
167 76 4
131 91.5 4
134 92.7 0
139 91.4 4
156 78.2 4
155 77 4
156 96.7 0
194 5.58 4
196 8.38 4
198 15.5 4
191 8.88 4
185 41.1 4
181 43.6 4
176 56.3 4
177 56.5 4
177 61.7 4
172 56.6 4
189 65.9 4
172 59.9 4
173 65.6 4
178 59.5 4
199 87.9 4
176 84.9 4
197 96 4
172 86 0
172 89.3 0
178 85.3 4
195 96.5 4
179 96.2 0
9.9 21.4 0
8.55 3.55 0
13.4 27.5 0
14 25.6 0
9.78 66.2 0
13.1 75.7 0
24.3 20 0
44.6 22.5 0
26.9 3.38 0
54.6 66.7 0
52.2 66.3 0
53.6 48.2 0
36.3 55.8 0
32.3 66 0
22.9 28.1 0
36 57.5 0
52.3 49.4 0
18.1 67.8 0
15.6 69 0
45 39.7 0
17.5 39.9 0
25 73.9 0
57.4 75.9 4
18.1 97.8 0
54.3 98.1 4
44.3 98.1 0
15.6 99 0
87.8 10.3 0
84.6 3.45 0
65.1 21.4 0
72.3 40.7 0
81.1 47.6 4
61.6 27.5 0
63.5 54.7 0
84.3 68.1 4
61 25.6 0
70.9 41.8 0
63.9 38.4 0
67.7 28.6 0
82.5 50.3 4
82.3 48.9 4
84.3 98.1 4
65.4 73.9 4
94.2 11.7 0
116 32.2 0
91.6 27.5 0
118 36.4 4
91 25.6 0
95.9 66.9 4
116 65.7 4
118 75.8 4
95.7 85.8 4
127 4.18 0
123 9 0
123 5.93 0
157 2.2 0
122 19.3 0
135 48.3 4
145 41.6 4
139 65.7 4
128 28.2 0
151 46.6 4
157 55 4
149 41.2 4
123 67.8 4
164 68.1 4
121 69 4
158 65.9 4
152 28.9 4
141 57.5 4
130 96.7 0
123 97.8 4
164 98.1 0
121 99 4
128 81.4 4
128 79.6 4
122 75.7 4
157 74.9 4
158 76.5 4
124 94.3 4
175 21.4 4
174 8.2 0
172 28.1 4
171 25.6 4
200 28.2 4
175 47.4 4
184 74.4 4
179 89 0
177 91.1 0
11.3 17.7 0
11.8 19.4 0
11.4 32.4 0
9.5 28.7 0
11.7 58.4 0
6.83 76.4 0
18.8 18.1 0
45.3 3.33 0
56.8 20.3 0
55.9 21.9 0
18.1 23 0
15.6 24.2 0
30.7 20.7 0
54.2 22.6 0
28.7 48.7 0
43.7 35.1 0
24.7 35.8 0
58.5 27.5 0
59.1 25.6 0
52.7 29.1 0
54.6 28.5 0
17.5 71.5 0
54 72.3 0
15.6 70.9 0
16.9 75.3 0
44.2 72 0
33.6 73.8 0
31.3 74.2 0
62.7 5.4 0
63.2 19.5 0
63.7 17.8 0
74.5 21.2 0
88.5 27.5 0
89.1 25.6 0
63.4 75.2 4
72.1 95.7 4
84.1 72.3 4
105 21.1 0
98.5 20.7 0
110 21.1 0
118 21.1 0
98.1 15 0
111 12.1 0
105 65.7 4
107 28 0
113 67.2 4
105 74 4
110 74 4
93.6 80.4 4
140 21 0
155 21.2 0
145 21 0
140 5.45 0
121 24.2 0
130 18.5 0
132 15.9 0
123 23 0
168 27.5 4
169 25.6 4
147 28.7 4
145 74.1 4
140 74.1 4
139 95.4 0
155 73.5 4
121 70.9 4
123 71.5 4
164 72.3 4
184 21 4
174 12.5 4
173 19.4 4
190 20.5 4
199 52.2 4
177 29.7 4
185 65.4 4
178 36.2 4
173 93 0
191 74.5 4
5.8 12.9 0
5.95 72.6 0
11.2 87.3 0
0.475 73.8 0
47.7 3.7 0
46.1 19.3 0
21 66.1 0
34.9 47.8 0
21 96.2 0
33 95.9 0
56.2 89.4 4
81.6 34.1 0
63.8 44.2 0
63.5 32.4 0
67.1 35.5 0
65.3 28.6 0
63.7 77.6 4
63.9 89 4
69.9 74.2 4
114 3.3 0
116 53.5 4
111 52.6 4
114 54 4
117 50.6 4
97.3 29.8 0
113 28.9 0
98.8 96.5 4
110 96.7 4
167 12.9 0
151 22.3 0
143 2.28 0
156 28.9 4
167 32.3 4
123 61.2 4
130 52.9 4
124 55.5 4
155 28.9 4
123 60 4
167 80.5 4
160 88.2 0
167 79 4
200 21.1 4
195 21.1 4
181 3.45 4
180 48.5 4
191 66 4
182 49.7 4
181 51.6 4
175 91.6 0
175 96.9 0
7.38 39.1 0
11.3 43.4 0
11.9 46.3 0
11.9 48.8 0
8.53 45 0
5.48 43.2 0
12 93 0
41.6 21.8 0
51.9 3.3 0
19 7.43 0
18.4 9.3 0
47.7 66.6 0
57.6 61 0
15.6 25.6 0
16.3 27.5 0
52 58.1 0
56.7 62.6 0
18.1 28.1 0
51.4 80.7 0
21.2 89.9 0
45.3 81.6 0
86.2 16.9 0
79.8 21.7 0
81.2 21.9 0
86.5 13.2 0
86.7 80.5 4
87 79 4
83.6 93.4 4
95 21.2 0
105 41.6 4
101 40.9 4
112 56.4 4
114 47.9 4
103 54.7 4
106 57.7 4
166 16.8 4
160 17 0
161 11.3 0
161 21.8 4
123 63.6 4
164 63.4 4
121 25.6 0
124 34.1 4
124 35.3 4
121 27.5 0
127 65.5 4
129 65.2 4
123 28.1 0
141 42.5 4
158 37.4 4
148 81.6 4
163 93.4 0
154 84.7 0
125 71.8 4
183 13.9 4
192 29.1 4
190 28.4 4
186 26.8 4
11.4 12.3 0
3.68 32.3 0
4.35 55.5 0
14 52.1 0
14 43 0
7.18 49.9 0
11.3 35.2 0
1.8 48.6 0
9.95 96.9 0
14 82.1 0
27.4 13.2 0
25.9 12.2 0
31.8 3.6 0
56.3 15.6 0
56 14.2 0
49.5 20.8 0
22.1 0.95 0
38.1 24.2 0
26 10.4 0
50.1 18.9 0
42.5 61.1 0
44.2 55.7 0
18.3 61.6 0
18 46.4 0
18 48.9 0
21.8 48.9 0
59.1 43.1 0
38.1 69.2 0
38.3 25.6 0
15.6 43.3 0
32.7 37.7 0
18.5 34 0
56.9 48.7 0
18.5 35.2 0
31.9 35.8 0
40.2 47.8 0
37 26.9 0
58.1 49.9 0
16.3 51.1 0
56.6 80.4 4
56.8 78.9 4
18.3 91.7 0
48 84.6 0
59.1 82 4
38 70.9 0
38.1 99.2 0
15.6 81.7 0
78.1 24.2 0
63.8 57.2 0
87.4 61 4
80.4 57.7 4
83.5 63.3 4
61 43 0
89.1 52 4
89.1 43.1 4
60.8 51.9 0
78.1 69.2 4
86.5 35.3 0
87.5 91.1 4
89.1 82 4
78.1 99.2 4
60.8 81.9 4
93.2 19.2 0
117 11.7 0
93.6 17.5 0
105 13.2 0
106 0.875 0
117 9.85 0
98.9 46.5 4
93.7 49.6 4
99 49.6 4
99.9 51.5 4
94 51.2 4
93.6 32.9 0
105 28 0
91 52.1 4
104 48.5 4
119 51.8 4
92.3 45.3 4
102 47.3 4
103 28.7 0
108 50.8 4
114 40.9 4
93.6 34.8 0
95.1 74.1 4
106 98.7 4
91 82.1 4
119 81.8 4
152 13.1 0
123 16.7 0
135 6.5 0
151 12.2 0
135 21.2 0
126 21.5 0
146 63.7 4
169 52 4
169 43.1 4
121 51.7 4
140 36.1 4
144 62.4 4
146 93.7 0
139 85.5 4
163 76.3 4
169 82 4
162 77.6 4
194 0.825 4
174 51.2 4
174 32.9 4
171 52.1 4
174 34.8 4
182 82.2 4
171 82.1 4
5.65 26.8 0
3.53 72.6 0
49.9 23.3 0
56.5 4.98 0
23.4 65.9 0
50.7 53.2 0
18.3 64 0
42.7 44.9 0
34 31.9 0
21.2 59.5 0
34.3 28 0
38.4 45.3 0
51.9 55 0
57.9 34.6 0
23.5 53.6 0
22 52.2 0
23.4 96 0
18.3 94.1 0
46.3 78.7 0
18 86 0
41.8 73.3 0
75.4 3.43 0
77.5 3.53 0
79.2 3.35 0
67.2 41.3 0
68.8 47 0
75.6 31.7 0
63.5 35.2 0
78 53.4 4
68.7 42.3 0
76.7 28.5 0
67.5 48.3 0
78 27.3 0
83.7 76.3 4
82.4 77.6 4
93.2 5.28 0
93.2 8.65 0
99.3 55 4
118 42.7 4
93.1 75.4 4
116 95.7 4
115 73.6 4
133 3.63 0
149 22.3 0
154 5.23 0
131 10.5 0
133 10.3 0
146 2.18 0
167 10 0
143 28.7 4
123 48.2 4
143 32.4 4
168 34.5 4
123 86.3 4
159 72 4
122 90.6 4
194 12.9 4
199 10.1 4
180 41.1 4
178 40.1 4
198 81.9 4
175 73.8 4
13.8 14.1 0
12.2 28.1 0
13.8 31 0
10.2 73.5 0
13.1 70.9 0
2.63 81.6 0
18.1 2.85 0
36.7 4.03 0
46.8 21.9 0
34.8 3.55 0
39 1.25 0
21.8 24.2 0
59.1 13.2 0
15.6 13.4 0
22.7 22.6 0
53.1 18.3 0
51.8 17 0
39.4 28.8 0
40.6 28.8 0
59.1 31.8 0
21.8 69.2 0
15.6 31.6 0
21.6 25.6 0
56.6 54.3 0
38.1 28.8 0
57.9 52.5 0
33 88.7 0
43.5 78.7 0
56.5 95.2 4
21.9 70.9 0
53.4 76.3 0
21.8 99.2 0
46.8 91.7 0
52.1 77.5 0
59.1 98.1 4
69.2 3.38 0
61.3 14.1 0
89.1 13.2 0
79.8 0.775 0
73.2 61.9 4
71.8 63.3 4
62.9 28.1 0
61.3 31 0
89.1 31.8 0
74.1 28.4 0
74.9 48.5 0
75.1 75.4 4
73 77.9 4
74.7 77.1 4
78.5 72 4
105 3.55 0
91.3 14.1 0
119 14.1 0
93.5 2.08 0
92.4 0.975 0
92.9 28.1 0
119 31 0
91.3 31 0
98.2 58.2 4
93.3 61.6 4
96 47.4 4
92.7 42.7 4
93.4 77.8 4
97.8 88.3 4
93.2 91.6 4
113 97.2 4
123 2.85 0
126 1.25 0
159 1.25 0
169 13.2 4
138 3.55 0
127 24.2 0
158 24.2 4
121 13.4 0
142 13.9 0
140 53.9 4
153 37.9 4
136 41.6 4
127 48.2 4
169 31.8 4
159 68.8 4
126 68.8 4
121 31.6 4
158 25.6 4
127 25.6 0
123 42.1 4
137 42.7 4
122 43.4 4
128 46.9 4
158 82.9 4
129 73.4 4
127 72.1 4
127 99 0
158 99 0
122 79.8 4
169 98.1 0
158 70.9 4
185 3.45 4
196 3.53 4
199 23.8 4
171 14.1 4
180 1.15 4
178 46.8 4
171 31 4
199 25.6 4
200 68.8 4
183 28.1 4
184 26.8 4
172 61.7 4
173 42.6 4
174 40.8 4
173 75.2 4
199 71.3 4
183 96.1 0
11.3 9.48 0
13.8 15.9 0
8.95 23.8 0
13 1.93 0
0.025 32.4 0
14 64.7 0
8.85 25.6 0
8.85 69.3 0
8.95 71.3 0
14 94.7 0
12.2 74.9 0
6.1 95 0
5.83 93.3 0
14.1 71.8 0
4.53 92.3 0
35.3 20.2 0
54.5 10.5 0
52.9 10.1 0
54.3 2.9 0
26.2 23.8 0
48.5 24.4 0
33.8 0.775 0
59.4 16.5 0
15.6 16.5 0
34.8 18.5 0
26.3 5.25 0
41.8 0.875 0
46.6 31.1 0
44.9 31.9 0
36.7 34.9 0
45.1 67.1 0
57.6 58.5 0
25.8 68.6 0
18.1 55.6 0
48.5 25.6 0
26.2 25.6 0
15.6 63.8 0
47.2 26.9 0
59.1 64.8 0
48.2 69.1 0
36.2 33 0
18.7 53.7 0
48.4 74.4 0
18.1 72.8 0
49.1 98.8 4
25.8 98.6 0
26.2 71.3 0
58.7 93.9 4
55.1 97.2 4
15.6 93.8 0
58.2 99.1 4
48.4 75.6 0
73.6 1.15 0
61.3 15.9 0
66.2 23.8 0
62.2 2.08 0
89.4 16.5 0
84.5 32.1 0
72.8 34.1 0
84.3 54.7 4
87.2 28.1 0
86.5 38.3 0
82.7 55.1 4
86.5 65.2 4
65.8 68.6 4
61.5 64.2 4
88.7 63.9 4
66.2 25.6 0
71 34.1 0
87.5 88.7 4
86.5 95.2 4
65.8 98.6 4
61.5 94.2 4
88.7 93.9 4
66.2 71.3 4
96.4 3.33 0
91.3 15.9 0
96.2 23.8 0
118 1.93 0
119 16.8 0
117 7.08 0
96.3 26.9 0
101 32.5 0
119 64.2 4
91 64.7 4
117 35.6 4
118 68.2 4
96.3 69.3 4
96.3 25.6 0
95.9 55 4
113 85.8 4
119 94.2 4
96.2 71.3 4
91 94.7 4
92.2 98 4
118 98.2 4
114 87.1 4
166 18.9 4
129 21.5 0
131 3.43 0
154 23.8 4
131 23.8 0
169 16.5 4
131 0.825 0
121 16.5 0
162 0.875 0
163 5.23 0
165 4.78 0
155 0.95 0
133 48 4
167 28.1 4
166 59.4 4
132 46.8 4
166 65.2 4
169 63.9 4
154 69.3 4
131 69.3 4
154 25.6 4
131 25.6 0
121 63.8 4
132 67.7 4
127 39.7 4
133 80.2 4
133 78.2 4
135 76.9 4
125 78.5 4
166 89.4 0
167 77 4
166 95.2 0
126 84.7 4
154 71.3 4
131 71.3 4
169 93.9 0
154 99.3 0
131 99.3 0
121 93.8 4
126 78.3 4
168 99.1 0
123 74.6 4
176 5.63 0
196 23.8 4
181 23.7 4
189 1.15 4
171 16.8 4
184 0.875 4
176 23.8 4
172 1.93 0
176 8.9 4
177 7.25 0
176 26.9 4
195 68.6 4
176 69.3 4
176 25.6 4
195 26.3 4
180 26.9 4
180 25.6 4
181 68.6 4
177 67.7 4
173 77.6 4
181 71.2 4
176 71.3 4
171 94.7 0
176 99.3 0
194 71.3 4
9.15 5.43 0
4.2 23.8 0
0.8 23.8 0
2.08 28.1 0
3.33 26.8 0
5.45 69.3 0
5.08 64.9 0
4.5 47.5 0
11.8 77.3 0
0.8 71.3 0
13.8 79.2 0
13 98 0
43.6 21.8 0
51.6 0.775 0
49.2 1.25 0
41.4 24.4 0
56.3 17.8 0
54.5 42.3 0
54.2 64.9 0
48.4 42.5 0
31.7 63.5 0
51.6 41.9 0
47.2 43.7 0
52.7 64.5 0
51.9 62.8 0
56.6 38.2 0
28.2 62.9 0
26.8 61.5 0
42.7 66.7 0
50.8 68.8 0
40.8 68.8 0
41.4 25.6 0
52.9 43.2 0
50.8 26.3 0
47.4 45.2 0
57.5 36.5 0
19.4 78.1 0
18 88 0
19.4 81.8 0
46.8 96.7 0
20.8 82 0
52.7 96.8 4
56.8 76.9 4
50.8 98.8 4
41.4 70.6 0
59.4 78.6 4
40.8 98.8 0
45.1 97.2 0
15.6 78.6 0
77.8 11.8 0
73.3 8.38 0
74.4 10 0
81.6 0.775 0
81.4 24.4 0
76.5 9.9 0
83.3 21.9 0
86.2 19.8 0
81.8 42.3 0
84.6 42.7 0
83 43.5 0
78 38.9 0
87.4 58.6 4
82.7 66.8 4
80.8 68.8 4
85.1 67.2 4
63.4 47.7 0
63.4 46.4 0
79.1 37.5 0
78 36.1 0
79.6 83.3 4
81.2 83.3 4
84.1 84.7 4
82.5 85.1 4
82.7 96.8 4
89.4 78.6 4
80.8 98.8 4
61.3 79.2 4
85.1 97.2 4
79.3 87.5 4
78.2 84.8 4
77.9 86.5 4
81.7 86.8 4
87 77 4
99.6 5.4 0
115 18.2 0
109 23.8 0
106 23.8 0
101 23.8 0
101 7.1 0
110 0.875 0
111 47.8 4
113 60.2 4
114 61.7 4
101 68.6 4
106 68.7 4
106 25.6 0
116 57.3 4
110 69.1 4
111 60.4 4
110 26.3 0
99.8 26.9 0
99.8 25.6 0
117 55.5 4
113 90.5 4
114 91.9 4
109 71.3 4
101 71.3 4
106 71.3 4
119 79.2 4
91.3 79.2 4
117 75 4
118 71.8 4
110 99.1 4
138 14.4 0
137 16.6 0
144 23.8 0
141 23.8 0
149 0.85 0
136 1.3 0
161 24.4 4
140 0.95 0
135 23.8 0
163 21.8 4
165 52.9 4
163 29.8 4
163 31.2 4
162 32.5 4
164 54.7 4
156 47.4 4
143 51.1 4
163 55.1 4
167 38.1 4
144 26.9 0
163 66.8 4
155 47.4 4
141 68.7 4
144 68.7 4
149 68.8 4
149 25.6 0
136 25.6 0
144 25.6 0
141 25.6 0
161 68.8 4
161 25.6 4
165 67.2 4
136 68.6 4
140 28.1 4
168 36.4 4
144 37.4 4
133 31.5 4
132 29.7 0
161 83.5 0
164 84.9 0
163 85.3 0
163 96.8 0
141 98.7 0
136 71.3 4
149 71.3 4
144 71.3 4
141 71.3 4
144 98.7 0
149 98.8 0
123 83.4 4
161 98.8 0
169 78.6 4
165 97.2 0
121 78.6 4
136 98.6 0
122 82.2 4
189 23.8 4
186 23.8 4
175 0.95 0
181 32.6 4
197 57.2 4
193 58 4
186 68.5 4
195 58.5 4
189 25.6 4
190 69.1 4
175 65 4
172 64.4 4
189 71.3 4
185 98.7 0
186 71.3 4
181 98.8 0
171 79.2 4
191 99.3 4
6.8 8.03 0
4.03 9.8 0
0.3 3.15 0
9.8 0.95 0
4.98 8.03 0
1.98 9.8 0
4.73 3.15 0
4.55 0.825 0
1.7 39.9 0
9.38 52.7 0
3.75 39.9 0
9.85 62.9 0
8.8 54.3 0
14.4 28.8 0
8.68 61.4 0
14.4 46.3 0
14.4 48.8 0
13.1 68 0
14.1 59.8 0
14 55.3 0
11.2 39.7 0
8.93 64.7 0
8.68 59.5 0
9.85 58 0
6.3 85.4 0
8.45 85.2 0
0.525 87.4 0
6.03 87.2 0
0.975 92.1 0
8.2 88.5 0
5.83 99.3 0
8.9 99.3 0
14.1 89.8 0
14 85.3 0
9.38 87 0
4.73 88.1 0
21.6 13.1 0
24.6 17.5 0
42.4 5.55 0
20 17.2 0
30.5 11.8 0
28.3 8.05 0
34.9 12.5 0
30.2 8.05 0
21.5 17.5 0
38.1 12.1 0
28.1 16.9 0
22.9 14.3 0
41.5 7.18 0
36.8 13.3 0
31.2 9.88 0
32.1 16.9 0
45.7 5.2 0
22.5 5.88 0
21.5 7.43 0
22.8 16.2 0
30.1 18.2 0
22.5 8.98 0
48.1 7.28 0
47.3 5.58 0
29.5 23.8 0
18.8 0.625 0
19.4 23.8 0
35 24.2 0
25.2 0.95 0
20 13.4 0
33.5 13.6 0
47.5 15.6 0
52 23.3 0
29.4 1.15 0
53.2 22 0
49.8 32.4 0
26.7 32.6 0
52.7 31.1 0
28.2 31.7 0
47.8 62 0
21.9 29.4 0
51.5 32.4 0
31.2 51.6 0
30.1 32.5 0
37.4 64.8 0
22.7 43.7 0
46.5 60 0
22.4 45.3 0
32.3 28 0
37.1 63.1 0
38.5 62.1 0
18.8 25.6 0
15.6 28.8 0
29.6 26.9 0
15.6 46.3 0
15.6 48.8 0
29.6 25.6 0
59.4 28.8 0
59.4 48.8 0
27.2 58.2 0
19.4 68.8 0
15.6 56.1 0
28.6 56.8 0
33.9 25.6 0
30.2 68.9 0
37.3 51.5 0
58.8 45.6 0
43.3 51.3 0
58.1 47.5 0
38 38.9 0
34.3 68.6 0
16.3 59.8 0
58.7 56 0
46.9 49.9 0
28 29.9 0
54.3 32 0
38.4 75.7 0
34.8 75.5 0
42.1 87.1 0
45.9 73.3 0
30.7 76.7 0
38 78.6 0
40.6 77.5 0
34.4 77.1 0
39.2 77.3 0
37 84.8 0
32.7 77.9 0
38.2 87.6 0
58.7 90.5 4
29.5 71.3 0
28.3 92.9 0
36.7 86.5 0
26.9 91.5 0
42.7 96.9 0
18.8 70.6 0
19.4 98.8 0
15.6 86.1 0
30.2 98.9 0
34.9 70.9 0
35.8 83.6 0
44.7 73.3 0
23.2 84.8 0
23.5 86.5 0
41.7 92.6 0
48.8 71.7 0
16.3 89.8 0
34.3 98.6 0
58.7 86 4
26 87.7 0
84.2 5.33 0
65.9 12.3 0
75.6 19.6 0
76.8 16.6 0
65.5 18.1 0
82.7 14.2 0
75.1 17.9 0
69.2 0.775 0
86.5 9.4 0
66.5 3.33 0
65.4 1.1 0
76.7 14.8 0
65 19.8 0
81.4 13 0
71 23.8 0
75 24.2 0
72.1 43.6 0
63.2 66.8 4
77.6 64.6 4
68 63.3 4
66.6 61.9 4
72.4 58.5 4
78.3 42.7 0
77 43.9 0
67.5 58.5 4
77.3 62.9 4
71 57.1 4
72 28.4 0
78.7 61.9 4
68.9 57.1 4
69.6 26.9 0
69.6 25.6 0
60.6 28.8 0
89.4 28.8 0
89.4 46.3 4
89.4 48.8 4
61.8 68.2 4
75 69.2 4
73.9 25.6 0
61.1 59.8 0
70.2 68.9 4
73.5 42.5 0
75.3 52.8 4
61.3 49.4 0
61.5 55.7 0
88.7 56 4
61.3 45.6 0
81.1 27.3 0
78 80.2 4
63.2 96.8 4
65.4 83.6 4
77.3 94.7 4
78 78.6 4
68.1 82.4 4
68.3 86.4 4
69.4 93.2 4
67.1 83.9 4
77 93 4
69.5 71.3 4
78.4 91.9 4
72.9 91.8 4
75 82.9 4
71.5 93.2 4
72.2 81.8 4
73.3 83.2 4
61.8 98.2 4
70.2 98.9 4
61.1 89.8 4
74.9 70.9 4
70.4 86.4 4
71.8 87.8 4
74.3 98.6 4
88.7 86 4
61.5 85.7 4
96.2 11.8 0
102 16.8 0
96.8 9.95 0
118 23.4 0
115 0.95 0
95.5 1.1 0
117 21.9 0
99.9 0.9 0
114 23.8 0
110 41.7 4
110 34.7 4
111 39.8 4
97.3 37.8 4
110 32.8 0
119 29.4 0
90.6 28.8 0
90.6 46.3 4
90.6 48.8 4
119 49.4 4
115 69.2 4
119 59.8 4
92 68 4
91 59.8 4
91 55.3 4
96.1 39.4 4
115 26.9 0
115 25.6 0
119 54.9 4
108 87.4 4
98.7 94.9 4
109 85.8 4
103 82.4 4
100 77 4
108 82.2 4
99 93.1 4
117 77.4 4
107 83.8 4
108 92.7 4
102 78.2 4
105 83.9 4
105 93.3 4
101 98.6 4
119 85.5 4
115 99.2 0
119 89.8 4
96.3 99.3 4
91 89.8 4
91 85.3 4
96.7 95.3 4
114 71.3 4
109 91.1 4
125 12.9 0
127 8.85 0
126 7.45 0
125 7.45 0
163 14.2 0
157 6.25 0
126 12.4 0
158 7.8 0
127 6.05 0
148 13.8 0
128 13.6 0
124 0.625 0
124 23.8 0
123 19.7 0
165 42.3 4
165 46.9 4
165 48.1 4
160 47.5 4
163 48.8 4
134 62.4 4
151 64.8 4
163 46.3 4
132 59.4 4
124 52 4
136 32.6 4
149 32.6 4
149 62.1 4
161 47.5 4
151 54.7 4
163 40 4
126 52.4 4
151 63.1 4
132 61.3 4
169 60.5 4
158 63.4 4
140 63.2 4
131 39.6 4
159 61.9 4
121 28.8 0
121 48.8 4
124 25.6 0
132 37.9 4
169 28.8 4
169 46.3 4
169 48.8 4
124 68.8 4
121 56.1 4
153 65.1 4
148 30 4
165 40.4 4
153 54.5 4
148 31.5 4
162 38.3 4
137 34.5 4
159 59.4 4
149 34.5 4
169 56 4
121 59.2 4
154 52.9 4
144 76.6 4
142 91.7 4
145 83.9 4
156 93.3 0
145 86.4 4
132 84.5 4
134 84.8 4
140 76.6 4
143 87.7 4
169 90.5 0
142 77.8 4
157 93.6 0
140 92.9 0
158 92.1 0
124 70.6 4
162 71.7 4
124 98.8 0
121 86.1 4
131 86.2 4
130 81.7 4
130 77.9 4
163 72.9 4
169 86 0
122 88.3 4
155 95.1 0
191 16.8 4
190 18 4
188 16.8 4
194 9.78 4
175 19.8 4
177 17.2 4
199 1.18 4
175 18.1 4
185 11.7 4
200 32.2 4
198 31.3 4
195 33.4 4
200 62.2 4
194 35.3 4
188 49.7 4
196 63.5 4
188 51.2 4
195 62.3 4
180 61.8 4
179 62.7 4
171 29.4 4
171 49.4 4
172 68 4
171 59.8 4
171 55.3 4
190 49.1 4
180 59.4 4
198 29.4 4
192 83.4 4
189 81.9 4
179 83.3 4
176 82.9 4
188 78.2 4
188 83.5 4
190 84.9 4
184 76.9 4
190 77 4
180 77 4
200 76.9 4
198 78.1 4
192 78.2 4
196 87 4
182 78.2 4
195 88.2 4
194 99.3 4
172 98 0
171 85.3 0
171 89.8 0
196 76.9 4
191 81.9 4
191 86.4 4
196 84.5 4
178 81.9 4
6.03 18.4 0
9.5 18.1 0
7.9 17.2 0
0.925 0.825 0
9.98 19.8 0
14 39.8 0
5.78 82.2 0
9.18 82 0
7.65 81 0
0.95 98.8 0
58.2 1.83 0
28.2 45.2 0
26.9 42.5 0
28.4 43.4 0
30.3 42.6 0
18.1 57.6 0
58.2 68.1 0
59.1 39.9 0
15.6 38.9 0
23 75.6 0
25.9 83.1 0
54.5 84.7 4
31 85.9 0
32.2 83.4 0
24.8 75.6 0
31.2 82 0
28.9 85.9 0
52.9 85 4
32.4 93.4 0
36.6 94.9 0
23.3 78.4 0
27.6 83.4 0
28.7 82 0
53.7 90 4
37.8 92.2 0
26.9 78 0
33.8 92 0
36.3 93.2 0
25.1 77.2 0
53 73 0
51.7 71.7 0
22.1 77.2 0
23.4 80 0
63.4 7.85 0
63.4 6.3 0
88.2 1.83 0
88.2 68.1 4
89.1 39.9 0
61 39.8 0
65.2 75.6 4
69.3 76.7 4
66.4 89.6 4
65.5 77.2 4
66.4 91.7 4
67.3 78 4
83.1 73 4
81.9 71.7 4
61.9 71.8 4
88.2 98.1 4
110 18.6 0
112 17.3 0
106 18.6 0
108 17.3 0
109 3.48 0
113 31 0
98.7 64.9 4
114 32.1 0
104 62.1 4
108 62.8 4
99 63.1 4
105 63.3 4
93.3 57.6 4
119 39.7 4
112 64.6 4
96.7 65.3 4
100 62.2 4
118 46.1 4
117 47.4 4
114 65.7 4
117 38.1 4
91.3 38.9 0
109 64.2 4
115 82.2 4
110 76.5 4
106 76.5 4
113 82.6 4
108 77.8 4
112 81.4 4
93.2 87.7 4
91.9 71.8 4
143 11.3 0
143 17.3 0
141 9.38 0
145 18.5 0
168 1.78 0
145 11.3 0
141 18.5 0
137 49.7 4
127 29.4 0
137 51.7 4
135 52.4 4
121 38.9 4
168 68.1 4
169 39.9 4
149 87.8 0
131 95.1 0
151 94.8 0
151 86.9 0
149 92.1 0
128 93.6 0
130 93.3 0
151 93.1 0
133 94.7 0
127 92.1 4
125 92.8 4
180 12.4 4
184 18.5 4
176 12.3 4
200 3.55 4
178 13.2 4
182 17.3 4
180 18.5 4
190 6.98 4
191 5.2 4
187 56 4
197 46.3 4
197 48.8 4
186 35.6 4
187 57.6 4
186 62.9 4
183 43.9 4
189 37.3 4
183 45.4 4
183 56.8 4
185 58.1 4
187 37.4 4
196 47.5 4
194 47.5 4
188 61.3 4
191 62.9 4
190 61.3 4
190 64.5 4
173 58 4
185 46 4
198 47.5 4
190 39.1 4
185 61.9 4
190 35.6 4
171 38.9 4
190 90.2 4
188 90.3 4
190 94.7 4
188 94.1 4
188 92.4 4
197 93.5 4
195 92.1 4
200 98.8 4
173 87.4 0
172 71.8 4
192 92.3 4
192 94.1 4
13.3 23.4 0
7.7 31.7 0
9.18 34.5 0
9.23 32.6 0
7.98 29.9 0
38.3 19.6 0
37.8 16.6 0
39.1 17.9 0
41.8 16.4 0
40.6 17.6 0
52.3 46.4 0
45.3 35.3 0
22.3 39.5 0
51.1 47.6 0
49.8 47.6 0
21 41.3 0
19.4 41.7 0
47.1 35.8 0
47.1 39.1 0
48 37.4 0
18.7 39.8 0
57.2 72.8 4
58.5 71.5 4
61.8 23.4 0
64.7 53.6 0
66.4 53.9 0
87.2 72.8 4
88.5 71.5 4
91.8 23.4 0
117 27.5 0
118 26.3 0
96.4 84.3 4
155 19.7 0
149 8.93 0
155 18 0
149 5.48 0
152 7.2 0
150 7.2 0
157 19.7 0
153 17.1 0
157 30.1 4
147 57.9 4
153 31.9 4
157 34.8 4
157 40.3 4
158 33 4
155 32.9 4
155 34.8 4
157 31.7 4
145 56.7 4
160 42.4 4
158 45 4
122 46.3 4
159 42.2 4
157 43.5 4
162 43.6 4
153 30.1 4
144 58 4
167 72.8 4
148 77.7 4
150 76.5 4
168 71.5 4
155 75.2 4
199 18.6 4
196 18.6 4
197 17.3 4
172 23.4 4
190 46 4
186 42.7 4
192 45.3 4
192 43.9 4
192 31.1 4
188 45.3 4
188 43.6 4
188 31.5 4
190 42.7 4
190 32.3 4
200 57.5 4
173 45.3 4
175 49 4
188 29.7 4
186 32.3 4
175 45.9 4
185 84.9 4
180 92 0
179 92.9 0
184 88.4 4
185 87.4 4
181 89.6 0
179 94.6 0
14.2 20.6 0
14 9.98 0
13.7 5.98 0
14 35 0
13.4 26.3 0
14.2 75.6 0
57.2 22.4 0
45.6 0.8 0
58.5 23.6 0
55.2 0.85 0
16.3 1.6 0
58.7 9.05 0
58.8 20.1 0
44.9 23.8 0
15.6 10.3 0
16.3 5.35 0
54.9 23.8 0
16.9 19.5 0
15.6 19.5 0
58.7 5.98 0
33.3 60.4 0
17.5 67.2 0
31.9 56.9 0
33.3 58.3 0
44.3 25.6 0
44.4 69.2 0
54.4 69.2 0
15.6 36 0
16.3 68.4 0
34.8 54.1 0
33.1 54.4 0
55.5 25.6 0
17.5 97.2 0
44.3 70.6 0
15.6 75.8 0
44.4 99.2 0
54.4 99.2 4
16.3 98.4 0
58.8 75.1 4
54.9 71.3 0
87.2 22.4 0
89.1 10.1 0
60.8 20.6 0
88.5 23.6 0
61.1 9.83 0
61.1 5.2 0
84.4 0.775 0
88.7 5.98 0
84.9 23.8 0
89.4 19.5 0
84.6 51.3 4
82.8 46.6 4
84.7 48.4 4
84.7 47.2 4
67.1 31.6 0
65.6 32.6 0
65.6 34.5 0
84.3 25.6 0
84.4 69.2 4
61 35 0
61.6 26.3 0
66.9 29.9 0
88.7 36 0
60.8 75.6 4
84.4 99.2 4
84.9 71.3 4
88.8 75.1 4
90.8 20.6 0
119 5.05 0
119 19.8 0
90.8 5.98 0
90.8 9.05 0
119 9.05 0
107 31.2 0
105 32 0
107 29.3 0
103 30.8 0
119 36 4
91.6 26.3 0
91.3 36 0
90.8 75.6 4
119 75.6 4
167 22.4 4
121 9.05 0
121 5.98 0
168 23.6 4
121 1.6 0
169 5.98 0
169 20.1 4
165 23.8 4
121 19.5 0
169 9.05 0
166 0.8 0
152 50.7 4
152 49.4 4
150 52 4
150 47.5 4
150 48.8 4
146 39.7 4
123 67.2 4
149 38 4
148 51.2 4
148 39.7 4
164 25.6 4
148 49.4 4
121 36 4
164 69.2 4
121 68.4 4
146 52.5 4
123 97.2 0
121 75.8 4
164 99.2 0
121 98.4 0
169 75.1 4
165 71.3 4
171 20.6 4
171 9.98 4
171 5.98 0
195 39.9 4
196 41.7 4
197 38.2 4
198 42.6 4
200 41.7 4
199 38.2 4
173 27.5 4
172 26.3 4
171 36 4
175 93.6 0
171 75.6 4
176 95.3 0
2.9 77.6 0
4.88 76.3 0
4.88 73.8 0
0.925 76.3 0
21.4 33.3 0
32.5 44.8 0
22.7 35.2 0
30.6 48.1 0
30.6 46.9 0
32.5 46.2 0
32.5 48.7 0
58.5 26.3 0
33.9 43.7 0
19.8 33 0
22.6 32.1 0
33.8 47.5 0
19.8 36.8 0
21.7 36.8 0
16.3 71.5 0
88.5 26.3 0
98.9 18.2 0
113 8.03 0
114 11.5 0
94.9 19.6 0
97 17 0
95.4 17.9 0
114 9.65 0
113 12.5 0
114 6.38 0
97.2 32.2 0
95.7 33.1 0
95.8 35 0
134 18.7 0
132 17.4 0
125 36.9 4
126 33.5 4
129 56.3 4
127 36.9 4
129 62.7 4
128 35.3 4
128 56 4
127 63 4
160 52.6 4
126 61.5 4
158 49.9 4
125 62.1 4
157 51.5 4
158 52.8 4
168 26.3 4
161 51.3 4
130 54.6 4
125 33.1 4
130 35.3 4
130 33.4 4
128 32.2 4
125 56.9 4
127 57.5 4
121 71.5 4
184 48.9 4
177 32.2 4
183 52.7 4
176 33.1 4
176 35 4
185 52.3 4
7.8 13 0
9.33 12.1 0
9.28 10.2 0
8.95 92 0
10.1 93.5 0
9.2 95.3 0
17.5 22.4 0
47.7 20.6 0
47.7 19.4 0
16.3 23.6 0
49 18.1 0
52.5 37.2 0
53.3 35.4 0
54.9 35 0
53.3 38.9 0
54.9 39.3 0
56.6 35.5 0
84.8 39.4 0
83.2 39 0
82.4 37.3 0
83.2 35.6 0
84.8 35.2 0
102 35.9 4
102 39.3 4
105 36 4
105 39.3 4
106 37.7 4
108 37.7 4
101 37.6 4
97 80.1 4
94.9 75.8 4
96.9 78.2 4
95.2 77.4 4
111 94.8 4
112 94.6 4
95.5 81.1 4
114 95.7 4
146 8.53 0
143 7 0
148 17.3 0
150 21.1 0
142 5.5 0
145 7 0
150 18.6 0
146 5.4 0
121 23.6 0
145 3.53 0
123 22.4 0
143 3.63 0
138 79.4 4
154 90.3 0
142 81.9 4
136 82.7 4
154 88.5 0
140 83.3 4
158 88.1 0
157 86.6 0
138 82 4
155 87 0
197 52 4
191 54.4 4
191 52.4 4
193 54.9 4
196 53.4 4
193 50.2 4
193 51.6 4
194 53 4
184 92.4 4
175 75.5 4
177 78 4
183 93.7 0
175 77.2 4
9.15 40.4 0
7.68 43.2 0
13.1 29.4 0
13.1 45.6 0
13.1 49.4 0
9.2 42.3 0
12.8 44.1 0
12.8 51 0
12.8 81 0
52.4 6.9 0
40.6 23.1 0
20.8 23 0
19.4 1.88 0
58.1 15.6 0
39.2 23 0
21 2.2 0
50.8 2.03 0
57.9 14.2 0
16.9 14.4 0
16.9 15.6 0
53.1 5.18 0
54.7 4.78 0
21.7 21.4 0
40.9 2.13 0
30.5 39.4 0
22.4 64.6 0
25 47.5 0
27.5 51.1 0
24.7 52.3 0
19.4 26.9 0
53.9 59.8 0
16.9 29.4 0
16.9 30.6 0
26.4 52.6 0
25 48.8 0
26.5 39.2 0
26.9 49.4 0
57.9 30.9 0
26.4 35.9 0
21.3 61.9 0
56.4 59.8 0
22.7 62.9 0
49.4 26.9 0
57.9 44.2 0
58.1 29.4 0
19.5 62.5 0
39.4 26.9 0
20.6 26.9 0
16.9 45.6 0
16.9 49.4 0
20.8 68 0
29.5 37.5 0
23.3 50.8 0
23.1 49.4 0
39.2 68 0
40.6 26.9 0
16.9 44.4 0
27.6 37.5 0
16.3 26.3 0
48.1 28.1 0
32.2 39.4 0
49.1 67.9 0
30.4 35.7 0
22.5 94.7 0
20.9 72.2 0
58.1 79.4 4
40.6 71.9 0
21.3 92 0
22.8 93 0
57.9 80.9 4
39.1 72.1 0
19.4 71.9 0
19.6 92.6 0
16.9 80.6 0
47.6 79.8 0
50.3 82.4 0
20.8 98 0
39.2 98 0
16.9 79.4 0
47.3 81.3 0
48.6 82.5 0
79 20.1 0
83.7 18.1 0
85 18.1 0
79.7 18.4 0
81.2 18.1 0
75 5.3 0
80.6 23.1 0
88.1 15.6 0
79.2 23 0
78.1 6.95 0
87.9 14.2 0
82.5 19.4 0
82.5 20.6 0
77.1 5.4 0
82.5 16.9 0
81.4 5.23 0
80.6 6.95 0
65.9 43.1 0
67.4 44.1 0
86.1 59.9 4
87.9 30.9 0
87.9 50.9 4
87.9 44.2 4
88.1 29.4 0
65.3 46.4 0
62.2 44.1 0
61.9 29.4 0
88.1 45.6 4
88.1 49.4 4
82.4 61.9 4
65.3 47.7 0
67.2 45.8 0
82.4 58 4
62.1 50.8 0
79.2 68 4
83.6 59.9 4
85 81.3 4
83.4 80.4 4
83.2 79 4
86.2 90 4
88.1 79.4 4
87.9 80.9 4
84.5 77.8 4
85.7 77.8 4
82.5 92 4
79.2 98 4
62.1 80.8 4
83.7 90 4
95.1 7.73 0
96.3 5.2 0
95.1 6.18 0
118 15.9 0
100 47.5 4
109 52.7 4
100 48.7 4
116 51.9 4
108 54.2 4
114 52.3 4
113 51 4
102 51.2 4
118 50.7 4
113 49.3 4
92.2 51 4
91.9 29.4 0
108 57.8 4
91.9 49.4 4
102 49.3 4
109 56.3 4
103 52.8 4
118 80.7 4
92.2 81 4
164 18 4
165 18 4
138 8.38 0
161 18 4
162 8.1 0
165 12.1 0
161 23.1 4
168 15.6 4
137 6.88 0
159 22.9 4
168 14.1 4
124 1.88 0
163 9.8 0
163 20.5 4
163 19.3 4
138 5.43 0
165 10.2 0
122 14.4 0
122 15.6 0
163 16.8 4
161 2.13 0
126 22.9 0
165 33.1 4
144 46.3 4
141 46.3 4
144 43 4
162 58.1 4
164 35.3 4
122 29.4 0
122 30.6 0
124 26.9 0
159 26.9 4
168 30.9 4
122 49.4 4
122 50.6 4
168 50.9 4
168 44.2 4
168 29.4 4
143 43.9 4
162 62 4
126 26.9 0
161 26.9 4
168 45.6 4
168 49.4 4
164 60 4
165 34.9 4
143 45.6 4
121 26.3 0
167 35.4 4
144 47.5 4
141 47.5 4
143 48.1 4
146 44.2 4
146 45.6 4
165 81.3 4
163 80.4 4
163 79 4
162 88.1 0
168 79.4 4
168 80.9 4
164 77.8 4
166 77.8 4
162 92 0
163 90 0
126 97.8 0
159 97.8 0
184 5.3 4
182 8.73 4
190 1.98 4
181 7 4
172 15.9 4
198 23.8 4
182 5.3 4
183 0.875 4
192 0.825 4
181 2.03 4
184 8.75 4
185 7.03 4
196 67.3 4
183 30.8 4
172 51 4
198 68.8 4
198 25.6 4
196 26.9 4
185 28.7 4
183 29.3 4
185 27.4 4
172 81 4
198 71.3 4
196 72.5 4
0.4 17.4 0
5.55 22.6 0
4.1 12.9 0
0.8 12.9 0
2.38 16.1 0
1.45 5.03 0
3.5 5.03 0
7.43 23.8 0
2.4 14 0
0.3 46.2 0
8.18 48.8 0
5.08 61.9 0
3.78 61 0
6.75 37.1 0
5.2 28.1 0
1.83 58.4 0
1.78 35.3 0
4.93 37.1 0
4.45 33.5 0
3.95 28.1 0
0.875 52.5 0
5.3 54.1 0
0.6 43 0
2.68 30.8 0
2.2 44.2 0
2.75 49.9 0
2.18 45.6 0
2.7 29.3 0
3.83 35.3 0
9.43 47.5 0
10.7 47.5 0
2.75 51.8 0
3.78 58.4 0
5.08 57.5 0
4.63 52.5 0
7.33 25.6 0
7.33 69.3 0
6.93 47.5 0
6.5 51.3 0
8.18 46.3 0
1.83 61 0
0.3 47.5 0
3.9 43 0
8.3 77.6 0
10 76.8 0
7.43 71.3 0
10.4 75.2 0
32.1 5.48 0
44.1 18.1 0
47.8 12.1 0
42 12.1 0
37 8.7 0
46.6 10.2 0
46.6 13.3 0
43.3 10.3 0
43.3 13.4 0
33.9 9.18 0
37 5.9 0
44.9 10.6 0
42.8 20.6 0
42.8 19.3 0
33.9 5.43 0
35.1 8.08 0
44.9 12.5 0
35.1 6.53 0
38.1 7.3 0
45.3 18.1 0
46.4 64.8 0
37.4 46.6 0
38 55.2 0
41 53.7 0
34.9 37.7 0
42.7 59.2 0
37.7 56.9 0
42.9 46.2 0
39.1 58 0
38.6 47.8 0
48.5 53.6 0
42.9 48.7 0
45.6 54.9 0
36.1 47.8 0
32.9 30.6 0
42.3 63.2 0
34.4 33.1 0
44.7 65.3 0
32.9 29.2 0
42.3 55.5 0
34.9 36.1 0
48.1 57 0
41.5 57.2 0
43.1 64.9 0
44.7 48.1 0
44.7 46.8 0
37.4 49.1 0
47.3 55.3 0
33.8 35 0
19.3 47.6 0
20.5 47.6 0
45.6 53.1 0
47.3 52.3 0
39.4 53.8 0
50.6 57 0
41.6 47.5 0
54.9 81.2 4
53.2 80.3 4
53.1 78.9 4
42.5 84.2 0
52.4 93.3 4
46.5 94.9 0
54.3 77.7 4
55.6 77.7 4
53.2 95 4
21 88 0
42.3 79.8 0
43.2 95.1 0
39.6 82.4 0
42.5 81.2 0
19.2 87.4 0
54.8 95.4 4
41.2 82.4 0
44.8 95.4 0
44.1 83.8 0
47.4 93.3 0
44.1 82 0
38.4 81.2 0
68.3 14.2 0
72.2 16.2 0
73.3 12.9 0
83.2 10.1 0
69.9 13.1 0
71.8 13.8 0
84.8 12.4 0
84.8 10.5 0
68.2 16.2 0
70.2 17.5 0
81.6 29.8 0
77.8 29.8 0
76.4 48 4
81.7 31.2 0
80.4 51.9 4
78.8 51.9 4
77.3 31.5 0
78.9 48 4
83.2 65 4
78.6 32.7 0
80.2 48 4
80.5 32.4 0
77.7 49.2 4
77.5 50.6 4
84.8 65.4 4
77.7 46.7 4
81.6 50.6 4
81.4 49.2 4
80.3 28.5 0
79.1 28.5 0
83.2 95 4
84.8 95.4 4
99.8 10.5 0
104 12.4 0
99.6 22.6 0
105 2.13 0
109 12.7 0
108 23.8 0
103 1.25 0
97.7 23.8 0
102 13.2 0
100 12.4 0
108 0.875 0
107 13.8 0
98.6 13.5 0
101 2.15 0
113 44 4
113 45.5 4
99.5 67.9 4
114 42.9 4
113 56.1 4
103 57.2 4
114 57.5 4
115 38.1 4
114 35.6 4
108 69.1 4
108 67.7 4
108 25.6 0
99.6 57.3 4
115 36.6 4
101 58.2 4
97.8 25.6 0
97.8 69.3 4
97.8 28.1 0
114 39.2 4
109 26.9 0
116 43.8 4
117 45.5 4
115 46.1 4
115 47.4 4
104 58.6 4
99.1 85.6 4
104 88.7 4
101 90.6 4
113 77.7 4
99.6 72.6 4
104 97.3 4
103 87.3 4
109 99.1 4
115 76.9 4
97.7 71.3 4
103 98.6 4
93.4 99 4
108 97.7 4
108 71.3 4
99.3 87.4 4
95.3 98.3 4
101 88.3 4
115 75.3 4
99.8 84 4
103 90.7 4
155 12.5 0
159 16.8 0
134 12.5 0
150 2 0
134 2.13 0
160 12.6 0
157 15.6 0
152 1.15 0
143 23.8 0
133 23.8 0
152 23.8 4
131 12.8 0
142 0.95 0
159 12.4 0
157 13.7 0
132 13.9 0
133 0.825 0
136 12.4 0
154 2.1 0
155 10.6 0
157 10.6 0
134 66.3 4
155 62.2 4
138 30 4
151 57.5 4
157 57 4
138 31.5 4
142 30 4
136 38.1 4
150 42.7 4
140 34.5 4
135 27.5 0
142 31.8 4
150 26.3 4
135 26.3 0
151 68.1 4
155 57.3 4
139 39.8 4
137 39.8 4
163 65 4
153 60.7 4
152 43.5 4
154 42.6 4
140 32.6 4
143 68.7 4
152 45.3 4
153 58.8 4
152 69.3 4
165 65.4 4
152 25.6 4
133 25.6 0
143 25.6 0
133 69.3 4
140 38.1 4
140 41.7 4
154 40.7 4
134 67.9 4
140 29.4 4
150 27.5 4
156 81.2 4
151 82.2 4
135 72.5 4
151 72.6 4
151 98.1 0
125 76.8 4
126 76.6 4
126 73.4 4
129 75.1 4
127 86.8 4
153 79 4
163 95 0
154 82 4
152 71.3 4
126 88.3 4
133 71.3 4
143 98.7 0
143 71.3 4
152 99.3 0
124 87.7 4
153 81 4
127 75.1 4
165 95.4 0
133 99.3 0
152 83.8 0
154 83.5 0
134 97.9 0
125 73.1 4
156 79.4 4
155 78.2 4
123 88.9 4
124 75 4
123 90.2 4
196 12.4 4
179 22.5 4
195 2 4
188 23.8 4
198 13.2 4
178 23.8 4
199 12.3 4
197 1.18 4
184 39.6 4
181 37.9 4
182 39.6 4
188 67.6 4
188 69.1 4
178 25.6 4
178 69.3 4
188 25.6 4
178 28.1 4
179 37.9 4
179 67.8 4
179 66.3 4
182 36.2 4
179 72.5 4
187 97.8 4
179 98 0
178 71.3 4
178 99.3 0
188 71.3 4
188 99.2 4
190 98.4 4
2.7 0.825 0
11.7 0.95 0
13.1 63.1 0
14.1 61.6 0
14 41.7 0
14 53.4 0
4.6 98.1 0
13.1 93.1 0
14.1 91.6 0
11.7 99 0
2.73 98.8 0
9.83 98.3 0
14 83.4 0
53.8 16.9 0
55 16.9 0
51.2 22 0
49.9 22 0
54.3 13.4 0
51.4 13 0
52.4 20.8 0
52.5 15.6 0
27.7 23.8 0
52.7 14.2 0
32.2 0.775 0
36.9 24.2 0
23.3 0.95 0
30.6 1.93 0
52.4 19.5 0
51.2 18.3 0
55 48 0
55 49.3 0
52.1 52.6 0
42.4 40.5 0
42.5 43.6 0
39.3 42 0
53.1 49.9 0
53.3 51.3 0
35.8 26.9 0
54.9 53.9 0
56.6 51.4 0
27.3 67.5 0
34.5 26.9 0
16.3 40.2 0
41.2 42.3 0
28.4 68.9 0
58.7 62.3 0
16.9 55.5 0
16.9 54.2 0
37 25.6 0
59.1 41.8 0
15.6 53 0
54.9 52.2 0
59.1 53.2 0
15.6 62.3 0
36.9 69.2 0
27.8 25.6 0
15.6 42 0
57.8 63.9 0
18.1 53 0
44 40.9 0
44.1 42.7 0
53.3 54.3 0
38.1 43.3 0
35.4 67.8 0
16.9 61 0
57.9 55 0
56.9 49.9 0
16.9 51.7 0
43.1 74.5 0
46.8 75.8 0
43.1 75.8 0
46.8 74.5 0
51 76.7 0
50.6 87.6 4
46.9 89.5 0
51 73 0
49.7 73 0
45.6 77 0
44.3 77 0
27.3 97.5 0
47.3 86 0
28.4 98.9 0
52.2 75.5 0
52.2 74.2 0
48.1 87.6 0
58.7 92.3 4
27.7 71.3 0
16.9 85.5 0
16.9 84.2 0
15.6 83 0
36.8 70.9 0
59.1 83.2 4
15.6 92.3 0
36.9 99.2 0
44.4 89.5 0
16.9 91 0
35.4 97.8 0
57.9 85 4
49.7 76.7 0
69.2 7.1 0
65.2 7.85 0
68.2 5.25 0
70.2 1.93 0
65.2 6.3 0
63.5 1.1 0
72 1.15 0
67.7 23.8 0
76.9 24.2 0
66.4 5.2 0
68.2 8.93 0
66.4 8.95 0
69.7 22.6 0
74 32.1 0
72.6 31 0
75.8 26.9 0
72.7 29.6 0
67.3 67.5 4
62.6 62.7 4
74.5 26.9 0
88.7 62.3 4
68.4 68.9 4
61.1 61.6 4
77 25.6 0
77 55 4
78.2 57.8 4
61 41.7 0
76.7 56.7 4
89.1 41.8 4
89.1 53.2 4
76.9 69.2 4
60.8 53.2 0
67.8 25.6 0
71 32.2 0
62.3 54.6 0
87.9 55 4
78.8 74.9 4
79.7 76.5 4
81.1 76.7 4
81.1 73 4
67.3 97.5 4
62.6 92.7 4
68.4 98.9 4
82.3 75.5 4
82.3 74.2 4
88.7 92.3 4
61.1 91.6 4
67.7 71.3 4
89.1 83.2 4
76.8 70.9 4
76.9 99.2 4
60.8 83.2 4
75.4 97.8 4
87.9 85 4
79.6 73.2 4
62.3 84.6 4
115 21.4 0
117 24.2 0
117 0.95 0
115 23 0
105 43.5 4
95.6 49 4
107 44.3 4
107 48.6 4
98.9 52.3 4
107 46.1 4
99.6 42.7 4
91.9 63.1 4
117 62.6 4
95.9 52 4
97.6 43.6 4
119 41.6 4
119 61.6 4
96.1 42.6 4
97.3 45.3 4
97.4 51 4
106 47.3 4
91 61.6 4
91 41.7 4
97.4 49.6 4
105 47.3 4
91 53.4 4
119 53 4
117 25.6 0
117 69.2 4
108 47.3 4
93.6 45.3 4
93.9 43.8 4
103 44.6 4
103 46.1 4
95.5 46 4
96.4 53.6 4
98.2 53.8 4
92.3 39.8 4
118 84.3 4
91.9 93.1 4
117 92.6 4
119 91.6 4
91 91.6 4
117 70.9 4
91 83.4 4
119 83 4
117 99.2 0
115 72.2 4
134 7.08 0
130 7.9 0
127 17 0
125 17.9 0
129 19.9 0
133 5.5 0
126 18.2 0
130 6.35 0
132 5.3 0
127 19.9 0
132 8.95 0
133 8.7 0
129 18.2 0
136 60.6 4
124 43.2 4
138 58.4 4
140 57.2 4
130 48.7 4
130 47.5 4
127 45.7 4
129 51 4
132 49.3 4
132 50.7 4
128 49.3 4
130 51.7 4
145 32.7 4
121 40.2 4
123 45.7 4
145 34.6 4
123 40.2 4
136 58.4 4
135 57.4 4
169 62.3 4
122 55.5 4
122 54.2 4
123 44.5 4
169 41.8 4
121 42 4
169 53.2 4
121 53 4
124 47 4
121 62.3 4
125 47 4
138 60.6 4
126 42.9 4
127 44.1 4
122 61 4
168 55 4
122 59.8 4
135 55.7 4
139 87.4 4
133 88.8 4
138 88.6 0
161 76.7 4
136 90.9 0
161 72.9 4
135 87.7 4
136 88.6 0
162 75.4 4
162 74.2 4
169 92.3 0
122 85.5 4
122 84.2 4
121 83 4
169 83.2 4
121 92.3 4
133 90.7 0
135 91.8 0
138 90.9 0
159 74.9 4
160 76.5 4
159 73.2 4
168 85 0
195 5.4 4
192 13.5 4
196 7.08 4
188 13.2 4
191 10.5 4
199 7.08 4
190 12.3 4
173 0.95 0
179 47.7 4
179 49 4
176 40.7 4
180 42.7 4
179 52.2 4
176 52 4
178 43.5 4
176 42.6 4
177 51 4
177 45.3 4
171 61.6 4
177 49.6 4
171 41.7 4
171 53.4 4
181 49.6 4
181 51.5 4
174 43.7 4
178 53.7 4
176 53.5 4
172 39.8 4
195 97.9 4
172 93.1 0
196 97.4 4
198 98.8 4
171 91.6 0
171 83.4 4
12.8 13.1 0
10.2 23 0
14 11.9 0
14 3.18 0
12 24.2 0
12.7 5.05 0
12.8 31.9 0
9.65 26.9 0
10.9 26.9 0
14 33.2 0
12.2 25.6 0
11.8 69 0
14 66.8 0
9.93 68.3 0
10.1 72.2 0
11.9 70.9 0
14 96.8 0
24.5 21.4 0
24.8 23 0
16.9 4.1 0
37.9 2.35 0
34.8 1.88 0
36.7 1.1 0
23 24.2 0
15.6 2.85 0
59.1 3.08 0
59.1 12 0
15.6 12.2 0
57.8 10.1 0
57.8 4.95 0
38.1 30.1 0
42 34.6 0
38.1 34.9 0
41.9 30.1 0
42 31.5 0
24.5 67.8 0
37.6 31.8 0
22.5 56.6 0
21.1 57.6 0
16.9 34.1 0
38.9 33 0
24.7 27.5 0
24.7 26.3 0
16.9 35.3 0
16.3 65.3 0
17.5 65.3 0
19.4 57 0
40.8 32.7 0
15.6 32.8 0
59.1 33.1 0
59.1 66.9 4
23 69.2 0
22.9 25.6 0
15.6 67.2 0
39.2 36.3 0
41.2 36.3 0
22.2 54.9 0
20.8 53.4 0
24.5 97.8 0
24.9 72.2 0
57.8 95.1 4
16.3 95.3 0
17.5 95.3 0
59.1 96.9 4
23.1 70.9 0
23 99.2 0
15.6 97.2 0
78.1 2.2 0
74.7 2.1 0
64.8 23 0
62.4 13 0
61.1 3.33 0
61.1 11.7 0
76.8 0.95 0
63 24.2 0
89.1 12 0
89.1 3.08 0
79.8 2.03 0
87.8 4.95 0
66.9 39.3 0
72.7 39.5 0
72.7 35.7 0
70.4 47.5 0
70.4 48.7 0
64.5 67.8 4
62.3 65.5 4
70.9 39.4 0
62.2 31.9 0
72.7 52.5 4
71.6 51.1 0
87.8 65.1 4
70.9 35.8 0
69.9 37.6 0
64.7 27.5 0
64.7 26.3 0
68 37.6 0
72.2 49.3 0
61 33.2 0
89.1 33.1 0
89.1 66.9 4
63 69.2 4
60.8 67 4
62.9 25.6 0
72.2 46.8 0
70.2 41.3 0
73.8 38.4 0
73.8 36.8 0
68.5 49.3 0
69.1 51.1 0
73.5 48.1 0
87.8 34.9 0
64.5 97.8 4
62.3 95.5 4
87.8 95.1 4
63.1 70.9 4
63 99.2 4
60.8 97 4
89.1 96.9 4
64.9 72.2 4
108 8.83 0
109 7.1 0
106 5.45 0
118 13.1 0
94.8 23 0
92.4 2.08 0
108 5.38 0
92.4 13 0
91.1 11.7 0
91.1 3.33 0
119 3.18 0
93 24.2 0
119 11.9 0
106 8.83 0
105 7.18 0
91.9 5.2 0
91.9 9.83 0
118 9.98 0
96.3 60.6 4
92.2 31.9 0
118 65.5 4
118 32.1 4
94.7 26.3 0
94.7 27.5 0
119 33.3 4
118 35.2 4
95 57.3 4
96.2 58.8 4
91 33.2 0
93.2 69 4
95.1 68.3 4
91 66.8 4
92.9 25.6 0
119 67 4
95.1 62.1 4
92.3 35 0
96.2 90.7 4
94.9 72.2 4
118 95.5 4
94.9 87.3 4
96.1 88.8 4
93.1 70.9 4
91 96.8 4
119 97 0
95 92.2 4
158 2.2 0
155 22.9 4
130 22.9 0
122 4.1 0
127 2.35 0
123 10.3 0
121 10.3 0
122 5.35 0
130 1.93 0
128 1.1 0
157 0.95 0
169 11.9 0
157 24.2 4
128 24.2 0
121 2.85 0
169 3.03 0
121 12.2 0
168 4.9 0
168 10.1 0
135 46.2 4
135 47.4 4
135 42.9 4
122 34.1 4
158 67.8 4
168 65.1 4
127 67.8 4
156 26.9 4
132 42.8 4
122 35.3 4
133 43.8 4
130 26.3 0
130 27.5 0
123 65.3 4
133 45.6 4
121 65.3 4
155 26.9 4
155 68.3 4
128 69 4
157 25.6 4
157 69 4
130 68.3 4
121 32.8 4
169 33.1 4
169 66.9 4
128 25.6 0
121 67.2 4
131 66.7 4
137 45.6 4
137 44.1 4
155 72.2 4
130 72.2 4
168 95.1 0
123 95.3 0
121 95.3 0
155 98.3 0
128 99 0
157 99 0
130 98.3 0
157 70.9 4
128 70.9 4
169 96.9 0
121 97.2 0
172 13.1 4
175 23 4
171 11.9 4
171 3.18 0
173 24.2 4
172 5.05 0
176 66.7 4
175 62.5 4
178 57.9 4
172 31.9 4
175 57.6 4
176 61 4
175 26.3 4
175 27.5 4
171 33.2 4
175 68.3 4
173 69 4
176 59.1 4
171 66.8 4
173 25.6 4
172 35 4
173 62.8 4
178 87.5 0
176 85.3 4
176 90.4 0
175 72.2 4
175 87.1 0
175 98.3 0
176 88.6 0
173 99 0
173 70.9 4
171 96.8 0
178 85.7 4
12.9 16.8 0
13.3 19.8 0
14.1 18.1 0
13.3 74.8 0
14.1 73.1 0
58.1 19 0
46 23.1 0
56 23.1 0
44.7 1.68 0
47.2 24.4 0
57.2 24.4 0
59.4 17.8 0
43.1 0.875 0
57 0.85 0
15.6 17.8 0
45.4 27.5 0
45.4 26.3 0
45.2 68.3 0
55.2 68.3 0
46.9 69.1 0
56.9 69.1 0
47.2 25.6 0
57.2 25.6 0
58.1 74 4
46 71.9 0
44.7 71.9 0
56 71.9 4
48.2 97.9 4
16.3 74.7 0
17.5 74.7 0
45.2 98.3 0
55.2 98.3 4
57.2 70.6 0
47.2 70.6 0
59.4 72.8 4
46.9 99.1 4
56.9 99.1 4
15.6 72.8 0
86 23.1 0
62.2 16.8 0
61.7 19.8 0
87.2 24.4 0
89.4 17.8 0
60.9 18.1 0
87 0.85 0
85.2 1.63 0
85.4 26.3 0
85.4 27.5 0
85.2 68.3 4
86.9 69.1 4
87.2 25.6 0
88.1 74 4
86 71.9 4
61.7 74.8 4
85.2 98.3 4
60.9 73.1 4
87.2 70.6 4
89.4 72.8 4
86.9 99.1 4
104 22.6 0
92.2 16.8 0
103 23.8 0
91.7 19.8 0
119 18.1 0
90.9 18.1 0
105 26.9 0
104 67.3 4
104 26.9 0
102 68.6 4
103 25.6 0
103 28.1 0
101 27.5 0
101 26.3 0
104 72.6 4
91.7 74.8 4
118 74.8 4
103 71.3 4
90.9 73.1 4
119 73.1 4
146 22.5 0
139 22.5 0
168 19 4
166 23.1 4
138 23.8 0
147 23.8 0
137 2.25 0
167 24.4 4
169 17.8 4
138 0.95 0
163 0.875 0
147 0.85 0
121 17.8 0
136 22.5 0
165 1.68 0
139 67.3 4
146 27.5 4
146 67.5 4
146 26.3 4
139 26.3 4
165 26.3 4
165 27.5 4
137 68.6 4
165 68.3 4
148 68.8 4
167 69.1 4
167 25.6 4
138 25.6 0
147 25.6 4
146 72.5 4
139 97.3 0
139 72.5 4
168 74 4
166 71.9 4
146 97.5 0
121 74.7 4
148 98.8 0
137 98.6 0
165 98.3 0
147 71.3 4
126 82.7 4
138 71.3 4
124 82.3 4
167 99.1 0
167 70.6 4
169 72.8 4
121 72.8 4
127 81.4 4
127 79.6 4
123 79.8 4
123 81.1 4
184 22.5 4
186 2.03 4
176 2.1 0
183 23.7 4
172 19.7 4
187 1.15 4
178 1.15 4
171 18 4
184 67.1 4
200 26.9 4
182 68.6 4
183 25.6 4
181 27.5 4
181 26.3 4
184 72.5 4
184 97.4 0
182 98.8 0
172 74.7 4
171 73 4
183 71.2 4
8.73 2.1 0
2.5 23.8 0
7.2 1.15 0
14.2 22.2 0
5.3 1.98 0
0.625 27.5 0
0.625 26.3 0
0.625 68.1 0
4.38 68.1 0
13.1 56.7 0
14.1 58.2 0
2.5 68.8 0
2.5 25.6 0
13 78.4 0
2.5 71.3 0
13.1 86.7 0
14.1 88.2 0
14.2 77.2 0
7.48 99.3 0
30.7 22.6 0
48.4 2.05 0
34.3 23 0
26.2 2.1 0
54.4 1.63 0
32.6 23.8 0
27.8 1.15 0
52.7 24.4 0
59.4 22.4 0
47.2 0.8 0
42.7 24.4 0
52.8 0.775 0
15.6 22.4 0
58.1 21.1 0
43.9 23.1 0
53.9 23.1 0
17.5 20.5 0
16.3 20.5 0
16.9 58.8 0
30.6 27.5 0
30.6 26.3 0
51.6 68 0
41.6 68 0
32.9 67.5 0
31.9 68.9 0
58.7 57.4 0
52.8 69.2 0
15.6 57.5 0
52.7 25.6 0
42.8 69.2 0
32.5 25.6 0
42.7 25.6 0
52.7 28.1 0
51.4 26.9 0
54.5 27.5 0
54.5 26.3 0
16.9 88.8 0
57.5 89.4 4
30.7 72.6 0
51.6 98 4
41.6 98 0
32.9 97.5 0
31.9 98.9 0
34.2 72.2 0
32.6 71.3 0
58.7 87.4 4
52.7 70.6 0
52.8 99.2 4
15.6 87.5 0
42.7 70.6 0
59.4 77.4 4
42.8 99.2 0
15.6 77.4 0
58.1 76.1 4
53.9 71.9 0
66.2 1.88 0
72.6 23.8 0
67.6 0.775 0
89.4 22.4 0
60.8 22.2 0
82.7 24.4 0
82.8 0.775 0
88.1 21.1 0
83.9 23.1 0
88.1 19.9 0
74.3 23 0
70.6 27.5 0
70.6 26.3 0
74.6 67.8 4
81.6 68 4
72.9 67.5 4
62.6 57.1 0
88.7 57.4 4
61.1 58.2 0
71.9 68.9 4
82.8 69.2 4
72.5 25.6 0
82.7 25.6 0
70.7 72.6 4
62 78.4 4
81.6 98 4
72.9 97.5 4
62.6 87.1 4
71.9 98.9 4
74.2 72.2 4
88.7 87.4 4
61.1 88.2 4
72.6 71.3 4
89.4 77.4 4
82.7 70.6 4
60.8 77.2 4
82.8 99.2 4
83.9 71.9 4
88.1 76.1 4
111 22.6 0
114 2.13 0
112 1.18 0
96.4 2 0
112 23.8 0
90.8 22.2 0
119 22.2 0
97.8 0.9 0
118 20.6 0
110 2.05 0
111 26.9 0
114 68.2 4
118 56.9 4
91.9 56.7 4
119 58.1 4
91 58.2 4
112 69.1 4
112 25.6 0
112 28.1 0
114 27.5 0
114 26.3 0
118 55.1 4
111 72.6 4
99.3 97.9 4
92 78.4 4
118 78.4 4
114 98.2 0
118 86.9 4
91.9 86.7 4
112 71.3 4
119 88.1 4
91 88.2 4
112 99.1 0
119 77.2 4
90.8 77.2 4
97.6 99.3 4
169 22.4 4
163 24.4 4
167 0.8 0
121 22.4 0
168 21.1 4
164 23.1 4
121 20.5 0
123 20.5 0
167 59.4 4
162 68 4
169 57.4 4
163 69.2 4
121 57.5 4
163 25.6 4
167 89.4 0
162 98 0
169 87.4 0
163 70.6 4
163 99.2 0
169 77.4 4
121 87.5 4
121 77.4 4
168 76.1 4
164 71.9 4
194 22.5 4
191 22.5 4
193 23.8 4
171 22.2 4
191 27.5 4
191 26.3 4
194 26.9 4
172 56.7 4
193 67.7 4
171 58.2 4
192 69.1 4
193 25.6 4
193 28.1 4
191 72.5 4
172 78.4 4
172 86.7 0
193 71.3 4
171 88.2 0
171 77.2 4
192 99.3 4
13.7 7.5 0
12.7 9.05 0
13.7 37.5 0
12.7 39.1 0
12.7 36 0
58.7 7.5 0
15.6 7.5 0
18.1 7.5 0
17.5 9.38 0
16.3 9.38 0
16.9 6.25 0
57.8 39.2 0
58.7 37.5 0
15.6 37.5 0
87.8 9.15 0
61.9 6.1 0
61.9 8.9 0
88.7 7.5 0
60.8 7.5 0
87.8 39.2 0
88.7 37.5 0
61.3 37.5 0
62.3 39.1 0
62.3 36 0
119 7.5 0
118 5.95 0
90.8 7.5 0
118 38.9 4
91.3 37.5 0
119 37.5 4
169 7.5 0
121 7.5 0
168 39.2 4
169 37.5 4
121 37.5 4
171 7.5 0
172 9.05 4
171 37.5 4
14.4 27.5 0
14.4 47.5 0
18.8 23.1 0
17.5 24.4 0
17.5 0.625 0
18.8 68.1 0
17.5 25.6 0
15.6 27.5 0
59.4 27.5 0
15.6 47.5 0
17.5 69.4 0
59.4 47.5 0
58.1 46.3 0
18.8 98.1 0
17.5 70.6 0
17.5 99.4 0
60.6 27.5 0
89.4 27.5 0
60.6 47.5 0
89.4 47.5 4
61.9 48.8 0
61.9 46.3 0
118 28.8 0
118 48.8 4
90.6 27.5 0
119 27.5 0
90.6 47.5 4
119 47.5 4
124 23.1 0
123 0.625 0
123 24.4 0
124 68.1 4
123 25.6 0
121 27.5 0
121 47.5 4
169 27.5 4
123 69.4 4
169 47.5 4
124 98.1 0
123 99.4 0
123 70.6 4
172 28.8 4
172 48.8 4
172 46.3 4
171 27.5 4
171 47.5 4
174 48.1 4
174 46.9 4
