7.15 17.2 1
9.05 23.2 1
15.3 22.4 1
8.88 31.1 1
9.93 15.5 1
7.88 14.9 1
27.9 32.6 1
18 10.1 1
28.4 16.6 1
28 14.3 1
2.65 29.1 1
37 36.8 1
14.4 14.6 1
14.5 4.85 1
58.3 17.2 1
21.5 14.9 1
34.7 35.4 1
9.58 1.55 1
38.1 25.8 1
39.6 27.6 1
39.2 23.2 1
42.8 34.9 1
44.7 41.9 1
17.9 36.1 1
45.9 1.6 1
52.4 29.3 1
35 26.3 1
12.2 13.4 1
17.9 43.4 1
15.6 40.6 1
3.95 22.1 1
44.8 19.3 1
43.8 21.3 1
35.7 42.5 1
55.9 2.93 1
44.6 32.8 1
21.8 8.2 1
56 42.1 1
53.2 35.7 1
21.6 37.1 1
58.3 12.6 1
37.3 44 1
51.1 32.4 1
42.7 43.5 1
43.4 1.6 1
44.3 37 1
27.8 2.58 1
47.4 20 1
51.4 37.4 1
57.5 1.35 1
57.5 43.7 1
53.4 1.58 1
32.1 43.5 1
53.5 43.4 1
23 43.8 1
4.08 43.5 1
2.6 35.2 1
47 43.5 1
29.3 1.28 1
17.8 1.55 1
58.9 32.7 1
31.5 1.28 1
9.45 43.9 1
23.5 1.3 1
45.3 10.1 1
46 12.6 1
51.1 26.8 1
28.4 24.9 1
47.9 25.6 1
45.9 26.3 1
24 33.1 1
7.25 8.93 1
50.2 10.6 1
53.2 20 1
7.33 25.1 1
5.05 24.7 1
25.5 38.6 1
11.7 1.55 1
39.2 34.7 1
29.7 28.9 1
27.7 27.4 1
12.2 9.13 1
24 13.6 1
46.1 34.9 1
49.3 34.1 1
24.1 9.5 1
47.8 8.63 1
8.65 37.5 1
55.4 28 1
11.4 43.9 1
13 41 1
13 34.4 1
22.5 72.1 0
10.9 96.2 0
22.7 93.2 0
3.9 55.6 1
41.1 50 1
27.6 82.3 0
36.8 72.7 0
24 67.7 0
6.33 55.6 1
19.9 68.8 0
37.5 92.5 0
47.5 63.5 0
34.5 73.1 0
32.6 75.2 0
56.5 89.8 0
37.2 56.2 0
23.3 46.8 1
0.35 63.3 1
8.28 59.3 1
56.5 66.4 0
35.7 54.2 1
13.1 87 0
14.1 65.5 1
44 87.5 0
39.3 62.2 0
12.5 98 0
37.9 64.5 0
8.38 64 1
21 81.5 0
14.2 72.3 0
34.5 83.5 0
32.5 84.9 0
29.9 64.5 0
25.1 85.9 0
58.6 67.8 0
9.75 80.2 0
32.7 71.5 0
9.85 89.3 0
56.4 52.1 0
17 94.9 0
15.8 64.1 1
55 54.2 0
0.75 97.1 1
50.5 50 1
42.5 98.7 0
29.8 55 1
4.13 66 1
29.7 57.5 1
5.68 86.1 0
41 82.7 0
57 74.4 0
13.4 84.7 0
46.1 78.6 0
25.9 62.1 0
23.8 58.5 1
58.4 76.7 0
49.7 84.6 0
58.2 92.1 0
19.8 59.2 1
55.6 97 0
30.2 66.9 0
32.2 61.1 0
58.6 72.7 0
58.7 46.9 1
31 46.4 1
14.4 52.3 1
30.3 97.3 0
12.5 53.3 1
2.73 72.7 1
14.4 49.5 1
25.2 78.4 0
57.5 98.6 0
32 98.6 0
58.6 58.4 0
6.48 65.9 1
51.5 82.8 0
28.7 46.4 1
17.2 79.4 0
53.1 98.4 0
28.3 98.7 0
4.33 98.6 0
7.4 96.8 0
21 96.9 0
22.9 95.6 0
21.2 88.8 0
57 85.5 0
58.6 60.7 0
5.35 89.7 0
18.5 96.9 0
40.5 91.6 0
1.98 77.6 1
55.7 47.1 1
3.53 59.7 1
2.28 58 1
8.63 74.7 1
37.6 97.3 0
2.7 49.2 1
50.3 55.1 0
19.4 64.2 1
71.6 15.1 1
80.1 4.88 1
88.4 19.3 0
86.5 37.9 0
78.8 35.3 0
82.1 33.2 0
82.4 40.1 0
86.9 31.7 0
76.2 17.2 1
85.1 9 0
75.1 26.7 0
76.1 1.53 1
73.8 22.1 1
79 30.4 0
71.9 43.3 0
88.4 21.8 0
88.5 7.18 0
67.9 43.4 0
62.8 6.5 1
87.5 43.7 0
72.2 1.53 1
61.5 27.5 1
64.1 4.08 1
61.3 2.2 1
61.3 42.8 1
88.5 12.3 0
61.8 12.1 1
62.2 18.1 1
63.9 20 1
86.7 26.2 0
88.3 28.1 0
78.3 21.4 0
86.1 2.35 0
88.8 2.2 0
80.1 50.5 0
73.9 67.7 0
77.7 64.6 0
79.3 83.8 1
87.2 54.4 0
76.8 58.3 0
74.6 77.4 0
75.5 53.9 0
67.9 53.2 0
86.5 89.6 1
80.1 61.7 0
73.5 75 0
66.7 91.2 0
62.9 48.4 0
66.8 76 0
68.8 83.6 0
74.8 48.3 0
69.7 87.4 0
71.8 46.9 0
85.4 83.8 1
82.3 66 0
64.5 79.5 0
72.8 80.7 0
88.6 77.4 1
61.3 90.4 0
67.1 78.7 0
88.4 67.6 1
68.1 58.9 0
88.4 72.5 1
87.3 59.6 0
88.5 61.5 0
81.9 58.2 0
72.7 87.5 1
88.4 52.7 0
70.1 81 0
67.9 46.6 0
87.5 98.6 1
61.4 72.7 0
88.7 46.9 0
62.8 59.8 0
61.3 97.5 0
61.4 58 0
61.5 61.8 0
61.3 88.2 0
78.3 73 1
71 97.6 1
85.1 95.1 1
82.6 96.5 1
87 75 1
81.5 87.4 1
61.4 67.8 0
62.8 65.9 0
86.8 82.2 1
169 32.8 0
111 20.2 0
127 19.2 0
111 17.7 0
131 19.5 0
119 7.18 1
140 24.9 0
101 5.18 0
115 40.1 0
108 21.9 0
142 36.8 0
168 30.3 0
179 33.3 0
149 11.6 0
195 20.3 0
102 3.2 1
101 22.4 0
118 16.7 0
114 6.38 1
179 19.1 0
137 21.7 0
101 28.5 0
123 27.8 0
144 15.1 0
146 23.6 0
169 41.9 0
104 29.1 0
154 41 0
169 14.1 0
155 38.5 0
131 25.4 0
184 15.2 0
131 40.5 0
117 32.6 0
120 15 1
148 43.4 0
173 9.35 0
187 18.8 0
169 21.8 0
105 4.43 1
179 43.3 0
163 26.3 0
116 34.8 0
103 11.4 0
114 35.8 0
131 30.1 0
122 32 0
190 15.3 0
102 36.5 0
93 10.5 0
164 38 0
136 16.2 0
168 9.3 0
139 2.7 1
101 42.2 0
166 42.4 0
140 6.95 1
145 41.9 0
94.2 16.4 0
133 15.9 0
109 43.3 0
106 1.23 1
157 31.4 0
125 35.4 0
193 31.2 0
162 11.8 0
183 43.5 0
135 28.4 0
111 43.3 0
103 23 0
170 8.53 1
194 1.7 1
119 24.8 0
120 40.4 0
157 1.63 1
142 42.1 0
162 42.1 0
98.4 24.2 0
94.7 5.83 0
168 24.3 0
154 4.03 1
145 2.88 1
187 37.6 0
133 43.6 0
132 2.7 1
141 1.23 1
163 1.55 1
184 6.98 1
143 7.13 1
151 14.1 0
124 33.1 0
91.5 27.8 0
158 36.9 0
115 15.7 1
91.2 12.3 0
153 6.63 1
134 1.48 1
120 37.8 0
130 13.3 1
91.4 19 0
157 43.9 0
167 1.43 1
91.4 21.5 0
122 43.7 0
183 1.2 1
199 30.3 0
141 39.9 0
101 19.9 0
98.5 17.5 0
130 37.6 0
153 32.2 0
136 43.6 0
172 43.1 0
174 41.4 0
114 4.1 1
174 20.6 0
198 1.7 1
199 4.15 1
146 21.3 0
183 31.2 0
191 40.3 0
106 35.3 0
193 26.5 0
107 15.4 0
109 15.2 0
187 40.3 0
188 41.9 0
118 41.8 0
93 25.6 0
154 13.3 0
162 30.9 0
117 2.88 1
170 27.7 0
141 19.5 0
196 43.4 0
96.9 10.9 0
91.4 37 0
104 43.5 0
106 41.8 0
113 1.23 1
92.5 41.5 0
198 37 0
196 12.2 1
98.3 37.3 0
173 29.4 0
94.1 33.1 0
97.1 4.48 0
91.8 1.35 0
169 64.8 0
172 65 0
114 73.4 0
195 58.8 0
172 67.4 0
93.3 63.1 0
168 67.6 0
191 84.7 0
170 68.9 0
195 82.8 0
123 67.2 0
165 76.4 0
157 57.6 0
163 69.9 0
194 88.8 0
154 94.8 0
121 55.1 0
98.7 87.2 1
164 86.3 0
98.1 57.3 0
152 54.2 0
193 95.3 0
162 84.6 0
160 67 0
137 50 0
199 64.3 0
189 76.7 0
178 62.3 0
191 73.2 0
165 50.1 0
154 62.8 0
103 61.8 0
154 56.5 0
128 60.4 0
106 80.1 0
148 69.5 0
112 59.9 0
123 80.2 0
169 83.2 0
149 95.2 0
180 59.9 0
100 84.2 1
200 52.9 0
148 84.8 0
120 57.4 0
133 59.9 0
131 53.3 0
198 98.4 0
157 98.4 0
154 91.7 0
186 95.5 0
193 83.9 0
115 79.8 0
182 73.4 0
140 87.2 0
91.4 60.9 0
105 89.9 0
182 68.8 0
176 97 0
123 87.8 0
106 55.5 0
101 66.6 0
134 54.8 0
106 82.7 1
91.7 89.6 1
157 60.8 0
176 46.4 0
155 67.7 0
94.9 49.5 0
138 75.7 0
106 50.1 0
136 47.7 0
118 73.8 0
98.2 98.2 1
155 70.2 0
144 48 0
131 81.3 0
113 66.6 0
117 83.8 0
97.8 69.9 1
164 96 0
165 93.4 0
137 58.2 0
175 48.1 0
173 98.1 0
134 73 0
142 68 0
186 54.7 0
187 92.8 0
182 53.3 0
134 65 0
176 61.3 0
198 74.5 0
91.7 83 1
134 75.1 0
136 71.4 0
170 92.7 0
171 95.2 0
171 72.9 0
108 67.6 0
172 84.5 0
159 91.4 0
179 54.8 0
161 62 0
150 55.4 0
110 73.3 0
181 47.7 0
99 80 1
113 48.1 0
113 53.9 0
185 90 0
131 96.8 0
126 95.7 0
105 98.2 0
125 91.9 0
173 46.7 0
162 79.9 0
91.3 75.8 1
158 87 0
111 46.5 0
109 46.5 0
196 46.6 0
144 67.6 0
91.4 67.2 1
129 89.9 0
125 49.2 0
128 64.3 0
179 46.4 0
183 46.3 0
189 98.7 0
150 83.5 0
194 76.9 0
94.5 70.1 1
163 98.6 0
113 98.8 0
131 47.6 0
123 98.6 0
123 46.5 0
183 98.5 0
133 98.4 0
133 46.3 0
145 98.5 0
163 46.2 0
91.3 73.3 1
192 58.3 0
95.2 66.5 0
193 92.6 0
144 63.1 0
117 95.7 0
116 98.8 0
169 48.3 0
168 50.6 0
109 90.8 0
110 93 0
99.8 98.2 1
147 95.7 0
190 47.9 0
146 92.7 0
148 92.1 0
138 55.2 0
117 78.3 0
149 79 0
141 96.5 0
135 95 0
123 62.3 0
121 61.6 0
155 79.8 0
116 92.6 0
118 91.7 0
106 70.5 0
174 74.8 0
136 87.5 0
95.1 98.2 1
92.3 46.3 0
107 61.8 0
91.8 98.6 1
93.5 96.8 1
97.5 46.3 0
26.8 23.7 1
10.1 19.4 1
8.63 26.5 1
17.8 12.7 1
48.2 4.58 1
34.9 23.6 1
50.7 4.55 1
32.8 22.2 1
13.9 28.2 1
16.2 9.03 1
12.2 29.8 1
5.53 20.2 1
20.1 9.78 1
56.8 10.4 1
55.6 24.1 1
5.18 18.1 1
25.2 18.3 1
13.1 25.4 1
24.8 42.6 1
29.7 40.7 1
53.2 23.3 1
15.8 19 1
37.3 21.7 1
48.9 13 1
8.48 3.43 1
9.7 28.9 1
28.6 7.38 1
27.7 42.2 1
0.7 40.6 1
10 8.15 1
15.8 37.4 1
0.225 38 1
32.4 15 1
7.43 33 1
31.1 17.1 1
16.2 3.3 1
40.4 8.83 1
37.2 41 1
21.2 17.3 1
44.4 28.5 1
38.4 29.7 1
2.1 31.3 1
5.25 41 1
57.3 41.3 1
21.4 42.2 1
22.7 18.4 1
2.23 22.5 1
38.8 42.5 1
3.5 42.1 1
58.7 2.2 1
3.4 32.8 1
58.7 42.8 1
17.9 43.4 1
42.2 16.2 1
20.6 4.15 1
3.55 1.38 1
5.78 11 1
31.3 9.05 1
34.9 2.65 1
58.5 7.25 1
30.6 13.2 1
26 1.3 1
33 1.28 1
58.6 37.9 1
0.075 1.38 1
37 1.38 1
52 9.5 1
56.9 19 1
58.9 28.6 1
57.1 27.9 1
38.7 13.5 1
12.4 3.3 1
27.9 36.9 1
30.1 37.7 1
58.9 34.6 1
57.4 35.9 1
58.6 21.7 1
12.5 11 1
23.8 12.1 1
9.08 35.6 1
4.8 38.4 1
38.1 10.2 1
11.9 42.5 1
20.9 50 1
9 91.7 0
18.7 83.7 0
34.5 78.3 0
32.4 77.1 0
40.8 52.6 1
22.6 48.4 1
25.5 52.6 1
17.9 91.7 0
21 52.7 1
51.4 89.3 0
23.3 53.9 1
7.3 61.9 1
47.3 97 0
27.2 70.4 0
48.2 93.2 0
38.9 68.6 0
12.3 69 1
49.3 95.5 0
10.9 47.9 1
9.3 49.4 1
19.2 70.5 0
51.5 73.1 0
41.3 87.4 0
22.4 85.9 0
42.3 54.6 0
15.5 87.7 0
15.8 85.3 0
9.95 52 1
49.9 78.8 0
36.8 60 0
40.5 76.2 0
23.1 65.3 0
39.6 78.5 0
44 46.7 1
29.5 92.7 0
13 74.9 0
7.78 68.5 1
47.1 84.4 0
27.2 91.7 0
44.3 76.1 0
25.6 74.7 0
20.8 79.4 0
27.3 46.4 1
3.93 87.4 0
45.3 56.8 0
1.58 74.9 1
17.9 72.3 0
27.7 73.1 0
32.4 47.9 1
58.2 52.6 0
51.5 80.7 0
27.4 79.7 0
34.5 61.5 0
42.2 81.2 0
57.1 78.3 0
6.03 72.7 1
56.9 96 0
19.1 74.2 0
39.3 85.1 0
1.83 70.8 1
6.38 75.1 1
25.9 59.7 1
44.9 81.3 0
46.5 46.7 1
35.3 64.3 0
58.2 93.5 0
12.4 57.9 1
58.7 97.5 0
12.9 47.9 1
15.4 79.4 0
53.2 46.5 1
14.3 59.4 1
58.7 46.9 0
17.8 54.8 1
18.9 77.9 0
12.4 82.7 0
30.8 73.6 0
17.7 57.3 1
27.6 97.4 0
36.6 46.5 1
58.7 82.7 0
51 70 0
24.9 49.8 1
45.1 93.5 0
44.9 95.8 0
1.65 79.7 1
44.4 60.3 0
56.9 48.4 0
10.5 75.7 0
35.9 98.6 0
4.95 48 1
51.5 53.3 0
1.13 87.5 1
18.3 64.1 1
20.5 66 0
17.5 47.8 1
47.5 67.3 0
56.5 63.2 0
71.8 10 1
79.3 7.93 0
82.2 17.4 0
85 16.9 0
85.1 35.9 0
78 3.38 1
72 30.3 0
63.8 32.6 1
73.7 17.3 1
85.9 42.2 0
65.3 34.7 1
86.6 10.4 0
88.5 37.9 0
80.9 37.3 0
81.9 42 0
86.6 7.68 0
83.4 43.5 0
65.2 20.6 1
65.5 14.9 1
81.7 9.63 0
68.8 4.25 1
88.5 5.6 0
69.9 41.7 0
80.5 14.9 0
72.3 20.2 1
66.6 2.73 1
82.5 27.7 0
82.8 3.35 0
88.6 32.6 0
81.3 30.5 0
62.9 41.2 1
88.7 42.8 0
75.2 24.2 1
62.7 3.58 1
64.4 24.4 1
63 22.5 1
75.5 41.8 0
73.6 1.53 1
61.3 7.05 1
63.3 13.4 1
67.2 24.1 1
67.9 21.6 1
61.6 39.4 1
61.6 37.8 0
61.5 27.5 1
77.2 43.5 0
62.4 0.85 1
62.4 44.2 0
85.3 27.8 0
86.9 29.7 0
69 8.35 1
63.2 9.73 1
78.3 23.8 0
76.5 35.5 0
87.6 0.85 0
78.1 49 0
82.7 75.4 1
68.9 96.2 0
84.7 54.4 0
88.8 56.6 0
67.8 98.6 0
83.5 98.5 1
86.4 92.6 1
86.9 65.4 0
86 97.1 1
80.6 95.1 1
69.7 48.4 0
76.7 83.8 1
62.7 74.4 0
62.7 91.5 0
61.4 76.7 0
69.7 56.4 0
81 81.9 1
62.8 96.1 0
88.6 88 1
88.6 82.3 1
61.4 56.5 0
88.8 97.5 1
62.9 48.4 0
61.7 82.8 0
63 84.6 0
62.9 54.3 0
61.6 52.7 0
88.7 46.9 0
61.5 63.2 0
61.3 46.9 0
76.7 98.6 1
62.4 45.6 0
78 71 0
72.7 96.2 1
81 85.2 1
69.3 63.2 0
72.6 60.6 0
77.8 90.4 1
172 33.6 0
199 15.4 0
193 10.7 1
118 9.1 1
181 34.1 0
197 20.3 0
149 34.2 0
110 33.3 0
150 31.5 0
104 34.3 0
151 34.8 0
159 15.7 0
174 35.7 0
192 8.1 1
180 29.2 0
178 30.4 0
104 19.2 0
103 31.3 0
152 38 0
200 22.3 0
128 29.7 0
100 30.8 0
158 34 0
179 23.6 0
116 8.48 1
132 34.9 0
161 33.7 0
151 4.05 1
114 22.2 0
105 21.4 0
176 43.3 0
180 22 0
99.9 40.9 0
181 41.8 0
115 37.4 0
190 17.9 0
113 24.5 0
193 3.2 1
137 9.85 1
144 37.3 0
162 24.6 0
130 7.5 1
138 32.9 0
178 6.35 1
133 23.3 0
165 11.7 0
105 11.6 0
106 7.53 1
105 2.55 1
186 30.7 0
101 13.7 0
115 30.9 0
139 19.8 0
110 26.6 0
153 19.9 0
113 12.3 1
165 40.8 0
120 22.1 0
187 10.8 1
101 38.2 0
166 9.28 0
159 3.18 1
147 18.2 0
151 17.9 0
188 34.6 0
117 25.5 0
96.7 32.8 0
124 9.9 1
147 1.65 1
119 4.28 1
101 1.33 1
194 43.4 0
124 42.3 0
146 1.65 1
100 25.7 0
155 2.85 1
137 1.48 1
188 32.4 0
164 7.95 0
144 40.4 0
151 6.65 1
144 29.8 0
105 26.8 0
91.8 7.65 0
165 2.98 1
156 12.4 0
92.8 14 0
156 9.83 0
194 34.9 0
144 4.6 1
92.5 41.6 0
180 1.2 1
162 9.48 0
146 29.4 0
101 43.5 0
193 36.4 0
127 7.43 1
118 36.4 0
158 8.78 0
93.1 18.2 0
176 22.7 0
145 17.2 0
91 42.8 0
121 42.3 0
167 43.8 0
159 42.3 0
185 2.7 1
107 1.23 1
189 1.5 1
103 43.5 0
128 43.7 0
152 2.4 1
95.8 43.7 0
110 1.23 1
173 1.28 1
123 1.4 1
182 1.2 1
128 1.23 1
138 40 0
124 13 1
126 14 1
99 18.7 0
153 42.1 0
151 40.5 0
179 12.5 0
174 12.2 0
152 30.4 0
118 20.6 0
171 41.9 0
173 40.2 0
175 16.5 0
173 14.4 0
196 1.7 1
197 27.2 0
181 15.3 0
144 21.7 0
156 24.8 0
137 43.6 0
143 27.4 0
136 35.4 0
188 43.3 0
125 2.63 1
117 1.45 1
101 9.63 0
94.7 1.08 0
197 42.1 0
96.8 13.1 0
92.9 38.2 0
92.5 35.4 0
114 2.68 1
142 32.1 0
172 27.4 0
92.7 31.8 0
97.8 1.08 0
91 2.2 0
93.1 2.43 0
95.2 64.1 0
180 87.3 0
189 84.9 0
102 95 0
142 81.6 0
161 69 0
153 52.1 0
98.3 62.6 0
153 49.7 0
200 81.1 0
143 84.3 0
179 82.1 0
166 86.1 0
116 68.2 0
134 90 0
177 80.9 0
178 89.6 0
113 62.3 0
101 64.2 0
127 51.7 0
191 75.5 0
99 71.9 0
109 80.5 0
160 56.1 0
164 74.4 0
160 64.4 0
93.4 87.9 1
102 56.1 0
155 96.9 0
140 70.3 0
119 63.4 0
94.1 77.6 1
161 53.6 0
124 70 0
169 79.5 0
129 58.4 0
168 54 0
141 72.6 0
138 86.5 0
146 48 0
184 79.8 0
152 88 0
152 96.5 0
200 48.2 0
112 86.7 0
148 90.1 0
107 53.6 0
197 89.2 0
151 62.2 0
190 54.3 0
165 47.8 0
156 91.1 0
169 74.7 0
131 58.1 0
171 76.3 0
113 58.1 0
108 83.1 0
167 46.6 0
163 54.2 0
117 54.7 0
133 67.2 0
117 57 0
145 49.3 0
181 92.4 0
132 55.1 0
188 97 0
148 66.5 0
185 96.9 0
171 48.3 0
131 67.1 0
189 52.1 0
122 73.8 0
138 98 0
93.4 55.4 0
145 65.8 0
192 64.1 0
136 53 0
152 72 0
121 47.8 0
112 74.1 0
183 71 0
178 75.7 0
186 63.2 0
117 81.8 0
119 49.3 0
124 97.3 0
188 53.9 0
195 62.9 0
130 65 0
105 57.6 0
159 71.4 0
111 55.9 0
119 51.7 0
142 91.7 0
91.7 93.2 1
130 77.9 0
132 63.7 0
137 83.2 0
165 97.3 0
151 57.7 0
150 59.6 0
93.2 68.2 1
173 98.1 0
133 76 0
119 80.3 0
193 69.8 0
164 78.4 0
91.4 58.6 0
124 47.9 0
145 97 0
130 87.8 0
159 47.9 0
138 64.3 0
187 80.3 0
148 48 0
169 91.2 0
139 62.2 0
125 62.1 0
93.9 47.5 0
115 98.8 0
163 89.8 0
126 64.3 0
157 46.7 0
185 87.4 0
191 67.8 0
125 93.7 0
95.9 46.3 0
163 60.6 0
178 46.4 0
125 91.9 0
131 91.5 0
130 96.8 0
91.7 83.2 1
178 57.7 0
130 47.6 0
167 98.7 0
176 58.9 0
194 46.6 0
180 97.4 0
128 98.4 0
137 60.3 0
182 98.5 0
187 46.3 0
184 46.3 0
139 46.4 0
179 98.9 0
91 46.9 0
141 46.4 0
128 46.3 0
116 72 0
193 55.7 0
196 54.9 0
197 57.3 0
153 77.8 0
173 52.4 0
173 49.7 0
120 66 0
127 71 0
139 81.2 0
170 55.6 0
172 54.8 0
184 77.2 0
159 97 0
146 52.3 0
155 84.8 0
148 97.2 0
198 68.8 0
122 96.6 0
164 56.5 0
195 96.6 0
125 77.1 0
124 74.8 0
112 78.6 0
185 69.6 0
140 98 0
96.8 98.2 1
92.1 53.1 0
93.7 51.8 0
178 66.6 0
158 78.4 0
114 91.8 0
111 98.8 0
109 97 0
108 70.6 0
174 72.7 0
152 48 0
106 60.8 0
91 97.5 1
92.7 95.7 1
99.3 46.3 0
99.6 50.2 0
119 94.8 0
199 96 0
117 47.8 0
49.5 25.3 1
18.9 29.5 1
10.4 24.6 1
49.5 17.6 1
10.5 15.1 1
3.38 10.2 1
26.5 16.7 1
0.525 16 1
19.9 31.5 1
10.3 5.18 1
15.5 13.2 1
1.28 11.9 1
14.5 10.9 1
26.1 14.4 1
22.5 31 1
17 22.3 1
8.35 20.9 1
45.5 26.4 1
32.8 29.6 1
29.2 4.53 1
34.7 31.3 1
40.2 14.8 1
10.3 9.98 1
20.8 25.3 1
13.9 17.1 1
26.6 8.65 1
58.3 16 1
22.5 23.9 1
40.4 22.6 1
42.1 1.6 1
40.3 2.98 1
18.8 34.4 1
41.9 27.4 1
34 4.6 1
41.5 34.1 1
25.9 27.7 1
17.4 4.6 1
2.48 7.95 1
43.5 19.7 1
46.4 2.88 1
42.5 21.7 1
58.9 29.9 1
58.5 8.8 1
57.2 3.78 1
10.6 42.5 1
6.5 40.7 1
4.75 3.25 1
11.5 17.5 1
58.3 13.9 1
45.3 40.6 1
8.3 42.1 1
58.9 31.4 1
6.98 1.88 1
51.8 31 1
9.25 43.9 1
33.7 7.58 1
50.1 38 1
52.3 43.4 0
18.9 2.85 1
21.4 6.7 1
52.2 1.58 1
47.6 42.2 1
26.8 43.8 1
2.58 36.9 1
58.5 5.68 1
33.6 43.5 1
45 31 1
13.5 43.6 1
41.4 43.5 1
19.1 43.4 1
58.6 39.4 0
1.88 1.38 1
38.3 1.38 1
51.5 19 1
50.5 7.25 1
23.3 38.6 1
23.2 41 1
2.55 27.3 1
37 15 1
21.1 12.1 1
19.7 13.7 1
48 34.5 1
49.9 40.6 1
47.9 7.28 1
8.55 38.1 1
6.05 38.2 1
22.1 1.3 1
15 43.6 1
16 42 1
55.3 67.1 0
9.6 94.7 0
7.15 95.3 0
27 86.9 0
0.225 92.9 1
23.9 72.6 0
28.6 84.7 0
12.9 65.4 1
3.28 55 1
57.6 70 0
54.5 89.7 0
36.8 77.3 0
40.5 48.2 1
24.6 93.5 0
20.5 72.4 0
37.7 75 0
49.6 62.6 0
22.2 98.6 0
51.3 60.8 0
9.1 61 1
50.6 86.5 0
52.4 84.7 0
36.3 70.7 0
20.4 91.2 0
25.1 70 0
31.7 86.4 0
21 83.5 0
15.4 72.3 0
13.9 67.2 1
13.5 98 0
42 61.2 0
42.8 46.7 1
2.53 63.9 1
15.9 96.6 0
38.2 66 0
11.1 87.4 0
47.6 79.5 0
0.325 49.4 1
49.5 90.7 0
10.1 58.5 1
3.8 61.7 1
42.3 77 0
12.4 55.3 1
33.6 70.1 0
32.4 89.6 0
56 76.5 0
53.4 72.8 0
31.3 61.2 0
38 58.3 0
15.8 53.5 1
14.7 61.6 1
18 98.6 0
56 74 0
32.6 52.7 1
41.4 79.4 0
57.6 72.3 0
56.8 54.6 0
25.2 77.3 0
49.8 48.2 0
6.38 98.6 0
15.7 49.2 1
47.8 46.7 0
46.4 82.2 0
58.7 79.1 0
33.6 67.9 0
15.6 58 1
3.93 76.4 1
37.9 46.5 1
34.1 46.5 1
2.65 98.6 0
14.7 81.8 0
51.9 98.4 0
29.6 96 0
19.5 58.6 1
41.3 98.7 0
13.5 46.4 1
33.4 98.6 0
58.6 56.9 0
51.9 46.5 1
39 98.7 0
58.7 45.6 0
49.2 68.5 0
43.6 70.3 0
10.2 65.4 1
24.9 96 0
58.7 85.2 0
55 86.6 0
5.18 92.7 0
6.03 91.2 0
5.5 82.3 0
45.9 61.8 0
37.4 97.3 0
48.4 56.6 0
19.5 65.9 0
17.5 46.2 1
56.9 48.4 0
58.6 62.1 0
70.5 12.9 1
86.5 18.7 0
75.2 27.8 0
87.1 34.8 0
88.1 9.08 0
88.5 36.4 0
82.3 35.5 0
78.4 16.9 0
65.4 9.73 1
63.7 16.8 1
65.2 30.6 1
61.4 32.7 1
69.7 5.33 1
87.2 41.3 0
86.6 6.1 0
85.3 4.2 0
67.8 13.5 1
88.4 25 0
88.4 23.1 0
88.5 39.5 0
80.1 19.5 0
72.5 33.9 0
61.5 26.2 1
63.9 42.6 0
80.6 42 0
73.3 43.3 0
66.4 43.4 0
63.7 2.23 1
78.6 43.5 0
66.2 1.38 1
61.3 5.48 1
69.6 29.3 1
86.6 14.2 0
61.4 34.6 1
63 35.9 1
61.3 8.6 1
61.5 28.7 1
76.2 50.9 0
74.6 70.2 0
85 75.2 1
84.8 56.9 0
84.3 66.3 0
74.7 65.2 0
82 50.4 0
79.1 76.7 0
87.3 58.1 0
81.1 78.1 1
69.2 73.1 0
69 70.6 0
66.6 67 0
75.3 56.7 0
80.4 63.9 0
61.4 71.5 0
85 90.6 1
72.4 57.7 0
83.2 47.9 0
67.9 85.1 0
74.3 77.7 0
88.4 71.3 1
87.3 96 1
88.4 69 0
70.7 80.3 0
73.4 80 0
85.7 49.2 0
87 51.4 0
73.8 87.4 0
74.2 98.6 1
73.2 46.9 0
79.6 59.4 0
87.2 83.9 1
82.8 83.2 1
88.5 93.5 1
64.9 59.6 0
88.5 62.9 0
63.8 97.5 0
63.9 47.2 0
61.4 93.6 0
61.7 81.5 0
88.6 78.7 1
61.6 49.7 0
66.4 46.6 0
78.1 98.6 1
62.4 98.9 0
61.3 86.7 0
61.6 51.3 0
88.6 86.5 1
88.7 45.6 0
80.7 74 0
79.7 88.5 1
64.2 66.7 0
63.5 61.9 0
71.9 63 0
61.4 69.2 0
74.8 90 1
169 34.2 0
199 18.6 0
182 35.9 0
145 11.2 0
196 10.1 1
138 25.7 0
154 14.1 0
107 35.9 0
150 23.8 0
122 21.3 0
124 40.3 0
159 18 0
161 14.5 0
144 9.08 1
143 13.7 0
148 24.8 0
180 17.5 0
149 10.1 0
132 4.1 1
172 37.9 0
138 12.6 0
114 40.4 0
193 5.1 1
169 36.8 0
136 30.6 0
170 20.6 0
166 18.1 0
127 18.9 0
112 34.2 0
173 8.05 0
179 2.83 1
151 21.5 0
113 14.6 0
167 15.4 0
134 1.48 1
131 9.38 1
135 24.3 0
178 4.1 1
167 29.8 0
140 4.43 1
100 42.3 0
195 40.4 0
156 29.8 0
136 26.8 0
139 8.48 1
111 30.7 0
152 15.3 0
174 29.6 0
157 4.4 1
193 41.7 0
149 18.3 0
125 21.2 0
132 31.8 0
187 25.7 0
164 26.8 0
112 41.9 0
125 36.1 0
191 1.5 1
186 23.4 0
111 24.7 0
96.9 23.9 0
94.2 10.9 0
124 37.7 0
117 29.7 0
176 6.8 1
91.2 34.9 0
94.1 13.1 0
117 26.8 0
91.8 9.2 0
142 2.95 1
126 9.08 1
118 31.4 0
129 11.8 1
116 1.45 1
111 15.9 0
163 18.9 0
121 37.6 0
177 43.3 0
164 29.6 0
146 43.4 0
121 1.4 1
157 7.05 1
120 26 0
143 19 0
110 8.53 1
125 43.7 0
168 25.7 0
185 6.98 1
93.1 6.3 0
91.4 22.8 0
186 36 0
141 43.5 0
103 24.6 0
167 27 0
130 42.3 0
171 7.23 1
155 8.1 1
102 1.33 1
157 41 0
154 26.6 0
121 30.4 0
121 28 0
180 7.75 1
148 43.4 0
127 1.23 1
184 43.5 0
126 43.7 0
96.6 35.6 0
156 42.6 0
187 1.5 1
117 43.6 0
161 43.4 0
96.4 1.08 0
91.3 5.18 0
172 1.28 1
170 2.7 1
157 38.5 0
162 1.55 1
91.5 39.7 0
199 43.7 0
168 1.43 1
134 43.6 0
108 1.23 1
145 35 0
129 25.8 0
127 27.8 0
126 25.1 0
125 27.2 0
180 10.4 0
177 13.2 0
189 11.4 1
154 30.8 0
111 21 0
110 22.4 0
173 19.9 0
130 38 0
197 29.2 0
194 27.7 0
194 29.6 0
147 20.1 0
158 26.2 0
139 42.2 0
184 31.4 0
145 25.8 0
142 26.2 0
186 41.8 0
121 13.6 1
91.4 24.7 0
94.4 25.3 0
125 3.88 1
125 1.23 1
120 2.85 1
101 8.08 0
157 19.9 0
91.2 33 0
108 43.3 0
107 41.8 0
98.8 10.6 0
94 36.5 0
111 1.23 1
142 34.5 0
199 35.4 0
91.5 29 0
92.7 30.4 0
98.7 4.38 0
99.4 2.4 0
92.3 3.28 0
188 86.9 0
197 82.8 0
165 69.7 0
178 92 0
125 53.8 0
127 77.1 0
182 61 0
166 54.6 0
132 89.3 0
91.4 62.3 0
191 96.9 0
101 72 0
123 79.6 0
168 84.2 0
184 60.8 0
114 52.3 0
141 89.5 0
104 73.8 0
166 79.8 0
102 92 0
102 80.7 1
183 87.9 0
168 62.9 0
175 82 0
92.7 76.6 1
144 92.3 0
162 82.5 0
102 83.7 1
96.6 76.7 1
190 71.4 0
158 92.8 0
117 85.7 0
94.5 80.2 1
196 77.9 0
123 53.7 0
123 95.3 0
134 61.1 0
115 87.1 0
180 74.4 0
151 95 0
170 71 0
97 79.3 1
174 67.1 0
190 49.9 0
104 78.8 0
158 76.2 0
159 79.7 0
165 52.4 0
178 78.4 0
150 70.9 0
109 89.3 0
198 46.6 0
95 54.1 0
145 59.7 0
144 61.7 0
178 53.8 0
189 69.4 0
199 76.3 0
187 77.8 0
191 62.1 0
103 47 0
129 49 0
173 88.2 0
91.7 85.7 1
171 78.2 0
187 98.4 0
112 46.5 0
119 87.9 0
176 62.8 0
159 74.4 0
104 84.4 0
99.8 56.2 0
147 76.7 0
104 96.8 0
173 85.6 0
167 89.8 0
186 54.5 0
155 70.5 0
165 91.4 0
144 95.3 0
158 49.3 0
146 74.1 0
182 90.5 0
163 76.4 0
186 91.1 0
176 68 0
157 62.2 0
132 73.9 0
155 66 0
155 64.1 0
175 97 0
161 89.7 0
129 51.5 0
108 98.2 0
171 96.8 0
137 47.7 0
138 77 0
129 95.5 0
160 86.9 0
152 85.7 0
156 48.1 0
143 57.9 0
106 98.2 0
93.1 70.4 0
185 65.5 0
159 51.5 0
127 97.1 0
112 98.8 0
108 46.5 0
141 61.7 0
149 53.4 0
127 91.3 0
136 64.6 0
92.6 48.1 0
160 46.2 0
91.4 57.1 0
162 98.6 0
127 47.6 0
91.3 72.1 1
133 46.3 0
162 46.2 0
133 98.4 0
91 45.6 0
126 73 0
126 83.9 0
190 92.5 0
193 90.7 0
143 55.4 0
129 70.7 0
139 79.8 0
114 60.5 0
117 97.4 0
166 82.3 0
178 63.7 0
157 95.5 0
101 96.8 0
156 86.5 0
129 84.1 0
121 98 0
149 78.1 0
163 57.9 0
194 98.3 0
197 96.6 0
140 55.5 0
154 75.1 0
113 76.6 0
116 76.8 0
142 94.7 0
102 69.2 0
153 89.9 0
180 67.2 0
156 79.9 0
141 74.9 0
105 71.1 0
150 49.3 0
98.3 53.7 0
111 63.3 0
109 65.8 0
108 63.2 0
101 48.2 0
117 46.2 0
115 49.3 0
14.4 29.2 1
42.3 10.9 1
20.8 28 1
49.2 14.9 1
31.8 22 1
57 12.5 1
3.43 32.5 1
25.2 25.2 1
55.5 10.3 1
56.9 17.8 1
19.7 23.6 1
39.9 4.23 1
38.5 16.3 1
43.9 2.88 1
34.4 27.8 1
41.6 25.1 1
17.3 19.9 1
13.4 35.5 1
26 1.3 1
40.7 29.5 1
38.5 21.1 1
4.6 19.9 1
36.3 29.4 1
19.7 8.28 1
22.8 33.1 1
52.7 10.1 1
48.1 27.1 1
39.6 6.95 1
4.25 17.8 1
28 21.9 1
15.5 37 1
57.1 29.2 1
30.5 29.9 1
43.8 24.2 1
49.8 21 1
21 35.1 1
47.8 19.6 1
31.3 37.4 1
5.75 41.9 1
32.1 3.23 1
17.3 7.48 1
51.1 23.2 1
27.3 33.5 1
57.4 32 1
33.9 35.6 1
9.65 40.7 1
39.1 18.9 1
35.5 9.03 1
2.35 21.1 1
30.6 18.3 1
53.7 34.4 1
42 18.4 1
53.4 31.5 1
7.33 32.3 1
42.5 31.6 1
13.5 1.75 1
50.3 2.85 1
15.3 1.75 1
50.3 30.5 1
45.3 37.9 1
4.25 43.6 1
30.8 11.4 1
20.8 43.4 1
47.7 36.9 1
19.3 1.3 1
39.2 43.5 1
48 43.7 1
58.6 23 1
48 1.28 1
58.7 0.85 1
58.7 44.2 0
44.9 10.8 1
45.7 13.3 1
43.6 14.9 1
6.83 14.7 1
6.4 12 1
4.05 25.8 1
2.4 24.3 1
0.9 25.8 1
26.2 19.1 1
57.4 33.9 1
56 35.2 1
50.4 42.1 1
21.3 19.5 1
19.8 18.4 1
8.98 36.2 1
2.95 5.43 1
20.9 2.6 1
33.1 41.6 1
58.3 26.2 1
56.9 24.8 1
35.8 40.1 1
36.3 37 1
13.4 63.3 1
52.7 68.3 0
40.2 50.8 1
34.5 84.1 0
1.65 57.3 1
26.5 48 1
0.925 53.3 1
27.3 62.7 0
27.2 60.2 0
5.8 84.6 0
14.3 70.4 0
48 61 0
7.83 54.4 1
50.8 77.6 0
15.1 94.5 0
12.7 95.9 0
55.6 97.4 0
49.7 59.2 0
40.5 68.9 0
50.1 65.6 0
16 68.6 0
59 69.7 0
41.6 88.2 0
9.53 52.4 1
3.63 97.2 0
21.9 57.3 1
50.9 74.6 0
16.5 83.8 0
40.9 90.8 0
31.8 49.8 1
36 97.3 0
21.9 54.7 1
9.95 85.2 0
14.4 55.4 1
6.7 69.1 1
13.3 76 0
9.55 68.2 1
6.4 71.2 1
39 84.8 0
30.1 91.1 0
14.6 88.9 0
43 56.1 0
10.2 46.4 1
8.63 48 1
19.4 49.4 1
52.5 79.5 0
30.4 54 1
18.4 68.7 0
11.8 89.1 0
33.7 61.6 0
27.7 90.1 0
29.9 59 0
16.7 98.6 0
41.3 80.8 0
9.15 81.3 0
16 91.3 0
41 58.6 0
4.03 69.9 1
6.9 46.5 1
4.33 67.8 1
16.4 51.8 1
19.6 53.6 1
6.13 97.2 0
30.1 77.8 0
29.6 67.4 0
11 82.9 0
20.9 98.6 0
18.8 76.3 0
21.7 46.6 1
35.6 65.9 0
29.8 63.5 0
35 53.9 1
29.3 73.8 0
48.4 98.6 0
50.3 97 0
58.2 51.3 0
28 79.8 0
19.2 98.6 0
18.8 46.2 1
3.33 80.6 1
4.9 46.5 1
59 72 0
26.7 98.6 0
58.7 81.4 0
58.7 98.9 0
45.2 68.5 0
24 97.3 0
10.7 63.4 1
4.05 85.9 0
56.2 92.3 0
45 75.4 0
46.7 85.6 0
45.7 87.7 0
58.2 49.6 0
16.3 46.2 1
15 47.6 1
54.3 62.6 0
73.5 29.4 0
85 26.8 0
81.9 11.1 0
81.9 13.6 0
85.2 11 0
61.6 39.6 0
65.6 12.1 1
79.5 1.85 1
88.1 16.8 0
64.9 18.7 1
68.2 31.4 0
80.1 24 0
69.3 39.7 0
82.3 26.6 0
77.1 30.3 0
69.2 36.7 0
74.8 34.1 0
81.8 1.85 0
67.3 35.1 0
82.2 43.5 0
61.5 16.2 1
62.7 25 1
61.5 14.1 1
61.2 23.1 1
61.4 31.4 1
88.6 31.2 0
88.6 29.8 0
88.7 44.2 0
88.8 0.85 0
61 0.85 1
61 44.2 0
78.2 7.75 1
88.1 14.8 0
85.2 13.5 0
62.9 29.9 1
83.8 71 0
85.8 68.5 0
78.9 47.5 0
71.7 71.4 0
86.5 72.7 0
72.1 94.7 0
80.8 79.9 1
71.9 73.9 0
84.5 52.7 0
62.7 73.2 0
82 91.2 1
67.3 74.4 0
68.7 87.2 0
64.8 85.2 0
82.3 46.4 0
76.3 85.5 0
75.7 81.6 0
64.5 89.7 0
80.2 97.1 1
63.1 87.2 0
67.3 64 0
66.9 89.8 0
80.1 93.1 1
82.3 98.5 1
63 79.7 0
62.6 48.4 0
66.3 98.6 0
61.4 77.9 0
88.6 81 1
88.8 98.9 1
61 98.9 0
61 45.6 0
80.4 72 0
62.9 54.4 0
61.4 56.6 0
79.2 86.2 1
64.9 63.7 0
78 91.6 1
62.7 68.5 0
68.9 78.6 0
87.3 48.2 0
88.6 49.5 0
119 9.73 1
120 7.8 1
192 12.2 0
173 32 0
175 34.1 0
177 33.2 0
191 9.6 1
105 34.8 0
198 29.8 0
109 33.9 0
180 27.3 0
157 14.5 0
198 25.4 0
147 33.4 0
122 40.2 0
137 23.1 0
119 16.5 0
119 18.8 0
131 6.18 1
141 12.7 0
99.4 37.8 0
104 18.4 0
168 19 0
174 10.1 0
101 18 0
99.1 29.6 0
159 33.8 0
94.5 20.4 0
157 22.5 0
169 16.2 0
161 33.4 0
179 24.2 0
131 18.1 0
121 11.2 1
184 34.5 0
134 31.8 0
137 14.9 0
181 22.6 0
177 15.9 0
122 9.23 1
97 21 0
93.4 42.9 0
177 30.2 0
97.1 31.1 0
152 25.3 0
187 18.9 0
130 2.63 1
99 26.6 0
183 15.1 0
98.4 43.7 0
136 1.48 1
183 23.8 0
104 9.2 0
114 37.8 0
180 41.8 0
193 25.8 0
106 14.4 0
165 2.98 1
148 30.8 0
186 28.2 0
115 21.8 0
109 27.2 0
190 13.9 0
115 24.1 0
107 7.58 1
149 20.3 0
186 9.43 1
194 21 0
178 43.3 0
126 23.1 0
138 37.1 0
162 18 0
147 27 0
126 5.95 1
131 12.9 0
124 33.8 0
113 31.6 0
194 38 0
165 37.4 0
145 3.38 1
149 43.4 0
112 6.88 1
175 23.7 0
92.8 22.5 0
145 15.8 0
93.1 9.6 0
106 27.1 0
145 41.9 0
130 40.9 0
150 7.53 1
188 43.3 0
127 11.6 1
172 2.93 1
116 42.1 0
165 13.9 0
171 4.35 1
132 15.7 0
106 2.55 1
183 7.1 1
91.2 31.6 0
113 43.6 0
171 43.8 0
91.7 14.6 0
94.4 7.78 0
91.7 16.6 0
153 43.7 0
96.4 43.7 0
132 43.6 0
182 1.2 1
160 1.55 1
160 10.1 0
173 26.1 0
136 43.6 0
152 1.23 1
159 43.4 0
120 43.6 0
119 43.6 0
105 43.5 0
154 1.23 1
168 43.8 0
91 44.2 0
91 0.85 0
104 31.9 0
186 4.3 1
112 10.6 1
114 8.98 1
153 29 0
187 3.1 1
174 17.4 0
172 15.4 0
131 36.8 0
127 37.4 0
148 3.7 1
150 4.93 1
145 20.5 0
192 31.9 0
144 24.6 0
135 34.9 0
125 16.3 0
121 14.8 0
175 1.28 1
177 2.9 1
92.8 24.4 0
118 1.45 1
155 19.4 0
152 36.6 0
110 41.9 0
109 40.4 0
98.6 12.8 0
112 2.68 1
140 32.3 0
141 34.7 0
196 36.5 0
197 6.05 1
196 3.6 1
93.3 28.7 0
180 85.5 0
189 82.6 0
136 86.9 0
197 84.6 0
195 81.4 0
155 56.3 0
200 84.3 0
157 57.6 0
151 51.7 0
190 95.3 0
182 80.7 0
158 55.9 0
182 95.7 0
150 89.7 0
151 91.6 0
168 73.4 0
181 49.5 0
144 84.1 0
166 68.4 0
129 72.9 0
155 82.9 0
166 63.9 0
161 64.4 0
146 84.5 0
182 93.5 0
198 94.3 0
200 52.3 0
94.8 88.3 1
176 89.1 0
123 72 0
97.8 87.9 0
174 79.3 0
181 97.4 0
189 89.4 0
197 87.3 0
147 89.6 0
182 52.2 0
139 70.4 0
192 59.8 0
122 49.1 0
174 64.7 0
184 96.9 0
193 98.3 0
120 79.1 0
175 84.2 0
99.4 95.1 0
191 54.9 0
194 60.3 0
106 88.8 0
122 96.6 0
120 61 0
120 58.5 0
139 58.5 0
110 95.3 0
130 79.8 0
131 81.9 0
182 98.5 0
94.6 95.4 1
117 83.7 0
165 72.8 0
134 63.2 0
118 98.6 0
107 48.5 0
159 77.5 0
141 59.3 0
104 77 0
136 52.7 0
141 68.2 0
129 66.4 0
113 97.4 0
93.6 92.9 1
164 62 0
93.1 80.4 1
108 54.3 0
121 51.5 0
171 46.6 0
118 62.8 0
178 56 0
120 74.4 0
161 75.8 0
99.8 92.1 0
176 75 0
184 46.3 0
110 92.8 0
139 66.2 0
149 72.8 0
119 76.7 0
130 68.5 0
157 64.1 0
126 66 0
152 63.5 0
110 46.5 0
102 98.6 0
117 53.2 0
196 64.2 0
192 65.7 0
109 84.7 0
124 68.1 0
187 68.8 0
105 47 0
196 91.1 0
146 46.3 0
110 86.7 0
110 55.3 0
135 46.3 0
184 91.6 0
115 97.4 0
127 58.1 0
175 57.1 0
146 98.6 0
158 72.4 0
135 68.6 0
136 70.6 0
141 46.4 0
153 46.3 0
160 98.6 0
187 66.5 0
91.7 81.9 1
105 96.8 0
194 47.9 0
91.8 68.5 0
132 46.3 0
125 98.7 0
123 88 0
129 92.8 0
124 90.6 0
148 98.6 0
120 46.2 0
150 84 0
169 46.6 0
98.5 46.3 0
126 98.7 0
124 46.4 0
119 46.2 0
126 46.4 0
148 46.3 0
170 98.7 0
153 98.5 0
131 98.4 0
91.6 51 0
176 98.9 0
154 98.5 0
91.6 49.4 0
178 98.9 0
168 98.7 0
96.5 46.3 0
91 98.9 1
144 81.4 0
174 52.6 0
174 49.9 0
191 90.6 0
162 68.9 0
195 68.9 0
135 89.1 0
135 83.7 0
155 53.7 0
177 48.3 0
171 55.9 0
173 55.1 0
116 60.9 0
181 63.3 0
182 65.5 0
182 76.6 0
145 53.2 0
130 86 0
119 96.5 0
152 77.9 0
197 98.3 0
140 96.3 0
155 89.3 0
97.1 96.5 0
107 71.2 0
151 57.8 0
150 59.7 0
137 96.4 0
136 94.8 0
188 48.3 0
187 46.3 0
112 65.9 0
118 90.4 0
116 90 0
143 75.1 0
114 47.8 0
0.025 13.5 1
4 11.2 1
46 7.5 1
33.9 23.4 1
29.5 31.9 1
5.4 32.1 1
16.4 23.4 1
55.1 16.7 1
26.5 23.4 1
2.13 31 1
1.6 17.4 1
10.5 9.4 1
42.4 4.13 1
30.2 22.4 1
21.4 22.2 1
31.3 20.4 1
14.1 17.7 1
23.1 29.1 1
34 33.3 1
0.25 19.5 1
7.65 26.7 1
17.2 35.2 1
9.5 4.88 1
8.73 29.1 1
22.7 42.2 1
35.8 4.58 1
56 2.43 1
11.3 36.9 1
32.7 12.3 1
12.8 30.8 1
35 11.4 1
55.7 30.4 1
15.8 19.5 1
33.7 14.9 1
36 14 1
51.2 7.88 1
22.8 6.8 1
57.2 8.7 1
45.6 19.5 1
16.5 3.05 1
36.5 7.3 1
11.7 18.1 1
53.2 41.8 1
27.4 10.1 1
7.55 43.2 1
53.5 1.58 1
58.5 5.48 1
7.2 3.13 1
41.6 35.9 1
43.2 42.2 1
28.9 11.2 1
46.8 30.8 1
30.9 40.4 1
48.3 32.3 1
51.4 37.9 1
48.9 29 1
12.2 43.6 1
7.78 34.5 1
57.5 44.2 0
57.5 0.85 1
38 2.63 1
26.8 43.8 1
14.5 25 1
41.6 13.5 1
16.4 30.5 1
5.8 36.3 1
1.3 3.55 1
2.58 35.1 1
8.6 14.4 1
8.18 11.8 1
27.5 17.6 1
27.3 4.9 1
57 39.1 1
27.5 35.8 1
55.7 40.9 1
26.8 13.1 1
25.3 12.1 1
22.3 2.6 1
23.5 1.3 1
14.9 41.7 1
15.9 40.2 1
27.7 52.6 1
28.6 49.9 1
2.4 92.9 0
33.5 79 0
56.3 69.3 0
1.88 95.5 0
23.1 86.1 0
54.5 64.9 0
0.475 48.2 1
7.43 84.5 0
10.4 94.4 0
23.8 65 0
8.05 61.4 1
36.5 72 0
21.9 72.9 0
47 69.7 0
49 86.9 0
45 62.9 0
9.8 91.4 0
27.9 69.8 0
36.8 92.4 0
48 89 0
9.6 56.3 1
49.8 50.6 0
8.58 76.9 0
44.4 72.8 0
39.8 66.3 0
56.8 54.7 0
6.83 75.6 1
15 74.4 0
39.8 82.1 0
23.5 92.9 0
53.1 98.4 0
44.3 95.6 0
16.2 61.5 1
11.3 54.4 1
3.03 61.8 1
1.75 64.1 1
46 83.4 0
21.4 91 0
54.1 77.1 0
37.6 98.7 0
50.9 53.8 0
42.1 97 0
23.4 77.8 0
52.9 74.4 0
0.575 71.6 1
3.9 46.5 1
21.6 79.3 0
57.6 77.3 0
29.7 65.5 0
14.7 80.4 0
44.5 93.3 0
46.5 46.7 0
34.3 64.4 0
31.8 68 0
20 47.8 1
18.9 52 1
30.2 97.2 0
49.7 92.1 0
17.1 76.4 0
26.8 78 0
15.4 78 0
36.3 58 0
53.2 46.5 0
58.6 57 0
19.1 59.7 1
18.8 62.1 1
57.5 45.6 0
28.8 76.1 0
42.5 91.9 0
57.5 98.9 0
12.2 46.4 1
4.38 76.9 1
33.4 98.6 0
44.1 87.9 0
56.7 86.3 0
7.13 82.2 0
36.5 46.5 1
48.6 78.3 0
43 76.3 0
49 55.6 0
44 46.7 1
34 46.5 1
57 48.4 0
55.7 47.1 0
28.3 82.7 0
58.6 62.1 0
78 4.7 1
72.1 13.3 1
73.6 8.73 1
73.8 16.2 1
72 5.68 1
86.4 25.2 0
70.9 20.2 1
63.6 9.3 1
85.6 2.7 0
61.3 8.78 1
68.2 20.5 1
75.3 25.3 0
62.6 41.4 0
88.1 5.75 0
61.5 26.8 1
77.8 41.9 0
76.1 40.2 0
88.5 36.2 0
80.9 21.6 0
79.5 37.6 0
64.9 36.3 1
85.9 42.7 0
81 29.5 0
75.4 31.9 0
76.8 37.4 0
61.4 34.4 1
70.6 35.4 0
88.5 39.7 0
87.5 0.85 0
87.5 44.2 0
73.3 43.3 0
68.8 33.8 0
62.4 3.38 1
67.8 24.9 1
61.3 5.28 1
66.3 1.38 1
88.4 21.8 0
86.5 19.9 0
69.6 27.6 1
88.1 9.25 0
86.6 28.7 0
67.1 41.4 0
61.5 28.1 1
73.6 3.25 1
74.4 69 0
86 56.6 0
80 89.6 1
88.5 57.8 0
81 48.9 0
61.6 52.8 0
74.4 66 0
72 75.7 0
67.2 69.6 0
69.4 94.7 0
71.6 63.7 0
71.3 87.3 0
86.6 77.6 1
69.3 76.4 0
63.7 81.8 0
70.1 81.4 0
68.6 83.6 0
64 47.8 0
65 80 0
68.7 91.6 0
88.5 62.9 0
73.2 46.9 0
85.7 82.9 1
86 97.4 1
66.5 46.6 0
88.6 51.1 0
87.5 98.9 1
83.1 82.6 1
62.5 96.1 0
88.5 93.5 1
88.6 86.6 1
61.4 93.6 0
66.4 98.6 0
77.2 77.4 0
78.1 79.6 0
63.4 57.9 0
64.7 72.7 0
64.7 70.4 0
62.1 62.3 0
68.6 48.4 0
76.7 98.6 1
73.5 91.6 0
74.2 98.6 0
73.3 97.1 0
67.9 53.4 0
68.3 55.4 0
87.3 47 0
106 30 0
137 4.6 1
199 27.5 0
129 29.7 0
159 25.7 0
131 30.8 0
138 16.4 0
182 26.8 0
109 38 0
150 12.3 0
158 30.9 0
94.7 27.2 0
161 24.6 0
147 10.7 0
183 29 0
122 19.2 0
156 16.2 0
159 13.2 0
132 8.05 1
151 14.9 0
190 5 1
135 8.73 1
125 41.6 0
196 21.1 0
176 8.83 0
167 36.8 0
133 2.88 1
189 34.3 0
189 32 0
129 18.2 0
120 4.9 1
180 37 0
146 5.43 1
101 15.4 0
194 42 0
190 18 0
137 29.1 0
141 10.2 0
123 2.65 1
191 34.9 0
141 27 0
133 22.2 0
135 14.5 0
189 24.9 0
111 15.8 0
105 21.8 0
192 3.4 1
113 14.5 0
126 40.3 0
94.4 37.2 0
104 15.8 0
145 8.6 1
97.2 25.8 0
163 41.5 0
170 22.1 0
131 1.4 1
140 29.7 0
187 41.8 0
163 15.7 0
187 21.4 0
125 7.6 1
110 29.1 0
169 24.7 0
157 37.7 0
95.3 43.7 0
194 23.7 0
140 19.3 0
91.5 39.9 0
165 40.3 0
151 42.1 0
138 42.2 0
192 43.3 0
163 35.6 0
178 1.63 1
185 17.1 0
108 22.1 0
158 2.78 1
111 4.6 1
162 30.8 0
153 8.53 0
127 2.48 1
163 1.55 1
186 37.1 0
166 9.25 0
110 25.2 0
107 4.48 1
121 35.9 0
118 35.3 0
97 36.3 0
111 43.6 0
184 13.5 0
167 1.43 1
174 21.8 0
122 33.7 0
190 43.3 0
162 19.7 0
121 31.5 0
164 7.93 0
119 32.5 0
127 42.3 0
104 24 0
109 3.15 1
121 25.4 0
92.9 13.6 0
181 2.83 1
131 42.3 0
142 19 0
143 1.73 1
183 43.5 0
144 43.5 0
167 43.8 0
114 43.6 0
158 42.1 0
123 27.3 0
91.2 34.7 0
141 1.73 1
142 43.5 0
102 1.33 0
93.1 1.93 0
91.9 44.2 0
154 43.7 0
115 1.45 1
91.3 4.98 0
184 2.8 1
182 18.4 0
174 40.8 0
123 23.3 0
178 11 0
188 9.95 1
121 43.6 0
166 32.2 0
168 34.2 0
99.9 40.6 0
128 36.1 0
149 2.05 1
151 3.28 1
193 33.4 0
113 35.8 0
123 16.4 0
174 2.93 1
176 4.55 1
125 2.48 1
115 30.4 0
197 34.9 0
94.5 30.1 0
98 6.05 0
190 74.7 0
187 84.6 0
149 66.6 0
177 86.4 0
95.4 63.9 0
182 86 0
181 78.7 0
98.6 62.5 0
166 55.6 0
168 71 0
133 83 0
195 66.1 0
105 90.7 0
129 47.7 0
127 79 0
106 69.3 0
166 80.1 0
146 86.8 0
107 50.8 0
172 95.3 0
101 80.8 0
110 48.8 0
101 64.1 0
164 57.7 0
175 95.5 0
179 52.9 0
176 69.3 0
145 91.2 0
109 79.3 0
95.1 71.2 0
108 66.9 0
112 95.6 0
98 90.3 0
145 65.4 0
182 59.4 0
172 48.5 0
176 77.7 0
95 90.8 1
138 53.9 0
174 71.7 0
184 52.8 0
147 55.3 0
158 97.1 0
122 57.5 0
149 55.2 0
131 46.3 0
97.6 72.8 0
151 82.1 0
134 60.3 0
165 47.8 0
185 59.2 0
109 90.9 0
113 93.2 0
152 61.4 0
91.4 78.3 1
189 62.6 0
156 75.1 0
108 96.5 0
129 97.1 0
93.1 86.2 1
177 93.2 0
163 46.2 0
106 95 0
148 84.1 0
192 49.9 0
154 67.8 0
189 65 0
105 57.9 0
106 86 0
94.8 54.1 0
165 97.3 0
111 74.2 0
124 55 0
119 67.3 0
133 74.4 0
126 55.1 0
117 58 0
145 63 0
163 98.6 0
132 58.4 0
160 49.8 0
133 53.8 0
168 90 0
182 70.8 0
171 89.5 0
151 47.7 0
186 56.5 0
134 76.5 0
106 61.1 0
180 98.9 0
137 66.5 0
187 98.4 0
158 47.5 0
180 68.9 0
125 62 0
156 72.3 0
170 91.4 0
136 76.9 0
146 57.8 0
197 58.2 0
151 97.1 0
142 98.3 0
121 88 0
126 89.9 0
149 98.6 0
200 59.5 0
156 60.5 0
91.4 57.2 0
147 59.6 0
167 98.7 0
154 46.3 0
95.4 46.3 0
149 46.3 0
116 98.6 0
91.9 45.6 0
125 80.9 0
127 74.1 0
125 85.6 0
141 80.9 0
163 66.8 0
132 88.4 0
135 91.2 0
137 82 0
157 53.5 0
179 50.1 0
177 46.9 0
112 61.6 0
91.4 62.3 0
183 48.1 0
145 46.3 0
144 47.7 0
143 88.9 0
139 90.9 0
150 79.3 0
138 47.7 0
108 74 0
116 70.8 0
116 68.6 0
152 75.2 0
113 87.1 0
112 76.7 0
112 78.8 0
183 83.3 0
139 94.6 0
102 69 0
93.2 72.8 0
146 78.9 0
100 58.6 0
140 73.1 0
197 53.6 0
93.1 83.7 1
145 98.6 0
144 96.8 0
164 92.2 0
98 53.7 0
93.5 46.9 0
172 58 0
171 61.6 0
136 98.4 0
134 96.8 0
185 46.3 0
143 78.3 0
198 48.1 0
115 46.2 0
43 9.65 1
45.5 9.63 1
51.5 5.18 1
53.5 3.9 1
19.2 27.6 1
50.7 14.7 1
36.7 22.1 1
15.2 15.2 1
41.3 7.5 1
55.2 13.6 1
43.4 6.05 1
5.35 26.4 1
25.7 7.45 1
13.1 10.4 1
52.5 12.5 1
19 24.6 1
40.3 29.7 1
48.5 27 1
10.1 35.2 1
32.1 16.9 1
13.5 33.4 1
33.6 26.1 1
0.075 31 1
58.3 28 1
23.3 38.3 1
57.2 3.58 1
10.4 23.8 1
56.9 29.3 1
9.4 7.28 1
7.8 30.6 1
29.6 28.5 1
21.3 36.4 1
42.6 40.3 1
37.6 29.9 1
10.6 29.6 1
15.5 4.28 1
18.8 14.8 1
55.5 36.8 1
19.2 17.1 1
24.3 33.2 1
51.1 23.5 1
47.2 14.7 1
44.1 18.2 1
12 42.4 1
10.2 40.6 1
51.2 40.5 1
11.2 4.23 1
27 27.8 1
13.1 2.98 1
58.6 34.5 1
22.5 18.3 1
37.4 15.3 1
58.6 19.2 1
32.8 1.95 1
5.18 16.6 1
42.1 31.8 1
5.43 40.6 1
24.3 43.8 1
44.3 43.7 1
44.3 1.28 1
57.2 6.95 1
21.2 12.2 1
58.7 11.6 1
51.9 31 1
38.4 42 1
45.1 16.3 1
53.2 36 1
17.4 1.3 1
2.53 22.8 1
24.9 18.1 1
18.7 1.3 1
47.8 36 1
58.7 9.73 1
43.9 37.6 1
1.5 43.6 1
3.25 43.6 1
58.6 21.7 1
58.6 32.6 1
7.33 1.25 1
46.8 43.7 1
46.8 1.28 1
52.1 17.5 1
28.6 23.9 1
14.6 27.4 1
37.3 19.9 1
2.73 28.9 1
4.55 34.7 1
16 7.15 1
9.63 21.6 1
26 2.95 1
23.4 4.25 1
58.4 39.5 0
18.5 42.4 1
29.5 36.3 1
55.9 42.5 0
4.58 5.3 1
17.1 40.5 1
33.3 43.1 1
58.3 26.8 1
56.9 25.4 1
36.6 40.2 1
37.1 37.1 1
0.6 50.7 1
26.1 63.5 0
25.9 86.4 0
35.8 78 0
42.2 51.1 1
53.8 70.4 0
33.7 81.8 0
36.5 84.8 0
37.9 50.6 1
37.6 74.3 0
55.1 84.8 0
9.53 49.9 1
32.6 85.8 0
36.2 95.3 0
42.7 62.1 0
42.5 73.7 0
42 65 0
51.9 66.1 0
55.4 96.1 0
5.95 54.4 1
52.5 84.4 0
2.15 46.5 1
40.1 73.2 0
12.1 97.9 0
25.8 69.3 0
38.6 91.1 0
10.7 86.9 0
34.2 90.8 0
54.3 54.8 0
57.7 69 0
25.6 46.6 1
14.2 47.6 1
18.2 69.1 0
39 70.8 0
22.4 57.5 1
49 74.4 0
44.3 65.8 0
14.7 52.2 1
58.2 52.7 0
57 82.4 0
13.3 54.5 1
26.1 91.4 0
20.1 77 0
58 87.4 0
55.7 77.9 0
50.3 58.2 0
21.9 75.5 0
12.4 81 0
8.48 68.8 1
8.4 79.5 0
46.6 72.4 0
1.63 85.1 1
2.13 59.2 1
3.55 66.2 1
31.9 66.1 0
31.2 78.5 0
29.9 58 1
16.5 59.1 1
1.2 82.2 1
34.3 59.7 0
43.5 54.3 0
29.3 71.8 0
39.8 86.6 0
31.8 70.2 0
0.5 74.2 1
20 63.9 0
30.3 55.4 1
5.48 62.4 1
30.6 93.2 0
32 98.6 0
5.2 89.9 0
17.4 98.6 0
34.8 55.6 0
18.6 98.6 0
59 75.7 0
4.1 79 1
48.3 90.4 0
2.98 70.6 1
6.85 98.5 0
47.1 98.6 0
23.1 46.6 1
26.8 98.6 0
59 73.2 0
16.9 46.2 1
18.1 46.2 1
26 61.1 0
47.9 49.1 0
9.63 63.7 1
4.65 87 0
10.7 76.4 0
13.9 72.5 0
47.7 76.7 0
21.7 96.7 0
23.5 95.4 0
54.7 93.5 0
58 92.5 0
33.1 48.4 1
6.68 73.2 1
51.3 95.7 0
20.8 82 0
56.4 62.6 0
71 22.3 1
65 25.8 1
65.2 28.2 1
77.1 16.2 0
72 28.2 0
69.4 14 1
86.8 3.85 0
79.4 3.18 1
63.8 11.7 1
62.7 25.6 1
68.6 3.8 1
72.9 25.1 1
64.6 40.3 0
88.1 7.5 0
79.8 40.4 0
63.5 38.4 0
78 25.8 0
68.2 29.7 1
82.7 34.7 0
70.3 41.3 0
88.1 18.1 0
63.4 35.3 1
87.2 41.5 0
78.8 29 0
75 41.7 0
61.3 7.03 1
83.1 1.85 0
62.7 19.3 1
71.9 43.3 0
67.8 1.38 1
61.5 17.5 1
75.1 36 0
66.9 18.3 1
61.5 13 1
63.8 2.53 1
83.4 43.5 0
61 2 1
61 43 0
61.2 21.9 1
61.4 32.5 1
76.3 7.63 1
86.4 23.3 0
84.5 21.4 0
86.7 10.4 0
86.7 14 0
80.8 9.23 0
66.9 43 0
62.9 29.2 1
87.1 32.3 0
85.5 34.6 0
76.1 4.58 1
85.8 67.1 0
80.6 58.9 0
84.3 64.9 0
75.8 57.4 0
71.6 70.3 0
78 49.2 0
76.1 51.1 0
72.9 58.4 0
80.7 86.2 0
80.9 64 0
86 53.8 0
88.1 73.9 0
88.5 59.3 0
65.5 83.7 0
71.1 89.9 0
88.1 76.4 0
68.9 65.1 0
87.1 90.1 1
75.7 92.1 0
85.2 79.2 1
75.4 95.2 0
79.7 95.1 1
61.4 74.2 0
63.2 90.4 0
88.5 61.4 0
71.7 46.9 0
61.8 86.8 0
88.6 88 1
87.2 84.3 1
87.2 96 1
82.6 79.9 0
69.5 97.1 0
87.1 81.3 1
63.9 97.2 0
83.5 98.5 1
83.5 46.4 0
61 97.5 0
88.6 52.6 0
61.4 76.7 0
61 47.5 0
61 46.3 0
61.4 66.9 0
70.9 85 0
63.4 64.2 0
69.6 46.9 0
67.9 50.5 0
77.3 96.7 0
68.3 79.7 0
88.6 48.9 0
64.7 54.2 0
65.2 56.2 0
86 46.4 0
88.6 47.6 0
137 7.35 1
197 18.7 0
196 11.9 0
199 6.23 1
184 21.8 0
198 13.7 0
159 23.2 0
109 31 0
136 16 0
153 13.8 0
128 27.9 0
137 22.1 0
108 39.7 0
152 11.1 0
147 34.1 0
93.1 20.1 0
187 40.2 0
190 8.2 1
161 22.1 0
122 4.7 1
180 40.2 0
129 25.8 0
117 10.3 1
135 2.88 1
147 15.4 0
124 43 0
191 25.6 0
158 40.1 0
183 9.28 0
132 19.3 0
96 42 0
182 11.5 0
164 33 0
163 26.4 0
92.4 41.7 0
130 19.4 0
135 23.2 0
127 12.6 0
106 14.2 0
100 30.7 0
129 13.5 0
165 5 1
178 28.4 0
158 35.8 0
158 4.33 1
156 23 0
191 19.6 0
141 14.7 0
132 24.4 0
91.7 17.9 0
153 24 0
93.2 39 0
164 43.1 0
170 7.75 0
98.7 4.08 0
123 7.58 1
106 9.25 0
152 22 0
193 30.4 0
104 20.4 0
149 16.9 0
121 12.3 0
157 6.98 0
117 19.1 0
172 42.5 0
154 36.2 0
91.4 26 0
176 26.7 0
167 26 0
151 40.5 0
137 37.6 0
111 20.1 0
196 23.8 0
187 28.7 0
127 15.5 0
155 20.9 0
157 1.23 1
190 15.6 0
108 24.1 0
166 41.9 0
98.4 32.2 0
115 25.4 0
135 36.5 0
117 26.8 0
185 11.3 0
177 23.9 0
143 16.6 0
171 25.4 0
161 9.15 0
116 42.1 0
174 1.65 1
116 37.7 0
136 43.6 0
185 43.5 0
98.3 34.6 0
152 29.3 0
118 43.6 0
173 1.65 1
91.4 22.2 0
114 1.45 1
180 1.63 1
105 43.5 0
174 28.1 0
182 43.5 0
106 25.2 0
130 43.7 0
92.6 8.4 0
115 43.6 0
104 1.33 0
128 43.7 0
91.3 6.73 0
115 20.8 0
117 1.45 1
96.5 1.08 0
157 43.7 0
92 3.08 0
91.2 32.8 0
91.8 0.85 0
90.9 43 0
155 1.23 1
91.3 10.2 0
155 43.7 0
91.3 12.1 0
94.7 1.08 0
199 43.7 0
146 41.9 0
156 31.9 0
183 4.43 1
103 32.4 0
106 41.1 0
148 43.4 0
126 33.2 0
145 35.7 0
185 1.6 1
182 20.6 0
173 38.5 0
132 10.4 1
134 11.1 0
112 11.8 0
114 10.2 0
178 35.1 0
176 36 0
187 1.6 1
91.8 28.4 0
122 41.6 0
98.2 42 0
110 36 0
117 15.4 0
198 33.1 0
198 31.1 0
128 5.95 1
128 3.88 1
151 37.5 0
116 31.8 0
178 41.8 0
177 40.5 0
128 24 0
104 36.9 0
101 37.6 0
96.1 7.55 0
97.8 9.38 0
99.7 7.88 0
188 76.4 0
188 84.8 0
144 51.7 0
200 75.1 0
167 62.2 0
150 69 0
114 49.5 0
172 84.5 0
136 79.9 0
194 81.5 0
112 50.6 0
159 82.1 0
114 52.5 0
185 50.1 0
173 80 0
149 89.2 0
119 72.3 0
151 65 0
161 83.9 0
107 91.9 0
122 71 0
173 63.2 0
166 66.6 0
169 55.2 0
112 53.6 0
160 86.3 0
162 50.1 0
160 95.3 0
103 62 0
194 78.1 0
121 80.9 0
159 92.6 0
189 56.5 0
129 52 0
165 49.4 0
101 83.8 0
120 94.8 0
123 61.5 0
187 70.5 0
173 46.9 0
131 52.6 0
141 65.4 0
188 60.7 0
127 86.8 0
171 97.2 0
179 55.1 0
142 67.3 0
110 60.1 0
173 68.4 0
139 58.4 0
122 94.9 0
190 71.9 0
110 57.5 0
99.6 72.9 0
114 67 0
153 81.9 0
122 68.2 0
184 54.8 0
105 47 0
132 78.6 0
101 66.2 0
115 83.1 0
164 60.3 0
176 73.1 0
157 98.5 0
135 72.8 0
99.7 50.2 0
119 64.8 0
133 62.4 0
113 80.3 0
164 51.7 0
98.4 48.3 0
110 80.8 0
164 95.5 0
175 91.2 0
182 67.1 0
159 64.1 0
124 46.4 0
124 98.7 0
108 62.2 0
129 58.2 0
172 70.7 0
123 98.7 0
140 46.4 0
107 77 0
171 93 0
181 56.4 0
137 74.7 0
185 98.4 0
97.2 75.2 0
119 91.8 0
98.2 79.9 0
107 56.5 0
110 83.6 0
126 64.7 0
161 75.5 0
98.6 85 0
133 56 0
181 72.7 0
93.4 51.8 0
163 76.2 0
175 61.3 0
154 60.3 0
197 62.4 0
142 63.1 0
175 58.1 0
117 53.4 0
114 98.6 0
161 90.8 0
93.2 55.5 0
126 59.9 0
91.9 93.3 1
131 98.4 0
193 98.3 0
153 58 0
132 85.5 0
196 59.8 0
116 46.2 0
197 89.1 0
119 83.9 0
129 92.9 0
97.1 98.3 0
167 46.6 0
91.4 86.7 1
127 46.4 0
193 52.7 0
91.4 58.7 0
193 46.3 0
91.4 77 0
155 98.5 0
123 91.9 0
127 98.7 0
157 46.3 0
117 98.6 0
90.9 46.3 0
155 46.3 0
118 46.2 0
103 98.6 0
104 98.6 0
200 71.8 0
102 78.4 0
157 86.2 0
157 83.8 0
195 70 0
115 61.9 0
166 82.5 0
170 78.9 0
191 81.5 0
93.6 62.9 0
91.4 60.9 0
144 86.4 0
191 46.3 0
190 48.3 0
190 58.8 0
137 89.1 0
176 97.4 0
152 79 0
137 49.6 0
136 46.3 0
94.1 66.7 0
122 47.6 0
121 46.2 0
94.6 74.8 0
103 58.8 0
169 84.5 0
141 73.6 0
196 52.2 0
94.5 82.2 1
161 71.3 0
101 90.7 0
91.6 48.8 0
92.5 47.5 0
91 97.5 1
92.9 95.8 0
186 48.3 0
143 74.9 0
196 49.4 0
