35 37 1
149 76 1
112 74 1
0 100 1
0 95.4545 1
0 90.9091 1
0 86.3636 1
0 81.8182 1
0 77.2727 1
0 72.7273 1
0 68.1818 1
0 63.6364 1
0 59.0909 1
0 54.5455 1
0 50 1
0 45.4545 1
0 40.9091 1
0 36.3636 1
0 31.8182 1
0 27.2727 1
0 22.7273 1
0 18.1818 1
0 13.6364 1
0 9.09091 1
0 4.54545 1
0 0 1
200 100 1
195.349 100 1
190.698 100 1
186.047 100 1
181.395 100 1
176.744 100 1
172.093 100 1
167.442 100 1
162.791 100 1
158.14 100 1
153.488 100 1
148.837 100 1
144.186 100 1
139.535 100 1
134.884 100 1
130.233 100 1
125.581 100 1
120.93 100 1
116.279 100 1
111.628 100 1
106.977 100 1
102.326 100 1
97.6744 100 1
93.0233 100 1
88.3721 100 1
83.7209 100 1
79.0698 100 1
74.4186 100 1
69.7674 100 1
65.1163 100 1
60.4651 100 1
55.814 100 1
51.1628 100 1
46.5116 100 1
41.8605 100 1
37.2093 100 1
32.5581 100 1
27.907 100 1
23.2558 100 1
18.6047 100 1
13.9535 100 1
9.30233 100 1
4.65116 100 1
200 0 1
200 4.54545 1
200 9.09091 1
200 13.6364 1
200 18.1818 1
200 22.7273 1
200 27.2727 1
200 31.8182 1
200 36.3636 1
200 40.9091 1
200 45.4545 1
200 50 1
200 54.5455 1
200 59.0909 1
200 63.6364 1
200 68.1818 1
200 72.7273 1
200 77.2727 1
200 81.8182 1
200 86.3636 1
200 90.9091 1
200 95.4545 1
4.65116 0 1
9.30233 0 1
13.9535 0 1
18.6047 0 1
23.2558 0 1
27.907 0 1
32.5581 0 1
37.2093 0 1
41.8605 0 1
46.5116 0 1
51.1628 0 1
55.814 0 1
60.4651 0 1
65.1163 0 1
69.7674 0 1
74.4186 0 1
79.0698 0 1
83.7209 0 1
88.3721 0 1
93.0233 0 1
97.6744 0 1
102.326 0 1
106.977 0 1
111.628 0 1
116.279 0 1
120.93 0 1
125.581 0 1
130.233 0 1
134.884 0 1
139.535 0 1
144.186 0 1
148.837 0 1
153.488 0 1
158.14 0 1
162.791 0 1
167.442 0 1
172.093 0 1
176.744 0 1
181.395 0 1
186.047 0 1
190.698 0 1
195.349 0 1
5.7 8.6 1
5.7 13.2 1
10.3 8.6 1
10.3 13.2 1
5.7 17.8 1
10.3 17.8 1
5.7 22.4 1
10.3 22.4 1
5.7 27 1
10.3 27 1
5.7 31.6 1
10.3 31.6 1
5.7 36.2 1
10.3 36.2 1
5.7 40.8 1
10.3 40.8 1
5.7 45.4 1
10.3 45.4 1
5.7 50 1
10.3 50 1
5.7 54.6 1
10.3 54.6 1
5.7 59.2 1
10.3 59.2 1
5.7 63.8 1
10.3 63.8 1
5.7 68.4 1
10.3 68.4 1
5.7 73 1
10.3 73 1
5.7 77.6 1
10.3 77.6 1
5.7 82.2 1
10.3 82.2 1
5.7 86.8 1
10.3 86.8 1
5.7 91.4 1
10.3 91.4 1
14.9 8.6 1
14.9 13.2 1
14.9 17.8 1
14.9 22.4 1
14.9 27 1
14.9 31.6 1
14.9 36.2 1
14.9 40.8 1
14.9 45.4 1
14.9 50 1
14.9 54.6 1
14.9 59.2 1
14.9 63.8 1
14.9 68.4 1
14.9 73 1
14.9 77.6 1
14.9 82.2 1
14.9 86.8 1
14.9 91.4 1
19.5 8.6 1
19.5 13.2 1
19.5 17.8 1
19.5 22.4 1
19.5 27 1
19.5 31.6 1
19.5 36.2 1
19.5 40.8 1
19.5 45.4 1
19.5 50 1
19.5 54.6 1
19.5 59.2 1
19.5 63.8 1
19.5 68.4 1
19.5 73 1
19.5 77.6 1
19.5 82.2 1
19.5 86.8 1
19.5 91.4 1
24.1 8.6 1
24.1 13.2 1
24.1 17.8 1
24.1 22.4 1
24.1 27 1
24.1 31.6 1
24.1 36.2 1
24.1 40.8 1
24.1 45.4 1
24.1 50 1
24.1 54.6 1
24.1 59.2 1
24.1 63.8 1
24.1 68.4 1
24.1 73 1
24.1 77.6 1
24.1 82.2 1
24.1 86.8 1
24.1 91.4 1
28.7 8.6 1
28.7 13.2 1
28.7 17.8 1
28.7 22.4 1
28.7 27 1
28.7 31.6 1
28.7 36.2 1
28.7 40.8 1
28.7 45.4 1
28.7 50 1
28.7 54.6 1
28.7 59.2 1
28.7 63.8 1
28.7 68.4 1
28.7 73 1
28.7 77.6 1
28.7 82.2 1
28.7 86.8 1
28.7 91.4 1
33.3 8.6 1
33.3 13.2 1
33.3 17.8 1
33.3 22.4 1
33.3 27 1
33.3 31.6 1
33.3 40.8 1
33.3 45.4 1
33.3 50 1
33.3 54.6 1
33.3 59.2 1
33.3 63.8 1
33.3 68.4 1
33.3 73 1
33.3 77.6 1
33.3 82.2 1
33.3 86.8 1
33.3 91.4 1
37.9 8.6 1
37.9 13.2 1
37.9 17.8 1
37.9 22.4 1
37.9 27 1
37.9 31.6 1
37.9 45.4 1
37.9 50 1
37.9 54.6 1
37.9 59.2 1
37.9 63.8 1
37.9 68.4 1
37.9 73 1
37.9 77.6 1
37.9 82.2 1
37.9 86.8 1
37.9 91.4 1
42.5 8.6 1
42.5 13.2 1
42.5 17.8 1
42.5 22.4 1
42.5 27 1
42.5 31.6 1
37.9 40.8 1
42.5 40.8 1
42.5 45.4 1
42.5 50 1
42.5 54.6 1
42.5 59.2 1
42.5 63.8 1
42.5 68.4 1
42.5 73 1
42.5 77.6 1
42.5 82.2 1
42.5 86.8 1
42.5 91.4 1
47.1 8.6 1
47.1 13.2 1
47.1 17.8 1
47.1 22.4 1
47.1 27 1
47.1 31.6 1
42.5 36.2 1
47.1 36.2 1
47.1 40.8 1
47.1 45.4 1
47.1 50 1
47.1 54.6 1
47.1 59.2 1
47.1 63.8 1
47.1 68.4 1
47.1 73 1
47.1 77.6 1
47.1 82.2 1
47.1 86.8 1
47.1 91.4 1
51.7 8.6 1
51.7 13.2 1
51.7 17.8 1
51.7 22.4 1
51.7 27 1
51.7 31.6 1
51.7 36.2 1
51.7 40.8 1
51.7 45.4 1
51.7 50 1
51.7 54.6 1
51.7 59.2 1
51.7 63.8 1
51.7 68.4 1
51.7 73 1
51.7 77.6 1
51.7 82.2 1
51.7 86.8 1
51.7 91.4 1
56.3 8.6 1
56.3 13.2 1
56.3 17.8 1
56.3 22.4 1
56.3 27 1
56.3 31.6 1
56.3 36.2 1
56.3 40.8 1
56.3 45.4 1
56.3 50 1
56.3 54.6 1
56.3 59.2 1
56.3 63.8 1
56.3 68.4 1
56.3 73 1
56.3 77.6 1
56.3 82.2 1
56.3 86.8 1
56.3 91.4 1
60.9 8.6 1
60.9 13.2 1
60.9 17.8 1
60.9 22.4 1
60.9 27 1
60.9 31.6 1
60.9 45.4 1
60.9 50 1
60.9 54.6 1
60.9 59.2 1
60.9 63.8 1
60.9 68.4 1
60.9 73 1
60.9 77.6 1
60.9 82.2 1
60.9 86.8 1
60.9 91.4 1
65.5 8.6 1
65.5 13.2 1
65.5 17.8 1
65.5 22.4 1
65.5 27 1
65.5 31.6 1
65.5 45.4 1
65.5 50 1
65.5 54.6 1
65.5 59.2 1
65.5 63.8 1
65.5 68.4 1
65.5 73 1
65.5 77.6 1
65.5 82.2 1
65.5 86.8 1
65.5 91.4 1
70.1 8.6 1
70.1 13.2 1
70.1 17.8 1
70.1 22.4 1
70.1 27 1
70.1 31.6 1
65.5 36.2 1
70.1 36.2 1
65.5 40.8 1
70.1 40.8 1
70.1 59.2 0
70.1 63.8 0
70.1 68.4 0
70.1 73 0
70.1 77.6 1
70.1 82.2 1
70.1 86.8 1
70.1 91.4 1
74.7 8.6 1
74.7 13.2 1
74.7 17.8 1
74.7 22.4 1
74.7 27 1
74.7 31.6 0
74.7 36.2 0
74.7 63.8 0
74.7 68.4 0
74.7 73 0
74.7 77.6 0
74.7 82.2 1
74.7 86.8 1
74.7 91.4 1
79.3 8.6 1
79.3 13.2 1
79.3 17.8 1
79.3 22.4 1
79.3 27 1
79.3 31.6 0
79.3 36.2 0
79.3 63.8 0
79.3 68.4 0
79.3 73 0
79.3 77.6 0
79.3 82.2 0
79.3 86.8 1
79.3 91.4 1
83.9 8.6 1
83.9 13.2 1
83.9 17.8 1
83.9 22.4 0
83.9 27 0
83.9 31.6 0
83.9 36.2 0
83.9 63.8 0
83.9 68.4 0
83.9 73 0
83.9 77.6 0
83.9 82.2 0
83.9 86.8 1
83.9 91.4 1
88.5 8.6 1
88.5 13.2 1
88.5 17.8 1
88.5 22.4 0
88.5 27 0
88.5 31.6 0
88.5 36.2 0
88.5 63.8 0
88.5 68.4 0
88.5 73 0
88.5 77.6 0
88.5 82.2 0
88.5 86.8 1
88.5 91.4 1
93.1 8.6 1
93.1 13.2 1
93.1 17.8 1
93.1 22.4 0
93.1 27 0
93.1 31.6 0
93.1 36.2 0
88.5 40.8 0
93.1 40.8 0
88.5 59.2 0
93.1 59.2 0
93.1 63.8 0
93.1 68.4 0
93.1 73 0
93.1 77.6 0
93.1 82.2 0
93.1 86.8 1
93.1 91.4 1
97.7 8.6 1
97.7 13.2 1
97.7 17.8 0
97.7 22.4 0
97.7 27 0
97.7 31.6 0
97.7 36.2 0
97.7 40.8 0
93.1 45.4 0
97.7 45.4 0
93.1 50 0
97.7 50 0
93.1 54.6 0
97.7 54.6 0
97.7 59.2 0
97.7 63.8 0
97.7 68.4 0
97.7 73 0
97.7 77.6 1
97.7 82.2 1
97.7 86.8 1
97.7 91.4 1
102.3 8.6 1
102.3 13.2 1
102.3 17.8 1
102.3 22.4 0
102.3 27 0
102.3 31.6 0
102.3 36.2 0
102.3 40.8 0
102.3 45.4 0
102.3 50 0
102.3 54.6 0
102.3 59.2 0
102.3 63.8 0
102.3 68.4 0
102.3 73 1
102.3 77.6 1
102.3 82.2 1
102.3 86.8 1
102.3 91.4 1
106.9 8.6 1
106.9 13.2 1
106.9 17.8 1
106.9 22.4 0
106.9 27 0
106.9 31.6 0
106.9 36.2 0
106.9 40.8 0
106.9 45.4 0
106.9 50 0
106.9 54.6 0
106.9 59.2 0
106.9 63.8 0
106.9 68.4 1
106.9 73 1
106.9 77.6 1
106.9 82.2 1
106.9 86.8 1
106.9 91.4 1
111.5 8.6 1
111.5 13.2 1
111.5 17.8 1
111.5 22.4 0
111.5 27 0
111.5 31.6 0
111.5 36.2 0
111.5 40.8 0
111.5 45.4 0
111.5 50 0
111.5 54.6 0
111.5 59.2 0
111.5 63.8 0
111.5 68.4 1
111.5 82.2 1
111.5 86.8 1
111.5 91.4 1
116.1 8.6 1
116.1 13.2 1
116.1 17.8 1
116.1 22.4 1
116.1 27 0
116.1 31.6 0
116.1 36.2 0
116.1 40.8 0
116.1 45.4 0
116.1 50 0
116.1 54.6 0
116.1 59.2 0
116.1 63.8 0
116.1 68.4 1
116.1 82.2 1
116.1 86.8 1
116.1 91.4 1
120.7 8.6 1
120.7 13.2 1
120.7 17.8 1
120.7 22.4 1
120.7 27 1
120.7 31.6 0
120.7 36.2 0
120.7 40.8 0
120.7 45.4 0
120.7 50 0
120.7 54.6 0
120.7 59.2 0
120.7 63.8 1
120.7 68.4 1
116.1 77.6 1
120.7 77.6 1
120.7 82.2 1
120.7 86.8 1
120.7 91.4 1
125.3 8.6 1
125.3 13.2 1
125.3 17.8 1
125.3 22.4 1
125.3 27 1
125.3 31.6 1
125.3 36.2 0
125.3 40.8 0
125.3 45.4 0
125.3 50 0
125.3 54.6 0
125.3 59.2 1
125.3 63.8 1
125.3 68.4 1
120.7 73 1
125.3 73 1
125.3 77.6 1
125.3 82.2 1
125.3 86.8 1
125.3 91.4 1
129.9 8.6 1
129.9 13.2 1
129.9 17.8 1
129.9 22.4 1
129.9 27 1
129.9 31.6 1
129.9 36.2 1
129.9 40.8 0
129.9 45.4 0
129.9 50 0
129.9 54.6 1
129.9 59.2 1
129.9 63.8 1
129.9 68.4 1
129.9 73 1
129.9 77.6 1
129.9 82.2 1
129.9 86.8 1
129.9 91.4 1
134.5 8.6 1
134.5 13.2 1
134.5 17.8 1
134.5 22.4 1
134.5 27 1
134.5 31.6 1
134.5 36.2 1
134.5 40.8 1
134.5 45.4 1
134.5 50 1
134.5 54.6 1
134.5 59.2 1
134.5 63.8 1
134.5 68.4 1
134.5 73 1
134.5 77.6 1
134.5 82.2 1
134.5 86.8 1
134.5 91.4 1
139.1 8.6 1
139.1 13.2 1
139.1 17.8 1
139.1 22.4 1
139.1 27 1
139.1 31.6 1
139.1 36.2 1
139.1 40.8 1
139.1 45.4 1
139.1 50 1
139.1 54.6 1
139.1 59.2 1
139.1 63.8 1
139.1 68.4 1
139.1 73 1
139.1 77.6 1
139.1 82.2 1
139.1 86.8 1
139.1 91.4 1
143.7 8.6 1
143.7 13.2 1
143.7 17.8 1
143.7 22.4 1
143.7 27 1
143.7 31.6 1
143.7 36.2 1
143.7 40.8 1
143.7 45.4 1
143.7 50 1
143.7 54.6 1
143.7 59.2 1
143.7 63.8 1
143.7 68.4 1
143.7 73 1
143.7 77.6 1
143.7 82.2 1
143.7 86.8 1
143.7 91.4 1
148.3 8.6 1
148.3 13.2 1
148.3 17.8 1
148.3 22.4 1
148.3 27 1
148.3 31.6 1
148.3 36.2 1
148.3 40.8 1
148.3 45.4 1
148.3 50 1
148.3 54.6 1
148.3 59.2 1
148.3 63.8 1
148.3 68.4 1
148.3 82.2 1
148.3 86.8 1
148.3 91.4 1
152.9 8.6 1
152.9 13.2 1
152.9 17.8 1
152.9 22.4 1
152.9 27 1
152.9 31.6 1
152.9 36.2 1
152.9 40.8 1
152.9 45.4 1
152.9 50 1
152.9 54.6 1
152.9 59.2 1
152.9 63.8 1
152.9 68.4 1
152.9 82.2 1
152.9 86.8 1
152.9 91.4 1
157.5 8.6 1
157.5 13.2 1
157.5 17.8 1
157.5 22.4 1
157.5 27 1
157.5 31.6 1
157.5 36.2 1
157.5 40.8 1
157.5 45.4 1
157.5 50 1
157.5 54.6 1
157.5 59.2 1
157.5 63.8 1
157.5 68.4 1
152.9 73 1
157.5 73 1
152.9 77.6 1
157.5 77.6 1
157.5 82.2 1
157.5 86.8 1
157.5 91.4 1
162.1 8.6 1
162.1 13.2 1
162.1 17.8 1
162.1 22.4 1
162.1 27 1
162.1 31.6 1
162.1 36.2 1
162.1 40.8 1
162.1 45.4 1
162.1 50 1
162.1 54.6 1
162.1 59.2 1
162.1 63.8 1
162.1 68.4 1
162.1 73 1
162.1 77.6 1
162.1 82.2 1
162.1 86.8 1
162.1 91.4 1
166.7 8.6 1
166.7 13.2 1
166.7 17.8 1
166.7 22.4 1
166.7 27 1
166.7 31.6 1
166.7 36.2 1
166.7 40.8 1
166.7 45.4 1
166.7 50 1
166.7 54.6 1
166.7 59.2 1
166.7 63.8 1
166.7 68.4 1
166.7 73 1
166.7 77.6 1
166.7 82.2 1
166.7 86.8 1
166.7 91.4 1
171.3 8.6 1
171.3 13.2 1
171.3 17.8 1
171.3 22.4 1
171.3 27 1
171.3 31.6 1
171.3 36.2 1
171.3 40.8 1
171.3 45.4 1
171.3 50 1
171.3 54.6 1
171.3 59.2 1
171.3 63.8 1
171.3 68.4 1
171.3 73 1
171.3 77.6 1
171.3 82.2 1
171.3 86.8 1
171.3 91.4 1
175.9 8.6 1
175.9 13.2 1
175.9 17.8 1
175.9 22.4 1
175.9 27 1
175.9 31.6 1
175.9 36.2 1
175.9 40.8 1
175.9 45.4 1
175.9 50 1
175.9 54.6 1
175.9 59.2 1
175.9 63.8 1
175.9 68.4 1
175.9 73 1
175.9 77.6 1
175.9 82.2 1
175.9 86.8 1
175.9 91.4 1
180.5 8.6 1
180.5 13.2 1
180.5 17.8 1
180.5 22.4 1
180.5 27 1
180.5 31.6 1
180.5 36.2 1
180.5 40.8 1
180.5 45.4 1
180.5 50 1
180.5 54.6 1
180.5 59.2 1
180.5 63.8 1
180.5 68.4 1
180.5 73 1
180.5 77.6 1
180.5 82.2 1
180.5 86.8 1
180.5 91.4 1
185.1 8.6 1
185.1 13.2 1
185.1 17.8 1
185.1 22.4 1
185.1 27 1
185.1 31.6 1
185.1 36.2 1
185.1 40.8 1
185.1 45.4 1
185.1 50 1
185.1 54.6 1
185.1 59.2 1
185.1 63.8 1
185.1 68.4 1
185.1 73 1
185.1 77.6 1
185.1 82.2 1
185.1 86.8 1
185.1 91.4 1
189.7 8.6 1
189.7 13.2 1
189.7 17.8 1
189.7 22.4 1
189.7 27 1
189.7 31.6 1
189.7 36.2 1
189.7 40.8 1
189.7 45.4 1
189.7 50 1
189.7 54.6 1
189.7 59.2 1
189.7 63.8 1
189.7 68.4 1
189.7 73 1
189.7 77.6 1
189.7 82.2 1
189.7 86.8 1
189.7 91.4 1
194.3 8.6 1
194.3 13.2 1
194.3 17.8 1
194.3 22.4 1
194.3 27 1
194.3 31.6 1
194.3 36.2 1
194.3 40.8 1
194.3 45.4 1
194.3 50 1
194.3 54.6 1
194.3 59.2 1
194.3 63.8 1
194.3 68.4 1
194.3 73 1
194.3 77.6 1
194.3 82.2 1
194.3 86.8 1
194.3 91.4 1
110.95 77.5248 1
75.503 58.4625 0
86.7751 48.8034 0
148.093 73.2165 1
3.47773 3.62062 1
169.981 3.85229 1
88.2131 45.5953 0
148.218 77.736 1
83.1035 49.4888 0
78.5886 50.6799 0
164.966 3.8138 1
70.5435 45.5974 0
3.66091 94.8826 1
160.254 3.79944 1
150.964 3.79517 1
146.33 3.79756 1
95.3597 3.79439 1
109.27 3.79344 1
127.794 3.79066 1
104.631 3.79453 1
137.064 3.80035 1
132.426 3.79778 1
155.605 3.80477 1
99.9987 3.79811 1
141.701 3.80289 1
25.8732 3.79006 1
21.2371 3.79167 1
123.172 3.78895 1
184.179 3.73444 1
113.919 3.80772 1
58.3108 3.80829 1
90.6992 3.79905 1
53.6379 3.80317 1
62.9487 3.80166 1
35.1481 3.80253 1
174.989 3.79638 1
118.553 3.79744 1
30.5127 3.79552 1
39.7745 3.79736 1
72.1722 3.80456 1
48.9845 3.79682 1
16.5999 3.80418 1
86.0589 3.80275 1
76.8198 3.79559 1
82.7063 54.1587 0
188.688 3.66775 1
67.5545 3.78789 1
74.2934 42.0005 0
179.637 3.76429 1
44.3777 3.79349 1
70.3076 54.4832 0
81.4496 3.78346 1
192.648 3.59071 1
30.4143 96.0587 1
11.9357 3.85119 1
87.6242 54.127 0
11.5839 96.0221 1
84.0756 44.1009 0
25.4176 96.0814 1
16.1082 96.0633 1
40.0304 96.1218 1
7.66516 96.0252 1
20.7476 96.0746 1
53.9533 96.1514 1
95.6459 96.1495 1
114.173 96.156 1
132.685 96.1535 1
141.984 96.154 1
58.6182 96.1486 1
63.2581 96.1595 1
128.026 96.15 1
72.5299 96.1595 1
67.897 96.1471 1
109.486 96.1208 1
155.881 96.1598 1
77.1626 96.1507 1
81.7977 96.1536 1
35.3202 96.0677 1
146.649 96.1683 1
179.189 96.2017 1
174.523 96.1623 1
118.816 96.1519 1
44.6881 96.1353 1
165.153 96.1446 1
196.552 5.28633 1
83.7089 58.4136 0
86.4067 96.1632 1
100.281 96.165 1
188.325 96.2131 1
137.315 96.1103 1
169.835 96.0976 1
151.242 96.1298 1
183.8 96.172 1
160.511 96.1213 1
123.39 96.1319 1
90.9894 96.1115 1
49.2884 96.107 1
104.845 96.1225 1
70.4149 50.2996 0
192.694 96.3082 1
75.0135 46.7403 0
79.2309 42.4419 0
74.6172 52.846 0
61.8251 41.7111 1
79.076 55.6518 0
79.4271 46.2732 0
79.2874 59.0749 0
7.29017 4.18841 1
3.31962 33.487 1
3.50585 38.284 1
3.52945 42.8731 1
3.53991 47.4373 1
3.54292 52.0002 1
3.54797 56.564 1
3.61006 61.1119 1
118.528 71.6813 1
3.56444 28.5007 1
62.5404 34.1569 1
3.63182 23.9144 1
3.62348 15.434 1
90.3344 49.1315 0
3.5601 10.9507 1
3.47799 6.67925 1
197.162 80.1188 1
62.1204 38.0886 1
39.1504 38.5375 1
197.103 29.8482 1
197.076 25.3157 1
197.133 34.3646 1
197.077 52.6531 1
3.94973 19.6663 1
197.072 48.0997 1
197.13 66.2465 1
197.065 57.2075 1
197.091 61.7352 1
197.02 75.4222 1
197.055 43.5358 1
197.064 20.7582 1
197.058 70.8111 1
197.019 38.9346 1
