22.7 5.13 0
9.35 38.5 0
9.48 5.15 0
6.55 40.9 1
20.9 3.33 0
46.7 12.1 1
38.3 32.7 1
5.2 23 0
34 28 1
22.3 8.05 0
34.1 41.1 1
7.58 18.4 0
0.325 38.3 0
1.53 22.7 0
27.3 9.95 0
14.8 25.5 0
33.2 24.9 1
35.4 12.3 1
42.2 16.4 1
27.9 40 1
36.9 41.8 1
18.9 36.4 1
50.8 40 1
9.23 22.3 0
39 23.2 1
25.7 43.3 1
33.4 3.35 0
4.4 15.9 0
44.6 41.9 1
56.3 29.3 1
18.7 4.43 0
48.9 4.88 1
55.4 23.2 1
31.3 16.2 1
14.9 17.8 0
46.8 43 1
55.5 2.85 1
43 9.78 1
15.8 31.5 1
11 15.6 0
15.8 42.1 1
53 1.9 1
19.9 11.8 0
39.4 19.5 1
35.8 4.75 1
41.9 7.78 1
32.2 34.7 1
13.2 20 0
5 37.4 0
20.2 20.9 0
55.5 9.45 1
28.5 31.5 1
42.4 1.4 1
51.7 36.8 1
4.83 27.6 0
4.03 9.5 0
52.6 22.1 1
37 18.8 1
0.075 14.4 0
1.78 10.2 0
26.9 37.2 1
53.9 13.6 1
23.2 43.3 1
53.2 11.3 1
52.4 18.1 1
42.7 43.9 1
17.6 43.5 1
0.075 1.35 0
59 27.5 1
57.5 10.4 1
10.6 43.6 1
15.4 37.5 1
12.4 43.6 1
57.5 12.2 1
57.5 0.95 1
57.5 44.1 1
17.3 1.1 0
4.8 43.6 1
58.6 39.2 1
1.1 42.3 1
58.6 36.3 1
14.8 2.48 0
16.9 29.1 0
20.2 28.7 1
25.9 14.6 0
27.2 16.4 0
8.35 27 0
9.7 27.9 0
30.6 28 1
30.4 26.2 1
41.2 13.9 1
39.3 14.7 1
19.5 41.8 1
56 19.7 1
8.83 31.8 0
3.35 53.5 1
0.75 76.1 1
9 92 1
41.6 89.6 1
13.1 54 1
9.7 87.4 1
52.9 54.2 1
55.4 54.1 1
56.6 65.1 1
8.95 81.8 1
2.83 94.7 1
43.9 70.9 1
17.4 83 1
58.2 63 1
0.4 61.7 1
29.8 61.1 1
15 83.5 1
2.35 84.9 1
46 89.8 1
17.7 64.9 1
35.9 98.1 1
18.1 80.3 1
16.7 60.3 1
50.1 71.6 1
13.4 80.9 1
15.9 74.9 1
8.48 60.7 1
3.65 91.6 1
24.4 76.7 1
33.5 66.5 1
6.53 69.1 1
37.5 53.3 1
52.2 79.5 1
10.4 95.1 1
17 72.5 1
37.3 70.2 1
24.9 96.6 1
58.4 76.2 1
22.9 98.1 1
33.4 98.1 1
33.6 46.8 1
25.6 84.1 1
58.4 73.7 1
8.83 97.1 1
36.4 61.1 1
28.7 68.8 1
56.8 82.3 1
55.7 89.4 1
7.88 66.8 1
5.4 46.7 1
12.7 96.8 1
47 52.3 1
33.4 64.3 1
58.3 93.3 1
12.9 63.2 1
41.3 75.8 1
53.3 98.3 1
17.4 98.6 1
46.8 98.6 1
10.4 46.4 1
48.4 68.9 1
43.7 48.3 1
48.6 75.6 1
45 81.8 1
20.5 89.5 1
44.5 74.8 1
42.6 64.6 1
57.5 46.3 1
45 96.6 1
23.1 55.3 1
28.6 54 1
69.3 25.2 1
62.2 18.7 1
62.4 32.6 1
85.5 42.2 1
73.6 22.7 1
81.5 22.8 1
78.5 5.15 1
71 9.5 1
77 24.7 1
73.6 1.8 1
83 43.1 1
71.8 15.2 1
88.7 5.9 1
81.1 33.2 1
81.2 30.8 1
73.9 11 1
82 10 1
74.1 13.3 1
78.6 29.3 1
88.7 21.8 1
78.1 8.2 1
62.4 0.95 1
62.4 44.1 1
87.5 0.95 1
87.5 44.1 1
74.6 35.1 1
79 16.3 1
88.7 8.83 1
63.8 34.9 1
66.5 35.4 1
87.2 10.3 1
88.4 17.2 1
76.1 1.8 1
63.3 9.98 1
65 8.7 1
62.2 21.2 1
65.1 23.5 1
63.6 27.4 1
63.4 55.7 1
76.4 79.6 1
75.6 47 1
81.4 61.2 1
74.9 89.7 1
85.9 97.2 1
85 91.1 1
85.1 83.2 1
72.5 86.5 1
78.6 88.9 1
70.6 95 1
61.7 67.6 1
86.8 55.2 1
63.5 74.5 1
81.8 92.1 1
73.1 47 1
69.3 81.2 1
69.9 48.4 1
86.8 75.6 1
61.8 83.4 1
61.9 76.8 1
61.2 97.5 1
72.4 93.4 1
83.2 46.8 1
61.7 72.6 1
88.6 57.1 1
68 46.4 1
88.4 63.9 1
72.2 97.3 1
88.1 73.3 1
88.8 46.9 1
61.2 46.9 1
76.8 98.5 1
88.4 66.4 1
81 80.2 1
68.3 54.1 1
80 70 1
81.2 57.9 1
61.6 53 1
61.8 85.9 1
87 48.7 1
63.4 95.2 1
78.6 77.3 1
81 78.1 1
133 31.7 0
162 11.7 1
114 31.7 0
181 40 0
108 23.9 1
108 31.6 1
124 3.1 1
165 34.1 0
192 24.6 0
165 13.6 1
108 33.9 1
159 16.4 0
104 35.5 1
112 16.5 1
114 34.4 1
156 34.8 0
185 30.7 0
112 35.5 1
129 9.58 1
108 26.2 1
111 20.9 1
199 26.9 0
138 40.2 0
103 30.6 1
143 24.4 0
101 37.4 1
96.7 24.8 1
98.7 32.7 1
157 30.9 0
162 16.3 0
135 27.1 0
154 39.9 0
114 15.4 1
136 14.8 1
155 15.3 1
183 42 0
150 40.2 0
180 3.2 1
167 39.8 0
109 9.78 1
139 3.43 1
153 25.3 0
181 19 0
131 7.05 1
105 18.5 1
143 4.78 1
149 3.55 1
178 33.6 0
167 9.58 1
188 7.7 1
101 17.4 1
152 23.5 0
93.2 38.4 1
121 15.5 1
152 41.6 0
130 4.3 1
111 26.4 1
118 7.85 1
168 41.5 0
118 30.7 0
142 40.7 0
136 1.48 1
98.7 41.8 1
194 10.1 1
180 21.5 0
104 40.6 1
199 14.7 1
125 29.8 0
162 4.65 1
122 1.45 1
95.7 34.1 1
134 21.2 0
153 21.4 0
172 3.43 1
123 7.68 1
113 10.9 1
116 23.1 1
199 2.03 1
151 2 1
160 25.1 0
160 22.9 0
101 3.35 1
126 17.9 1
139 33.8 0
122 43.4 0
184 17.8 0
151 12.7 1
199 21.3 0
148 1.55 1
185 42 0
161 31 0
150 29.1 0
148 43.6 0
93.8 33.2 1
119 35.9 0
189 29.4 0
136 22.6 0
179 11.2 1
163 43.3 0
134 43.1 0
179 29.3 0
169 17.4 0
130 24.4 0
178 1.28 1
187 1.28 1
158 43.2 0
114 13.1 1
92.4 35.3 1
141 34.2 0
92.5 13.4 1
118 21.4 1
156 43.2 0
127 1.65 1
185 13.5 1
129 1.65 1
104 3.25 1
139 29.4 0
175 23.9 0
194 1.68 1
145 43.6 0
174 1.28 1
189 43.6 0
129 43.6 0
92.6 31.3 1
115 1.1 1
117 1.1 1
92.3 44.1 1
130 32.2 0
193 43.6 0
194 41.8 0
167 32 0
190 2.95 1
166 27.4 0
156 9.75 1
150 17.5 1
145 14.6 1
125 13.6 1
188 21.9 0
184 3.2 1
94.6 40.2 1
173 16.1 0
186 35.8 0
189 10.5 1
138 9.6 1
140 43.9 0
102 24.3 1
101 22.7 1
121 34.7 0
164 3.2 1
171 12.2 1
94.8 20.1 1
171 28.1 0
162 21.3 0
165 21.6 0
92.8 26.8 1
195 31.7 0
196 34.2 0
92 17.8 1
120 4.23 1
137 69 0
133 66.7 0
139 68.2 0
189 69.2 0
178 63.1 0
123 90.1 0
161 86.9 0
127 82.4 0
182 74.9 0
173 60.8 0
147 74.9 0
191 65.4 0
180 71.1 0
174 55.4 0
128 92.4 0
121 49.6 0
158 94.2 0
176 53.9 0
171 62 0
141 46.5 0
161 94.3 0
148 63.4 0
107 73.8 1
164 87.2 0
186 85.6 0
183 52.4 0
177 87.5 0
129 58 0
145 91.7 0
188 58.3 0
127 61.3 0
180 56.2 0
139 61.3 0
139 54 0
190 83.8 0
168 53 0
168 49.9 0
188 46.2 0
150 73.9 0
151 87.9 0
133 83.3 0
152 69.9 0
134 90 0
140 91.6 0
137 60.9 0
192 62 0
106 66.9 1
128 70.4 0
129 73.4 0
166 46.7 0
118 69.5 0
175 48.1 0
130 86.1 0
135 57 0
104 96.6 1
137 72.5 0
192 91.2 0
166 67.5 0
91.6 93.3 1
189 76 0
138 47.9 0
165 72.4 0
117 74.1 0
152 65.6 0
93.4 75.2 1
117 46.6 0
146 82.2 0
144 97.4 0
113 80.4 1
146 94.3 0
162 70.7 0
200 50.3 0
97.8 69.4 1
130 54 0
127 75.2 0
149 96.9 0
119 84.9 0
125 95.9 0
132 49.8 0
156 59.8 0
171 69.8 0
100 54.1 1
181 59.1 0
172 83.3 0
182 66.9 0
158 90.8 0
123 84.5 0
147 81.2 0
128 97.3 0
183 91.3 0
162 56.7 0
95 81.4 1
185 81.3 0
182 47.8 0
146 84.8 0
197 61.4 0
153 78.6 0
115 46.6 0
162 61.8 0
118 61.8 0
141 85.5 0
124 55.6 0
146 97.6 0
97.5 64.9 1
164 98.6 0
141 75.4 0
194 98.7 0
93.1 59.2 1
163 46.7 0
151 46.7 0
165 62.1 0
147 69.2 0
177 98.7 0
137 98.3 0
92.3 45.6 1
135 98.3 0
159 52.8 0
161 59.2 0
173 46.5 0
166 98.6 0
90.9 46.9 1
156 98.5 0
150 82.1 0
115 98.5 1
137 84.9 0
122 98.6 0
135 46.4 0
183 98.7 0
194 46.6 0
91.4 76.9 1
137 46.4 0
102 98.5 1
156 46.2 0
145 46.1 0
118 79 0
174 76 0
171 77.2 0
130 79.9 0
121 69.6 0
122 79.5 0
146 72.1 0
199 68.7 0
108 87.3 1
105 88.2 1
194 57.4 0
114 67.7 0
111 68.5 1
110 66.5 1
132 96 0
142 90.4 0
177 90.5 0
119 97.2 0
118 95.6 0
189 98.7 0
186 65.4 0
174 98.7 0
140 79.4 0
149 46.7 0
148 47.8 0
113 62.3 0
93.1 89.9 1
93.8 46.9 1
92.4 48.1 1
180 98.7 0
101 84.1 1
181 95.4 0
185 91.2 0
187 89.3 0
159 50 0
143 47.6 0
93.1 63.4 1
152 96.7 0
45.9 24.5 1
48.7 10.6 1
8.95 41 0
43.5 26.2 1
45.6 17.1 1
30.1 9 0
47.5 15.6 1
31.5 20.7 1
23.4 34.4 1
35.2 26 1
30.5 3.78 0
0.175 20.5 0
57.9 28.2 1
24 31.7 1
27 12.2 0
16.1 40.1 1
2.68 41 1
6.63 16.6 0
2.55 38.6 0
7.28 21.2 0
47.9 8.13 1
4.95 3.4 0
40.4 17.1 1
8.5 14.8 0
31 41.7 1
26.7 41.9 1
3.25 23.7 0
3.73 1.35 0
43.4 4.93 1
13.6 15.8 0
22.1 25.1 1
14.1 8.38 0
7.53 12.2 0
43.8 40.4 1
54.5 28.2 1
49.3 32.2 1
33.4 21.5 1
37.8 12.2 1
38.8 1.4 1
56.6 6.05 1
44.7 10.2 1
53.9 15.7 1
45 33 1
33.3 15.6 1
56 42.4 1
29.4 15.6 1
42.9 30.6 1
56.2 15.7 1
1.63 16.6 0
25.1 18.4 0
4.35 33.3 0
41.8 11.3 1
15.4 6.38 0
28.2 1.8 0
29.5 29.9 1
39.2 8.03 1
50.6 29.4 1
57.1 32.2 1
15.9 23.4 0
10.5 32 0
5.78 34.4 0
12.1 33.1 0
57.5 17.9 1
22.6 17.5 0
22.9 15.1 0
42.9 37.7 1
42 42.4 1
6.28 28.7 0
28.9 36.1 1
18.5 22.7 0
40.1 37.6 1
20.2 18.6 0
12.2 35.7 0
17.3 1.1 0
9.65 8.25 0
4.73 42.2 1
57.9 26.9 1
56.1 26.4 1
16.9 12 0
41.2 1.4 1
39.5 42.4 1
11 27.9 0
53.5 43.3 1
8.4 2.05 0
7.33 33 0
5.9 31.9 0
47.1 2.98 1
57.3 21.8 1
18.6 39.8 1
6.38 54 1
42.9 87.1 1
43.9 57.2 1
22.6 64.6 1
45 60 1
38.5 50 1
45 68.7 1
2 60.1 1
8.13 89.4 1
27.2 75.5 1
0.675 56.9 1
3.03 50.2 1
56.7 70.8 1
8.75 58.2 1
41.8 71.5 1
7.33 76.1 1
11.7 82.3 1
30.2 49.6 1
38 95.1 1
29.1 51.8 1
10.2 51.5 1
46.2 55.9 1
45.7 87.3 1
0.925 87.6 1
9.38 49.2 1
4.45 68.8 1
39.9 92 1
42.6 74 1
23 72.8 1
37.6 92 1
14 88.2 1
40 48.2 1
40 77.8 1
49.9 91.4 1
50.1 96.9 1
38.3 46.3 1
3.2 89.7 1
15.8 67.3 1
16.2 92.2 1
23.8 50 1
51.2 49.6 1
18.4 92.2 1
18.1 97.3 1
55.8 97 1
48.1 98.6 1
6.43 62 1
46 76.2 1
22.2 59.7 1
53.1 48.2 1
19.2 95.3 1
8.53 73.7 1
13.3 66 1
14.1 49.2 1
24.4 70.2 1
24.2 61.9 1
40.3 95.1 1
30.4 96.6 1
55.6 49.5 1
32.1 98.1 1
5.23 84.8 1
47.7 82.6 1
17.4 46.7 1
0.375 65.9 1
57.5 98.7 1
51.2 52.2 1
10.9 73 1
58.8 46.9 1
56.9 51.9 1
4.8 98.3 1
55.5 85.5 1
10.3 68.3 1
48.1 84.9 1
8.18 98.3 1
20.4 49.5 1
46.9 46.4 1
12.7 47.6 1
53.1 89 1
38.1 64.3 1
57.4 87.3 1
22.5 47.8 1
58.3 92 1
52.9 86.3 1
28.2 98.6 1
41.5 84.4 1
21.8 51.7 1
28 47.9 1
26.9 50 1
48.9 58.3 1
48.1 60.4 1
44.4 46.4 1
36 66.8 1
44.6 80 1
42.3 82.4 1
33.2 56.4 1
32.7 58.8 1
15.7 96.6 1
57.2 57.7 1
15.2 56.7 1
13.4 55.8 1
11.4 61.8 1
38.2 55.9 1
28.9 73.3 1
43.2 98 1
20.8 53.5 1
30.7 56.4 1
28.4 63.2 1
73 39.9 1
67.1 24.3 1
74.1 42.2 1
64.4 31.2 1
67.1 32.7 1
85.5 25.6 1
65.2 15.9 1
70.3 3.33 1
63 13.8 1
62.6 36 1
67.8 10.2 1
69.1 41.3 1
62.9 3.83 1
61.7 5.7 1
87.5 4.03 1
88 36 1
68 15.5 1
82.8 3.6 1
67.9 1.53 1
73.9 20.1 1
85.3 34.2 1
79.6 41.8 1
67.6 43.6 1
62.6 41.3 1
85.4 30.8 1
88.4 13.7 1
61.4 39.4 1
77.8 43.7 1
77.1 19.9 1
87.3 32.3 1
71.3 24.1 1
72.3 29 1
88.7 7.38 1
85 9.4 1
88.1 27.6 1
62 27.7 1
64.9 25.7 1
85 18.6 1
79.1 50.7 1
67.3 96 1
78.2 81 1
71.9 70.8 1
85.4 95.4 1
61.8 58.9 1
84.9 77.2 1
82.2 48.8 1
86.7 92.9 1
77.4 84.5 1
73.5 87.9 1
82.9 96.7 1
70.2 86 1
79.9 85.8 1
61.8 61.4 1
81 95.2 1
69 50.2 1
67 48.2 1
71.9 47 1
87 62.3 1
64.5 49.5 1
74 95.7 1
87.5 98.7 1
88.8 46.9 1
61.2 46.9 1
77.9 54.6 1
69.9 67 1
88.2 51.8 1
87 49.3 1
65.3 89.5 1
86.8 87.3 1
88.7 81 1
88.7 78.5 1
63.6 92.2 1
123 4.78 1
111 24.4 1
103 33.9 1
189 24.9 0
111 28.8 1
193 37.4 0
101 35.3 1
188 27.6 0
159 9.5 1
145 23.4 0
162 26.7 0
99.8 28.2 1
113 22.9 1
130 13.6 1
106 23.3 1
110 22.4 1
147 25 0
101 11.7 1
198 33.1 0
185 20.3 0
190 35.8 0
128 14.6 1
159 31.3 0
103 13.5 1
96.5 12.8 1
128 16.8 1
149 34 0
165 23.9 0
160 41.5 0
103 9.58 1
145 11.3 1
171 32.2 0
148 41.6 0
197 30.6 0
156 14.1 1
94.5 11.6 1
124 9.03 1
92 6.15 1
122 13.5 1
143 9.9 1
154 35.5 0
148 9.9 1
102 5.23 1
165 11 1
185 28.4 0
153 17.1 1
189 5 1
132 23.6 0
188 3.33 1
137 35.1 0
108 14.9 1
109 3.48 1
111 40.1 1
92 9.08 1
157 27 0
135 24.9 0
163 17.7 0
182 35.2 0
119 40.4 0
103 18.8 1
130 36.5 0
174 8.5 1
198 12.2 1
140 1.95 1
127 29.6 0
97.8 43 1
146 37.1 0
111 1.6 1
138 21.7 0
136 7.6 1
196 3.7 1
187 11.8 1
144 37.4 0
161 36.2 0
184 33.8 0
94.3 36.1 1
178 43 0
123 23.4 1
146 30.4 0
148 28.8 0
123 25.6 1
126 22.4 1
171 24.2 0
134 2.9 1
115 6.9 1
122 43.4 0
197 43.2 0
101 40.4 1
117 42 0
172 18.3 0
167 2.9 1
197 20.5 0
169 5.05 1
114 41.9 0
106 1.88 1
167 6.8 1
183 11.3 1
187 41.9 0
154 4.83 1
141 28.3 0
102 42.4 1
107 28.2 1
93.8 29.7 1
105 1.88 1
176 1.28 1
175 26.5 0
143 30.2 0
182 22.5 0
173 22.8 0
97.7 22.6 1
192 1.68 1
125 37.4 0
157 1.45 1
91.3 22 1
128 43.6 0
92.8 0.95 1
144 16.3 1
172 41.5 0
120 12.4 1
114 4.28 1
183 26.8 0
155 11.7 1
97.4 20.2 1
182 1.93 1
149 11.7 1
94.2 42.1 1
135 2.9 1
191 11.5 1
141 42.1 0
139 42.1 0
139 43.9 0
152 31.9 0
185 7.95 1
105 12.5 1
105 10.6 1
123 31.7 0
172 13.8 1
169 15.1 1
179 3.2 1
93.2 19.7 1
172 26.9 0
162 20.3 0
91.3 26.4 1
94 27.3 1
97.3 1.98 1
94.8 2.93 1
148 14.6 1
143 41.8 0
94.5 14.6 1
121 3.13 1
133 63.9 0
121 71.8 0
188 66.8 0
169 60.6 0
188 48.5 0
197 55.9 0
126 93.1 0
199 58.7 0
103 67.5 1
160 89.3 0
142 95.3 0
190 50.1 0
185 53.1 0
146 65 0
112 75.5 1
166 55.4 0
171 53.9 0
149 61.3 0
141 97.4 0
106 50.2 1
187 77.6 0
119 54.8 0
126 68.9 0
198 87.4 0
196 68.5 0
140 63.8 0
108 55 1
131 89 0
102 72.8 1
183 84.6 0
144 95.3 0
180 87.9 0
139 95.7 0
188 73.6 0
106 53.2 1
99.9 66.4 1
117 56.2 0
162 91.3 0
158 65.3 0
137 54.6 0
167 76.3 0
105 61.3 1
162 96.7 0
153 70.8 0
142 87.7 0
173 79.8 0
200 84.8 0
121 56.9 0
132 92.1 0
181 68.6 0
167 73.9 0
132 81 0
167 48.4 0
140 93.6 0
97.3 89.5 1
175 78.6 0
126 58.8 0
168 85.6 0
145 93.5 0
136 56.9 0
161 78.8 0
193 87.8 0
136 89 0
182 82.2 0
117 86.3 0
156 76 0
197 74.8 0
155 62 0
166 84.5 0
156 71.8 0
115 85.7 1
198 72.5 0
139 73.3 0
103 92.4 1
184 60.2 0
192 79.8 0
94.4 97.1 1
169 88.7 0
167 90.5 0
154 65.1 0
100 95.5 1
144 51.8 0
182 49.6 0
200 78.4 0
158 96.5 0
160 70.3 0
120 83.3 0
180 61.3 0
135 86.4 0
138 80.5 0
92 73.3 1
125 48.1 0
148 95.8 0
123 46.8 0
93.6 83.2 1
195 96.6 0
134 74.7 0
160 76.6 0
171 48.2 0
197 97.9 0
169 66.1 0
102 97.2 1
186 46.2 0
120 63.2 0
125 86.1 0
140 55.4 0
98.6 77.4 1
106 79.5 1
165 69.9 0
141 58 0
145 98.9 0
96.9 98.4 1
139 84.1 0
156 64.5 0
94.5 65.1 1
94.8 69.4 1
100 92.7 1
91.4 57.6 1
116 90.6 0
91.5 87.7 1
192 98.7 0
178 46.7 0
192 76.8 0
91.7 61.5 1
90.9 46.9 1
92.8 98.7 1
98.1 52.2 1
196 46.6 0
92.9 52.5 1
122 98.6 0
92.9 67.3 1
97.3 46.2 1
128 46.3 0
121 67.6 0
131 60.6 0
142 73 0
154 90.4 0
149 55.6 0
102 60.8 1
192 56.7 0
114 90.8 1
112 88.6 1
135 67.8 0
98 58.2 1
115 65.4 0
119 90.5 0
118 92.1 0
135 48.5 0
147 52 0
196 83.2 0
198 82.5 0
175 91.6 0
192 72.2 0
193 74.8 0
151 67.3 0
189 96.5 0
188 95.2 0
113 97.2 1
173 96.9 0
155 54.9 0
155 52.8 0
131 56.6 0
132 57.7 0
174 74.1 0
141 80.9 0
111 73.4 1
124 74.6 0
107 98.1 1
113 60.6 0
91.6 92.1 1
179 98.7 0
141 46.5 0
157 48.3 0
24.8 5.65 0
29.9 5.7 0
31.7 18.3 1
38.9 31.7 1
48.2 25.6 1
21.3 33.6 1
18.9 34.4 1
31.2 10.7 0
33.6 29 1
43.5 15.2 1
24.4 8.58 0
2.53 8.78 0
27.5 3.73 0
33.5 12.9 1
32.5 39.6 1
43.7 28.8 1
34.9 19.8 1
0.275 9.48 0
32.4 1.98 0
50.4 41.3 1
45.4 4.78 1
56 30.6 1
9.6 38.4 0
14.2 32.1 0
47.1 32.1 1
13 26.4 0
55.3 7.93 1
45.6 8.03 1
55.3 4.18 1
31 43.5 1
4.03 27.5 0
48.1 43 1
51.2 34.5 1
28.1 25.3 1
1.43 28 0
52.8 3.23 1
2.03 1.35 0
21.1 1.93 0
51 4.48 1
52.3 43.3 1
55.6 34.3 1
3.08 25.6 0
16.8 33.5 1
39.4 9.83 1
27.1 32.3 1
58.6 5.5 1
13.8 21.8 0
0.475 26.2 0
18.5 1.1 0
15.1 43.6 1
57.3 41.1 1
19 3.03 0
25.8 36.3 1
43.8 35.4 1
10.8 42.2 1
22 43.3 1
19.7 24.2 0
31.5 36.8 1
58.6 36.3 1
58.6 39.2 1
14 36.2 0
18.4 18.8 0
28.5 43.5 1
13.7 43.6 1
16 1.1 0
14.8 2.48 0
58.7 9.93 1
13.3 1.38 0
58.7 13.1 1
58.8 0.95 1
58.8 44.1 1
26.3 23.7 1
33.1 32.8 1
27.1 21.5 1
16.2 27.3 0
20.8 27.5 1
22 31 1
38.5 40.3 1
9.63 27 0
9.83 3.43 0
40.9 24.5 1
20.1 43.3 1
35.1 31.3 1
51 11.7 1
34.3 85 1
2.55 55.1 1
7 56.3 1
46.3 96.6 1
33.4 87.7 1
20 63.7 1
56.4 79.4 1
32.1 80.9 1
34.8 76.7 1
4.63 60.5 1
36.7 48 1
58.4 77.5 1
14.2 79 1
16.5 78.9 1
50.6 78.6 1
35 59.4 1
33.6 74 1
23.4 56.4 1
52.8 58.4 1
29.2 80.5 1
11.9 87.4 1
36.6 96.7 1
24.4 75.3 1
5.25 48.4 1
27.6 70.5 1
1.18 83.4 1
3.45 66.7 1
47.3 91.1 1
58.4 72.5 1
57.1 48.5 1
18.2 84.2 1
58.4 68.3 1
51.2 71.1 1
51 65.8 1
7.95 71.3 1
29.6 67.3 1
19.5 60.8 1
11.8 66.4 1
31.8 67 1
16.1 46.7 1
12.4 84.9 1
11.2 58.1 1
5.55 88 1
58.1 81.9 1
19 48 1
14.6 85.7 1
30.5 48 1
37 70.2 1
1.83 72.2 1
30.1 58.9 1
36 62.9 1
42 98 1
24.2 83.9 1
21.7 98.1 1
10.9 47.6 1
10.3 70.7 1
13.5 98 1
14.8 59.5 1
32.3 46.8 1
7.58 64.4 1
57 90.1 1
50.6 85.5 1
58.2 61.7 1
13 51.5 1
46.3 53.7 1
52 98.3 1
58.7 88 1
58.8 98.7 1
58.8 45.6 1
2.7 74.9 1
13.7 76.1 1
16.1 76 1
20.5 53.3 1
21.5 80.9 1
55.5 55.6 1
52.9 55.7 1
49.5 68.4 1
1.68 96.1 1
3.1 98.3 1
42.4 48.3 1
41.9 80.6 1
24.9 96.6 1
16.3 95.3 1
15.2 98 1
55.4 59.5 1
12.4 60.3 1
24.5 92.2 1
35.5 57 1
30.4 73.9 1
29.2 55.3 1
22.1 85.9 1
86.6 21.5 1
63.6 6.88 1
83.5 24 1
64.8 5 1
71.4 41.3 1
67.7 12.7 1
63.8 17.7 1
69.8 5.45 1
72.5 43.5 1
67.3 3.65 1
87.4 24.9 1
85.3 4.95 1
78.9 22.7 1
86.9 26.9 1
88.7 23.1 1
77.4 28.8 1
85.4 40.7 1
70 8.78 1
78.4 40.3 1
88.4 12.4 1
77.3 1.8 1
86.8 29.5 1
61.2 35.1 1
78.1 37.1 1
86.7 34.9 1
81.8 43.1 1
72.3 1.8 1
82.6 31.4 1
82.5 33.8 1
88.7 31.7 1
61.2 31.9 1
61.2 0.95 1
61.2 44.1 1
88.8 0.95 1
88.8 44.1 1
61.9 9.23 1
81.6 14.3 1
81.5 11.5 1
64.9 12.2 1
75.2 36.8 1
72.4 17.8 1
62.6 37.5 1
71.5 31.3 1
74.9 30 1
74.1 32.3 1
74.9 14.1 1
86.7 38.8 1
86.6 7.38 1
88.4 15.9 1
86.4 16.8 1
62 29 1
63.6 22 1
63.4 26 1
65 64.5 1
77.1 48.9 1
70 73 1
63.4 57 1
72 64.5 1
88.8 48.1 1
72.4 77.5 1
78.4 65.8 1
78.1 71.5 1
69.1 94.6 1
86.5 69.8 1
73.8 91.8 1
61.8 87.2 1
63.6 80.3 1
84.6 54.6 1
80.2 90.6 1
65.1 74.3 1
69.5 81 1
61.9 78.1 1
88.2 91.9 1
61.7 68.9 1
84.9 85.1 1
88.1 72.1 1
74.7 85.8 1
61.8 82.2 1
61.7 71.4 1
88.4 67.6 1
88.6 60.9 1
78 98.5 1
61.6 51.8 1
71.7 98.6 1
88.6 58.4 1
61.2 98.7 1
88.8 98.7 1
61.2 45.6 1
88.8 45.6 1
81.7 78.2 1
68 56.9 1
70.2 59 1
80.3 69 1
80.8 56.1 1
86 52.5 1
84.7 50 1
63.2 89.3 1
85.1 89.3 1
86.8 81.4 1
86.8 78.9 1
64.8 94.7 1
62.8 48.7 1
194 39.7 0
185 5.25 1
174 36 0
191 33 0
119 17.9 1
161 11.6 1
111 8.4 1
168 29.3 0
147 19.1 1
197 25 0
164 26.2 0
110 5.05 1
108 29.8 1
109 17.1 1
173 5.53 1
136 28.2 0
188 39.8 0
121 16.7 1
160 17.8 0
107 19.2 1
159 14.3 1
165 34.9 0
118 21.2 1
149 5.55 1
179 17.5 0
137 16.4 1
138 29.1 0
96.1 43 1
112 18.3 1
147 40.1 0
136 13 1
150 43 0
140 17.5 1
123 10.4 1
92.8 40.8 1
96.3 26.2 1
162 34.2 0
188 36.4 0
118 29.6 0
92 7.63 1
118 27.2 1
162 43.3 0
112 3.18 1
108 21.9 1
148 8.53 1
110 41.8 0
173 43.5 0
138 39.9 0
166 39.9 0
101 17.4 1
138 11.1 1
199 16.4 0
159 34.9 0
142 24.2 0
157 29.3 0
93.3 4.28 1
138 33.6 0
121 42.2 0
194 24.1 0
113 9.15 1
128 24.3 0
151 43 0
167 14.6 1
124 12.5 1
97.5 28.4 1
179 12.3 1
125 19.7 1
125 27.3 0
91.9 38.9 1
191 16.9 0
190 43.6 0
143 4.78 1
166 4.65 1
125 1.65 1
111 37.1 0
134 19.3 1
96.9 32.5 1
108 43.2 1
117 6.98 1
115 15.8 1
171 3.6 1
125 35.4 0
169 43 0
93 35.6 1
108 1.88 1
197 2.03 1
107 11 1
153 26 0
176 41.5 0
152 29.9 0
134 43.1 0
151 2 1
153 3.38 1
159 43.2 0
159 22.2 0
114 36 0
96.3 30 1
98.3 1.98 1
100 1.98 1
115 13.5 1
141 27 0
160 4.58 1
107 12.9 1
157 20.5 0
130 8.63 1
196 18.2 0
126 1.65 1
128 36.8 0
159 26 0
155 7.53 1
168 8.25 1
179 28.7 0
186 43.3 0
119 37.6 0
130 3.08 1
118 1.1 1
91.1 34.7 1
156 2.83 1
91.3 25.1 1
91.1 13.9 1
91.3 23.2 1
91.3 0.95 1
90.9 44.1 1
91.1 31.5 1
135 32.6 0
131 33.7 0
131 39.4 0
192 43.6 0
168 31.9 0
178 7.6 1
149 17.5 1
146 16.7 1
120 10.3 1
167 16.8 0
165 18 0
177 15.6 1
187 20.3 0
97.5 19.6 1
107 35.5 1
115 2.68 1
137 4.85 1
174 39.5 0
152 33.9 0
124 41.7 0
125 40.3 0
184 15.7 0
185 9.63 1
144 1.28 1
145 2.83 1
146 2.83 1
123 34.2 0
170 29.6 0
127 41.9 0
165 20.6 0
92.5 26.9 1
158 2.83 1
155 21 0
193 32.9 0
195 35.4 0
148 15.1 1
144 40.4 0
145 43.6 0
146 42.2 0
93.1 16.3 1
99.6 41.6 1
120 2.78 1
123 69.6 0
185 75.2 0
102 69.7 1
131 63.3 0
146 75.3 0
107 59.7 1
189 71.9 0
113 77.8 1
174 58.1 0
190 81.2 0
121 48 0
182 96.6 0
151 74.9 0
152 81.9 0
147 58.1 0
186 57.9 0
182 54.7 0
98.9 68.7 1
138 65.8 0
154 83.8 0
103 53.7 1
196 86.4 0
146 90.1 0
113 81.4 1
94.6 58.9 1
187 79.8 0
154 80.5 0
118 94.9 0
158 82.6 0
176 62.7 0
192 64.2 0
140 59.7 0
117 58.9 0
140 98.9 0
152 88.1 0
130 69.4 0
137 59.2 0
185 47.9 0
111 53.5 0
99.2 49.6 1
135 63.3 0
109 82.4 1
130 91 0
175 65.7 0
106 76.3 1
155 73.8 0
156 82.4 0
147 88.4 0
120 49.7 0
131 86.9 0
192 48.9 0
124 46.8 0
133 97 0
118 71.8 0
126 62.7 0
192 89.5 0
178 55.9 0
152 54.9 0
105 98.1 1
190 59.4 0
171 67.9 0
153 62.6 0
95 85.6 1
171 63.8 0
109 68.1 1
183 65.2 0
120 98.6 0
104 95.2 1
200 96.4 0
135 72.9 0
138 49.4 0
131 73.9 0
135 76.8 0
119 59.5 0
153 77.2 0
133 85.3 0
121 98.6 0
156 95.1 0
184 98.7 0
124 98.6 0
171 71.5 0
183 62.4 0
139 82 0
136 79 0
169 95.2 0
131 49.9 0
198 97.9 0
93.5 79.9 1
91.4 78.2 1
167 97.1 0
95 53.3 1
103 80.4 1
172 83.9 0
176 46.7 0
162 46.7 0
146 85.9 0
125 97.2 0
155 97 0
140 70.9 0
161 74.8 0
98.6 64.2 1
178 78.9 0
128 76.9 0
150 46.7 0
129 98.7 0
143 48.6 0
180 46.7 0
109 46.5 0
108 98.1 1
114 46.6 0
167 66.2 0
135 98.3 0
124 56 0
147 49.2 0
147 67.1 0
140 77.2 0
138 97.1 0
92.9 87.7 1
127 85 0
114 97.2 1
118 89 0
166 63.7 0
145 46.1 0
141 54.8 0
127 46.3 0
151 46.7 0
193 46.6 0
91.5 51.2 1
95.7 46.2 1
120 80.1 0
115 74.6 0
116 77 0
156 58.8 0
144 72.5 0
187 87.8 0
103 47.9 1
175 96.9 0
177 94.8 0
177 98.7 0
97.8 86.6 1
124 77.2 0
126 78.1 0
156 90.2 0
101 62.7 1
196 65.9 0
198 64.5 0
129 79.3 0
136 65.8 0
98.4 56.1 1
112 64.8 1
165 79.9 0
175 52 0
174 49.4 0
147 53.7 0
198 46.6 0
200 48.8 0
195 75.1 0
191 85.9 0
190 87.7 0
112 49.3 0
155 47.7 0
153 49.3 0
154 51.4 0
111 95.3 1
109 73.2 1
146 82 0
147 81 0
98.2 97 1
149 98.2 0
92.4 48.7 1
94.5 89.8 1
127 52.1 0
118 47.9 0
179 96.7 0
105 64.7 1
139 46.5 0
160 48.8 0
151 98.2 0
153 95.2 0
4.3 4.95 0
29.8 17.7 1
33.7 17.7 1
46.8 18.8 1
34.7 26.9 1
29.1 12.8 0
46.5 22.2 1
21.4 16.4 0
0.625 33.4 0
18.5 26.7 0
14.4 28.1 0
40.8 16.8 1
48.4 28 1
48.7 17.2 1
16.9 12.1 0
7.93 21.8 0
3.48 24.1 0
35.9 12.8 1
21.7 14 0
48.9 8.75 1
14.2 16.2 0
9.2 40.9 1
15.4 41.6 1
23.9 24.5 1
13.4 30.5 0
9.88 22.9 0
6.85 2.05 0
15.5 18.2 0
41.1 30.5 1
32.4 23.8 1
58.8 22.5 1
17.3 1.1 0
53.1 33.5 1
7.48 11.1 0
59 28.8 1
5.48 28.5 0
31.6 30.5 1
57.3 7.38 1
58.7 8.48 1
46.4 29.6 1
40 35.8 1
28.1 30.7 1
12.2 22.5 0
39.3 43.5 1
9.68 9.13 0
52.9 29 1
14.9 20.4 0
19.9 11.9 0
15.2 34.1 1
57.5 15.3 1
7.95 37 0
43.5 11.7 1
57.2 35.1 1
51.3 21.6 1
5.75 36 0
50.5 2.58 1
11.1 30.3 0
10.1 25.3 0
1.28 17 0
52.3 1.33 1
50.9 18.9 1
27.9 35.2 1
13.1 37.4 1
3.2 33.6 0
17.8 21 0
11.3 36.9 0
58.7 31.7 1
12.6 42.2 1
58.8 17.5 1
58.6 37.7 1
5.38 43.7 1
9 33.2 0
41.7 43.5 1
58.8 42.7 1
58.7 11.8 1
11.9 1.38 0
48.2 1.25 1
29.6 21.7 1
25.9 19.7 0
59 26.3 1
57.7 24.3 1
55.8 24.5 1
38.4 2.73 1
37 4.7 1
39 6.5 1
5.33 30.6 0
42 3.2 1
39.8 19.2 1
20.3 41.9 1
57.3 2.28 1
50.7 10.3 1
19.4 39.9 1
47.5 94 1
4.93 57.3 1
50 94.3 1
44.1 68.1 1
0.75 49.8 1
18.4 72.8 1
36.5 76 1
41.5 74.5 1
1.13 61.7 1
22.6 82.8 1
54.5 70.5 1
28.7 76.2 1
54.4 66 1
32.7 78.3 1
5.7 75.1 1
29.9 94.8 1
46.4 79.5 1
42 70.3 1
56.1 68 1
20.8 89.5 1
8.38 77.5 1
5.23 64.6 1
8.4 51.9 1
39.1 76.7 1
10.4 63.9 1
7.6 49.6 1
4.5 70.9 1
17.1 67.6 1
22.9 58.3 1
10.7 80.7 1
22.2 54.3 1
47 88.5 1
56.8 83.7 1
29.8 77.9 1
8.03 80.2 1
15.4 90.5 1
26.7 56.2 1
26.9 98.6 1
33.6 46.8 1
28.8 91.8 1
22.7 69 1
18.8 53.5 1
31.7 64.8 1
12.8 96.6 1
49.1 53.4 1
18.8 91.1 1
25.1 49.7 1
19.9 96.7 1
36.1 68.3 1
58.3 49.7 1
4.05 83.3 1
49.2 76 1
48.7 80.8 1
29.7 53.1 1
40.2 96.6 1
35.2 72 1
14.7 47.9 1
18.8 98.7 1
36.9 90.7 1
28.3 46.2 1
50 87.3 1
50.2 48 1
46.6 76.6 1
52.1 46.6 1
58.3 51.6 1
6.63 98.3 1
51.8 89.6 1
19.8 46.3 1
13.4 46.2 1
21.7 46.3 1
38.2 98.6 1
48.1 46.4 1
40.9 83.8 1
19 81.5 1
17.8 48 1
30.1 87.8 1
43.1 46.4 1
38.5 63.7 1
9.58 96.9 1
10.6 94.9 1
27.8 83.1 1
15.8 96.7 1
56.8 59.9 1
58.6 58.1 1
38.5 55.1 1
34.1 96.7 1
20.5 84.8 1
28.2 59.7 1
43.3 63.6 1
26.8 62.1 1
29.4 65.1 1
85.3 23.4 1
61.9 7.78 1
72.6 26.4 1
77.2 10.4 1
64.4 40.6 1
68.4 39.6 1
66.9 41.9 1
67.1 36.8 1
61.6 14.4 1
65.2 19.8 1
86.7 37.4 1
88.7 26.3 1
61.6 16.6 1
79 3.68 1
87.4 41.3 1
81.6 1.88 1
76.6 42.2 1
88.7 30.1 1
61.4 25.2 1
61.4 23.3 1
88.8 2.3 1
88.8 42.7 1
88.7 33 1
61.2 2.3 1
61.2 42.7 1
61.2 33.2 1
77.5 15.5 1
69.1 23.3 1
70.2 17.7 1
61.2 36.6 1
68.7 20.2 1
74.6 11.8 1
88.6 39.4 1
76.3 26.2 1
63.2 30.5 1
75.2 66.5 1
64.9 58.7 1
71.7 74.1 1
67.7 65.4 1
69.8 62.9 1
79 46.9 1
68.2 88.7 1
84.7 75.9 1
81.3 61.5 1
85 70.7 1
67.8 72.6 1
74.9 77.9 1
82.5 70.3 1
72.9 47 1
81.5 46.9 1
63.3 61.9 1
61.8 85.9 1
77.7 82.7 1
85 62.6 1
72.4 90 1
67.6 98.3 1
69.4 96.9 1
63.3 72.4 1
61.4 92 1
81.9 88.8 1
81.8 85.9 1
69.5 91.3 1
82 98.2 1
80 96.7 1
70.5 83.4 1
88.6 57.1 1
63.2 66.8 1
77.8 73.1 1
77.2 75.7 1
75.2 70.3 1
86.7 89.9 1
88.5 87.9 1
61.6 49.9 1
64 47.4 1
138 31.1 0
172 34.6 0
112 28.2 1
135 30.3 0
189 27 0
190 24.3 0
198 22.8 0
190 13.8 1
200 27.2 0
122 40.5 0
121 22.1 1
143 15.7 1
163 41.9 0
190 41.5 0
108 40.4 0
154 39.7 0
175 15.6 1
118 13.2 1
152 5.38 1
114 23.5 1
160 32.9 0
153 28.3 0
146 35.7 0
148 41.5 0
198 12.4 1
116 3.78 1
172 21.2 0
136 26.1 0
150 4 1
123 18.8 1
142 3.23 1
121 30.5 0
172 18.8 0
136 41.7 0
102 5.3 1
93.2 10.8 1
147 33.8 0
103 25.3 1
102 27.8 1
155 36.6 0
196 22 0
156 26.3 0
105 25.4 1
127 27.1 0
103 18.8 1
138 19.7 0
178 33 0
128 32.1 0
159 29.6 0
116 24.4 1
144 36 0
106 41.8 1
140 1.95 1
172 11.8 1
153 17.5 1
181 12.3 1
142 34 0
182 1.93 1
103 29.3 1
181 36.6 0
136 9.05 1
91.9 37.4 1
196 5.23 1
179 21.7 0
165 37.3 0
105 27.9 1
118 2.2 1
139 41.8 0
176 22.9 0
129 16.8 1
172 10.1 1
136 18.7 1
140 23.1 0
143 31.3 0
181 15.3 0
146 31.5 0
104 3.33 1
156 41.7 0
141 11.3 1
171 41.5 0
157 4.2 1
160 21.3 0
116 37.8 0
137 37.1 0
101 22.8 1
181 24.1 0
181 27.1 0
175 43.5 0
172 43.5 0
198 41.9 0
115 40.6 0
159 7.28 1
99.2 18.4 1
159 19.6 0
157 6.9 1
120 43.8 0
139 27.2 0
91.1 16.1 1
127 34.7 0
113 43.6 0
152 24.2 0
176 26.9 0
158 24.3 0
144 7.75 1
160 27.6 0
91.1 12.5 1
171 1.45 1
98.4 23.1 1
119 43.8 0
168 1.45 1
102 43.6 1
91.3 2.3 1
133 1.43 1
90.9 42.7 1
154 1.38 1
91.1 32.9 1
133 33.7 0
115 31.9 0
130 41.4 0
133 40.8 0
192 41.5 0
195 10.7 1
193 10.8 1
176 7.78 1
177 2.7 1
188 18.1 0
145 23 0
142 43.2 0
162 40.1 0
162 37.6 0
166 24 0
94.8 17.4 1
192 3.73 1
95 19.5 1
108 37.4 1
114 1.58 1
182 41.9 0
181 39.9 0
180 43.6 0
179 41.6 0
150 10.3 1
124 43.3 0
153 8.08 1
153 10.1 1
186 15.9 0
146 1.28 1
91.2 28.7 1
92.3 29.8 1
181 1.93 1
178 4.63 1
171 28.4 0
126 43.3 0
161 1.38 1
162 3.13 1
102 15.1 1
124 3.33 1
100 43.6 1
121 1.68 1
122 72.1 0
109 87.5 1
186 50.2 0
171 55.4 0
168 56.7 0
107 57.4 1
158 67.6 0
175 89.4 0
184 55.3 0
181 74.9 0
179 72.6 0
180 83.1 0
104 88 1
177 87 0
160 69.4 0
180 87.4 0
152 72.8 0
191 95.2 0
181 85.5 0
126 67.6 0
134 57.6 0
101 77.8 1
111 88.7 1
173 65.6 0
149 60 0
143 95.7 0
190 47.3 0
169 62.4 0
125 58.1 0
164 95.1 0
117 55.4 0
161 86.1 0
165 54.8 0
169 73 0
194 80.8 0
119 96.5 0
195 86.9 0
94.8 76 1
141 87.8 0
115 83.9 1
116 68.7 0
144 87.6 0
116 95.1 1
121 46.3 0
131 71.4 0
159 71.3 0
113 92.4 1
112 51.6 0
108 48.7 1
157 70.9 0
146 91.9 0
179 54.3 0
155 61 0
163 75.3 0
186 95.2 0
130 52.5 0
125 92.2 0
193 97.4 0
123 90.4 0
165 49.7 0
177 74.7 0
120 83.8 0
136 50 0
169 85.1 0
137 87.1 0
193 93.1 0
198 76.4 0
178 60.9 0
161 98.1 0
177 58.3 0
199 74.1 0
183 92.4 0
137 73.7 0
188 97.9 0
165 73.8 0
136 97.1 0
195 95.3 0
138 76 0
185 97.3 0
164 92.1 0
186 92.3 0
157 76.6 0
144 53.3 0
170 88.2 0
199 80.4 0
173 81.7 0
111 98.8 1
105 96.7 1
110 96.8 1
180 48.4 0
170 96.6 0
200 90.8 0
139 90.4 0
130 47.7 0
120 52.5 0
167 92.2 0
137 89.7 0
92.1 81.7 1
168 98.5 0
144 47.1 0
121 91.1 0
149 48.1 0
178 77 0
101 98.7 1
114 98.8 1
92 72.1 1
131 98.7 0
127 98.7 0
172 98.2 0
159 98.1 0
119 65.3 0
196 70.7 0
93.3 70 1
171 46.7 0
115 92.2 1
142 57.5 0
139 98.9 0
168 46.7 0
145 57.4 0
152 48.1 0
146 47.5 0
144 50 0
134 70.4 0
145 98.9 0
91.3 98.7 1
91.4 67.9 1
90.9 45.6 1
156 56.8 0
101 49.9 1
159 54.3 0
95.1 55.5 1
93 57.3 1
122 98.6 0
102 85.4 1
103 75.1 1
112 61.9 1
155 92.3 0
153 92.4 0
127 80.5 0
100 59.5 1
166 78.1 0
162 79 0
139 85.6 0
172 52 0
172 49.5 0
142 98.9 0
143 97.7 0
91.7 62.5 1
93 64.2 1
134 47.1 0
136 52.9 0
138 52.3 0
193 72.5 0
152 68.2 0
170 76.8 0
93.6 51.9 1
114 47.9 0
111 47.7 0
155 49.8 0
173 73.5 0
98.6 91.6 1
111 71.1 1
99.1 98.7 1
148 97.1 0
90.9 48.1 1
93 92 1
94.2 94.5 1
127 49.5 0
119 46.3 0
117 47.9 0
161 56 0
103 65.1 1
140 47.4 0
142 47.4 0
158 47.1 0
152 96.8 0
98 48.2 1
0.95 4.9 0
19.4 35.2 1
50.6 38.9 1
37 30.8 1
2.6 2.9 0
4.85 23.3 0
44.8 41.5 1
6.9 16.8 0
8.78 15 0
46.9 43 1
2.65 6.95 0
8.08 13 0
39.4 33.2 1
6.55 22.2 0
43.1 15.9 1
48.8 23.3 1
33.1 25.5 1
37.1 27.2 1
33.2 3.5 0
24.8 11.3 0
3.53 31.6 0
48.1 33.7 1
18.9 16.9 0
33.8 41.5 1
27.1 1.93 0
17.4 41.6 1
16.1 14.7 0
50.5 35.3 1
23.1 9.18 0
14.1 8.88 0
8.6 28.4 0
32.3 43.5 1
41.5 31.9 1
52.3 17.3 1
56.1 40.7 1
35.6 19.5 1
20.8 10.5 0
18 4.38 0
53.5 30.8 1
45.2 3.05 1
57.6 30.1 1
0.275 19.5 0
13.8 40.3 1
41.9 28.7 1
58.6 37.7 1
15.1 3.83 0
16.2 5.75 0
7.45 42.3 1
9.65 35.5 0
2.48 42.4 1
50.9 6.83 1
24.6 37.7 1
31.9 36.8 1
52.7 8.4 1
53.8 15.1 1
1.98 37.3 0
29.8 23.8 1
42.2 34.5 1
12.4 24.9 0
3.7 35.8 0
58.7 33 1
47 1.25 1
27.5 43.5 1
9.88 43.6 1
59 27.5 1
28.4 19.9 1
23 3.85 0
3.18 8.98 0
40.4 4.53 1
38.1 43.5 1
37.1 41.4 1
39.9 26.3 1
40.9 23.4 1
40.3 20.8 1
27.1 29.5 1
23.5 43.3 1
25.7 41.9 1
24.6 40.4 1
58.6 3.63 1
51.6 13.4 1
22.9 28.6 1
0.95 31.4 0
38.4 51.2 1
32.2 82.9 1
36.2 85.8 1
43.2 87.8 1
55 78.8 1
35.3 88.5 1
57 74.4 1
36.5 62.4 1
35.7 60.2 1
38.9 84.9 1
19.6 65.3 1
12.3 74.8 1
22.2 66.2 1
22.2 79.4 1
1.38 54 1
46.8 68.5 1
47.8 61.2 1
18.3 70.5 1
57 76.9 1
41.5 72.3 1
44.7 60.8 1
36.1 46.8 1
3.75 62.2 1
52.2 78.2 1
9.03 89.8 1
49.2 64.4 1
27 76.1 1
3.5 68.8 1
49.9 73.5 1
50.7 57.8 1
55.5 95.5 1
39.6 69.7 1
13.5 54.5 1
26.3 58.2 1
44.4 46.4 1
54.9 83.3 1
21.4 73.3 1
12.5 79 1
55.4 91.1 1
33.7 68 1
13.1 52.4 1
5.48 81.3 1
41.5 56.1 1
43.2 98 1
5.3 46.7 1
16.8 55.5 1
6.45 88.4 1
53 96.8 1
12.8 66.9 1
18.9 60.5 1
6.65 72 1
22.2 91.2 1
58.7 84.2 1
37.1 67.1 1
20.6 95.3 1
57.5 98.7 1
11.9 98.6 1
23.9 76.6 1
57.5 45.6 1
39.2 90.6 1
36.5 73.1 1
2.4 91.5 1
16.3 85.2 1
51.4 84.3 1
58.2 62.8 1
58.3 52.8 1
24.8 52.3 1
46.9 46.4 1
58.6 56.8 1
16.4 59.6 1
10.2 46.2 1
17.5 98.7 1
58.7 86.7 1
45.7 98 1
1.75 77 1
42 81.2 1
18.5 46.3 1
27.6 69.8 1
1.7 94.8 1
3.13 97 1
27.7 96.8 1
50.8 55.1 1
56.7 93 1
24.4 95.2 1
22.9 98.1 1
26.3 82.9 1
29.3 84.6 1
55.8 47.2 1
31.8 48 1
26.1 92.3 1
35.8 56.2 1
34.2 98.6 1
21.4 87.5 1
41.4 63 1
43.9 65.7 1
27.8 63.9 1
70.7 39.6 1
84.5 10.8 1
64.4 37.7 1
73.9 16.5 1
86.6 12.7 1
68.8 32.8 1
61.6 13 1
85.5 28.9 1
79.7 23.5 1
80.4 40.2 1
84.6 15 1
88.6 37.9 1
79.2 36.1 1
82.9 41.6 1
85.3 36.2 1
81.6 34.5 1
76.5 17.9 1
73.5 43.5 1
62.4 1.35 1
62.4 43.7 1
63.5 11.4 1
81.5 29.6 1
63.4 27.3 1
61.4 26.4 1
72 10.9 1
73.6 3.35 1
76.1 3.35 1
69.7 48.8 1
76.2 50.6 1
71.2 78.7 1
80.2 64 1
86.5 77.6 1
61.6 55.5 1
76.4 56 1
63.5 76.6 1
87.8 53.1 1
80.7 58.3 1
66 70.8 1
85.7 96.9 1
86.6 61.2 1
81.5 76.9 1
86.6 73 1
87 66.8 1
76.1 83.3 1
86.4 55.3 1
87.5 98.7 1
77.1 97 1
75.1 95.6 1
61.8 83.4 1
78.4 92.2 1
75.7 92.6 1
66.5 46.8 1
63.8 97 1
88.2 92.9 1
62.4 98.7 1
66.3 98.3 1
88.5 86.6 1
61.6 53 1
72.7 98.6 1
70.9 57.5 1
65 80.3 1
65.9 67.7 1
74.9 71.9 1
86.6 83.3 1
88.8 46.9 1
62.8 48.7 1
62.4 45.6 1
176 34.8 0
119 19.3 1
118 16.6 1
142 13.6 1
108 30.1 1
198 29 0
141 17.1 1
175 4.8 1
193 5.25 1
107 18.4 1
172 5.7 1
198 25.3 0
112 25.1 1
100 12.2 1
96.3 41.6 1
94.4 40.3 1
109 16.4 1
160 17 0
143 23.7 0
137 14.7 1
105 17.8 1
196 39.8 0
159 14.7 1
153 41.4 0
174 17.3 0
94.7 10.4 1
155 28.6 0
129 23.3 0
103 34.2 1
101 24.6 1
178 19 0
166 33.2 0
193 16.2 0
93.5 8.15 1
199 33.9 0
138 4.78 1
112 1.58 1
188 13 1
132 23.1 0
198 15.3 0
118 5.45 1
113 17.2 1
97.9 12.9 1
175 21.3 0
127 18.7 1
175 12.5 1
140 34.1 0
151 17 1
135 36.6 0
94.5 34.6 1
147 19.4 0
147 4.83 1
103 8.15 1
167 41.6 0
184 28.8 0
143 1.28 1
154 14.8 1
107 14.1 1
115 1.58 1
132 20.1 0
184 33.7 0
101 3.43 1
189 2.05 1
177 24.4 0
114 34.9 0
139 21.1 0
180 23.2 0
197 3.55 1
128 14.6 1
128 7.35 1
116 22.8 1
134 9.93 1
177 40.1 0
134 12.4 1
168 14.3 1
116 26.7 1
93 20.6 1
195 17.1 0
97.8 16.9 1
185 43.3 0
158 41.7 0
165 10.6 1
92.5 25.6 1
167 23.3 0
132 12.3 1
101 20.9 1
169 23.4 0
132 9.8 1
147 28.5 0
151 23.4 0
91.3 22 1
166 8.48 1
97.1 24.8 1
115 42.3 0
178 30.5 0
97 33.6 1
170 8.6 1
199 43.7 0
99.5 20.3 1
146 7.8 1
138 25.1 0
164 26.3 0
157 24.4 0
112 43.6 0
130 1.43 1
117 43.8 0
97.8 21.5 1
91.2 27.4 1
135 1.43 1
128 39.7 0
114 30.1 1
117 30.8 0
134 39.5 0
131 42.8 0
111 9.75 1
109 11 1
196 8.58 1
178 9.95 1
106 3.33 1
99.3 28 1
98.8 3.43 1
168 16.6 0
165 17.8 0
187 22.2 0
147 24.6 0
146 21.3 0
185 5.45 1
141 41.8 0
142 40.4 0
164 22.4 0
121 14.7 1
191 2.05 1
106 34.7 1
164 4.58 1
99.1 35.4 1
125 7.6 1
122 25.3 1
120 26.7 0
127 1.65 1
129 3.08 1
114 11.3 1
122 43.8 0
123 42.1 0
143 27.9 0
159 1.38 1
122 34.7 0
124 35.9 0
120 36.9 0
122 38.1 0
154 19.5 0
154 22.9 0
142 37.6 0
124 4.8 1
122 1.68 1
119 3.88 1
98.7 40.2 1
124 93.7 0
149 92.5 0
184 75.2 0
194 55.9 0
104 50.2 1
170 59.1 0
198 55.7 0
172 57.8 0
199 58.6 0
109 85.2 1
178 81.6 0
147 74.1 0
159 64.6 0
162 63.4 0
106 88.1 1
176 48 0
160 58.5 0
124 59.7 0
103 56.2 1
123 88 0
124 61.7 0
145 77.4 0
151 82 0
151 59.4 0
124 96 0
111 81.9 1
159 84.6 0
133 95.5 0
165 82.8 0
173 87.7 0
154 79.2 0
112 55.2 0
153 61.5 0
154 85.5 0
126 56.7 0
153 56.8 0
159 80.2 0
117 58.1 0
123 48 0
146 79.4 0
123 85.8 0
199 88.3 0
165 65.1 0
183 95.3 0
144 69.8 0
142 69.7 0
144 80.4 0
160 88.4 0
128 47.7 0
92.9 77.7 1
181 98 0
145 65.1 0
110 50 0
128 68.3 0
95 79.4 1
121 79.2 0
114 55.6 0
180 68.6 0
116 66.4 0
103 83 1
142 79.7 0
160 50.1 0
184 65.1 0
113 78.8 1
121 95.3 0
116 96.7 1
198 95.1 0
142 77.5 0
127 64.3 0
163 96.6 0
107 81 1
171 69.6 0
154 66.9 0
96.9 77.7 1
195 48 0
192 64.4 0
135 95.7 0
93.5 85.3 1
118 85.3 0
195 76.7 0
135 48.6 0
118 97.9 0
185 46.8 0
160 73.4 0
129 65 0
97.2 62.9 1
114 72.6 1
197 96.6 0
108 75.8 1
173 98.2 0
139 48.9 0
156 68.6 0
133 92.8 0
92.1 82.9 1
174 85.3 0
150 88.4 0
120 60.1 0
116 71 0
146 67.2 0
134 77.1 0
120 62.2 0
137 91.6 0
152 53.1 0
157 88.6 0
119 88 0
135 79.3 0
145 54.7 0
132 48.6 0
133 62.6 0
135 93 0
163 48 0
133 80.3 0
124 54.6 0
139 92.3 0
165 69.5 0
166 67.7 0
93.5 47.5 1
130 75.8 0
131 46.4 0
144 48.5 0
150 49.5 0
115 98.8 1
103 90.7 1
146 84.3 0
95.4 46.2 1
149 52.4 0
143 51.4 0
127 85 0
90.9 46.9 1
142 45.9 0
112 98.8 1
91.4 87.3 1
155 98.6 0
146 98.9 0
175 98.2 0
102 46.5 1
99.4 86.9 1
199 64.9 0
135 59.9 0
109 61.5 1
123 77.4 0
101 57.4 1
163 77.3 0
141 64.3 0
93.2 61.1 1
94.6 62.7 1
198 48 0
199 50.2 0
171 74.9 0
112 46.3 0
100 90.1 1
110 71 1
150 95.7 0
156 74.4 0
140 53.5 0
97.1 94.4 1
91.3 97.2 1
127 53.1 0
118 46.3 0
99.2 47 1
96.6 48.2 1
6.38 24.2 0
31.2 5.43 0
21.8 34.4 1
7 26.5 0
5.13 15.6 0
45.2 17.7 1
42.6 23.3 1
20.2 37.3 1
49.4 27.5 1
22.6 12.6 0
23.8 20.2 0
32.9 39.6 1
58.7 10.1 1
31.7 8.9 1
6.2 3.6 0
44.5 19.9 1
34.4 17.3 1
9.08 26.7 0
45.1 22.5 1
7.28 18.6 0
11.9 16.2 0
15.5 10.7 0
33.3 1.53 0
1.73 23.3 0
35.9 11.5 1
6.53 28.2 0
9.4 4.73 0
33.1 34.6 1
7.5 20.5 0
52.3 34.3 1
22.6 36.5 1
53.6 42 1
39.2 8.3 1
37.6 9.35 1
57.2 36 1
37.2 1.33 0
31 43.5 1
43.3 1.8 1
13.3 21.1 0
2.93 16 0
52.1 27.6 1
46.7 8.65 1
15.3 7.13 0
11.3 9.55 0
9.08 7.33 0
58.8 21.2 1
58.8 42.9 1
20.2 23.2 0
18.4 43.6 1
22.7 22.8 0
56.1 15.1 1
1 20.8 0
18.8 21.1 0
27.9 13.3 0
4.1 43.7 1
58.6 3.5 1
29.4 36.1 1
39.1 15.7 1
58.8 18.7 1
56.1 1.33 1
43 43.5 1
8.43 43.6 1
0.85 43.8 1
58.7 11.9 1
11.9 1.38 0
11.7 43.6 1
53.6 1.33 1
21.9 17.8 0
0.875 14.4 0
44.7 36.6 1
0.275 12 0
24.6 1.93 0
22.2 6.25 0
5.65 9.58 0
17 2.45 0
35.3 4.83 0
36.8 24 1
35.5 25.7 1
53.4 24.9 1
51.7 23.1 1
50.1 15.6 1
6.38 30.3 0
36.5 15.1 1
58.7 8.48 1
57.3 7.38 1
9.95 30.4 0
8.63 31.8 0
30.1 31.3 1
39.9 25.2 1
38.1 18.1 1
25.1 26.5 1
27.1 26.7 1
22.4 41.9 1
51.3 12 1
24 30.4 1
43 85.3 1
54.7 72.9 1
36.7 49.3 1
46.6 66.1 1
49.7 59.5 1
41.2 88.9 1
40 79 1
4.45 78.5 1
51.9 74.8 1
31.5 94.8 1
39.1 67.9 1
6.75 76.5 1
34 79.1 1
7.98 56 1
56 65 1
44.9 80.4 1
15.5 54.6 1
12.7 62 1
43.2 49.9 1
10.1 57.5 1
35.9 77.9 1
17.4 80.1 1
28.1 77.8 1
51.7 94.3 1
54.8 80.9 1
39.1 71.6 1
57.8 67 1
11.4 64.4 1
11 88.3 1
56 97.2 1
6.6 98.3 1
37.1 58.6 1
4.88 90.9 1
11 76.9 1
21.3 71 1
15.6 66.8 1
46.1 88.3 1
33.4 71.8 1
40.7 58.3 1
20.6 54.5 1
12.7 84.6 1
19.3 62.9 1
4.03 46.7 1
41.4 94.9 1
10.1 92.2 1
42.8 60.2 1
18.6 51.6 1
15.3 49.1 1
3.6 84.8 1
52.9 91.1 1
16.8 90 1
49.3 53.1 1
49.8 82 1
21 58.7 1
11.5 71.2 1
14.5 95.3 1
27.2 54.1 1
14.2 92.1 1
22.5 75.3 1
17.1 87.2 1
10.1 52.5 1
44.7 52.7 1
58.8 46.9 1
31.5 52.6 1
26.1 80.3 1
50.8 86.1 1
56.9 54.6 1
20.3 92.8 1
17.2 57.6 1
53.3 46.6 1
25.2 47.5 1
23.2 46.3 1
36.7 98.6 1
58.7 88 1
17.5 98.7 1
27.3 46.2 1
12 46.2 1
0.15 71.4 1
0.8 69.3 1
17.3 74.9 1
30.4 72.5 1
0.15 46.3 1
1.7 48 1
17.7 49.2 1
28.8 68.1 1
29.7 89.7 1
26 95.3 1
37.5 65 1
22.4 96.6 1
57.1 48.5 1
7.03 46.7 1
8.53 47.9 1
35.4 63.6 1
33.3 64.7 1
33.9 95.2 0
19.7 86.5 1
58.2 61.6 1
56.8 59.9 1
69.5 24.1 1
86.4 20.7 1
71.2 31.6 1
64.4 4.83 1
71.7 25.5 1
77.7 5.23 1
71.6 16.5 1
82.4 24.9 1
80.6 37.8 1
85.2 4.65 1
70 13.1 1
79 28.6 1
64.2 42 1
86.4 7.08 1
63.7 2.7 1
86.4 18.2 1
63 19.9 1
82.7 3.3 1
87.4 29.5 1
87.4 41.4 1
61.6 17.8 1
66.7 43.4 1
88.8 42.9 1
83 36.2 1
88.8 2.18 1
64.6 29.8 1
76 43.5 1
83.6 43.5 1
88.6 37.9 1
61.4 22.1 1
88.7 27.5 1
88.7 32.9 1
61.2 33.1 1
79.4 14.5 1
79.3 11.7 1
83.1 28.4 1
61.2 36.6 1
71.8 5.48 1
69.1 21.1 1
74 35.2 1
73.9 32.6 1
61.9 7.78 1
66.2 1.35 1
66.9 3.48 1
77.9 25.9 1
64.8 27.2 1
73.5 1.55 1
69.7 51.2 1
64.7 88.1 1
67.6 87.3 1
84.9 49.6 1
63.1 57.2 1
71.7 47 1
78.1 48.6 1
69.6 73.7 1
63.3 86 1
84.4 56.8 1
61.5 65.2 1
82.4 48.4 1
73.6 56.6 1
80 85 1
74.5 48.7 1
69.4 76.6 1
76.7 53.8 1
78.4 83.1 1
78.8 58.1 1
88.1 62.5 1
87 95.4 1
88.4 75.9 1
67.8 46.8 1
72.8 83.3 1
74.3 90.9 1
61.6 76 1
74.7 85.3 1
79.1 95.2 1
82.5 65.5 1
86.7 89.9 1
74.3 97.2 1
83.2 98.2 1
61.5 62.7 1
61.6 73.5 1
69.4 96.9 1
62.6 95.5 1
88.4 73.4 1
61.2 97.2 1
61.4 93 1
68.7 55.4 1
67.6 80.3 1
80 72.6 1
79.3 75.2 1
75.2 80 1
85.4 69 1
82.9 68.6 1
85 64.5 1
88.5 84.1 1
87.5 46.3 1
86.6 58.7 1
61.2 46.9 1
148 36.2 0
109 5.63 1
190 27.7 0
192 13.1 1
140 15 1
149 34.3 0
188 39.6 0
117 18 1
121 20.2 1
117 8.45 1
167 19.7 0
112 16.4 1
120 9.93 1
199 23.2 0
106 28.7 1
118 12 1
186 41.8 0
193 3.58 1
146 26.4 0
186 26.7 0
107 32.3 1
121 32.2 0
200 11.2 1
185 8.4 1
145 16.1 1
190 42.9 0
196 27.1 0
176 18.8 0
140 3.35 1
152 28.1 0
187 34.9 0
130 30.7 0
141 43.6 0
153 35.9 0
138 7.7 1
97.4 11.3 1
192 24.1 0
101 9.65 1
108 23.2 1
116 2.68 1
142 4.63 1
171 21.5 0
185 23.8 0
125 17.8 1
106 25 1
196 35.1 0
183 24.7 0
197 37.3 0
128 20.4 1
167 35.6 0
156 15.5 0
200 4.88 1
151 34.1 0
187 3.53 1
184 30.9 0
183 41.9 0
95.5 43.6 1
182 35.7 0
152 3.38 1
181 11.1 1
93.7 24.3 1
178 36.9 0
151 29.7 0
161 10.9 1
164 6.95 1
166 21.7 0
159 18.8 0
144 30.3 0
103 31.3 1
179 35.1 0
116 36.6 0
117 25 1
96.3 31.1 1
93.8 30.8 1
143 7.6 1
170 40.1 0
118 1.1 1
182 27.6 0
114 21.9 1
160 8.7 1
115 19.1 1
98.8 15.4 1
130 18.5 1
161 22.2 0
146 30.4 0
176 1.43 1
173 28.4 0
158 36.1 0
162 26.6 0
162 1.38 1
150 18.8 0
148 43.6 0
156 18.1 0
148 28.7 0
151 21.2 0
146 43.6 0
154 43.5 0
156 43.5 0
106 43.6 1
124 15 1
91.3 2.18 1
126 13.7 1
104 1.45 1
143 1.28 1
90.9 42.9 1
175 27.3 0
157 2.75 1
102 1.45 1
91.1 12.7 1
119 35.6 0
167 1.45 1
175 43.5 0
146 1.28 1
154 1.38 1
137 43.6 0
173 43.5 0
132 1.43 1
103 43.6 1
138 43.6 0
94.7 4.5 1
115 29 0
194 8.6 1
176 10.1 1
99.1 26 1
97.6 4.6 1
174 33.4 0
194 42.9 0
191 32.1 0
193 32 0
151 37.5 0
151 40 0
188 19.9 0
148 22.9 0
152 10.8 1
184 3.4 1
160 40.4 0
160 37.8 0
119 14.7 1
170 17.6 0
136 2.83 1
165 2.83 1
169 36.7 0
101 34.8 1
98.3 37.4 1
128 27.5 0
142 21.2 0
149 11 1
140 31.7 0
141 9.25 1
124 9 1
123 27 0
122 28.4 0
149 2 1
147 3.28 1
126 3.13 1
128 4.55 1
169 27.7 0
180 3.35 1
92.9 18.4 1
91.1 17.3 1
113 11.6 1
116 10.5 1
92.6 32.8 1
141 28.1 0
101 14.7 1
105 15.2 1
154 21.4 0
109 37.5 0
140 36.2 0
93.5 37.9 1
95 36.4 1
121 2.78 1
122 1.68 1
99.4 42.2 1
188 67.2 0
190 82.5 0
103 52.2 1
186 57.9 0
188 72.2 0
124 68.4 0
94.7 49.5 1
185 78.1 0
151 90.8 0
163 65.2 0
193 82.3 0
186 80.4 0
191 85.4 0
167 83.3 0
187 50.5 0
192 50.7 0
177 94.6 0
124 50.4 0
147 60.2 0
109 57.4 1
134 57.2 0
101 77.4 1
171 96.6 0
112 53.2 0
99.4 61.4 1
93.7 55.4 1
127 92.3 0
160 80.4 0
189 48.8 0
173 66 0
162 69.5 0
151 84.4 0
180 71.1 0
91.6 57.1 1
181 88.8 0
169 89.9 0
125 85.3 0
149 74.6 0
191 59.6 0
196 79.2 0
199 53.1 0
133 84.5 0
151 79.8 0
116 78 0
139 66.3 0
175 66.1 0
143 87.8 0
189 88.3 0
191 96.5 0
106 83.3 1
112 64.8 1
163 84.6 0
183 90.9 0
137 86.4 0
196 88.2 0
151 72.6 0
179 49.8 0
145 92.2 0
139 82.5 0
143 97.7 0
179 52.3 0
176 74.1 0
165 48 0
121 88.7 0
130 71.7 0
109 78.8 1
134 50.1 0
156 86.1 0
187 96.5 0
177 68 0
93.4 75.3 1
142 98.9 0
183 62.2 0
155 48.6 0
121 93 0
117 83.8 0
140 60.3 0
106 95.2 1
196 69.2 0
92 73.3 1
121 81.7 0
110 66.9 1
118 79.1 0
157 47.1 0
165 52.3 0
175 83.1 0
167 46.7 0
164 98.5 0
114 58.3 0
192 98.7 0
198 92.4 0
91.4 92.2 1
108 96.6 1
131 79.3 0
119 53.5 0
156 78.6 0
129 74.5 0
143 94.2 0
149 85.7 0
119 64.3 0
171 48.1 0
128 82.4 0
111 91.2 1
155 46.5 0
193 91.5 0
130 86.7 0
123 53.3 0
142 58.5 0
186 98.7 0
117 51.9 0
165 71.8 0
116 92.1 1
132 76.9 0
181 46.8 0
122 46.3 0
153 46.5 0
134 70.2 0
167 98.5 0
136 46.5 0
146 46.4 0
137 98.9 0
148 46.4 0
148 98.9 0
104 98.7 1
102 98.7 1
91.4 66.4 1
153 98.6 0
139 98.9 0
142 45.9 0
183 82.7 0
129 91.8 0
158 58.2 0
157 56.2 0
177 49.4 0
176 51.9 0
101 48.5 1
160 52.8 0
122 97.3 0
107 64.7 1
195 66.1 0
103 74.7 1
110 59.9 1
113 60.4 0
125 78.4 0
98.3 98.7 1
139 84.9 0
143 65.4 0
130 53.8 0
130 56.2 0
186 88.3 0
113 86 1
92.1 53.1 1
181 98 0
128 98.7 0
136 66.3 0
130 98.7 0
141 92.6 0
158 73 0
158 98.1 0
156 96.7 0
139 45.9 0
92.1 46.3 1
116 49.2 0
141 51.5 0
106 48.8 1
126 50.5 0
180 62 0
163 55.8 0
92.7 94.7 1
95 70.2 1
