18.7 58.7 0
16.4 52.9 0
18.1 46.9 0
18.9 87 0
47.8 12.1 0
29.7 26.7 0
23.6 39.2 0
21.3 35.9 0
30.7 43.8 0
21.3 25.7 0
24.4 49.9 0
44.8 48.7 0
44.3 51.3 0
41.7 46.8 0
46.9 75.5 4
30.8 71.3 0
52 13.9 0
84.8 48.7 4
84.3 51.3 4
81.7 46.8 4
61.5 88.9 4
69.9 87 4
66 90.8 4
114 13.7 4
91.3 26.9 4
91.3 28.1 4
113 43.8 4
123 28.2 4
123 26.9 4
91.5 63.2 4
123 46.9 4
105 71.6 4
129 2.93 4
135 34.7 4
159 93.2 1
188 3.93 4
161 13.3 4
179 39.6 4
181 65.1 4
188 64.9 4
168 80.1 0
9.63 24.4 0
3.18 38 0
18.7 56.9 0
12.4 97.2 4
39.5 95.2 4
32.6 71.3 0
54.6 90.7 4
108 19.5 4
94.6 65.2 4
103 89.9 4
149 34.6 4
126 76.9 4
161 48.7 4
161 47.5 4
2.08 25.4 0
6.6 74.8 0
48.9 22.6 0
27.8 64.8 0
48.9 77.6 4
72.7 4.83 0
51.4 7.73 0
70.7 43.8 4
88.9 22.6 4
52 44 0
57.4 27.1 0
82.4 71.1 4
101 13.8 4
108 22.4 4
158 27.6 4
158 26.3 4
127 27.6 4
127 26.3 4
151 60.4 4
158 73.9 0
194 13.5 4
162 44 4
187 88.9 4
5.85 1.4 0
12.6 89 0
22.2 19.2 0
21 17.2 0
34 43.2 0
48.4 59.1 4
31 46.1 0
47.8 99 4
74.6 9.3 0
68 1.6 0
89.1 1.6 0
53.3 2.28 0
72.5 43.8 4
76.4 49.3 4
91.8 0.95 0
91 17.2 4
110 96.3 0
101 94.1 4
91 72.2 4
91.8 99 4
156 65.1 4
159 72.2 0
162 0.95 4
183 48.9 4
197 74.5 0
18.3 27.4 0
18.3 28.7 0
4.48 90.6 0
32 13.4 0
26.9 49.7 0
34.9 65.3 0
30.6 52.7 0
48.4 57.3 4
32.7 46.1 0
26.2 66.5 0
84.4 13.6 4
66.2 1.6 0
72.3 53.9 4
88.7 59.1 4
93.4 8.48 4
101 91.1 4
135 28 4
156 95.2 1
164 2.3 4
176 40.1 4
3.95 36.1 0
12.8 79.2 0
28.1 10.6 0
33.8 13.4 0
23.9 8.45 0
48.6 38.9 0
87.1 18.4 4
88.6 38.9 4
62.4 19.1 0
66.8 65.1 4
88.7 57.3 4
67.2 95.1 4
93.8 98 4
124 88.4 0
137 6.95 4
149 27.9 4
130 35.1 4
151 58 4
17.5 13.9 0
18.8 13.9 0
48 0.95 0
36.2 49.3 0
25.1 85.1 0
52 0.95 0
57.1 41.6 4
52 69 4
71.1 46.4 4
81.3 59.7 4
86.6 73 4
52 99 4
123 13.9 4
124 13.9 4
115 49.3 4
124 58.4 4
108 87.2 4
92.5 74.1 4
124 86.6 0
126 8.38 4
159 59.1 4
192 13.5 4
161 7.75 4
162 69 0
162 99 1
10.3 26.7 0
10.8 97.2 4
18.7 75.4 0
31.5 26.2 0
47.1 18.3 0
49.1 17.2 0
25.1 92.1 4
47.8 70.9 4
54.3 9.28 0
87.8 2.75 0
54.9 1.33 0
71.7 26.3 4
89.1 17.2 4
74.7 65.3 4
68.4 53.5 4
72.8 46.4 4
74.7 94.8 4
87.8 70.9 4
72.7 74.5 4
104 37.8 4
99.6 38.7 4
91.5 59.2 4
124 56.6 4
120 54.3 4
114 62.4 4
159 57.3 4
159 89.2 1
164 37.4 4
175 27.4 4
176 88.8 0
3.93 2.43 0
18.8 44 0
17.5 44 0
48.7 9 0
48.9 25.8 0
44.6 43.7 0
45.7 72.2 4
51.4 6.03 0
73.2 24.7 4
68.6 36.6 4
88.9 25.8 4
84.1 16.2 4
84.6 43.7 4
123 44 4
124 44 4
91.5 57.4 4
104 98.5 4
155 35.2 4
135 50.5 4
129 61.6 4
129 91.5 1
159 87.4 1
10.7 49 0
40.7 4.2 0
32.9 24.6 0
48.6 37.2 0
88.6 37.2 4
60 49.3 4
88.8 76 4
136 4.3 4
130 57.1 4
159 75.6 0
130 87.1 1
183 54.8 4
168 52.5 4
44.1 16.1 0
21.3 20.9 0
45.5 88.5 4
53.3 17.8 0
54.9 16.9 0
52 15.9 0
51.3 20.8 0
53.3 72.8 4
54.9 71.9 4
52 70.9 4
51.3 75.8 4
124 20.5 4
135 7.75 4
198 4 4
186 21.3 4
179 32.6 4
163 17.7 4
165 16.8 4
162 15.9 4
161 20.7 4
163 72.8 0
165 71.9 0
162 70.9 0
161 75.8 0
11.5 56 0
24.1 65.6 0
44 71.3 4
59.3 24.9 0
69.5 32.4 4
111 23.6 4
105 35.1 4
122 36.3 4
102 65.7 4
118 88.5 0
153 89.8 1
183 5.05 4
165 1.35 4
178 23.8 4
165 46.2 4
18.1 1.6 0
19.4 1.6 0
11 41.3 0
17.5 69 0
18.8 69 0
0.9 98.9 0
17.5 99 4
18.8 99 4
41.9 8.05 0
21 47.5 0
21 46.3 0
63.3 40.7 4
123 0.95 4
124 0.95 4
123 69 4
124 69 4
91 47.5 4
91 46.3 4
123 99 1
124 99 1
126 6.68 4
126 20.3 4
159 20.3 4
126 47.5 4
126 46.3 4
159 47.5 4
159 46.3 4
151 79.6 0
178 4.15 4
161 6.05 4
179 21.3 4
183 77.5 0
185 79.7 0
44.7 13.9 0
28.5 36.3 0
44.7 68.9 4
84.7 68.9 4
84.7 98.9 4
111 28.6 4
91.5 75.8 4
98.2 99 4
115 81.5 4
148 65.8 4
148 95.8 1
186 48.7 4
8.73 8.8 0
3.55 49.6 0
9.35 66.1 0
24.5 31 0
21.1 75.3 0
84.7 1.15 0
134 5.1 4
165 60.1 4
1.63 30.3 0
29 33.8 0
88.7 5.85 0
54.2 53.1 4
129 78.2 0
196 5.1 4
17.5 15.9 0
18.8 15.9 0
1.25 33.1 0
11.5 59.7 0
25.5 41.5 0
41.1 40.7 0
49.1 47.5 0
49.1 46.3 0
53.6 13.9 0
80.2 10.4 0
54.1 37.4 0
89.1 47.5 4
89.1 46.3 4
105 19.4 4
123 15.9 4
124 15.9 4
101 99 4
123 70.9 4
124 70.9 4
117 73.7 4
138 65.1 4
134 65.3 4
188 10.3 4
199 10.5 4
27.2 31.1 0
103 5.58 4
118 58.5 4
141 36.7 4
144 36.7 4
144 34.5 4
141 34.5 4
152 52.2 4
143 79.4 0
126 75.3 4
172 10.4 4
175 32.1 4
163 27.2 4
197 49.5 4
175 59.4 4
38.4 35.7 0
48.9 21 0
24.6 57.5 0
48.9 76 4
53.6 44 0
88.9 21 4
84 71.1 4
118 95.8 1
113 86.2 4
140 7.6 4
134 21.8 4
151 21.8 4
133 19.2 4
152 19.2 4
178 18.9 4
164 44 4
162 94.9 1
15.8 36.9 0
32.2 95.4 4
72.7 22.9 4
80.8 40.7 4
98.2 19.1 4
117 30.6 4
117 77.1 4
113 82.6 4
142 37.9 4
199 1.1 4
175 95 0
1.45 1.03 0
2.58 66 0
7.78 92.8 0
81.4 6.55 0
98.4 1.03 0
93.7 31.8 4
38.9 40.2 0
116 31.9 4
169 4.35 4
186 23.8 4
1.3 95.8 0
40.4 57.1 0
39.3 60.4 0
59 4.45 0
53.6 69 4
121 78.6 4
143 5.5 4
139 95.2 1
134 95.4 1
171 19.6 4
179 26.1 4
176 51.6 4
164 99 1
199 98.9 4
188 74.1 4
23.3 41.7 0
33.2 32.7 0
34.3 34.6 0
101 1.03 4
113 19.4 4
103 86.2 4
97.5 91.8 4
145 6.75 4
164 9.43 4
169 20 4
171 64.7 4
187 83.1 0
185 85.1 0
7.15 23.5 0
32.6 22.7 0
29.8 19.2 0
78.6 40.2 4
78 35.6 4
57.3 67.7 4
110 4.03 4
97.4 87 4
98 89.9 4
144 10.5 4
186 2.3 4
171 74.5 0
198 96.2 4
19.4 47.5 0
19.4 46.3 0
16.3 48.8 0
52.8 63.7 4
58.8 75 4
64.2 83.6 4
64.5 80.5 4
62.1 74.8 4
102 4.13 4
94.8 53.5 4
121 48.8 4
124 47.5 4
124 46.3 4
102 49 4
150 6.53 4
151 10.6 4
178 10.6 4
197 10.2 4
163 24.9 4
174 64.7 4
169 75 0
15.7 55.6 0
15.6 92 0
27.5 4.03 0
54.5 11.7 0
80.6 4.2 0
86.2 34.9 4
58.9 19.9 0
59.1 79.3 4
61.5 79.4 4
61 84.9 4
57.2 81.3 4
118 10.6 4
112 7.93 4
110 9.2 4
119 42.4 4
113 37.1 4
103 53.3 4
98.4 82.1 4
100 79.6 4
100 85.2 4
114 79.1 4
142 10.8 4
142 57.6 4
172 2.7 4
182 10.5 4
165 41.8 4
200 30.1 4
182 85.4 0
180 84.7 0
27.7 20.1 0
32.1 37.7 0
39.4 27.8 0
85.3 86.7 4
81.8 93.3 4
115 7.4 4
118 24.1 4
109 66.4 4
94.1 85.5 4
110 78 4
103 79.2 4
144 49.6 4
196 40.8 4
186 41.2 4
190 97.2 4
177 74.5 4
10.7 32.8 0
2.7 93 0
40.9 10.6 0
40.7 66 4
77.4 12.1 0
87.6 32.4 4
52.3 46.8 0
85.8 82.9 4
99 41 4
121 41.4 4
106 40.8 4
105 47.8 4
94.3 81.6 4
106 80.1 4
139 33 4
138 58.8 4
186 18.9 4
196 29.4 4
195 37.1 4
192 35.5 4
173 54.8 4
15.6 10.8 0
5.68 41.1 0
15.4 80 0
36.8 97.4 4
37.1 74.2 4
24.2 79.4 0
33.2 74.7 0
61.5 4.73 0
80.7 66 4
80.6 95.7 4
109 36.5 4
115 34.8 4
106 85.4 4
149 38.4 4
136 38.4 4
146 32.9 4
129 23.9 4
156 23.9 4
192 19.2 4
178 58.9 4
164 97 1
15.7 60.8 0
2.08 86.9 0
38.3 10.2 0
46.3 35 0
26.6 78.2 0
79.3 27.7 4
67.7 74.8 4
121 10.8 4
118 2.8 4
115 40.9 4
107 34.3 4
96.8 99 4
128 31.3 4
139 29.6 4
156 53.3 4
156 80.3 0
164 53.3 4
175 49.2 4
167 94.3 1
183 74.6 4
166 92 1
18.1 51.7 0
22.6 53 0
47.3 53.3 4
37.7 67.6 4
38.2 46.8 0
22.7 82.4 0
68.6 18.8 0
87.3 53.3 4
78.2 46.8 4
53.9 82.6 4
116 4 4
108 40.8 4
123 51.7 4
118 46.9 4
92.9 83.3 4
151 4.1 4
150 40.8 4
135 40.8 4
146 29.5 4
128 53.3 4
128 83.3 0
164 82.6 0
15.3 26.1 0
47.7 32.5 0
34.7 29.9 0
41.6 63.5 4
77.6 67.6 4
77.5 97.3 4
81.7 77.5 4
94.3 56.1 4
117 65.9 4
98.3 75.2 4
121 90.3 1
137 17.8 4
148 17.8 4
134 24 4
151 24 4
167 12.9 4
194 17.9 4
181 28.1 4
7.73 29.3 0
16.3 41.5 0
15.5 96 4
59.6 63 4
57.2 60.6 4
96.7 6.08 0
102 8.1 4
103 28.3 4
117 19.4 4
96 34.8 4
121 96 1
107 82.2 4
140 17.8 4
145 17.8 4
157 31.5 4
144 27.4 4
141 27.4 4
140 55.2 4
132 80.5 0
167 38 4
193 49.5 4
182 97.1 4
185 97 4
10.6 4.28 0
36.2 28.3 0
27.2 47.3 0
42.5 78.3 4
78.5 3.05 0
69.7 4.63 0
67.9 10.2 0
74.2 34.4 4
81.9 63.5 4
150 74.7 0
163 38.9 4
182 17.6 4
170 67.3 4
15.6 4.13 0
12.4 12.2 0
11.7 74 0
33.9 49.2 0
45.2 56.6 4
73.1 32.5 4
74.2 49.5 4
97.2 67 4
121 73.7 4
144 83.5 1
197 97.3 4
15.3 33.4 0
15.7 66.2 0
13.5 67.1 0
85.5 56.7 4
54 66.8 4
121 4.05 4
169 48.9 4
13.1 42.8 0
1.1 58 0
13.4 46.9 0
38.7 3 0
23.5 47.5 0
61.1 11.9 0
72.2 37.6 4
62.3 67.3 4
67 49.5 4
62.6 47.5 4
57.2 97.4 4
62.6 97.6 4
97 1.03 0
96.4 17.9 4
153 67.8 0
129 49.9 4
157 83.3 0
153 97.8 1
171 42.4 4
184 90.3 4
198 92.1 0
9.83 11.2 0
8.68 47.8 0
4.6 86.4 0
16.7 93.9 4
18.1 72.3 0
15.6 85.6 0
17.3 82.8 0
26.7 12.8 0
41.9 24.9 0
44 83.2 4
42.4 83.6 4
40.3 86.8 4
47.6 85.4 4
54.5 41.8 0
62.1 42.8 4
81.9 24.9 4
77.2 76.1 4
76.8 77.7 4
73.3 77 4
52.8 93.4 4
74.1 72.9 4
121 54.1 4
123 93.2 1
123 77.7 4
156 55.7 4
168 67.3 4
180 54.6 4
187 92.6 4
4.73 95.8 0
23.4 11.8 0
30.2 10.1 0
32 4.5 0
46.2 81.5 4
74.3 2.95 0
65.5 40.8 4
78.5 73.8 4
101 67.1 4
96.5 64.6 4
127 59.8 4
127 89.7 1
180 3.03 4
186 31.7 4
189 32.8 4
199 42 4
177 67.5 4
163 63.6 4
170 87 0
199 73.1 0
171 85.5 0
174 86.5 0
56.7 39.7 4
52.4 32.9 0
74.6 29.7 4
52.4 51.8 4
93.5 23.1 4
153 12 4
153 3.03 4
154 42.2 4
131 42.2 4
133 59.6 4
131 48.7 4
141 82.7 0
190 10.2 4
184 42.4 4
181 42.1 4
195 48.2 4
194 66.8 4
7.88 42.3 0
10.2 52.4 0
17.6 63.4 0
46.6 47.5 0
22.8 63.4 0
43 89.1 4
63.6 9.88 0
59.2 11.9 0
63.3 17.3 0
76.2 28.1 4
86.6 47.5 4
100 6.65 0
96.7 42.2 4
150 67.3 0
154 64.5 4
133 74.3 4
150 97.3 1
164 11.8 4
176 42.5 4
199 17.9 4
169 42.4 4
188 29.1 4
182 66.9 4
171 97.1 0
2.63 1.03 0
14.6 20.9 0
8.8 72.9 0
36.2 5 0
25.9 68.6 0
25.7 46.3 0
52.6 29 0
58.3 42.9 4
54.5 26.5 0
76.4 55.3 4
65.3 48.1 4
65.1 66.7 4
65.4 96.9 4
107 2.53 4
117 38.9 4
134 31.9 4
154 94.6 1
163 29.1 4
197 22 4
186 66.8 4
197 81.1 0
193 97.7 4
193 81.6 0
5.28 47.8 0
3.53 73.2 0
1.38 73.2 0
68.2 25.7 0
107 5 4
102 25.6 4
107 58.5 4
106 53.9 4
118 83.7 0
157 11.1 4
132 35.3 4
141 76.9 0
189 2.78 4
176 2.08 4
180 12 4
162 32.9 4
172 90.2 0
181 73.1 4
7.83 67.7 0
13.2 51.1 0
15.1 51.8 0
42.6 45.6 0
23.3 94.1 4
26.4 97.2 4
82.6 45.6 4
105 60.5 4
136 66.6 4
145 77 0
191 67.3 4
177 96.7 0
10.3 36.3 0
13.3 36.9 0
47.1 93.4 4
55.3 32.4 0
79.6 57 4
73.1 60.3 4
72.3 57.6 4
95.8 3.55 0
93.3 41.4 4
102 63.2 4
101 73.2 4
103 74.8 4
106 97.2 4
156 41.1 4
129 41.1 4
132 29.2 4
142 67.2 4
144 67.2 4
151 49 4
142 97.2 1
144 97.2 1
156 85.9 1
162 46.8 4
195 72.6 4
195 90.6 0
169 97.1 0
192 89.6 0
13.7 3.18 0
0.15 48.1 0
0.65 67.6 0
23.2 3.2 0
52.5 38.9 0
66.3 17.7 0
67.1 22.2 0
77.4 60.3 4
59.8 92.9 4
57.1 90.3 4
110 48.1 4
106 67.3 4
151 31.9 4
153 35.4 4
133 89.6 1
192 2.45 4
184 34.2 4
182 34.3 4
179 37.1 4
189 61.9 4
163 61.5 4
17.7 23.5 0
3.55 52.1 0
28.2 62.3 0
30.6 67.2 0
38.5 80.4 4
41.6 97.1 4
30.5 81.2 0
35.7 83.4 4
34 83.7 4
73.6 6.7 0
77.9 52.6 4
76.7 51.4 4
121 65.8 4
121 60.2 4
107 88.7 4
99.5 99 4
149 63.3 4
149 93.3 1
172 47.1 4
6.15 77.3 0
33.4 66.9 0
22.4 60.3 0
34.9 62.8 0
35.5 88.6 4
36.9 89.7 4
34.1 87.2 4
30.5 88.8 4
34.2 96.7 4
79.6 81.5 4
76.5 84.5 4
93.6 3.48 0
94.2 7.7 0
113 48.1 4
104 90.5 4
153 29.3 4
144 60.3 4
147 60.3 4
150 56.7 4
167 31.8 4
166 32.5 4
191 54.5 4
163 56.2 4
187 58.9 4
4.43 67.2 0
27.1 58.1 0
23.7 67.6 0
22.9 89.3 0
70.6 12 0
53.1 57.8 4
70.4 67.3 4
53.1 87.8 4
71 72.9 4
70.1 82.5 4
70.5 97.1 4
78.7 89.4 4
77.2 88.4 4
93.3 18.4 4
121 37.8 4
157 3.78 4
136 48.1 4
170 28.4 4
177 47.1 4
163 87.8 1
190 72.6 4
10.7 39.4 0
41.9 2.45 0
27.3 8.7 0
23.1 29.2 0
47.5 27.5 0
25 26.7 0
42.6 52 0
37.8 52.6 0
41.3 53.3 0
36.5 51.4 0
43 48.1 0
23.3 55.6 0
23.2 86.5 0
39.2 83.6 4
31.6 92.9 4
27.6 85.1 0
73.2 11.3 0
66.1 33.7 4
61.4 37.9 4
62.4 39.4 4
87.5 27.5 4
82.6 52 4
65.8 56.2 4
65.8 62.6 4
68.6 60.1 4
73.3 66.9 4
81.3 53.3 4
67.2 54.8 4
57.5 46.8 4
83 48.1 4
61 59.4 4
61.4 55.7 4
60.3 53.2 4
52.7 55.1 4
73.4 96.7 4
76.3 81.1 4
72.1 80 4
52.7 85.1 4
72.2 86.7 4
66.2 92.6 4
121 24.8 4
114 18.1 4
109 17.6 4
117 51.9 4
114 53.1 4
115 57.6 4
119 53.2 4
112 55.5 4
109 55.8 4
159 28.1 4
159 26.9 4
126 28.1 4
126 26.9 4
128 55.2 4
139 62.6 4
140 48.1 4
134 57.1 4
136 73 4
128 85.2 0
136 96.7 1
175 38.2 4
173 36.8 4
161 26.3 4
177 81.2 0
172 83.4 0
163 85.1 0
0.125 1.03 0
1.23 27.6 0
22.3 33.1 0
24.3 96.3 4
39.5 92.7 4
29.6 97.6 4
74.7 62.8 4
74.7 92.3 4
74.7 90.2 4
109 61.9 4
107 92.4 4
102 92.7 4
101 96.1 4
149 73.1 0
140 73 0
165 12.9 4
3.65 6.98 0
9.43 62.7 0
8.5 64.5 0
27.6 91.8 4
47.1 91.3 4
57.4 28.9 0
57.1 30.4 0
53.1 96.6 4
123 39.5 4
123 63 4
145 73.1 0
191 27.6 4
193 26.3 4
181 47.1 4
193 92.8 4
192 94.3 4
17.5 8.33 0
7.08 19.2 0
3.63 57.4 0
2.58 63.5 0
12.5 99 4
10.3 89.3 0
25.1 2.25 0
29.3 2.73 0
116 67.9 4
94.2 93.1 4
116 72.1 4
117 98 1
143 3.6 4
134 11.3 4
131 61.2 4
131 68 4
131 91.2 1
131 98 1
163 66.8 4
196 77 0
191 79.2 0
78.6 17 4
57.9 36.7 0
99.7 1.03 0
123 8.25 4
92.3 6.13 0
123 76.1 4
168 88.9 0
3.23 80.1 0
63.5 22.3 0
63.1 20.8 0
87.9 81.6 4
121 30.4 4
109 74 4
157 8.28 4
136 53.1 4
158 52.1 4
127 64.6 4
144 90.2 1
127 94.6 1
147 90.2 1
193 4.65 4
185 12.7 4
172 25.7 4
17.1 35.4 0
38.5 17 0
46.5 96.4 4
52.1 81.3 4
86.1 92.5 4
54.7 97.6 4
92.2 20.9 4
118 17.5 4
112 21.9 4
140 92.7 1
134 87.2 1
170 37.3 4
162 81.3 0
164 91.6 1
163 94 1
18.1 39 0
26.9 5.9 0
38.5 72.1 4
110 11.3 4
92.7 38.6 4
92.9 52.1 4
128 38.3 4
157 38.3 4
173 33.4 4
162 51.8 4
165 67.8 4
175 92.5 0
11.6 80.3 0
1.88 83.1 0
22.4 7.7 0
35.6 19.2 0
46.4 25.8 0
75.6 19.2 4
86.4 25.8 4
58.2 66.4 4
116 12.8 4
95.9 32 4
105 36.6 4
98.5 37.4 4
184 52.7 4
199 46.9 4
169 53.8 4
17.5 6.63 0
10.9 99 4
7.5 79.8 0
13.1 72.4 0
40.7 6.7 0
37.7 42 0
77.7 42 4
62.7 33.8 4
77.8 19.3 4
55.8 52.9 4
57.5 52.1 4
52.2 48.7 0
102 51.6 4
123 81.9 0
115 87.4 0
172 12.4 4
186 72.7 4
11.9 17.3 0
44.2 45.6 0
27.5 74 0
63.6 2.7 0
84.2 45.6 4
104 3.73 4
123 6.55 4
108 30.3 4
114 61.1 4
142 41.6 4
136 83.5 0
164 39.9 4
9.98 6.15 0
9.98 8 0
0.2 77.5 0
36.4 12.3 0
45.9 7.55 0
37.8 19.2 0
61.8 25.5 0
64.4 30.8 0
65.3 28 0
65.3 29.2 0
81.2 23 4
92.4 35.9 4
157 6.58 4
128 36.6 4
157 36.6 4
156 48.8 4
150 86.6 1
183 6.9 4
182 8.6 4
173 17.2 4
168 62.9 4
173 72.2 0
45.7 62.4 4
73.2 41.3 4
63.1 72.9 4
92.5 30.3 4
103 23.1 4
105 21.9 4
128 66.7 4
148 47.1 4
147 82.3 0
128 96.7 1
188 7.68 4
175 12.7 4
193 21.7 4
168 56.9 4
187 46.9 4
167 58.9 4
6.55 2.55 0
17.7 21.9 0
8.13 53.7 0
5.98 54 0
41.2 22.9 0
44 97.5 4
57.1 2.18 0
81.6 12.4 0
58.6 33.2 0
86.1 62.4 4
94.1 48.8 4
111 97.9 0
146 47.8 4
134 62.8 4
150 81.7 0
184 21.2 4
181 21.2 4
170 32.4 4
174 62.2 4
0.1 8.75 0
9 17.7 0
15.1 18.5 0
22.4 6 0
48.9 80.7 4
84.5 34.7 4
52.8 35.9 0
70.3 21.9 0
79.4 71.1 4
105 17.5 4
101 16.2 4
116 28.9 4
128 17.3 4
157 17.3 4
154 46.9 4
154 73 0
177 23.9 4
176 17.6 4
190 46.3 4
176 72.6 4
1.5 97.7 0
6.1 98.4 0
7.88 85.8 0
8.15 84.1 0
8.73 82.5 0
46.9 2.95 0
40.3 34.5 0
47.7 67 4
87.7 67 4
87.7 97 4
98.6 21.6 4
121 84.3 0
137 2.48 4
142 86.5 1
131 78.2 0
195 19.1 4
187 79.3 0
17.6 31.5 0
18.1 77.5 0
41.9 36.4 0
41.1 38.2 0
33.2 60.4 0
23 72.3 0
80.2 7.9 0
86.5 11.7 4
57.3 17.5 0
86.4 31.5 4
82.5 31.8 4
57.3 72.5 4
114 30.3 4
122 18.1 4
116 75.4 4
131 2.8 4
148 12.8 4
131 12.4 4
140 2.13 4
139 21.7 4
146 21.7 4
136 21.7 4
149 21.7 4
135 19.1 4
150 19.1 4
146 54.6 4
138 80.2 0
138 87.9 1
168 11.7 4
167 17.4 4
187 17.6 4
194 56 4
193 59.7 4
197 55.3 4
193 51.4 4
194 61.3 4
196 62.5 4
167 72.5 0
182 91.4 4
8.43 2.55 0
26.2 18.2 0
41.8 42.5 0
42.7 32 0
81.8 42.5 4
81.9 16.8 4
53.4 30.4 0
66.1 73.3 4
111 2.38 4
123 32.6 4
96.9 46.9 4
145 12.4 4
131 17.6 4
154 17.6 4
167 9.28 4
173 6.38 4
172 7.93 4
164 30.5 4
163 35.9 4
167 25.2 4
197 51.9 4
167 46.8 4
165 97.1 1
4.63 3.58 0
0.075 87.2 0
21.1 0.95 0
21 13.9 0
44.6 34.8 0
27.5 42.7 0
36.8 54.7 0
30.7 56.8 0
33.6 55.2 0
35.3 54.9 0
37.3 60.5 0
88.2 78.2 4
91 13.9 4
111 67.8 4
110 72.5 4
117 93.2 1
103 97.1 4
159 13.9 4
126 13.9 4
135 13.1 4
127 18.2 4
158 18.2 4
150 53.4 4
157 78.4 0
199 2.28 4
190 16.3 4
167 41.6 4
190 51.9 4
188 51.1 4
189 76.6 0
193 84.1 0
8.45 13 0
5.48 60.2 0
7.65 60.2 0
45.3 2 0
30.1 21.7 0
41.9 16.7 0
21.3 23.7 0
46.8 68 4
81.6 36.5 4
80.8 38.2 4
51.9 23 0
86.8 68 4
54.6 46.8 0
75.1 73.8 4
51.9 78 4
86.8 98 4
104 42.9 4
101 42.6 4
123 22.7 4
91.9 25.5 4
96.6 53.2 4
98.4 53.4 4
93 94.9 4
96.4 73.2 4
115 98 1
119 73.7 4
141 6.3 4
140 13 4
129 11 4
134 92.9 1
128 72.3 4
196 3.38 4
180 18.8 4
194 42.6 4
162 22.9 4
162 78 0
13.5 55.5 0
47.3 5.9 0
46.5 31.6 0
21 44 0
47.4 64 4
41.8 71.9 4
22 73.2 0
67.6 42.7 4
87.4 64 4
53.6 65 4
87.4 94 4
91 44 4
114 67.9 4
92.2 89.5 4
113 72.5 4
144 8.13 4
126 44 4
159 44 4
171 3.95 4
199 6.5 4
168 2.6 4
176 5.65 4
192 86.8 0
197 85.2 0
3.55 42.9 0
0.4 42.6 0
13.3 96 4
13.4 91.7 0
30.3 17.4 0
22.3 38.6 0
38.9 37.7 0
26 72.7 0
66.4 12.1 0
80 34.4 4
70.3 17.4 0
58.1 96.2 4
82.8 88.1 4
106 12.9 4
95.3 22.7 4
97 23.5 4
100 46.9 4
95.8 86 4
92.2 86.2 4
127 23.1 4
158 23.1 4
169 6.85 4
199 97.7 4
1.65 17.8 0
3.8 17.8 0
15.6 72.7 0
41.9 12.6 0
49.1 13.9 0
33.6 2.93 0
28.1 22.6 0
46.8 41.8 0
34 16.1 0
41.4 29.3 0
41.9 67.6 4
58.1 8.6 0
78.5 10.9 0
59 6.95 0
85.6 7.25 0
89.1 13.9 4
54.1 39.9 0
85.7 20.4 4
86.8 41.8 4
74 16.1 0
81.9 67.6 4
84.1 82.5 4
82.5 81.7 4
88.7 89.8 4
81.9 97.6 4
102 2.28 0
97.1 13 4
111 93.2 0
119 77.1 4
113 92 0
92.7 78.6 4
120 77.3 4
141 8.88 4
148 1.93 4
151 8.03 4
149 42.7 4
136 42.7 4
131 72.6 4
178 8.03 4
172 21.3 4
183 28.2 4
173 22.6 4
180 80.5 0
181 78.6 0
197 88 0
186 81.6 0
183 84.8 0
179 83.5 0
13.4 11 0
11.9 75.7 0
12.8 77.3 0
32.3 41.2 0
37.4 75.9 4
38.3 77.5 4
37.9 96.1 4
22.4 78.1 0
31.8 77.2 0
82.7 1.93 0
87.5 87.3 4
84.6 74.4 4
102 11.4 4
111 12.6 4
114 2.15 4
109 3.7 4
106 23.6 4
105 25.4 4
111 43 4
110 64.5 4
99.1 65.6 4
112 79 4
99.6 83.9 4
145 1.08 4
140 43.9 4
145 43.9 4
144 52.1 4
127 73.2 4
186 37.6 4
190 43.8 4
169 22.5 4
185 39.3 4
196 65.5 4
1.03 12.8 0
4.78 13.9 0
13.1 33.4 0
18.3 88.8 0
30.4 36.9 0
45.7 20.3 0
49.1 44 0
21 69 0
21 99 4
87.4 9.78 4
89.1 44 4
78.6 37.7 4
55.6 66.9 4
67 84.8 4
66.7 80 4
65.3 84.5 4
80.6 91.9 4
119 4.05 4
111 6.63 4
94 11.6 4
108 6.18 4
109 7.9 4
95.3 6.93 4
105 38.9 4
114 35.7 4
114 39.1 4
91 69 4
106 72.8 4
126 0.95 4
159 0.95 4
154 52.9 4
159 69 0
126 69 4
159 63.1 4
159 99 1
126 99 1
186 26.8 4
188 23.9 4
186 25.6 4
191 23.9 4
165 53.1 4
172 54.9 4
184 61.4 4
171 77 0
174 80 0
177 77 0
14 41.6 0
4.6 39.2 0
17.5 46.9 0
13.5 60.5 0
16.9 50.6 0
14.4 48.1 0
16.4 54.1 0
18.1 58.7 0
18.3 87.1 0
46.9 11.9 0
27.5 26.1 0
29.6 42.7 0
21.3 25.1 0
22.6 35.9 0
46.3 28.1 0
46 52.2 0
23.9 51.9 0
38.8 66.4 4
39.3 48.1 0
40.5 48.1 0
23.9 81.3 0
45.6 75.5 4
30.1 71.3 0
50.8 13.9 0
51.9 24.4 0
86.3 28.1 4
81.3 29.2 4
86 52.2 4
61.3 66.1 4
79.3 48.1 4
80.5 48.1 4
61.6 48.7 4
61.6 96.3 4
68 77.3 4
64.1 81.8 4
60.7 86.8 4
62 78.1 4
63.2 90.1 4
55.2 81.5 4
69.1 88.5 4
58.8 77.5 4
62.9 76.5 4
60.9 74.1 4
67.7 89.9 4
116 5.88 4
114 12.8 4
119 37.8 4
91.9 28.1 4
91.9 26.9 4
114 42.7 4
98.4 29.9 4
99.4 28.1 4
99.4 26.9 4
122 28.8 4
122 26.3 4
123 46.9 4
122 50.6 4
119 48.1 4
91.5 63.3 4
103 88 4
129 4.03 4
137 33.7 4
129 52.2 4
151 66.6 0
129 82.2 0
151 96.6 1
159 93.2 1
197 7.6 4
161 13.9 4
181 3.9 4
177 26.2 4
180 61.4 4
166 82.4 0
167 81.6 0
169 77.5 0
12.6 21.7 0
5.85 24.7 0
11.4 23 0
3.98 25.3 0
1.13 38.4 0
18.1 57 0
7.15 49 0
4.88 74.4 0
32.9 36 0
30.8 33.4 0
32.7 72.6 0
28 79.3 0
58.9 22.4 0
59.2 41.6 4
61.1 41.5 4
61 18.9 0
78.7 66.3 4
78.6 96.1 4
58.8 84 4
57.5 82.7 4
117 8.7 4
99.4 13 4
118 41.3 4
101 58.2 4
97.9 56.9 4
96.1 56.6 4
122 91.7 1
150 37 4
135 37 4
148 33.6 4
127 78.1 4
192 33 4
199 34.8 4
194 30.2 4
196 35.8 4
185 57 4
163 49.3 4
190 83.4 0
186 87.2 0
0.825 24.7 0
9.75 95.7 0
23.7 9.95 0
48.9 23.8 0
48.9 78.8 4
52.6 7.73 0
65.9 38.9 4
67 37.3 4
69.7 42.7 4
88.9 23.8 4
50.8 44 0
81.2 71.1 4
117 21.1 4
117 36 4
108 38.3 4
115 25.6 4
118 22.7 4
117 25 4
99.7 62.2 4
98.4 63.2 4
119 89.9 0
99.2 93.2 4
156 28.2 4
156 25.7 4
129 28.2 4
129 25.7 4
139 31.6 4
137 29.2 4
157 73.5 0
191 3.6 4
195 13.5 4
161 44 4
195 38.9 4
196 27.4 4
190 35.9 4
190 65.7 4
179 66.1 4
189 89 4
16.5 24.3 0
29 28 0
23.1 18.8 0
21 15.9 0
27.8 29.2 0
34.7 42.1 0
29 65.8 0
48.4 59.8 4
30.3 46.1 0
34.9 74.2 0
49.1 99 4
76.1 10.2 0
68.1 2.38 0
52.9 3.05 0
89.1 0.95 0
72.4 43.1 4
53 47.4 0
101 29.2 4
91 15.9 4
101 31 4
98.6 77.7 4
91 70.9 4
96.2 82.3 4
99 86.1 4
100 90.1 4
153 41 4
132 41 4
145 31.5 4
148 29.1 4
133 49.9 4
159 70.9 0
161 0.95 4
176 59.4 4
179 74.4 4
16.2 8.95 0
8.88 27.4 0
17 26.8 0
7.43 34.9 0
5.73 28.1 0
4.48 28.1 0
3.23 29.4 0
17 29.3 0
5.28 35.8 0
16.4 61.9 0
30.9 12.3 0
47.1 57.2 4
23.9 61.9 0
40.4 62.1 4
42.7 56.8 4
32.7 46.7 0
28.1 52.1 0
32.5 51.6 0
35.3 95.9 4
63.4 8 0
62.3 6.6 0
68.6 6.5 0
83.9 12.8 4
65.5 2.7 0
67.6 8.33 0
88.7 59.8 4
73.8 52.2 4
85.7 85 4
108 49.3 4
99.9 74.5 4
103 77.3 4
139 19.1 4
146 19.1 4
132 23.9 4
153 23.9 4
152 62 4
163 3.18 4
199 24.7 4
164 55.1 4
176 87.1 0
178 85.8 0
181 87.4 0
184 95.5 4
2.85 34.7 0
36.5 6.88 0
37.6 8.28 0
33.7 12.6 0
47.7 39.9 0
40.5 26.6 0
24.3 91 4
69.4 11.2 0
68.9 28.1 4
85.9 18.3 4
87.7 39.9 4
67.6 29.4 4
67.8 31.1 4
80.5 26.6 4
54.3 59.1 4
68.8 65.8 4
87.4 57.3 4
83 58.1 4
54.3 89.1 4
68.9 95.6 4
69.7 74.1 4
91.1 0.95 0
122 8.88 4
93.4 5.35 0
108 66.3 4
91.1 99 4
108 79.3 4
122 89.1 0
134 27 4
141 23.8 4
144 23.9 4
129 32.3 4
141 25.7 4
144 25.7 4
134 25.8 4
151 25.8 4
151 27 4
129 34.2 4
153 92.1 1
153 80.3 0
188 95.6 4
16.9 12.7 0
19.4 13.9 0
3.1 98.8 0
49.2 0.95 0
36.2 66.2 0
36.9 48.1 0
46 55 4
24.1 54.5 0
24.1 83.9 0
50.8 0.95 0
76.9 48.1 4
86 55 4
80.7 62.1 4
50.8 69 4
71 47 4
86.6 74.2 4
50.8 99 4
122 12.7 4
124 13.9 4
122 53 4
117 48.1 4
123 59.1 4
93.4 73.7 4
123 86.7 0
128 9.15 4
156 9.2 4
158 59.8 4
157 65.5 4
150 77.2 0
156 82.2 0
190 12.3 4
163 7.75 4
184 18.8 4
161 69 0
161 99 1
12.8 26.1 0
5.68 66.5 0
16.1 81.7 0
1.03 93.3 0
17.5 75.3 0
13.4 87 0
45.8 18.3 0
49.1 15.9 0
28 96.1 4
49.1 70.9 4
46.3 86.1 4
55.3 2.18 0
86.9 2.95 0
89.1 15.9 4
76.2 66.1 4
71 54.4 4
72.8 47 4
67.4 51.8 4
76.1 95.9 4
89.1 70.9 4
103 1.25 4
111 25.4 4
102 38.5 4
116 64.5 4
123 56.7 4
92.4 59.9 4
114 63.4 4
119 56.8 4
93.4 65.6 4
94.1 97 4
154 56.2 4
158 56.5 4
153 57.7 4
158 89.9 1
157 95.6 1
197 1.18 4
179 95.3 0
177 90.2 0
197 98.8 4
179 91.3 0
16.9 42.7 0
19.4 44 0
16.9 39.6 0
25.5 11.8 0
47.8 10 0
44.2 42.9 0
48.9 25.2 0
44.6 25.8 0
44.5 81.2 4
45.8 73.4 4
42.9 80.3 4
52.6 6.03 0
84.2 42.9 4
88.9 25.2 4
84.6 25.8 4
84.2 17.4 4
78.8 75.5 4
79.7 77.2 4
53.6 94.8 4
95.1 18.8 4
122 42.7 4
124 44 4
115 19.1 4
93.7 39.5 4
92.5 56.6 4
122 94.1 1
156 32.4 4
129 39.2 4
156 39.2 4
156 34.3 4
158 86.6 1
30.5 3.5 0
31.3 8.23 0
32.3 6.38 0
47.7 36.1 0
75.4 3.9 0
77.5 4 0
73 35.8 4
70.5 36.8 4
87.7 36.1 4
53.6 50.7 4
58.4 48 4
53.4 49.3 4
87.5 76 4
109 23 4
110 87.4 4
112 87.1 4
153 66.3 4
129 58.5 4
142 49.3 4
135 74.2 4
158 76 0
153 96.3 1
129 88.4 1
182 54.9 4
164 65 4
198 93.7 0
16.2 6 0
32 27.5 0
33.3 28.7 0
22 21.3 0
44.1 17.4 0
70.8 33.2 4
53.3 19.1 0
52.5 20.8 0
50.8 15.9 0
55.5 17.5 0
58.6 26.2 0
53.3 74.1 4
50.8 70.9 4
52.5 75.8 4
55.5 72.5 4
124 20.5 4
119 65.9 4
111 81.5 4
109 81.5 4
121 75.6 4
165 18 4
163 18.9 4
177 33.3 4
163 20.6 4
161 15.9 4
180 31.3 4
181 29.5 4
171 48.4 4
163 74.1 0
163 75.8 0
161 70.9 0
166 72.5 0
12.5 66.1 0
16.4 64.3 0
10.7 66.7 0
44.1 72.5 4
122 5.93 4
93.1 9.7 4
102 34 4
104 34.1 4
99.5 99 4
166 2.15 4
185 4.33 4
191 5.8 4
190 7.58 4
182 41.2 4
176 66.5 4
165 46.2 4
169 51.1 4
17.5 1.58 0
19.4 0.95 0
8.95 41.4 0
12.2 48.1 0
16.9 67.8 0
19.4 69 0
16.9 97.8 4
19.4 99 4
37.6 4.1 0
43.4 8.18 0
33.5 25.9 0
34.8 27.1 0
22.2 48.1 0
21 45.6 0
62.2 10.8 0
63.7 65.9 4
63.8 48.7 4
64 96.1 4
55.5 96.7 4
123 1.58 4
124 0.95 4
93.1 20.1 4
95.5 41.3 4
91.6 47.5 4
122 67.8 4
124 69 4
91 45.6 4
122 97.8 1
124 99 1
117 81.9 4
154 3.98 4
154 11 4
128 5.9 4
156 5.65 4
127 20.7 4
158 20.7 4
158 47.5 4
127 47.5 4
126 45.6 4
159 45.6 4
177 3.23 4
163 6.05 4
175 41.6 4
172 41.5 4
179 53.3 4
180 47.8 4
177 52.1 4
184 78.2 0
9.95 73.9 0
16.8 73.6 0
16.1 84.1 0
44.4 13.1 0
44.3 68.1 4
84.3 68.1 4
84.3 98.1 4
92.3 76.2 4
134 76.8 0
184 65.3 4
168 66.4 4
166 66.9 4
23.6 32.2 0
21.9 75.7 0
85.1 2 0
154 86.3 1
153 87.8 1
174 52.4 4
0.975 31.7 0
23.4 5.08 0
25.9 38.4 0
27 36.8 0
46.1 94.6 4
87.8 4.83 0
72.1 27.4 4
73.4 28.7 4
53.6 34.8 0
121 61.5 4
117 84.8 0
117 86.6 0
186 11.5 4
192 65.8 4
7.35 9.48 0
5.2 8.55 0
17.5 16.5 0
19.4 15.9 0
19.4 70.9 0
48.5 47.5 0
49.1 45.6 0
44.7 46.9 0
58.3 11 0
54 13.1 0
73.6 25.9 4
74.9 27.1 4
65.1 18.6 0
88.5 47.5 4
89.1 45.6 4
84.7 46.9 4
123 16.5 4
123 35.7 4
124 15.9 4
123 71.5 4
97 98.3 4
124 70.9 4
140 65.8 4
146 66 4
133 66.6 4
140 95.8 1
146 96 1
133 96.6 1
172 96.1 0
174 95.7 0
11.1 57.3 0
1.85 49.4 0
27.5 32.5 0
32 65.8 0
54.5 28.4 0
105 65.9 4
119 59.8 4
112 49.3 4
151 51 4
127 75.6 4
174 28 4
174 29.2 4
175 30.8 4
165 28.5 4
165 27.2 4
164 58.3 4
47.7 20.9 0
23.9 58.8 0
47.7 75.9 4
87.7 20.9 4
54 43.1 0
84.1 72.3 4
114 83.6 4
128 63.1 4
128 93.1 1
164 43.1 4
164 34.8 4
174 57.1 4
0.1 1.03 0
16.5 21.5 0
44.8 96.6 4
24.3 87.9 0
72.2 10.1 0
71.9 65.8 4
50.8 45.6 0
53.9 55.7 4
72 95.6 4
53.9 85.7 4
130 55.6 4
130 85.6 0
186 22.5 4
198 48.1 4
161 45.6 4
164 85.7 0
104 95.8 4
138 7 4
163 47.5 4
176 48.4 4
194 73.9 0
196 95.9 4
168 96.2 0
191 73.9 0
194 96.2 4
12.7 4.13 0
46.5 4.83 0
31 96.1 4
111 18.9 4
138 49.3 4
149 48.4 4
178 22.5 4
14.1 73.6 0
16.8 78.3 0
26.1 3.4 0
39.7 58.3 0
42.4 96.3 4
45.8 90.2 4
58 3.43 0
53.2 68.3 4
121 63.9 4
110 96.6 0
118 96.8 1
139 74.2 0
189 46.9 4
173 48.4 4
163 98.3 1
0.275 21.6 0
12.9 18.5 0
83.1 6.63 0
79.7 18.3 4
81.2 18 4
96.5 2.13 0
99.3 17.5 4
96 93.6 4
97.2 92.1 4
146 74.3 0
183 48.4 4
187 84.1 0
4.05 5.45 0
7.88 21.7 0
16.9 37.5 0
5.43 93.3 0
4.13 92.4 0
86.7 80.5 4
86.9 79 4
93.7 36.8 4
97.7 88.4 4
156 51 4
172 18.5 4
172 73.5 0
18.8 47.5 0
19.4 45.6 0
16.9 48.1 0
42.8 3.33 0
44.5 2.88 0
39.6 18.2 0
41.1 18 0
37.3 34.8 0
35.4 34.4 0
34.2 31.4 0
25 28.5 0
58.2 18.8 0
55.7 47.4 4
58.2 73.8 4
53.3 80.2 4
53.2 78.8 4
119 18.8 4
93.1 28.8 4
122 23.5 4
121 18.5 4
124 47.5 4
122 48.1 4
124 45.6 4
116 78 4
148 6.53 4
149 11.6 4
141 3.48 4
134 9.95 4
146 6.73 4
135 8.33 4
130 67 4
130 97 1
177 11.6 4
168 18.6 4
163 23.6 4
168 73.8 0
163 80.2 0
163 78.8 0
23.6 35 0
39.6 73.4 4
41.1 73.1 4
57.8 80 4
83.6 93.4 4
62.4 84.4 4
62.8 80 4
94.1 51 4
99 80.9 4
93.1 91.6 4
102 85.6 4
109 76.5 4
182 11.5 4
189 17.6 4
163 50.7 4
168 48.1 4
172 65.2 4
190 99.1 4
165 95.3 1
2.33 1.85 0
38.2 28.4 0
36.9 28.4 0
33.3 22.1 0
34.9 20.5 0
73.3 22.1 4
74.9 20.5 4
118 11.5 4
104 79.8 4
152 48.2 4
152 74.2 0
167 39.7 4
35.1 17 0
54.2 8.75 0
78.9 20.5 4
77.1 34.7 4
75.2 34.2 4
79.8 22.2 4
75.1 17 0
87.5 91.1 4
99.2 1.93 4
113 8.15 4
105 41.7 4
93.7 80.4 4
122 80.8 0
122 79.5 4
115 73.4 4
141 11.7 4
140 57.1 4
198 30 4
193 36.1 4
16.4 30.6 0
4.63 41.8 0
32.4 39.3 0
62.5 3.95 0
81.9 3.18 0
74 31.3 4
111 36.4 4
133 4.1 4
148 38.5 4
137 38.5 4
140 37 4
145 37 4
145 33.8 4
140 33.8 4
5.15 19.1 0
3.83 88.2 0
16.4 91.3 0
17 89.4 0
37.5 11.1 0
38.9 20.5 0
39.7 22.1 0
26.6 76.5 0
78 28.3 4
76.8 28.3 4
108 11.7 4
118 30.4 4
122 31.7 4
108 32.4 4
99.1 47.5 4
134 22.7 4
151 22.7 4
143 81.7 0
179 56.9 4
185 74 4
19.4 51.7 0
16.8 59.3 0
17 86.4 0
19.4 81.7 0
37.8 13.9 0
38.9 43.8 0
38 15.9 0
49.1 52 4
20.8 51.9 0
38.1 69.2 4
38.3 45.6 0
28.8 72.6 0
38 70.9 4
20.8 81.9 0
38.1 99.2 4
77.9 14.1 0
62.2 1.1 0
78.9 43.8 4
83.8 21.3 4
78 15.9 0
82.6 22.6 4
72.4 39.4 4
89.1 52 4
78.1 69.2 4
78.3 45.6 4
50.8 51.9 4
89.1 82 4
50.8 81.9 4
78.1 99.2 4
118 0.95 4
118 14.1 4
119 43.8 4
118 15.9 4
110 41.8 4
91 52.1 4
124 51.7 4
118 69.2 4
118 45.6 4
91 82.1 4
118 70.9 4
124 81.7 0
118 99.2 1
149 3.08 4
144 28.7 4
141 28.7 4
142 39 4
126 52.1 4
159 52.1 4
126 82.1 0
159 82.1 0
172 0.95 4
189 42.7 4
187 41.8 4
161 51.9 4
161 81.9 0
5.85 12.8 0
7.38 11.8 0
16.8 56.3 0
43.2 63.3 4
83.6 76.3 4
82.4 77.5 4
102 8.85 4
110 29.3 4
115 32.9 4
106 83.5 4
144 2.43 4
141 42.7 4
144 42.7 4
164 8.75 4
181 26.7 4
8.98 29.9 0
9.88 31.5 0
43.8 21.3 0
42.5 22.5 0
56.9 64.6 4
83.6 63.3 4
55.2 65.1 4
57.8 63 4
105 29 4
107 29.6 4
200 48.1 4
186 48.1 4
4.65 97.2 0
36.6 40.9 0
27.8 48 0
47.1 61.1 4
29.1 46.7 0
43.7 76.4 4
42.5 77.7 4
69.1 3.53 0
53.3 4.93 0
76.6 40.9 4
74.7 41.3 4
119 83.8 0
122 83.1 0
147 48.4 4
173 11.5 4
10.2 18.6 0
33.3 48 0
84.8 12 4
87.4 61.1 4
104 18.8 4
102 17.5 4
196 12.2 4
193 48.1 4
191 46.9 4
9.13 3.5 0
34.5 11.5 0
155 48.2 4
155 73.9 0
175 18.5 4
175 73.5 4
200 91 0
16.9 2.83 0
13.1 14.1 0
13.1 44.1 0
13.1 15.9 0
19.4 31.6 0
14 68.8 0
13.4 45.6 0
13.1 70.9 0
39 1.25 0
24.9 19.2 0
49.1 31.8 0
21 31.9 0
49.1 68.1 4
21.9 70.9 0
61 13.8 0
79 1.25 0
89.1 31.8 4
61.9 15.9 0
50.8 31.7 0
62 44.1 4
67.9 48.3 4
61.8 69.2 4
61.6 45.6 4
89.1 68.1 4
69.8 47.6 4
64.9 74.2 4
61.9 70.9 4
61.8 99.2 4
89.1 98.1 4
122 2.83 4
93.5 31.3 4
91.3 31 4
124 31.6 4
92.9 48.1 4
122 86 0
138 3.43 4
159 31 4
126 31 4
127 15.9 4
158 15.9 4
157 48.1 4
128 48.1 4
158 61.6 4
143 77.7 0
127 70.9 4
171 13.8 4
171 43.8 4
172 15.9 4
161 31.7 4
171 68.8 4
172 45.6 4
184 92 4
185 93.1 4
171 98.8 0
172 70.9 4
26.3 41.7 0
23.6 37.8 0
41.3 24.9 0
44.6 85 4
42.2 87.1 4
43 85.3 4
82.3 11.6 4
81.3 24.9 4
73.4 48.3 4
75.4 75.5 4
75 77.1 4
122 56 4
96 48.1 4
92.4 61.7 4
98.5 98.3 4
113 97.1 0
130 3.9 4
146 11.5 4
130 11.3 4
158 91.7 1
164 5.05 4
1.63 8.18 0
45 42.1 0
48.1 81.5 4
85 42.1 4
78.5 72 4
113 67 4
111 73.8 4
130 18.5 4
155 18.5 4
199 13.8 4
180 1.15 4
188 31.5 4
199 16.3 4
199 43.8 4
191 17.6 4
199 45.6 4
200 68.8 4
172 88.2 0
199 71.3 0
172 86.7 0
0.6 97.7 0
46.5 65.2 4
66.4 41.8 4
86.5 65.2 4
86.5 95.2 4
99.2 6.68 0
97.1 6.53 0
102 41.7 4
100 97.6 4
95.1 74.1 4
93.1 87.6 4
154 13.8 4
154 1.15 4
138 11.6 4
131 14.2 4
131 0.825 4
136 11.7 4
155 44.1 4
130 44.1 4
154 16.3 4
131 16.3 4
131 59.1 4
131 46.9 4
154 69.3 0
131 69.3 4
154 45.6 4
131 45.6 4
131 89 1
157 75.2 0
154 71.3 0
131 71.3 4
154 99.3 1
131 99.3 1
175 14.1 4
195 21.6 4
176 16.3 4
176 69.3 4
176 71.3 4
9.75 14.1 0
16.4 32.8 0
16.9 17.8 0
8.68 43.9 0
8.95 16.3 0
8.85 69.3 0
9.48 46.3 0
16.8 76.3 0
8.95 71.3 0
40.9 1.25 0
31.4 18.7 0
22.9 20.5 0
33.4 17.4 0
47.2 48.1 0
48.2 69.1 4
24.8 73.6 0
20.9 71.8 0
54.5 2.95 0
58.2 0.85 0
59.1 13.8 0
65.4 11 0
84.7 32.3 4
71.4 18.7 0
58.5 15.6 0
58.2 44.2 4
73.4 17.4 0
87.2 48.1 4
58.5 45.6 4
58.2 69.1 4
88.2 69.1 4
58.5 70.6 4
58.2 99.1 4
88.2 99.1 4
96.4 14.2 4
110 1.18 4
96.6 43.9 4
96.2 16.3 4
123 19.4 4
96.3 69.3 4
96.3 45.6 4
96.9 67.7 4
122 72.8 4
96.2 71.3 4
110 99.1 0
126 16.8 4
159 16.8 4
126 71.8 4
168 14.1 4
186 1.15 4
166 18.6 4
177 43.9 4
169 43.8 4
168 15.6 4
169 68.8 4
168 45.6 4
176 45.6 4
169 98.8 0
168 70.6 0
176 99.3 0
192 99.1 4
177 97.7 0
1.5 41.8 0
19.4 63.8 0
18.1 93.8 4
19.4 93.8 4
26.5 13.9 0
33.8 0.775 0
34.6 4.03 0
42.6 41.7 0
26.5 43.9 0
26.2 16.3 0
26.2 46.9 0
21.5 64.2 0
25.8 68.6 0
48.7 63.9 4
26.2 45.6 0
21.5 94.2 4
25.8 98.6 4
26.2 71.3 0
48.7 93.9 4
73.6 1.15 0
66.3 14.2 0
82.6 41.7 4
66.2 16.3 0
55 31.2 0
83.2 18 4
68.2 23.3 0
66.5 43.9 4
66.2 46.9 4
65.8 68.6 4
51.2 63.9 4
88.7 63.9 4
66.2 45.6 4
87.5 88.7 4
65.8 98.6 4
51.2 93.9 4
88.7 93.9 4
66.2 71.3 4
105 11.7 4
113 3.33 4
122 33.9 4
122 35.1 4
124 63.8 4
102 48.1 4
91 94.7 4
124 93.8 1
126 64.7 4
126 94.7 1
165 3.03 4
189 1.15 4
167 30.6 4
167 29.1 4
196 43.8 4
165 31.4 4
194 16.3 4
168 27.9 4
167 26.6 4
195 68.6 4
161 63.9 4
195 46.3 4
166 46.8 4
196 83.1 0
194 82.7 0
196 71.3 0
161 94.9 1
22 13 0
22.1 1.9 0
86.1 9 0
86.9 76.9 4
96 11.9 4
92.1 12.8 4
103 25 4
104 54.6 4
103 57.1 4
105 58.5 4
98.3 55 4
96.5 54.7 4
127 12.8 4
158 13 4
132 31.6 4
131 32.5 4
128 19.9 4
157 19.9 4
131 34.4 4
157 77.6 0
180 13.8 4
181 16.2 4
181 68.6 4
181 71.3 4
19.4 23.6 0
13.5 53.4 0
12.3 52.1 0
15.1 53 0
19.4 78.6 0
40.8 13.8 0
45.2 12.2 0
40.8 43.8 0
41.4 15.6 0
43.1 18 0
22 22.9 0
40.8 68.8 4
45.1 67.2 4
41.4 45.6 0
41.4 70.6 4
21.3 79.2 0
40.8 98.8 4
80.8 13.8 0
81.6 0.775 0
53.2 21.8 0
50.6 23.6 0
80.8 43.8 4
81.4 15.6 4
55.2 18.8 0
80.8 68.8 4
85.1 67.2 4
81.4 45.6 4
89.4 78.6 4
50.6 78.6 4
85.1 97.2 4
80.8 98.8 4
53.2 76.8 4
55.2 73.8 4
113 11.6 4
108 0.875 4
93.3 24.1 4
113 41.9 4
124 23.6 4
93.1 25.5 4
90.6 24.9 4
123 21.5 4
93.2 75.4 4
108 97.7 4
108 99.1 0
91.3 79.2 4
124 78.6 4
118 75.4 4
135 14.2 4
149 0.85 4
149 14.1 4
136 1.3 4
146 1.93 4
148 41.9 4
137 41.9 4
149 16.3 4
136 16.3 4
150 43.9 4
135 43.9 4
139 43 4
159 24.2 4
126 24.2 4
146 43 4
149 45.6 4
149 68.8 0
155 64.9 4
136 68.6 4
135 46.9 4
135 45.6 4
158 64.3 4
136 71.3 4
149 71.3 0
130 73.5 4
159 79.2 0
126 79.2 0
149 98.8 1
136 98.6 1
169 1.25 4
185 14.1 4
193 41.8 4
163 21.6 4
185 44.1 4
186 16.3 4
180 43.9 4
161 23.6 4
191 43 4
186 68.5 4
181 45.6 4
186 45.6 4
193 87.9 0
163 76.8 0
195 88.5 0
186 71.3 4
161 78.6 0
165 73.8 0
2.13 12 0
3.73 13.1 0
12.3 35.4 0
44.8 32.3 0
30.6 41.9 0
22 43 0
43.1 73.1 4
31.3 72.6 0
22.8 74.9 0
77.9 58.2 4
76.4 57.2 4
73.9 58.4 4
105 4.6 4
99.9 14.2 4
106 14.2 4
118 39.4 4
105 44.2 4
106 16.3 4
100 43.9 4
92 43 4
101 68.6 4
106 68.7 4
101 45.6 4
105 46.3 4
95.3 65 4
92.5 64.4 4
105 74.1 4
101 71.3 4
106 71.3 4
95.9 97.3 4
145 13.7 4
140 14.1 4
140 0.95 4
141 16.3 4
144 16.3 4
158 43 4
127 43 4
141 68.7 4
144 46.9 4
141 46.9 4
144 68.7 4
144 45.6 4
141 45.6 4
144 71.3 0
141 71.3 0
141 98.7 1
144 98.7 1
155 95 1
158 94.4 1
167 3.4 4
175 0.95 4
192 0.825 4
164 46.8 4
0.8 16.3 0
4.2 16.3 0
4.23 44.2 0
4.83 46.3 0
4.2 68.8 0
0.8 68.8 0
12.3 93.5 0
0.8 71.3 0
10.5 93.2 0
4.2 71.3 0
9.3 91.7 0
25.9 9.93 0
56.8 94.4 4
55.1 94.9 4
57.8 92.8 4
110 13.9 4
94.9 20.5 4
110 44.2 4
109 16.3 4
110 69.1 4
110 46.3 4
109 71.3 4
120 92.6 1
119 91.9 1
153 31.7 4
154 32.6 4
128 22.3 4
157 22.3 4
154 34.5 4
189 13.9 4
182 35.9 4
181 37.7 4
182 39.4 4
184 35.9 4
190 69.1 4
185 98.5 4
189 71.3 4
200 97.7 4
181 98.6 4
8.85 52 0
5.45 52.2 0
7.33 51 0
4.43 76.9 0
2.45 78.2 0
42.8 11.8 0
48.2 13 0
46.4 39.1 0
46.4 37.1 0
33.9 41.3 0
42.7 66.8 4
36.6 80.4 4
36.6 78.8 4
35.3 75.9 0
34.9 77.6 4
32.4 80.7 4
35.2 81.8 4
33.5 82.1 4
33.2 78.4 4
75.1 5.78 0
77.2 8.98 0
78.2 7.43 0
77.2 5.88 0
88.2 13.1 4
70.7 41.9 4
86.4 39.1 4
86.4 37.1 4
76.6 54.1 4
82.7 66.8 4
75.4 52.9 4
82.7 96.8 4
115 0.95 4
100 11.8 4
115 36.8 4
115 38.4 4
105 88.6 4
93.5 77.8 4
115 99.2 1
151 65 4
151 63.3 4
151 95 1
151 93.3 1
167 64.6 4
165 65.1 4
15 7.55 0
13 7.55 0
12.1 6 0
12.1 9.1 0
14.3 1.25 0
1.13 1.85 0
13.4 99 4
31.2 35.2 0
29.3 63.3 0
32.8 61.9 0
47.1 58.6 4
31.4 63.3 0
31.3 46.7 0
36.4 94.7 4
37.6 91.9 4
33.6 91.7 4
36.1 93 4
23.2 77.3 0
33.6 89.6 4
32.2 88.2 4
66.3 3.48 0
84.3 2.78 0
79.6 83.4 4
81.2 83.3 4
84 84.7 4
82.4 85.1 4
79.3 87.6 4
78.1 84.8 4
77.8 86.5 4
81.6 86.8 4
115 14.1 4
115 43.9 4
114 16.3 4
115 69.2 4
115 46.9 4
115 45.6 4
114 71.3 4
143 7.58 4
148 58.1 4
146 56.9 4
144 58.1 4
128 74.8 4
171 22.5 4
172 23.7 4
193 54.8 4
165 54.9 4
191 61.2 4
196 53.3 4
192 62.8 4
191 64.3 4
194 52.8 4
167 55.4 4
185 62.9 4
187 61.2 4
10.7 63.3 0
13.5 62.1 0
12.6 63.6 0
15.1 62.8 0
19.4 59.2 0
9.8 65.1 0
19.4 89.2 0
31.9 11.5 0
29.9 13.9 0
29.4 1.15 0
29.5 16.3 0
29.9 43.9 0
48.2 43.1 0
23.2 66.8 0
26.4 59.4 0
26.4 61.5 0
21.8 68.2 0
21.1 59.8 0
30.2 68.9 0
23.2 96.8 4
48.7 90.5 4
21.8 98.2 4
21.1 89.8 0
30.2 98.9 4
69.2 0.775 0
70.6 13.9 0
62.6 37.3 4
63.5 35.8 4
69.5 16.3 0
65.6 35.7 4
69.9 43.9 4
88.2 43.1 4
63.5 38.9 4
87.4 58.7 4
70.2 68.9 4
51.2 59 4
70.9 45.6 4
65.3 82.7 4
68 81.6 4
67 83 4
70.2 98.9 4
71 71.3 4
51.2 89 4
120 7.48 4
119 7.48 4
118 5.93 4
92 68 4
91 59.8 4
124 59.8 4
91 89.8 4
124 89.8 1
127 2.05 4
158 1.9 4
138 31.2 4
136 32.4 4
127 68 4
158 68 4
126 59.8 4
159 59.8 4
158 98 1
126 89.8 1
159 89.8 1
127 98 1
175 63.2 4
161 60.5 4
176 65 4
178 64.5 4
179 62.8 4
177 61.7 4
161 89 1
16.3 0.625 0
15.6 13.8 0
7.38 1.15 0
6.88 26.3 0
12.7 39.7 0
8.63 39.5 0
7.45 37.8 0
16.3 15.6 0
15.6 43.8 0
18.8 25.6 0
8.53 36.2 0
13.7 38.2 0
18.8 29.4 0
5.63 37.8 0
15.6 38.2 0
0.15 58.6 0
13.1 49.4 0
1.85 51.9 0
0.75 62.6 0
16.3 45.6 0
19.4 48.8 0
15.6 68.8 0
19.4 56.1 0
7.08 97.7 0
15.6 98.8 4
19.4 86.1 0
7.65 99.3 4
15.6 71.3 0
37.9 5.98 0
39 7.38 0
33.9 14.2 0
25.2 0.95 0
21.3 29.4 0
34.7 43.9 0
44.4 27.5 0
24.4 25.7 0
22.5 25.1 0
49.4 28.8 0
42.5 28.1 0
44.3 53 0
41.9 50.7 0
41.8 49.3 0
37.3 64.9 0
25.3 53.4 0
40.7 52 0
44.3 54.7 0
39.1 52 0
38 49.3 0
28.3 56.2 0
37.8 50.8 0
37 63.2 0
27 53.7 0
38.5 62.2 0
42.7 55.1 0
49.4 48.8 0
33.9 45.6 0
21.3 49.4 0
35.2 52.9 0
34.3 68.6 0
48.7 56 4
21.5 55.7 0
33.5 53.2 0
39.8 82.1 4
25.4 82.8 0
41.4 82 4
26.8 90.6 4
27.1 83.1 0
28.1 81.6 0
28.2 87.1 4
37.1 85 4
26.8 88.5 4
38.2 87.8 4
36.8 86.7 4
49.1 85.1 4
21.5 85.7 0
34 71.3 0
34.3 98.6 4
69.1 9.35 0
62 8.9 0
70.1 7.53 0
72 7.53 0
60.9 7.5 0
51.6 13.1 0
74.8 14.1 0
65.4 1.1 0
74.7 12.2 0
53.2 12.3 0
51.3 29.4 0
73.9 44.2 4
84.4 27.5 4
53.2 24.4 0
50.6 25 0
54.4 25.7 0
89.4 28.8 4
82.5 28.1 4
84.3 53 4
63.2 54.1 4
56.8 58.8 4
63.5 55.8 4
63 51.4 4
81.9 50.7 4
67.8 61.9 4
81.8 49.3 4
55.5 54.7 4
80.7 52 4
84.3 54.7 4
67.3 58.1 4
79.1 52 4
78 49.3 4
69.2 63.3 4
77.8 50.8 4
62.8 64.6 4
58.1 56.8 4
64.5 52.9 4
72.7 61.9 4
82.7 55.1 4
71.3 63.3 4
66.2 53.2 4
57.2 55.2 4
63.1 62.9 4
61.6 61.9 4
68.7 56.7 4
70.8 56.7 4
50.8 55 4
89.4 48.8 4
73.9 45.6 4
60.5 57.6 4
61.8 52.7 4
58.5 53.4 4
74.3 68.6 4
88.7 56 4
50.6 48.8 0
62.8 50 4
81.9 56.8 4
56.8 88.8 4
78 80.2 4
55.5 84.7 4
72.8 89.6 4
72 77.9 4
78 78.6 4
70.1 76.6 4
60.8 77.3 4
69.3 93.1 4
63.1 94.9 4
58.1 86.8 4
72.8 91.7 4
74.8 83.2 4
71.4 93.1 4
57.2 85.2 4
63.4 93.2 4
72.1 82.1 4
61.9 92.1 4
73.1 83.5 4
50.8 85 4
55.5 83 4
71.4 88.2 4
61.7 75.8 4
74.3 98.6 4
88.7 86 4
74 71.3 4
67.9 91.7 4
121 0.625 4
121 13.8 4
95.8 39.4 4
106 37.7 4
121 43.8 4
90.6 26.3 4
90.6 28.8 4
121 15.6 4
95.8 36.1 4
97 37.8 4
122 28.2 4
124 29.4 4
122 26.9 4
124 25.6 4
116 53.2 4
109 58.8 4
113 58.4 4
121 51.9 4
118 50.7 4
119 51.9 4
112 52.9 4
110 60.4 4
118 49.4 4
111 51.7 4
112 60.2 4
109 51.7 4
121 45.6 4
108 53.2 4
124 48.8 4
90.6 48.8 4
124 56.1 4
121 68.8 4
91 55.3 4
117 54.5 4
117 56.3 4
112 57 4
110 57.3 4
109 92 0
109 88.8 4
96.5 84.5 4
110 90.4 0
100 77 4
122 88.1 0
112 90.2 0
121 70.6 4
124 86.1 0
121 98.8 1
91 85.3 4
98.3 84.8 4
100 91.7 4
113 88.4 0
154 5.85 4
154 9.13 4
153 7.48 4
128 6.83 4
128 8.38 4
147 31.1 4
154 39.1 4
131 39.1 4
133 37.5 4
152 37.5 4
159 26.3 4
159 28.8 4
126 26.3 4
126 28.8 4
149 32.2 4
133 51.9 4
136 59.4 4
138 61.6 4
134 53.3 4
131 52.9 4
141 63.3 4
152 54.7 4
153 54.5 4
134 54.8 4
145 63.5 4
132 54.5 4
136 61.6 4
143 62.2 4
159 48.8 4
126 48.8 4
126 55.3 4
159 55.3 4
135 58.5 4
138 59.4 4
147 62.3 4
151 56.5 4
133 81.9 0
131 82.9 0
141 93.3 1
134 84.8 1
145 93.5 1
132 84.5 0
143 92.2 1
126 85.3 0
159 85.3 1
147 92.3 1
134 83.3 0
181 5.75 4
180 7.45 4
162 13.1 4
163 12.2 4
185 32.3 4
175 39.7 4
190 33.3 4
177 37 4
183 31.1 4
183 29.6 4
172 38 4
199 37.6 4
173 39.6 4
194 27.5 4
176 35.3 4
161 25.6 4
161 29.4 4
193 28.8 4
181 32.3 4
174 35.4 4
197 37.6 4
189 54.7 4
186 53.3 4
187 57 4
188 55.3 4
161 49.4 4
189 52.7 4
188 52 4
161 56 4
174 82.1 0
178 80.1 0
170 83.6 0
175 86.2 0
166 84.7 0
176 82.8 0
168 83.4 0
176 84.4 0
190 81.9 0
200 76.9 0
168 86.8 0
198 78.1 0
180 76.9 0
188 81.2 0
167 85.2 0
161 85 0
198 80.5 0
178 84.6 0
178 78.1 0
184 88.1 4
183 86.8 0
191 81.1 0
1.05 35.2 0
0.1 37 0
10.2 75.5 0
8.08 77.9 0
9.8 77.1 0
11.6 78.4 0
67.4 26.8 0
62.1 23.5 0
66.1 32 4
57.9 39.7 4
60.9 22.2 0
58.8 38.1 4
61.8 20.6 0
77.3 64.9 4
77 63.2 4
78.4 62.1 4
77.2 94.6 4
76.9 92.9 4
78.3 91.9 4
108 63 4
104 62.3 4
105 63.5 4
109 64.4 4
122 58.1 4
104 92.2 4
105 93.4 4
157 57.9 4
128 77.2 4
163 48.7 4
196 93.4 0
195 92.2 0
191 92.7 4
190 94.2 4
188 91 4
190 91.1 4
46.5 9.23 0
48.3 23.2 0
47.1 21.9 0
30.4 93.6 4
28.3 93.6 4
48.3 78.2 4
47.1 76.9 4
87.1 21.9 4
88.3 23.2 4
51.6 43.2 0
53.2 42.3 0
81.9 71.7 4
83.1 73 4
115 20.8 4
115 22.3 4
113 25 4
113 23.1 4
117 23.6 4
93.4 58 4
155 26.9 4
131 26.3 4
131 27.6 4
154 26.9 4
143 23.8 4
143 25.6 4
132 25.7 4
153 25.7 4
132 28.2 4
153 28.2 4
157 88 1
192 11.5 4
193 12.6 4
189 27.6 4
189 26.3 4
188 25.7 4
162 43.2 4
188 28.2 4
163 42.3 4
191 25.7 4
198 22.9 4
13.8 22.9 0
12.6 24.1 0
15.2 23.1 0
5.9 64.9 0
4.33 62.2 0
5.63 63.1 0
7.8 61.9 0
25.5 5.28 0
21.9 16.8 0
44.4 94.8 4
43.3 90.8 4
42.9 94.5 4
42.1 92.8 4
48.2 98.1 4
86.5 5.75 0
88.2 1.8 0
55.2 34.7 0
56.9 35.1 0
91.9 16.8 4
91.9 71.8 4
158 71.8 0
200 3.13 4
162 1.83 4
179 92.8 0
177 91.7 0
191 76.4 0
194 76.4 0
192 77.6 0
9.25 1.15 0
15.8 28.1 0
10.4 99 4
30.8 5.38 0
29.8 7.23 0
27.9 7.23 0
65.2 21.9 0
64.9 20.3 0
110 21.4 4
122 37.3 4
195 4.2 4
168 90.8 0
172 93.6 0
168 94.4 0
171 92.1 0
169 92.8 0
174 93.2 0
3.55 3 0
19.4 8.9 0
49.1 9.9 0
21.3 8.9 0
89.1 9.93 0
51.2 8.9 0
124 8.9 4
92.2 2.05 0
91.1 9.68 4
93.9 8.93 4
97.5 3.03 0
92.1 98 4
126 9.68 4
159 8.9 4
142 51.9 4
138 51.9 4
140 53.2 4
146 84.3 1
148 88 1
146 86.8 1
144 88 1
161 8.9 4
17.5 12 0
18.8 13.3 0
48.4 1.75 0
51.6 1.73 0
71.3 35 4
51.6 68.3 4
51.6 98.3 4
123 12 4
124 13.3 4
151 83.1 0
136 89.4 1
138 91.7 1
154 82.9 0
152 84.7 1
139 76.7 0
154 84.5 1
135 76.7 0
136 91.7 1
137 78 0
135 88.5 1
138 89.4 1
153 81.9 0
151 86.5 1
165 34.7 4
168 33.3 4
168 36.8 4
167 35.2 4
162 68.3 0
162 98.3 1
19.4 39 0
14.8 83 0
12 82.1 0
10.5 86.2 0
13.2 83.4 0
9.28 87.7 0
12.3 85.9 0
9.53 84.4 0
10.1 82.8 0
47.2 17.8 0
49.1 40 0
48.5 16.5 0
21 39.9 0
47.2 72.8 4
48.5 71.5 4
87.2 17.8 4
89.1 40 4
88.5 16.5 4
51.2 39 0
87.2 72.8 4
88.5 71.5 4
100 3.18 4
123 40.2 4
124 40.2 4
91.3 39 4
126 39 4
159 39 4
148 80.5 0
146 76.8 0
148 78.1 0
171 28.1 4
171 32.1 4
173 30.9 4
172 29.3 4
172 26.8 4
161 39 4
17.5 42.1 0
18.8 43.3 0
5.55 86 0
3.28 81.9 0
7.03 81.4 0
5.83 84.2 0
5.15 82.6 0
48.3 25.8 0
88.3 25.8 4
102 35.5 4
123 42.1 4
124 43.3 4
104 35.5 4
100 37.2 4
182 49.6 4
183 52.8 4
181 51.5 4
179 52.2 4
178 49.6 4
180 49 4
178 51 4
42.3 6.83 0
43.2 5.2 0
44.9 4.75 0
55.2 51.6 4
56.9 50.8 4
57.2 49.3 4
55.3 48.7 4
99.5 0.9 0
96.1 1.1 0
96.9 99.3 4
116 83 4
19.4 20.8 0
18.1 74.5 0
19.4 74.5 0
44.5 14.2 0
45.6 0.8 0
44.4 44.2 0
20.8 20.6 0
48.8 20.1 0
44.9 16.3 0
44.3 45.6 0
44.4 69.2 4
44.4 99.2 4
20.8 75.6 0
44.9 71.3 4
48.8 75.1 4
84.4 14.2 4
55.2 0.85 0
85.2 0.85 0
55.2 14.2 0
52.7 17.8 0
59.8 28.1 0
61.1 28.1 0
59.5 32.1 0
61.4 32.2 0
62.7 30.9 0
62.3 29.3 0
84.4 44.2 4
51.4 16.5 0
62.3 26.8 0
58.6 29.3 0
58.3 30.8 0
55.2 44.2 4
64.2 27.5 0
64.2 28.7 0
88.8 20.1 4
51.3 20.1 0
84.9 16.3 4
55.5 15.6 0
84.3 45.6 4
54.3 45.6 0
84.4 69.2 4
54.4 69.2 4
52.7 72.8 4
54.4 99.2 4
51.4 71.5 4
84.4 99.2 4
88.8 75.1 4
51.3 75.1 4
84.9 71.3 4
55.5 70.6 4
90.8 20.6 4
120 62.4 4
117 64.5 4
119 61.7 4
117 62.8 4
115 62.1 4
124 75.8 4
90.8 75.6 4
159 20.6 4
126 20.6 4
140 86.2 1
138 82.4 0
140 83.7 1
159 75.6 0
126 75.6 4
166 0.8 4
165 14.1 4
163 17.8 4
161 16.5 4
165 44.2 4
165 16.3 4
161 20.1 4
172 52.5 4
173 49.6 4
173 51.2 4
164 69.2 0
170 52.4 4
163 72.8 0
161 71.5 0
164 99.2 1
161 75.1 0
166 70.6 0
2.8 0.825 0
19.4 5.95 0
18.8 35.3 0
2.83 98.8 0
48.8 5.95 0
21.3 5.95 0
49.1 34.9 0
21.3 36 0
89.1 4.93 0
51.2 5.95 0
89.1 34.9 4
51.2 36 0
124 5.95 4
90.8 5.95 0
124 36 4
91 35 4
126 5.18 4
159 5.95 4
126 36 4
159 36 4
185 6.18 4
182 9.6 4
186 7.9 4
185 9.63 4
161 5.95 4
161 36 4
18.8 1.58 0
17.5 67.2 0
18.8 68.4 0
17.5 97.2 4
18.8 98.4 4
22.9 47.5 0
21.6 46.3 0
103 1.25 4
124 1.58 4
123 67.2 4
124 68.4 4
91.6 46.3 4
123 97.2 1
103 98.6 4
124 98.4 1
158 46.3 4
127 46.3 4
197 1.18 4
198 98.8 4
8.5 5.38 0
7.43 7.03 0
8.6 8.68 0
5.6 7.03 0
133 65 4
131 62.1 4
130 63.6 4
131 65.4 4
133 63.3 4
133 95 1
131 92.1 1
130 93.6 1
131 95.4 1
133 93.3 1
25.7 33.3 0
25.7 35.2 0
172 62.7 4
171 61.2 4
169 58 4
172 57.2 4
171 58.7 4
169 61.9 4
168 59.9 4
187 77.7 0
185 76.5 0
18.8 16.5 0
9.28 56.8 0
6.2 55.3 0
8.35 55.1 0
4.63 58 0
5.93 57.1 0
8.1 58.3 0
18.8 71.5 0
17.5 72.8 0
48.5 46.3 0
88.5 46.3 4
124 16.5 4
124 71.5 4
99.3 96.9 4
32.4 57.1 0
36.6 55.6 0
33.8 58.5 0
37.8 58.3 0
36.3 57.3 0
146 52.8 4
148 51.5 4
148 49.6 4
150 52.2 4
194 57.9 4
188 49.4 4
192 49.4 4
192 50.7 4
199 58.2 4
196 58.4 4
197 57.1 4
199 60.7 4
190 48.8 4
190 47.5 4
195 60.6 4
197 61.8 4
82 7.98 0
84.4 10.1 4
82.8 9.7 4
51.4 46.3 0
102 22.5 4
100 21.3 4
100 18.8 4
104 21.3 4
199 51.2 4
198 49.4 4
161 46.3 4
95 92.2 4
96.1 90.7 4
94.9 87.3 4
96.1 88.8 4
141 5.35 4
139 5.3 4
13.3 75.3 0
14.2 76.9 0
15.6 77.1 0
30.8 21.2 0
37.7 29.9 0
40.3 32.6 0
37.2 31.6 0
38.4 32.9 0
41.6 31.3 0
35.3 32.4 0
34.4 18.3 0
56.7 8.6 0
57.6 6.95 0
56.7 5.3 0
54.9 4.83 0
70.8 21.2 0
74.4 18.3 0
112 64.4 4
114 65.5 4
111 94.6 0
113 77.5 4
114 92.9 0
115 76.7 4
115 75.1 4
112 94.5 0
111 76.3 4
116 95.3 1
116 93.6 0
114 95.6 0
149 8.03 4
148 9.75 4
146 9.63 4
146 8.1 4
174 9.6 4
177 8.03 4
176 9.68 4
174 6.5 4
173 8.05 4
176 6.4 4
184 22.4 4
180 22.4 4
188 22.6 4
192 22.6 4
184 27.4 4
184 26.1 4
182 23.6 4
190 18.8 4
190 21.3 4
182 25.5 4
183 79.2 0
180 82.4 0
185 82.6 0
183 83 0
182 81.7 0
12.1 20.2 0
10 21.9 0
10.4 20.3 0
44.6 36 0
43 36.4 0
42.3 38.1 0
43 39.8 0
44.6 40.2 0
84.6 36 4
83 36.4 4
82.3 38.1 4
82.4 19.3 4
82.4 20.5 4
83 39.8 4
84.6 40.2 4
81.2 21.8 4
86.2 90 4
82.5 92 4
83.7 90 4
100 82.8 4
104 83.6 4
102 82 4
85 81.2 4
83.3 80.4 4
83.2 79 4
84.4 77.7 4
85.7 77.7 4
104 39.9 4
102 39.9 4
137 8.23 4
140 9.78 4
139 9.73 4
155 51.8 4
153 50.8 4
153 49.4 4
151 76.7 0
155 75.6 0
153 78 0
155 77.2 0
177 22.6 4
173 20.2 4
175 21.8 4
174 20.2 4
173 78.1 0
173 75.2 0
175 76.9 0
174 75.2 0
172 76.8 0
15.6 1.88 0
14 12.8 0
18.1 30.6 0
3.55 39.9 0
14.1 17.2 0
14 42.8 0
18.1 24.4 0
1.5 39.9 0
15.6 16.9 0
15.6 46.9 0
14.4 46.9 0
18.1 49.4 0
18.1 50.6 0
18.8 46.3 0
14.1 72.2 0
18.1 80.6 0
14.2 88.4 0
18.1 79.4 0
15.8 87.8 0
14.2 90.9 0
14 97.8 4
38.9 12.7 0
26.9 25.1 0
47.9 30.9 0
40.6 16.9 0
39.1 17.1 0
26.8 23.2 0
42.4 20.5 0
42.4 19.2 0
24.7 20.9 0
25.1 22.4 0
22.2 31 0
41.1 21.7 0
48.1 29.4 0
23.3 23.7 0
47.9 50.9 0
39.4 46.9 0
48.1 49.4 0
22.1 50.8 0
39.2 68 4
40.6 46.9 0
40.6 71.9 4
39.1 72.1 4
22.1 80.8 0
39.2 98 4
79 12.8 0
61.1 2.35 0
59.1 2.1 0
80.8 2.03 0
56.9 21.3 0
56.9 20 0
56.9 23.8 0
77.5 29.8 4
87.9 30.9 4
80.6 16.9 4
59.4 16.9 0
52 30.8 0
80.2 32.4 4
54.4 22.5 0
55.7 22.5 0
79.1 17.1 0
60.9 17.2 0
77.1 31.5 4
78.3 32.8 4
58.2 22.5 0
81.4 31.2 4
59.1 42.9 4
75.2 32.3 4
61 42.8 4
56.9 25 0
88.1 29.4 4
87.9 50.9 4
52.1 50.8 4
79.4 46.9 4
60.8 68 4
88.1 49.4 4
79.2 68 4
80.6 46.9 4
60.6 46.9 4
59.4 46.9 4
59.1 67.9 4
51.9 49.4 4
56.9 76.3 4
56.9 75 4
67.8 86.8 4
56.9 78.8 4
59.4 71.9 4
66.4 88.2 4
60.9 72.2 4
88.1 79.4 4
51.9 79.4 4
87.9 80.9 4
52.1 80.8 4
54.4 77.5 4
55.7 77.5 4
64.7 75.9 4
60.8 98 4
66.8 78.3 4
63.3 78.7 4
63.6 85.3 4
79.2 98 4
62.4 88 4
63.9 87 4
65.1 77.5 4
58.2 77.5 4
59.1 97.9 4
121 1.88 4
119 2.2 4
119 12.8 4
109 2.05 4
97.2 30.6 4
118 28.8 4
96.9 28.8 4
96.9 26.3 4
118 20.5 4
123 30.6 4
119 17.2 4
121 16.9 4
91.9 29.4 4
123 24.4 4
95 26.9 4
95 28.1 4
119 22.1 4
120 27.5 4
121 22.2 4
119 27.5 4
116 28.2 4
116 26.9 4
95.6 31.5 4
95.1 23.6 4
96.8 24.4 4
98.8 28.1 4
98.8 26.9 4
118 26.3 4
121 20.4 4
123 20.4 4
121 46.9 4
123 49.4 4
123 50.6 4
92.2 51 4
119 46.9 4
91.9 49.4 4
119 67.9 4
124 46.3 4
119 72.2 4
123 80.6 0
121 71.9 4
92.2 81 4
123 79.4 0
119 97.9 1
158 25.6 4
158 29.4 4
127 25.6 4
127 29.4 4
158 49.4 4
127 51 4
158 51 4
127 49.4 4
127 81 0
158 81 0
171 2.2 4
198 13.8 4
183 0.875 4
169 12.9 4
181 2.03 4
185 2.03 4
167 21.1 4
167 19.9 4
167 23.6 4
162 24.4 4
169 16.9 4
162 30.8 4
165 22.4 4
166 22.4 4
171 17.1 4
198 16.3 4
198 43.8 4
196 17.5 4
168 22.4 4
196 67.3 4
162 50.8 4
198 68.8 4
171 46.9 4
169 46.9 4
198 45.6 4
196 46.9 4
165 81.1 0
167 76.3 0
167 75 0
167 80.3 0
167 78.8 0
169 71.9 0
162 79.4 0
171 72.1 0
162 80.8 0
164 77.5 0
166 77.5 0
198 71.3 0
168 77.5 0
0.3 3 0
2.73 22.8 0
4.7 21.6 0
2.73 24.7 0
6.58 22.9 0
13 56.8 0
14 58.3 0
15.6 57.7 0
26.7 39.8 0
27.8 38.2 0
29.7 38.2 0
30.7 40 0
38.8 75.1 4
39.7 76.7 4
41.1 76.9 4
30 73.9 0
42.3 75.6 4
42.3 74.4 4
28 77.6 0
30 76.4 0
58.2 81.4 4
59.4 82.7 4
62.4 81.4 4
61.1 82.6 4
105 6.5 4
108 9.88 4
104 8.23 4
105 9.88 4
114 5.2 4
108 6.43 4
109 8.15 4
113 6.85 4
99 52 4
96 51.8 4
97.5 50.8 4
97.5 49.4 4
101 49.4 4
101 51.3 4
99.4 48.8 4
133 9.18 4
131 5.78 4
130 6.83 4
131 9.43 4
130 8.38 4
134 7.55 4
133 5.98 4
149 37.1 4
136 37.1 4
148 35.3 4
137 35.3 4
139 35.3 4
146 35.3 4
167 8.6 4
168 6.98 4
167 5.28 4
165 4.9 4
190 1.98 4
199 33 4
193 31.6 4
195 34.8 4
197 32.1 4
195 32.9 4
184 58.4 4
181 60.6 4
165 51.6 4
183 57.1 4
167 50.8 4
167 49.3 4
181 58.2 4
183 60.6 4
165 48.7 4
165 47.5 4
192 85.6 0
190 85 0
188 87.3 0
188 85.6 0
98.9 0.9 0
116 9.65 4
114 9.75 4
111 34.8 4
110 32.9 4
110 38.3 4
112 30.1 4
113 34.6 4
112 31.6 4
113 32.7 4
111 40 4
113 40 4
98.7 99.3 4
98.9 93.5 4
98.7 95.3 4
96.7 95.7 4
132 22.6 4
153 22.6 4
130 21.8 4
155 21.8 4
130 20.2 4
155 20.2 4
187 38.2 4
193 39.9 4
198 28.6 4
198 26.1 4
190 38.2 4
190 41.8 4
199 27.4 4
191 40 4
186 39.9 4
197 27.4 4
191 36.4 4
2.13 10.1 0
4.8 12 0
4.18 10.1 0
1.25 0.825 0
1.28 98.8 0
0.5 92.7 0
43.2 9.93 0
44.8 10.3 0
30.3 28.8 0
30.3 27.6 0
37 36.2 0
34 35.7 0
30.5 32 0
37 39 0
32.1 30.9 0
32.2 29.5 0
35.2 36.8 0
35.2 38.4 0
38.1 37.6 0
28.4 29.5 0
28.6 31.2 0
34 39.5 0
43.2 65 4
44.8 65.4 4
66.7 39.9 4
67.9 38.2 4
77 36.2 4
74 35.7 4
69.7 38.2 4
77 39 4
70.7 40.1 4
75.2 36.8 4
75.2 38.4 4
78.1 37.6 4
74 39.5 4
83.2 65 4
84.8 65.4 4
83.2 95 4
84.8 95.4 4
105 32.6 4
101 32.5 4
103 31.3 4
103 29.8 4
106 31.7 4
97.1 80.2 4
120 78.3 4
119 78.1 4
94.9 75.8 4
97 78.2 4
102 87.4 4
95.3 77.4 4
118 79.3 4
118 80.8 4
120 82 0
99.2 87.4 4
101 88.3 4
119 82 0
95.6 81.2 4
148 4.95 4
134 2.13 4
150 2 4
150 13 4
152 13.8 4
152 1.15 4
146 5.15 4
146 3.28 4
133 0.825 4
133 14.2 4
139 22.6 4
146 22.6 4
135 22.6 4
150 22.6 4
148 40 4
137 40 4
139 27.6 4
146 27.6 4
136 27.6 4
149 27.6 4
139 26.3 4
146 26.4 4
136 26.3 4
149 26.4 4
141 38.3 4
151 17.5 4
144 38.3 4
137 23.8 4
148 23.9 4
135 17.5 4
153 42.9 4
132 42.9 4
144 32.5 4
140 41.9 4
145 41.9 4
141 32.5 4
133 43.9 4
152 43.9 4
152 16.3 4
142 29.8 4
142 31.6 4
133 16.3 4
137 25.7 4
148 25.7 4
140 40 4
145 40 4
137 28.2 4
148 28.2 4
133 48.1 4
150 46.3 4
150 47.5 4
151 68.1 0
152 45.6 4
133 45.6 4
152 69.3 0
133 69.3 4
134 67.9 4
135 72.5 4
151 72.6 0
151 98.1 1
152 71.3 0
133 71.3 4
152 99.3 1
133 99.3 1
134 97.9 1
177 12.9 4
178 13.8 4
179 17.5 4
178 16.3 4
178 69.3 4
179 67.8 4
179 72.6 4
198 87.2 0
178 71.3 4
199 88.3 0
7.15 13.9 0
8.68 12.9 0
6.98 30 0
13.9 28.1 0
15.1 31.8 0
10.1 28.1 0
11.4 28.1 0
8.23 32.7 0
3.2 31.4 0
4.18 34.5 0
5.55 17.6 0
5.3 43 0
6.7 31.8 0
13.5 32.1 0
7.43 16.3 0
7.15 43.9 0
12.6 29.3 0
12.3 30.9 0
4.8 32.6 0
5.73 28.7 0
4.48 28.7 0
3.23 30 0
12.6 26.8 0
7.33 45.6 0
7.33 69.3 0
7.33 48.1 0
8.58 46.9 0
6.08 46.9 0
5.45 68.1 0
5.55 72.5 0
7.43 71.3 0
28.2 49.2 0
45.8 59.9 4
31.3 50.9 0
42.1 61.9 4
42.1 58 4
43.3 59.9 4
31.9 49.2 0
28.8 50.9 0
30.1 48.6 0
30.1 47.3 0
25 76.9 0
24.6 75.3 0
63.3 5.83 0
65.1 8 0
68 5.4 0
83.1 5.05 0
65.1 6.45 0
84.7 4.65 0
66.2 5.35 0
66.2 9.1 0
70.2 28.8 4
70.2 27.6 4
70.4 32 4
72.1 30.9 4
72.1 29.5 4
68.4 29.5 4
68.6 31.2 4
100 0.9 4
107 14.2 4
97.9 14.2 4
109 13 4
106 43 4
98.1 43.9 4
108 16.3 4
97.7 16.3 4
108 43.9 4
109 43 4
99.5 67.9 4
99.7 46.3 4
108 69.1 4
108 45.6 4
108 67.7 4
97.8 45.6 4
97.8 69.3 4
108 48.1 4
109 46.9 4
106 46.9 4
98.8 66.3 4
101 98.6 4
99.6 72.6 4
97.7 71.3 4
105 76.6 4
108 71.3 4
107 77.8 4
104 77.8 4
143 12.8 4
142 14.1 4
143 2.3 4
142 0.95 4
143 43.9 4
143 16.3 4
143 68.7 4
143 45.6 4
143 48.1 4
143 71.3 0
143 98.7 1
188 13.9 4
200 0.85 4
186 13 4
186 43 4
188 16.3 4
178 43.9 4
188 43.9 4
176 57.7 4
180 46.3 4
178 54.6 4
176 52.9 4
188 67.6 4
188 69.1 4
178 45.6 4
188 45.6 4
176 54.4 4
178 56.4 4
175 56.2 4
179 96.3 0
199 98.8 4
177 88.5 0
187 97.6 4
188 71.3 4
188 99.1 4
180 88.1 0
179 87.2 0
178 99.3 0
179 97.8 4
181 90.4 0
19.4 62.3 0
18.1 61 0
18.1 59.8 0
19.4 92.3 0
16.9 92.3 0
18.1 91 0
18.1 89.8 0
36.8 9.18 0
35 7 0
32 9.63 0
35 8.55 0
28 13.9 0
33.8 9.65 0
32.2 0.775 0
30.6 1.93 0
33.8 5.9 0
38.6 26.6 0
36.1 26.6 0
33.6 25.4 0
37.6 21.1 0
39.9 26.6 0
34.9 26.6 0
35.5 22.7 0
38.5 22.7 0
27.7 16.3 0
28 43.9 0
37.4 25.4 0
37.2 24 0
33.8 23.5 0
35.9 21.1 0
22.6 62.7 0
27.3 67.5 0
21.1 61.6 0
48.7 62.3 4
28.4 68.9 0
27.8 45.6 0
22.6 92.7 4
27.3 97.5 4
28.4 98.9 4
21.1 91.6 0
48.7 92.3 4
27.7 71.3 0
70.2 1.93 0
72 1.15 0
67.8 14.2 0
69.4 13.1 0
78.6 26.6 4
76.1 26.6 4
73.6 25.4 4
77.6 21.1 4
79.9 26.6 4
74.9 26.6 4
75.5 22.7 4
78.5 22.7 4
67.7 16.3 0
68 43.9 4
77.4 25.4 4
77.2 24 4
73.8 23.5 4
75.9 21.1 4
86.1 60 4
82.4 62 4
67.3 67.5 4
51.2 62.3 4
88.7 62.3 4
83.6 60 4
68.4 68.9 4
67.8 45.6 4
52.5 60.3 4
69.6 46.3 4
67.3 97.5 4
68.4 98.9 4
51.2 92.3 4
88.7 92.3 4
67.7 71.3 4
69.7 72.6 4
52.5 90.3 4
106 27.3 4
118 32.1 4
119 36.7 4
121 36.7 4
105 27.3 4
121 32.9 4
119 33.4 4
118 35.3 4
109 27.3 4
108 24.2 4
110 27.3 4
108 26 4
108 28.5 4
91 61.6 4
124 62.3 4
123 61 4
91.9 93.1 4
91 91.6 4
124 92.3 1
123 91 1
127 63.1 4
126 61.6 4
159 61.6 4
127 93.1 1
126 91.6 1
159 91.6 1
200 6.65 4
161 62.3 4
161 92.3 1
162 90.3 1
162 94.1 1
17.5 10.2 0
18.8 10.2 0
19.4 12 0
18.1 55.5 0
18.1 54.2 0
19.4 53 0
8.65 96.7 0
18.1 85.5 0
18.1 84.2 0
9.23 98.3 4
19.4 83 0
36.6 13.9 0
34.7 13.1 0
21 11.7 0
49.1 11.8 0
23.3 0.95 0
22.3 9.83 0
37.8 42.7 0
36.6 43.9 0
36.8 15.9 0
35.8 46.9 0
37 45.6 0
34.5 46.9 0
49.1 53.2 4
36.9 69.2 4
20.8 53.2 0
35.4 67.8 0
47.9 55 4
22.3 54.6 0
49.1 83.2 4
36.8 70.9 4
36.9 99.2 4
20.8 83.2 0
22.3 84.6 0
35 72.2 0
35.4 97.8 4
53.6 10.4 0
76.7 14.1 0
89.1 11.8 4
50.8 11.9 0
63.5 1.1 0
52 10 0
77.8 42.7 4
76.6 43.9 4
74.7 43.1 4
76.8 15.9 0
75.8 46.9 4
77 45.6 4
74.5 46.9 4
50.8 53.1 4
89.1 53.2 4
76.9 69.2 4
75.4 67.8 4
87.9 55 4
50.8 83.1 4
89.1 83.2 4
76.8 70.9 4
76.9 99.2 4
75.4 97.8 4
87.9 85 4
75 72.2 4
100 8.25 4
98.9 9.93 4
95.8 8.93 4
124 10.2 4
123 10.2 4
91.1 11.6 4
117 14.1 4
96.9 9.98 4
124 12 4
117 0.95 4
95.8 7.38 4
118 42.7 4
117 43.9 4
117 15.9 4
115 17.2 4
123 55.5 4
123 54.2 4
124 53 4
91 53.4 4
117 45.6 4
117 69.2 4
118 85 0
118 86.8 0
119 88 0
123 85.5 0
123 84.2 0
121 87.4 0
117 70.9 4
124 83 0
91 83.4 4
117 99.2 1
115 72.2 4
126 11.6 4
159 11.7 4
158 9.83 4
126 53.4 4
159 53.4 4
126 83.4 0
159 83.4 0
164 10.4 4
161 11.9 4
173 0.95 4
162 9.98 4
161 53.1 4
162 54.9 4
161 83.1 0
68.3 49.5 4
72.5 52.7 4
71.4 51.2 4
72 49.5 4
68.9 51.2 4
70.2 48.9 4
98.3 0.9 0
119 58 4
121 57.4 4
98.1 99.3 4
155 57.6 4
154 60.9 4
154 59.1 4
155 62.4 4
157 62.7 4
132 77.6 0
130 76.8 4
130 75.2 4
1.88 0.825 0
17.5 40.2 0
18.8 40.2 0
19.4 42.1 0
1.9 98.8 0
45.2 25.8 0
43.3 23.9 0
43.3 25.2 0
47.1 23.9 0
47.1 25.2 0
44.6 22.7 0
45.8 22.7 0
21 41.8 0
49.1 41.9 0
45.1 81.2 4
43.5 80.3 4
43.3 78.9 4
47.1 78.9 4
44.6 77.7 4
45.8 77.7 4
46.8 80.4 4
53.6 40.5 0
85.2 25.8 4
83.3 23.9 4
83.3 25.2 4
87.1 23.9 4
87.1 25.2 4
84.6 22.7 4
85.8 22.7 4
89.1 41.9 4
50.8 41.9 0
52 40.1 0
78.8 74.9 4
79.7 76.5 4
81.1 76.7 4
81.1 73 4
82.3 75.5 4
82.3 74.2 4
79.6 73.2 4
91 41.8 4
124 42.1 4
92.3 39.9 4
99.5 58.9 4
98.2 58 4
95.2 57.7 4
96.4 61 4
96.4 59.2 4
99.7 61.2 4
98.4 62.1 4
95.2 62.5 4
93.4 62.9 4
126 41.8 4
159 41.8 4
127 39.9 4
158 39.9 4
155 87.7 1
154 91 1
154 89.2 1
155 92.5 1
157 92.8 1
164 40.5 4
161 41.9 4
162 40.1 4
200 92.7 0
102 1.25 0
99.3 5.05 0
97.3 4.9 4
102 98.6 4
111 82.3 4
110 85.9 4
113 83.6 4
112 85.7 4
109 82.3 4
108 83.9 4
198 1.18 4
198 98.8 4
194 6.08 4
192 9.6 4
195 7.75 4
195 11.4 4
194 9.5 4
192 6.05 4
190 7.83 4
176 27.4 4
176 28.7 4
176 32 4
178 31.1 4
178 29.3 4
179 28.7 4
178 26.8 4
179 27.4 4
2.98 4.88 0
0.925 4.88 0
18.1 4.08 0
18.1 5.33 0
11.8 14.1 0
19.4 2.83 0
9.75 42.9 0
10.1 17.2 0
18.1 34.1 0
19.4 32.8 0
11.8 44.1 0
11.9 15.9 0
10.9 46.9 0
13.1 67.8 0
17.5 65.3 0
18.8 65.3 0
11.8 69 0
9.93 68.3 0
12.2 45.6 0
19.4 67.2 0
10.1 72.2 0
17.5 95.3 4
18.8 95.3 4
11.9 70.9 0
19.4 97.2 4
25.3 12.9 0
37.9 2.35 0
34.8 1.88 0
36.7 1.1 0
21 3.15 0
23.2 14.1 0
49.2 3 0
47.9 4.88 0
22.3 5.03 0
25.3 42.9 0
24.9 17.2 0
21 33.2 0
49.1 33.1 0
23.2 44.1 0
23.1 15.9 0
22.3 35 0
24.5 67.8 0
22.3 65.5 0
47.8 65.1 4
24.7 46.3 0
24.7 47.5 0
49.1 66.9 4
23 69.2 0
20.8 67 0
22.9 45.6 0
24.5 97.8 4
22.3 95.5 4
24.9 72.2 0
49.1 96.9 4
23.1 70.9 0
23 99.2 4
20.8 97 4
47.8 95.1 4
74.7 2.1 0
62.1 12.7 0
78.1 2.2 0
65.2 13.1 0
63.3 13.9 0
89.1 3.05 0
50.8 2.98 0
76.8 0.95 0
52 4.85 0
64.9 17.2 0
89.1 33.1 4
63.2 44.1 4
63.1 15.9 0
50.8 33 0
52 34.9 0
65.3 42.9 4
64.5 67.8 4
52 65.2 4
87.8 65.1 4
64.7 46.3 4
64.7 47.5 4
50.8 67 4
89.1 66.9 4
63 69.2 4
62.9 45.6 4
64.5 97.8 4
52 95.2 4
87.8 95.1 4
64.9 72.2 4
50.8 97 4
63.1 70.9 4
63 99.2 4
89.1 96.9 4
123 4.08 4
123 5.33 4
95.3 13.1 4
91.1 3.3 0
93.3 13.9 4
124 2.83 4
91.9 5.18 0
95.4 42.9 4
92.2 31.9 4
123 34.1 4
94.9 17.2 4
123 35.3 4
91 33.2 4
124 32.8 4
93.2 44.1 4
93.1 15.9 4
95.7 66.7 4
94.7 47.5 4
94.7 46.3 4
124 65.3 4
123 65.3 4
93.2 69 4
95.1 68.3 4
91 66.8 4
92.9 45.6 4
124 67.2 4
94.9 72.2 4
124 95.3 1
123 95.3 1
93.1 70.9 4
91 96.8 4
124 97.2 1
155 12.9 4
155 2.1 4
130 13.1 4
130 1.93 4
126 3.3 4
128 13.9 4
128 1.1 4
157 14.1 4
159 3.15 4
157 0.95 4
158 5.03 4
158 31.9 4
127 31.9 4
155 17.2 4
130 17.2 4
126 33.2 4
159 33.2 4
157 44.1 4
128 44.1 4
157 15.9 4
128 15.9 4
127 35 4
158 35 4
154 66.7 4
156 46.9 4
130 47.5 4
130 46.3 4
155 46.9 4
155 68.3 0
128 69 4
157 69 0
130 68.3 4
126 66.8 4
159 66.8 4
157 45.6 4
128 45.6 4
154 96.7 1
155 72.2 0
130 72.2 4
157 70.9 0
128 70.9 4
155 98.3 1
159 96.8 1
157 99 1
126 96.8 1
130 98.3 1
128 99 1
172 12.8 4
173 14.1 4
161 3.08 4
162 4.95 4
175 42.9 4
172 42.8 4
175 17.2 4
173 44.1 4
161 33 4
173 15.9 4
162 34.9 4
172 67.8 4
162 65.2 4
175 46.3 4
175 68.3 4
173 69 4
161 67 4
173 45.6 4
175 47.5 4
175 72.2 4
172 97.8 0
175 98.3 0
173 99 0
173 70.9 4
161 97 1
176 96.7 0
95.3 1.1 0
96.1 99.3 4
3.68 0.825 0
3.7 98.8 0
101 2.15 4
104 1.25 4
104 98.6 4
176 2.1 4
178 1.15 4
196 1.18 4
199 2.03 4
200 46.9 4
197 98.8 4
181 13 4
183 14.1 4
181 43 4
184 17.5 4
183 16.2 4
183 44.1 4
184 67.1 4
185 46.3 4
185 47.5 4
182 68.6 4
183 45.6 4
184 72.5 4
183 71.3 4
17.5 19.7 0
18.8 19.7 0
19.4 17.8 0
19.4 72.8 0
41.8 2.13 0
45.3 13.3 0
44.7 1.68 0
47 14.1 0
43.1 0.875 0
46 16.9 0
48.1 19 0
45.2 43.4 0
21.7 19.8 0
47 44.2 0
49.4 17.8 0
47.2 15.6 0
20.9 18.1 0
45.4 47.5 0
45.4 46.3 0
45.2 68.3 4
46.9 69.1 4
47.2 45.6 0
46 71.9 4
48.1 74 4
45.2 98.3 4
21.7 74.8 0
49.4 72.8 4
47.2 70.6 4
46.9 99.1 4
20.9 73.1 0
85.2 13.4 4
87 14.2 4
57 14.2 0
87 0.85 0
57 0.85 0
58.2 12.9 0
88.1 19 4
86 16.9 4
51.9 19 0
85.2 43.4 4
87 44.2 4
57 44.2 4
87.2 15.6 4
57.2 15.6 0
50.6 17.8 0
89.4 17.8 4
85.4 46.3 4
55.4 46.3 4
85.4 47.5 4
85.2 68.3 4
55.2 68.3 4
56.9 69.1 4
86.9 69.1 4
57.2 45.6 4
87.2 45.6 4
88.1 74 4
86 71.9 4
51.9 74 4
55.2 98.3 4
50.6 72.8 4
57.2 70.6 4
56.9 99.1 4
87.2 70.6 4
89.4 72.8 4
85.2 98.3 4
86.9 99.1 4
101 13 4
104 13 4
103 13.9 4
114 2.13 4
112 1.18 4
97.1 2 0
101 43 4
104 17.6 4
103 16.3 4
91.7 19.8 4
103 44.2 4
90.9 18.1 4
124 17.8 4
104 67.3 4
104 46.9 4
102 68.6 4
103 45.6 4
104 72.6 4
124 74.7 4
123 74.7 4
114 98.2 0
91.7 74.8 4
103 71.3 4
90.9 73.1 4
124 72.8 4
112 99.1 0
135 12.8 4
146 12.8 4
137 12.7 4
137 2.25 4
138 14.1 4
147 14.1 4
138 0.95 4
147 0.85 4
139 17.5 4
149 43 4
136 43 4
146 17.5 4
158 19.8 4
127 19.8 4
138 16.3 4
147 16.3 4
138 44.2 4
147 44.2 4
159 18.1 4
126 18.1 4
139 67.3 4
146 46.3 4
139 46.3 4
146 67.5 0
146 47.5 4
139 47.5 4
137 68.6 4
148 68.8 0
138 45.6 4
147 45.6 4
138 48.1 4
136 47.5 4
136 46.3 4
146 72.5 0
139 72.5 4
139 97.3 1
146 97.5 1
158 74.8 0
127 74.8 4
147 71.3 0
138 71.3 4
159 73.1 0
126 73.1 4
137 98.6 1
148 98.8 1
167 14.1 4
165 1.68 4
188 1.15 4
163 0.875 4
166 16.9 4
162 19 4
168 42.9 4
167 44.2 4
161 17.8 4
167 15.6 4
168 67.9 4
165 68.3 0
167 69.1 0
167 45.6 4
162 74 0
168 97.9 0
161 72.8 0
167 70.6 0
165 98.3 1
167 99.1 1
0.925 13 0
2.53 14.2 0
0.925 43 1
2.5 16.3 0
2.53 44.2 1
0.625 46.3 1
3.75 46.9 0
0.625 47.5 1
2.5 68.8 0
2.5 45.6 0
2.5 48.1 0
2.5 71.3 0
114 12.9 4
112 13.9 4
114 43.1 4
112 16.3 4
112 44.2 4
111 17.6 4
111 46.9 4
114 68.2 4
112 45.6 4
112 69.1 4
112 48.1 4
114 47.5 4
114 46.3 4
111 72.6 4
112 71.3 4
191 13 4
193 14.2 4
194 43 4
193 16.3 4
193 44.2 4
194 46.9 4
193 67.7 4
192 69.1 4
193 45.6 4
191 72.5 0
184 97.1 4
194 72.5 0
182 98.6 4
193 71.3 0
93.4 1.1 0
95.2 98.3 4
93.3 99 4
6.55 1.15 0
4.65 1.98 0
19.4 22.4 0
19.4 57.5 0
5.63 96.5 0
4.95 98.1 4
6.83 99.3 4
19.4 87.5 0
19.4 77.4 0
17.5 75.5 0
18.8 75.5 0
30.8 13.1 0
41.6 13 0
26.2 2.1 0
32.5 14.2 0
42.9 14.2 0
47.2 0.8 0
27.8 1.15 0
30.7 17.6 0
30.8 43.1 0
41.6 43 0
33.9 43.1 0
32.6 16.3 0
49.4 22.4 0
32.5 44.2 0
20.8 22.2 0
42.7 15.6 0
42.8 44.2 0
48.1 21.1 0
43.9 16.9 0
41.6 68 4
32.9 67.5 0
22.6 57.1 0
48.7 57.4 4
21.1 58.2 0
31.9 68.9 0
32.5 45.6 0
42.8 69.2 4
42.7 45.6 0
47.5 89.4 4
22 78.4 0
41.6 98 4
47.9 85.8 4
32.9 97.5 4
22.6 87.1 0
48.7 87.4 4
21.1 88.2 0
31.9 98.9 4
32.6 71.3 0
42.7 70.6 4
49.4 77.4 4
42.8 99.2 4
20.8 77.2 0
43.9 71.9 4
48.1 76.1 4
81.6 13 0
73.8 12.9 0
72.2 13.9 0
66.2 1.88 0
54.4 1.63 0
52.8 14.2 0
82.8 14.2 4
84.4 1.63 0
67.6 0.775 0
52.8 0.775 0
82.8 0.775 0
73.7 11.1 0
54.4 13.4 0
70.7 17.6 0
70.8 43.1 4
81.6 43 4
72.6 16.3 0
50.6 22.4 0
72.5 44.2 4
89.4 22.4 4
52.7 15.6 0
82.7 15.6 4
52.8 44.2 0
82.8 44.2 4
54.4 43.4 0
88.1 21.1 4
53.9 16.9 0
51.9 21.1 0
83.9 16.9 4
55.2 16.9 0
52 55.7 4
81.6 68 4
72.9 67.5 4
51.2 57.4 4
88.7 57.4 4
71.9 68.9 4
52.8 69.2 4
72.5 45.6 4
82.8 69.2 4
52.7 45.6 0
82.7 45.6 4
52 85.7 4
81.6 98 4
72.9 97.5 4
71.9 98.9 4
51.2 87.4 4
88.7 87.4 4
72.6 71.3 4
52.7 70.6 4
52.8 99.2 4
50.6 77.4 4
89.4 77.4 4
82.7 70.6 4
82.8 99.2 4
88.1 76.1 4
53.9 71.9 4
51.9 76.1 4
83.9 71.9 4
55.2 71.9 4
105 2.13 4
107 0.875 4
92 23.4 4
90.8 22.2 4
124 22.4 4
91.9 24.9 4
91.9 56.7 4
91 58.2 4
124 57.5 4
123 58.8 4
123 88.8 1
92 78.4 4
107 97.7 4
108 99.1 0
91.9 86.7 4
105 97.3 4
91 88.2 4
124 87.5 0
90.8 77.2 4
124 77.4 4
158 23.4 4
127 23.4 4
159 22.2 4
126 22.2 4
158 56.7 4
127 56.7 4
126 58.2 4
159 58.2 4
129 57 4
129 87 1
158 78.4 0
127 78.4 4
158 86.7 1
127 86.7 0
126 88.2 1
159 88.2 1
159 77.2 0
126 77.2 4
168 2.05 4
195 2 4
163 14.2 4
193 0.825 4
167 0.8 4
164 13.3 4
161 22.4 4
163 15.6 4
163 44.2 4
164 43.4 4
164 16.9 4
162 21.1 4
162 59.4 4
161 57.4 4
163 69.2 0
163 45.6 4
162 85.7 1
196 97.3 4
161 87.4 1
163 70.6 0
194 97.7 4
161 77.4 0
193 99.1 4
163 99.2 1
164 71.9 0
162 76.1 0
165 71.9 0
13.4 2.2 0
12.1 0.95 0
9.95 2.1 0
12.1 99 4
19.4 7.5 0
19.4 37.5 0
18.1 36.3 0
47.9 9.13 0
48.8 7.5 0
21.3 7.5 0
47.8 39.2 0
47.8 35.9 0
21.3 37.5 0
48.7 37.5 0
22.3 39.1 0
87.8 9.15 0
87.8 5.85 0
88.7 7.5 4
51.2 7.5 0
87.8 39.2 4
87.8 35.9 4
88.7 37.5 4
51.2 37.5 0
91.9 8.9 4
124 7.5 4
90.8 7.5 0
91.3 37.5 4
92.3 36 4
124 37.5 4
123 39.4 4
124 39.4 4
127 8.9 4
127 6.1 4
159 7.5 4
126 7.5 4
126 37.5 4
159 37.5 4
161 7.5 4
161 37.5 4
16.3 13.1 0
17.5 0.625 0
17.5 14.4 0
16.3 43.1 0
19.4 27.5 0
17.5 44.4 0
17.5 15.6 0
18.1 26.3 0
18.1 28.8 0
16.9 27.5 0
16.3 68.1 0
17.5 45.6 0
19.4 47.5 0
17.5 69.4 0
16.3 98.1 4
17.5 99.4 4
17.5 70.6 0
16.3 71.9 0
21.9 26.3 0
21.9 28.8 0
49.4 27.5 0
20.6 27.5 0
23.8 26.9 0
23.8 28.1 0
21.9 48.8 0
20.6 47.5 0
49.4 47.5 0
51.9 26.3 0
51.9 28.8 0
50.6 27.5 0
89.4 27.5 4
53.8 26.9 0
53.8 28.1 0
51.9 25 0
50.6 47.5 0
89.4 47.5 4
121 13.1 4
123 0.625 4
123 14.4 4
121 43.1 4
124 27.5 4
90.6 27.5 4
123 44.4 4
123 15.6 4
123 28.8 4
123 26.3 4
121 68.1 4
123 45.6 4
124 47.5 4
123 69.4 4
90.6 47.5 4
121 98.1 1
123 70.6 4
123 99.4 1
159 27.5 4
126 27.5 4
159 47.5 4
126 47.5 4
162 26.3 4
162 28.8 4
161 27.5 4
164 28.1 4
164 26.9 4
162 48.8 4
161 47.5 4
0.875 0.825 0
0.9 98.8 0
99.9 0.9 4
99.3 0.9 0
101 98.6 4
99.1 99.3 4
199 98.8 4
1.5 0.825 0
1.53 98.8 0
102 1.25 4
98.7 0.9 0
101 98.6 4
98.5 99.3 4
198 1.18 4
199 98.8 4
0.15 1.98 0
0 98.1 0
99.8 97.9 4
100 2.15 4
200 2.03 4
2.48 0.825 0
2.5 98.8 0
96.3 2 0
103 1.25 4
97.7 0.9 0
97.5 99.3 4
102 98.6 4
198 1.18 4
198 98.8 4
