0.775 26.7 0
9.43 36 0
3.38 46.3 0
1.43 46.3 0
5.95 98.7 4
19 82.9 0
6.85 85.8 0
27.7 3.95 0
48 1.1 0
22.3 14.1 0
31.5 43.8 0
21.4 38.9 0
42.6 16.3 0
33.3 43.8 0
22.3 44.1 0
41.8 23.4 0
45.5 50 0
41.7 46.8 0
38.5 53.8 0
46.7 75.5 4
27.7 85.7 0
44.6 98.7 4
48.8 77.6 4
30.5 77.7 0
86.9 7.68 0
51.5 8.8 0
83.1 13.9 0
55.1 13.5 0
52 1.1 0
68.1 19.3 0
88.8 22.4 0
89.2 27.9 4
83.5 18 0
60.2 54.6 4
67.1 54.6 4
54.8 46.6 0
63.3 47.5 0
50.8 68.2 4
80.9 90.5 4
84.5 73 4
55.1 98.5 4
51.4 77.2 4
50.8 98.2 4
91.4 6.5 0
90.8 1.75 0
92.3 14.1 0
103 38 4
99.2 37.3 4
105 35.1 4
114 16.3 0
123 21.8 4
92.3 44.1 4
111 19.3 0
114 34 4
123 35.3 4
91.3 61.4 4
100 59.2 4
94.6 89 4
101 95.3 4
117 90 0
124 93.1 0
91.4 76.9 4
124 91.3 0
91.5 98.9 4
123 73.6 4
148 1.2 0
146 1.2 0
159 13.4 4
127 14.1 0
128 12.2 0
130 29.3 4
126 43.4 4
135 35.5 4
158 44.1 4
143 61 4
138 49.1 4
151 75.4 4
134 79.8 4
140 85.7 0
187 1.18 4
161 9.08 4
165 13.8 4
167 1.13 4
162 2.88 0
185 1.18 4
177 21.7 4
185 33.6 4
195 38.4 4
174 32.1 4
161 22.2 4
183 54.8 4
180 65.1 4
165 53.8 4
184 58.7 4
181 62 4
188 65.3 4
195 46.3 4
161 68.2 4
186 91.1 4
180 79.4 4
161 77.2 4
161 98.2 1
199 89.6 4
181 91.4 0
3.15 13.8 0
1.2 13.8 0
0.775 24.2 0
18.5 21.8 0
3.1 43.8 0
3.08 16.2 0
1.15 43.8 0
1.13 16.2 0
8.7 17.1 0
10.8 77.6 0
18.3 76.8 0
10.1 71.3 0
17 73.5 0
1.23 82.6 0
42.8 4.13 0
21.5 8.98 0
34.1 2.15 0
27.8 31.9 0
23.9 33 0
29.1 33.5 0
40.5 27.3 0
34.3 16.4 0
21.4 37.2 0
43.1 43.8 0
25.2 51.3 0
31.2 58.9 0
48.5 63.6 0
41.1 60.5 0
35.2 60.9 0
47.8 68.9 0
39.7 78.6 0
33.7 88.5 0
41.4 91.2 4
29.7 89.3 0
42.3 71.3 0
49.1 98.2 4
30 71.5 0
51.5 7.1 0
89.1 1.75 0
53.5 12.6 0
65.8 12.9 0
56.6 16.6 0
83.2 43.8 4
51.3 22.1 0
82.2 16.2 0
54.7 58.7 0
81.4 61.1 4
82 46.3 4
50.8 46.9 0
66.5 46.3 4
89.1 68.2 4
56.7 71.7 4
88.6 93.6 4
88.7 77.5 4
89.1 98.2 4
88.6 91.8 4
68 78.4 4
113 13.8 0
92.2 3.4 0
93.7 12 0
108 19.1 4
101 43.8 4
113 43.8 4
121 17.2 0
93.6 66.9 4
105 80.9 4
124 85 4
91.4 73.5 4
95.8 71.3 4
148 13.7 4
146 13.7 0
141 20.3 4
144 20.3 4
158 18.8 4
146 43.5 4
139 43.6 4
137 43.6 4
136 85.5 0
159 92.9 1
159 91.1 0
185 13.7 4
161 1.75 0
177 7.33 4
163 12.8 4
180 23.1 4
167 16.6 4
198 19.7 4
169 41.1 4
197 23.9 4
195 56.1 4
165 58.7 4
176 49.4 4
200 46.3 4
161 46.9 4
167 71.7 4
176 74.1 4
18.2 8.4 0
4.88 1.23 0
17.2 18.5 0
10.6 18.4 0
18.8 17.2 0
15.4 79.2 0
12.2 71.3 0
18.8 72.2 0
43.2 13.8 0
21.3 21.9 0
25.6 16.4 0
45.6 25.4 0
48.5 61.8 0
47.8 46.3 0
22.3 68.9 0
46.3 67.3 0
26 71.5 0
21.7 77 0
22.3 98.9 4
82.7 1.33 0
67.2 21.7 0
70.7 25.6 0
57.8 46.3 0
87.7 66.8 4
88.6 63.8 4
88.6 62 4
87.8 46.3 4
87.7 96.7 4
83 98.5 4
58.9 90.7 4
60.8 89.1 4
66.9 91 4
111 13.8 0
113 1.08 0
104 43.8 4
124 39.1 4
111 43.8 4
105 25.9 4
123 15.9 0
107 60.8 4
95.7 68 4
103 61.3 4
124 54.8 4
102 46.4 4
95.8 46.4 4
92.3 68.9 4
93.5 82.4 4
118 71.4 4
106 85 4
124 82.9 4
93.6 71.3 4
124 72.2 4
137 1.2 0
139 1.2 0
158 1.1 0
127 1.1 0
128 3 0
140 23 4
148 43.5 4
126 21.9 4
134 21.7 4
136 23.1 4
146 24.3 4
147 54.4 4
156 52.1 4
127 68.9 4
158 68.9 4
152 89.7 0
126 77.3 4
159 98.2 1
127 98.9 1
193 4.58 4
182 13.7 4
163 7.4 4
193 43.7 4
175 16.3 4
191 43.7 4
191 16.3 4
186 16.3 4
186 46.2 4
193 47.5 4
191 46.2 4
189 54.9 4
173 90.8 0
182 71 4
182 98.7 0
184 98.7 0
185 71 4
18.2 6.7 0
18.1 14.1 0
18.6 31.7 0
18.8 39.1 0
12.5 16.3 0
18.1 44.1 0
36.6 13.4 0
21.5 7.28 0
21.1 1.75 0
39.6 22.6 0
23.6 42.7 0
21.5 61.9 0
21.5 63.7 0
43 68.4 0
29.9 68.5 0
22.3 46.3 0
28.3 91.3 0
47.6 96.9 4
48.5 93.9 4
21.4 93.8 4
48.5 92.1 4
62.3 19.3 0
88.6 33 4
84.4 51.6 4
62.3 48.8 0
83 68.6 4
77.1 47.5 4
74 71.6 4
51.5 93.7 4
65.5 71.4 4
51.5 91.9 4
52.3 96.7 4
124 8.48 0
95.8 12.9 0
102 13.2 0
123 14.1 0
117 1.08 0
99.5 19.1 0
97.9 35.3 4
91.5 20.5 0
123 44.1 4
124 32.8 4
109 57.2 4
104 46.4 4
91.3 52.4 4
92.3 48.2 4
124 52.7 4
91 46.9 4
101 85.5 4
131 1.9 0
131 13.2 0
127 38.4 4
159 22.1 4
131 16.4 0
134 49.4 4
158 46.3 4
126 46.9 4
148 95.7 1
159 87.1 0
154 97.7 1
131 71.8 4
126 81.6 4
158 95.9 1
176 13.7 4
171 4.55 4
173 6.98 4
173 16.3 4
192 53.5 4
194 84.8 4
193 80.6 4
171 85.4 0
174 85.3 0
172 74.1 4
11.9 61.8 0
6.03 60.7 0
12.8 91 0
1.55 71.6 0
3.5 71.6 0
23.8 12.7 0
35 28.1 0
48.7 27.6 0
21.1 27 0
28.8 60.6 0
39.4 88.9 4
40.5 84.8 4
43 98.7 4
38.5 71.3 0
23.7 97.5 4
63.3 1.6 0
73 16.6 0
60.6 36.7 0
71.2 16.6 0
78.3 16.2 0
79.4 59.1 4
86.2 52.6 4
84.8 48.8 4
55.3 68.3 4
52 48.5 0
72.3 79.2 4
63.4 71.4 4
76.5 80.3 4
104 13.2 0
116 13.8 0
92.4 18.8 0
91.4 38.7 4
118 16.3 0
118 46.7 4
113 83.6 4
122 96.1 0
115 88.9 4
112 91.8 4
92.9 98.9 4
106 95.8 4
108 90 4
118 97.9 0
122 87 0
159 38.7 4
154 16.6 4
148 68.5 4
146 68.5 4
159 56 4
143 95.4 1
158 76.1 4
174 13.7 4
161 39.1 4
198 40.8 4
196 25.5 4
166 68.1 4
170 49.1 4
165 46.5 4
171 88.3 0
165 98.3 1
18.8 1.75 0
18.6 28.1 0
18.8 37.4 0
8.65 59.5 0
18.6 63.9 0
18.1 68.9 0
19.2 47.7 0
17.3 45.9 0
1.35 79.8 0
18.1 98.9 4
43.1 6.63 0
27.7 36 0
31 16.8 0
25.7 43.6 0
33.6 46.7 0
25.9 68.5 0
23.8 67.4 0
25.8 98.6 4
56.8 13.5 0
51.8 36.1 0
63.4 22.4 0
75 60.8 4
61 61.1 4
74.2 51.6 4
56.5 47.9 0
78.2 46.3 4
65.5 61.1 4
72.9 98.2 4
56.8 98.5 4
74.1 88.8 4
124 6.78 0
123 1.1 0
91.4 37 4
124 27.4 4
123 68.9 4
108 86 4
124 98.2 1
127 36.7 4
159 27.4 4
159 53.9 4
157 74.3 4
167 13.8 4
173 26.3 4
197 38.1 4
191 28.5 4
162 36 4
165 43.8 4
181 36 4
192 23.1 4
186 84.7 4
173 76.4 4
8.03 1.63 0
0.95 1.23 0
11.6 39 0
10.8 27.4 0
10.8 55.1 0
5.18 78.7 0
18.7 93.9 4
25.9 13.7 0
37.2 16.4 0
29.9 52.8 0
42.9 50 0
35.4 90.2 4
33.1 98 4
48.4 86.1 4
33.5 81.3 0
72.7 13.1 0
51.3 39 0
54.8 43.7 0
72.8 68.3 4
73.4 47.5 4
51.2 52.6 0
78.1 82.6 4
71.1 98.2 4
76.9 87 4
98.9 1.65 0
105 16.8 4
91.2 27.3 4
91.8 55.8 4
123 46.3 4
111 55.9 4
91.9 93.3 4
106 79 4
111 78.6 4
159 11.5 4
159 37 4
128 41.5 4
145 46.8 4
159 63.5 4
159 61.7 4
140 46.8 4
127 61.7 4
127 63.5 4
156 49.3 4
127 91.7 0
127 93.5 0
171 36 4
175 37.9 4
163 42.8 4
170 27.8 4
179 35.2 4
173 60.5 4
162 63.3 4
163 66.3 4
162 93.5 1
188 80.5 4
177 76.5 4
162 96.5 1
9.98 13.1 0
1.55 68.4 0
3.5 68.4 0
9.05 68.4 0
18.7 92.1 4
8.3 96.7 4
9.4 82.8 0
32.9 18.2 0
46.8 18.5 0
33.1 68.3 0
30.4 46.2 0
31.3 98 4
21.5 90.5 4
70.9 13.1 0
86.5 13.2 0
86 3.53 0
56.8 38.1 0
74.2 40.3 4
86.6 18.1 0
80 35.3 4
57.8 43.8 0
52 42.1 0
59.4 59.1 4
51.7 61.6 4
71.7 58.8 4
51.7 63.4 4
71 68.3 4
88.4 56 4
71.6 46.3 4
82.8 51.6 4
65.2 68.6 4
52.5 66.5 4
70.2 80.5 4
70.9 71.5 4
52.6 73.9 4
79.3 74.6 4
94.3 1.65 0
91.5 22.1 0
91.5 32.3 4
109 21.1 4
123 18.5 4
93.7 42.5 4
121 36.7 4
113 67.7 4
122 61.8 4
113 46.9 4
123 63.7 4
93.1 53.8 4
114 80.9 4
91.9 91.5 4
114 71.7 4
134 29.5 4
134 33.7 4
156 42.5 4
140 68 4
149 46.9 4
127 55.2 4
135 68.4 4
129 67.3 4
156 67.3 4
148 88.4 0
139 72 4
150 80.3 0
137 72 4
147 82.1 0
135 98.3 1
129 97.2 1
195 13.1 4
179 1.8 4
191 13.1 4
164 1.78 4
176 1.23 4
163 18.8 4
185 43.2 4
169 38.6 4
169 30.7 4
162 61.5 4
193 61.6 4
195 68.4 4
169 57.7 4
189 62.3 4
187 58.7 4
188 87.4 4
162 91.7 0
194 91.1 4
163 73.9 4
190 98.2 4
175 98.7 0
173 98.7 0
172 80 4
174 83 0
12.1 13.1 0
5.7 2.85 0
16.3 12.2 0
8.53 43.5 0
18.3 60.6 0
12.6 68.7 0
10 46.8 0
4.35 92 4
17.1 85.7 0
36 4.05 0
26 1.28 0
30.2 12.1 0
48.7 17.2 0
46.5 43.2 0
47.8 44.4 0
33.2 25.9 0
21.9 55.8 0
48.1 55.6 0
38.4 81.2 0
33.9 71.9 0
21.9 82.7 0
21.5 86.5 0
47.8 99.3 4
46.6 73.5 4
48.7 72.2 4
63.8 11 0
75.1 1.8 0
54.4 4.7 0
88.7 10.4 0
87.8 14.4 0
87.8 0.65 0
65.6 42.9 4
52.5 18.8 0
87.8 16.3 0
51.2 17.2 0
62.3 43.8 0
52 44.4 0
68.6 59 4
65.4 51.8 4
83.2 48.8 4
63.1 68.6 4
52 69.3 4
65.7 47.5 4
87.8 69.3 4
52 45.6 0
86.5 48.8 4
86.5 73.3 4
88 85.8 4
51.6 85.7 4
77 71.6 4
87.8 71.3 4
51.2 72.2 4
52 99.3 4
87.8 99.3 4
68.1 88.2 4
65.1 98.4 4
91.5 0.65 0
92.7 29.1 4
122 42.8 4
95.9 16.6 0
102 23.4 4
114 18.2 0
124 17.2 0
124 36.1 4
101 68.4 4
102 91.3 4
105 71.4 4
102 72 4
117 73 4
110 71.4 4
100 89 4
121 78.5 4
156 2.98 0
157 29 4
158 32.1 4
153 52.8 4
154 68.4 4
127 53.1 4
131 68.4 4
131 47.1 4
128 48.9 4
146 72 4
136 81.5 0
148 72 4
140 98 1
131 98.3 1
158 77.7 0
162 0.65 4
181 43.7 4
161 17.2 4
171 33.5 4
182 68.2 4
169 54.8 4
185 68.2 4
181 46.8 4
167 68.1 4
191 68.6 4
162 69.3 4
162 48.4 4
162 45.6 4
191 87.5 4
190 71.6 4
194 71.7 4
162 85.6 0
167 98.3 1
161 72.2 4
162 99.3 1
198 91.3 4
16.9 3.6 0
12.6 1.85 0
19.4 13.4 0
12.7 43.8 0
16.9 42.8 0
19.4 43.4 0
18.2 52.8 0
12.2 46.8 0
16.8 67.6 0
8.28 80.2 0
17.1 81.7 0
27.2 6.38 0
37.6 1.9 0
34.8 13.4 0
48.7 13.4 0
21.3 13.4 0
47.2 36.3 0
42.2 29.3 0
38.1 43.3 0
48.7 40.4 0
22.3 16.3 0
21.3 43.4 0
47.2 29.6 0
21.9 53.7 0
48.1 53.5 0
26.4 46.2 0
22.3 71.3 0
31.6 73.4 0
62.4 13.1 0
77.2 1.8 0
51.2 13.4 0
77.3 19.9 0
88.7 40.3 4
51.7 31.3 0
85.6 25.1 0
88.6 34.8 4
88.7 43.4 4
87.4 42.2 4
82.5 23 0
80.5 23.4 0
63.3 51.8 4
57 68.3 4
70.9 51.4 4
88.7 52.3 4
63.6 46.3 4
75.2 46.3 4
67.1 85.5 4
88 83.7 4
51.6 83.6 4
63 98.4 4
86.4 97.8 4
124 13.4 0
122 12.2 0
92.9 2.3 0
91.3 13.4 0
92.3 16.3 0
95.8 43.4 4
124 43.4 4
99.6 23.2 4
114 41.8 4
91.3 43.4 4
110 68.6 4
110 46.8 4
105 68.6 4
93.6 47 4
92.3 45.6 4
91.8 85.7 4
106 91.8 4
94.6 78.2 4
154 1.88 0
154 13.1 4
158 14.4 4
140 11.9 0
126 13.4 4
154 43.4 4
131 43.1 4
145 28.5 4
127 16.3 4
158 16.3 4
127 44.4 4
159 43.4 4
136 51.2 4
127 45.6 4
154 72.1 4
158 81.9 0
127 85.4 4
149 98.3 1
127 71.3 4
158 71.3 4
158 99.3 1
141 79.9 0
142 81.8 0
161 13.4 4
167 43.8 4
177 43.7 4
161 43.4 4
172 68.1 4
176 68.3 4
176 52.3 4
167 46.5 4
177 46.8 4
162 83.5 0
194 98.6 4
191 79.1 4
16.9 33.1 0
1.25 54 0
18.3 56.6 0
29.1 1.53 0
48.7 10.3 0
47.4 12.2 0
27.2 18.2 0
48.5 32.5 0
23.5 17.7 0
34.8 40.1 0
46.8 26.4 0
24.3 47.4 0
23.9 72.8 0
22.9 92 4
48.1 82.7 4
77.6 13.1 0
68.6 3.48 0
65.1 1.6 0
56.9 3.6 0
67.3 11 0
51.7 27.7 0
77.2 51.6 4
86.4 67.9 4
51.8 56 0
77.6 98.1 4
53.5 97.8 4
91.4 9.43 0
111 2.9 0
115 1.08 0
115 13.8 0
117 3 0
92.7 11.3 0
121 23.3 4
116 16.3 4
118 43.8 4
116 48.5 4
97.2 66.4 4
120 56.4 4
91.8 83.6 4
126 9.68 0
128 11.6 0
139 16.6 4
146 16.6 4
148 16.6 4
137 16.6 0
129 17.7 4
157 86.2 0
129 73.1 4
128 82.6 4
157 97 1
188 3.05 4
161 4.75 4
168 18.6 4
182 16.6 4
194 16.6 4
173 43.6 4
161 31.4 4
162 52.5 4
171 51.9 4
171 91.9 0
177 71.5 4
4.15 11.6 0
4.58 19.8 0
4.18 42.2 0
19.4 68.2 0
18.5 46.5 0
13.2 98.8 4
16.9 97.7 4
19.4 98.2 4
37.6 11.6 0
21.9 0.65 0
48.8 1.75 0
22.3 3.03 0
22.7 28.1 0
23.6 23.5 0
21.5 31.6 0
37.7 68.3 0
38 46.2 0
21.3 68.2 0
48.7 68.2 4
37.7 98.3 4
46.3 98 4
21.3 98.2 4
62.3 3.48 0
51.2 1.75 0
78.1 43.5 4
87.7 31.6 4
77.6 68.4 4
77.4 48.8 4
53.2 47.2 0
70.6 87.3 4
58.2 79.8 4
100 3.55 0
97.4 1.65 0
124 1.75 0
122 3.03 0
107 33.4 4
122 31.8 4
111 37.4 4
124 68.2 4
91.3 68.2 4
99.4 98.1 4
124 94.3 0
90.7 98.2 4
117 96.3 0
120 86.1 4
92.7 72.6 4
113 98.3 0
136 11.9 0
149 11.9 4
149 3.08 0
126 5.53 0
159 1.75 4
126 1.75 0
128 3.65 0
140 28.5 4
156 17.9 4
153 25.1 4
126 68.2 4
159 68.2 4
126 98.2 1
161 27.8 4
161 56.1 4
186 48.4 4
168 73.6 4
169 89.4 0
170 81.3 0
18.1 0.65 0
18.1 16.3 0
11.1 67.1 0
16.4 77.4 0
9.25 72.8 0
18.1 71.3 0
45.8 2.45 0
40.2 18.7 0
37.9 27 0
35.4 16.4 0
21.4 40.1 0
22.7 42 0
48.5 64.8 4
30.7 66.8 0
48.7 46.9 0
21.3 46.9 0
47.2 66.6 4
37.2 73.2 0
54.1 2.45 0
51.5 10 0
52.7 11.9 0
57.5 18.5 0
65.8 16.5 0
89.2 27.9 4
88.7 46.9 4
69.6 84.6 4
72.7 73.2 4
88.6 94.8 4
111 11.9 0
91.4 5.28 0
117 12 0
111 16.1 4
122 28.7 4
123 34 4
118 68.5 4
124 46.9 4
121 67.4 4
121 49.4 4
99.8 81.7 4
123 99.3 1
123 71.3 4
127 26.9 4
127 32.3 4
156 25 4
137 46.1 4
159 46.9 4
144 90.6 0
159 94.1 1
182 11.8 4
173 1.23 4
161 10.3 4
163 12.2 4
192 17.9 4
185 17.9 4
193 25.3 4
198 54.1 4
173 71.3 4
16.9 22.5 0
16.9 26.7 0
0.75 98.3 4
21.5 10.2 0
22.8 12.1 0
32.5 3.68 0
87.8 2.85 0
76.2 32.9 0
63.7 16.5 0
74.9 20.3 0
88.6 65 4
57.6 73.2 4
67.1 72.9 4
105 42.1 4
116 27 4
102 16.2 0
92.9 34.4 4
105 48.1 4
98.3 49.1 4
139 7.5 0
142 2.4 0
153 27.7 4
154 50 4
141 57.6 4
146 90.9 1
145 98.7 1
163 37.4 4
173 46.3 4
18.2 9.63 0
17.5 11.5 0
8.4 26.7 0
16.9 62.1 0
41.9 3.25 0
43.3 1.35 0
31.7 47.8 0
21.5 64.9 0
22.8 66.7 0
23.4 84.9 0
48.5 95.1 4
21.4 95 4
22.7 96.8 4
46.5 84.4 4
56.6 1.35 0
63.5 41.7 0
73.5 42.5 4
61.7 27.9 0
53.7 67.6 4
53 54.2 0
51.5 94.9 4
75.2 71.6 4
112 73.1 4
119 77.7 4
132 3.78 0
132 11.3 0
146 48.7 4
137 66.4 4
153 96 1
137 96.4 1
193 11.3 4
200 11.9 4
198 30 4
183 41.9 4
164 67.4 4
164 47.1 4
198 98.6 4
164 97.6 1
10.5 3.48 0
11.7 96.8 4
15.2 83.4 0
29 41.2 0
26.2 22.8 0
36.6 39.6 0
45.3 28.4 0
81.4 10.5 0
84.7 2.43 0
53.1 37.5 0
76.5 40.1 4
56.6 42.5 0
85.8 36.8 4
74.1 34 0
73.3 37.9 4
53.5 32.6 0
83.3 37.1 4
72.9 53 4
87.1 53.9 4
124 9.7 0
98.5 9.45 0
123 11.6 0
117 41.8 4
93.7 17.9 0
123 42.2 4
124 40.3 4
122 37.5 4
111 66.3 4
112 48.6 4
103 67 4
94.2 58.8 4
104 73.4 4
119 72.9 4
97.6 77.7 4
123 76.7 4
94 97 4
121 74.2 4
136 3.08 0
157 34.3 4
129 47.7 4
178 3.03 4
173 12 4
193 49.5 4
193 67 4
199 86 4
193 96.7 4
199 78.7 4
18.2 5.48 0
10.7 42.2 0
18.1 42.2 0
18.8 40.3 0
18 66.9 0
18.6 65.1 0
9.88 98 4
5.68 97.5 4
3.88 95.8 4
47.3 6.83 0
48.5 34.4 0
22.7 36.5 0
35 22.8 0
34.8 46.7 0
36.5 47.9 0
74 11.2 0
75.8 13.1 0
82.1 8.08 0
83.1 12.5 0
68.2 40.4 4
77.3 17.7 0
79.9 27.4 0
64.4 28.1 0
53 24.9 0
53.2 43.1 0
75.4 51.6 4
75.3 96.3 4
74.1 98.2 4
78.1 73.5 4
115 6.7 0
113 6.6 0
104 2.9 0
91.4 39.9 4
115 43.1 4
92.7 41.8 4
122 59.1 4
98 75.2 4
97.9 98.1 4
96.3 73.2 4
158 12.5 4
156 11.3 4
159 39.9 4
127 39.6 4
140 36.1 4
141 40.5 4
145 40.4 4
129 42.5 4
157 26.5 4
145 36 4
157 41.8 4
156 83.1 0
156 73.4 4
186 28.7 4
175 42.4 4
191 35 4
163 32.6 4
173 66.4 4
183 49 4
192 73.3 4
176 97 0
9.25 1.63 0
10.6 19.8 0
3.93 32.4 0
18.3 35.1 0
18.6 30.6 0
18.6 29.3 0
17.1 36.9 0
17.4 50.2 0
16.5 55 0
14.9 47.7 0
4.83 73.1 0
18.1 97 4
18.7 95.1 4
22.7 6.68 0
42.2 40.6 0
22.4 25.2 0
42.3 17.4 0
37.7 34.3 0
32.7 31.4 0
44 22.9 0
45.9 21.7 0
44.6 75.9 4
42.7 77.5 4
35.8 98.3 4
34.5 96.3 4
73.6 3.68 0
85.2 8.15 0
86.9 5.4 0
51.8 34.9 0
70.2 42.5 4
86 26.8 4
66.8 66.9 4
75.6 47.5 4
74.5 48.8 4
75.8 68.4 4
74.1 66.7 4
54.4 79.7 4
124 5.55 0
123 3.68 0
103 18 0
118 22.8 4
110 31.1 4
122 21.6 4
93.8 65.5 4
115 46.9 4
92.5 63.7 4
118 54.9 4
122 55.7 4
92.5 60.6 4
91.9 94.5 4
115 71.7 4
124 81.9 4
92.8 77 4
92.6 96.3 4
159 3.63 4
157 4.85 0
146 34.4 4
159 64.7 4
127 64.7 4
128 66.6 4
157 66.6 4
127 94.7 0
128 96.5 1
182 2.98 4
184 1.18 4
163 42.2 4
161 40.3 4
162 34.8 4
164 24.3 4
178 27.7 4
162 64.5 4
196 46.3 4
199 46.3 4
164 79.8 0
162 94.7 1
163 77.4 0
2.65 6.6 0
0.075 43.8 0
3.33 17.7 0
13.4 16.3 0
16 17.6 0
7.63 17.1 0
0.35 46.3 0
19.2 49 0
3.38 47.5 0
16 45.9 0
4.3 50.1 0
30.5 9.85 0
40.8 21.2 0
43.5 42.3 0
35.6 33.6 0
30.8 42.6 0
38.1 23.4 0
47.7 23 0
33.7 37.7 0
34.1 42.2 0
45.9 24.2 0
35.6 66.6 0
34.2 68.3 0
23.6 79.5 0
40 72.5 0
42 72.5 0
84 19.9 0
51.3 40.3 0
83.5 42.5 4
51.3 22.9 0
51.7 64.6 4
69.5 47.5 4
67.6 46.3 4
85.5 80.5 4
64.3 78.8 4
87.6 77.9 4
52.8 77.2 4
83.3 74.1 4
82.1 76 4
119 36.6 4
115 18.2 4
91.4 35.8 4
120 16.3 4
119 16.3 4
115 66.2 4
116 68.5 4
119 48.1 4
123 64.9 4
97.9 51.7 4
123 66.7 4
122 51.9 4
121 95.6 1
119 96.3 0
95 80.8 4
146 12.5 4
144 1.2 0
148 6.78 0
139 10.1 0
128 23.9 4
140 42.4 4
127 34.1 4
129 35.3 4
159 35.8 4
167 2.5 4
185 12.6 4
175 1.23 4
176 17.6 4
194 42.3 4
171 18.3 4
172 16.3 4
163 22.2 4
180 29.3 4
163 54.3 4
200 48.8 4
184 77.1 4
0.7 12.6 0
3.48 2.48 0
4.18 22.8 0
12.1 31.8 0
0.05 16.2 0
11.5 22.2 0
4.75 30.3 0
13.2 72.4 0
15.7 73.7 0
27.4 2.8 0
41.1 11.9 0
42.4 13.8 0
24.9 1.28 0
21.2 4.9 0
23.1 1.93 0
38.8 17.5 0
22.5 22.1 0
35 71.9 0
47.8 77.9 4
21.7 77.8 0
45.9 79.5 4
26.8 72.9 0
28.7 72.9 0
80.2 3.13 0
52.8 6.58 0
81.9 1.33 0
82.3 41 4
59.8 30.5 0
75.8 30.5 0
84 32.3 4
87.6 22.5 0
82.2 34.8 4
85.5 60.5 4
66.9 53.2 4
81.2 46.3 4
58.7 46.3 0
61.3 47.5 4
79.3 46.3 4
87.4 48.1 4
80.5 96.6 4
62.5 71.4 4
82.1 72.2 4
85.1 90 4
54.3 89.7 4
52.7 91.6 4
80.9 74 4
108 1.83 0
113 31.1 4
112 18 4
111 42.5 4
98.5 42.2 4
123 26.7 4
100 43.8 4
94.2 24.8 4
91.3 51.4 4
96.7 47.7 4
91.3 49.5 4
122 47.7 4
115 98.3 0
124 88.5 0
124 90.3 0
108 98.5 0
112 96.8 0
145 10.7 0
141 1.2 0
145 6.8 0
139 34.4 4
156 28.1 4
151 28.7 4
134 41.7 4
132 16.4 4
136 43.6 4
149 43.5 4
126 22.7 4
146 42.3 4
139 47.9 4
134 73.8 4
132 71.8 4
126 78.1 4
126 80.6 4
187 10.7 4
178 11.7 4
191 1.88 4
177 13.7 4
186 6.7 4
184 6.63 4
187 16.3 4
188 41.9 4
190 16.3 4
186 23.3 4
187 96.8 0
186 71 4
200 71.3 4
181 71 4
12.1 29 0
33.4 29.3 0
21.4 34.8 0
22.9 32.7 0
40.6 66.7 0
42.2 68.4 0
45.1 59.7 0
47 61.6 0
45.6 90.6 4
57.9 5.48 0
86.5 1.75 0
61.9 32.6 0
73.8 18.1 0
64.4 31.1 0
74.6 23.3 0
79.9 17.3 0
78.1 34.9 4
81.8 17.3 0
80.5 67 4
82.3 68.6 4
87.1 62.1 4
82.3 98.5 4
62.5 77.4 4
87.1 91.8 4
96.7 11.3 0
100 11.6 0
118 34.2 4
110 40.8 4
124 34.9 4
101 30.2 4
92.7 26.3 4
100 47.7 4
142 4.3 0
151 41.9 4
153 16.6 4
159 22.9 4
150 65.7 4
148 67.3 4
157 59.2 4
159 88.3 0
159 90.1 0
168 4.58 4
178 19.2 4
190 43.7 4
163 60.2 4
187 46.2 4
189 46.2 4
176 48.2 4
180 97 0
187 72.6 4
181 98.7 0
198 73 4
185 98.7 0
176 72.8 4
180 72.5 4
5.33 93.8 4
7.13 95.5 4
26.5 25 0
27.2 42.4 0
40.5 97 4
42.2 98.7 4
59.1 11.6 0
57.7 13.5 0
67.3 23.9 0
83.3 24.7 0
83.6 28.3 0
61.1 72.9 4
59.8 96.9 4
60.6 84 4
57.7 98.5 4
106 10 0
104 11.9 4
121 33 4
91.5 29.9 4
91.5 31.2 4
97 27.8 4
101 32.6 4
96.7 60.1 4
101 54 4
118 74.5 4
149 34.2 4
137 55.5 4
134 58.3 4
159 57.1 4
157 53.4 4
149 59.1 4
168 13.8 4
197 1.88 4
164 6.9 4
188 36 4
200 96.9 4
175 91.6 0
181 86.5 0
8.65 9.75 0
1.53 2.48 0
0.475 71.6 0
47.4 3.1 0
48.6 4.98 0
43.2 37.6 0
29.7 38.8 0
29.5 27.7 0
36.9 41.8 0
23.4 59.1 0
21.5 60.9 0
28.9 68.5 0
27 68.5 0
28.5 96.6 4
26.9 98.6 4
47.3 92 4
86.9 9.93 0
52.5 3.1 0
85.6 11.8 0
51.3 4.98 0
60.9 25.8 0
78.6 22 0
77.6 27.4 0
86.3 32.7 4
56.8 23.7 0
75.1 43.8 4
76.9 42.2 4
87.2 34.9 4
51.2 49.7 0
51.2 51.7 0
57.4 47.9 0
52.8 87.4 4
63.3 83.2 4
94.2 28.1 4
93 57.1 4
104 98.6 4
122 79.7 4
151 23.7 4
134 17.9 4
144 29.6 4
158 31 4
158 29.7 4
143 66.5 4
144 68.5 4
136 60.6 4
139 57.7 4
147 97 1
136 90.6 0
192 32.4 4
167 23.8 4
174 22.1 4
190 53.7 4
179 85.9 0
13.7 1.85 0
13.1 13.1 0
9.48 11.9 0
15.7 2.5 0
15 13.1 0
7.98 68.4 0
13.6 68.7 0
15.5 68.7 0
6.18 66.9 0
6.58 88.5 0
27 13.7 0
28.9 13.7 0
45.8 37.5 0
33.1 19.3 0
23.9 26.3 0
39.2 43.3 0
30 16.8 0
28.1 16.8 0
39.8 33.5 0
26.4 20.1 0
48.4 87.3 4
88.7 4.73 0
80 25.4 0
82.9 21.9 0
75.3 16.5 0
70.2 16.6 0
51.7 29 0
58.7 43.8 0
61.3 43.8 0
51.7 30.2 0
51.7 26.5 0
58 52 4
79.9 53.2 4
106 4.73 0
116 4.18 0
114 33.5 4
109 33.7 4
108 26.5 4
111 35.5 4
106 16.8 4
104 29.7 4
116 57.1 4
104 53.2 4
93.1 52.8 4
101 96.7 4
94.1 74.5 4
151 18.1 4
151 36.1 4
139 88.7 0
134 88.7 0
169 12.1 4
189 1.88 4
167 7.1 4
167 20.4 4
200 16.9 4
199 66.8 4
166 75.5 4
167 79.2 0
164 74.9 4
170 97 1
172 98.7 0
6.13 11.7 0
6.05 18.6 0
2.48 58.5 0
18.5 47.7 0
6.98 50.7 0
3.65 90.1 4
36.2 9.93 0
34.5 11.8 0
35.6 6.18 0
40.5 30.2 0
44.8 18.7 0
31.6 27.1 0
35.2 43.5 0
48.5 31.4 0
48.5 30.1 0
34.6 24.4 0
33.3 55.4 0
36.2 54 0
21.9 81.8 0
78.7 13.1 0
78.2 1.8 0
66.9 41.7 4
69.1 38 0
56.3 20.4 0
86.1 24 0
53.8 19.8 0
71.2 29.3 0
62.3 51.8 4
60 66.8 4
82.1 51.6 4
62.1 68.6 4
78.3 51.6 4
88.4 57.1 4
70.2 98.2 4
51.6 82.6 4
83 79.9 4
86.3 75.4 4
78.7 98.1 4
54 74.7 4
62.1 98.4 4
67.7 96.6 4
113 4.08 0
110 1.83 0
115 2.25 0
94.7 1.65 0
102 2.9 0
117 19.7 4
113 40.6 4
121 19.1 4
91.5 22.9 4
97.1 16.6 0
119 43.8 4
120 43.8 4
105 32.6 4
117 50 4
96.3 65 4
92.5 66.8 4
120 60.5 4
117 60.1 4
91.2 65 4
98 80.3 4
122 83.2 4
122 72.8 4
148 4.3 0
141 29.5 4
127 25.7 4
127 28.2 4
134 68.4 4
127 52.1 4
150 56.2 4
132 68.4 4
143 46.8 4
141 46.8 4
132 47.1 4
127 56.3 4
128 58.4 4
153 68.4 4
127 50.2 4
151 60.4 4
196 13.1 4
181 1.8 4
186 4.23 4
163 5.03 4
164 3.15 4
164 19.7 4
169 17 4
186 43.2 4
200 43.3 4
178 31.5 4
161 29 4
176 28.6 4
161 30.3 4
161 26.5 4
179 56 4
178 58.6 4
196 59.5 4
196 68.4 4
199 60.9 4
180 89.4 0
189 98.2 4
2.68 10.5 0
19.4 0.65 0
19.4 14.4 0
16.9 0.65 0
4.3 4.1 0
15.1 32 0
5.4 34.6 0
2.53 38.6 0
5.63 43.5 0
7.45 43.5 0
13.7 43.8 0
19.4 16.3 0
15.6 43.8 0
19.4 44.4 0
16.9 16.3 0
0.475 68.4 0
1.7 52.2 0
18.2 51.9 0
13.2 46.8 0
0.825 55.8 0
19.4 69.3 0
19.4 45.6 0
4.58 68.4 0
7.88 48.1 0
15.1 76 0
18.1 78.6 0
0.35 88.9 0
18.1 87.2 0
14.2 98.8 4
15.6 98.8 4
19.4 71.3 0
19.4 99.3 4
18.7 91.2 4
16.8 89.7 4
18.1 81.1 0
38.6 1.9 0
39.1 13.2 0
48.7 14.4 0
21.3 14.4 0
48.8 0.65 0
20.8 0.65 0
21.5 29.2 0
23.8 19.6 0
34.8 17.5 0
47.3 39.8 0
46 41.7 0
48.7 16.3 0
21.3 16.3 0
21.3 44.4 0
48.7 44.4 0
21.5 30.5 0
46.8 50 0
21.3 48.1 0
48.7 48.1 0
21.9 52.7 0
48.1 52.6 0
21.9 56.9 0
38.8 68.3 0
46.6 57.5 0
38 58.2 0
41.1 46.2 0
39.1 46.2 0
48.7 69.3 4
21.3 69.3 0
21.3 45.6 0
48.7 45.6 0
38.3 54.9 0
30.3 98 4
44.5 73.8 4
38.8 98.3 4
48.1 81.7 4
21.5 89.5 4
48.7 71.3 4
21.3 71.3 0
21.5 87.7 0
21.3 99.3 4
48.7 99.3 4
70.1 1.88 0
69.9 13.1 0
72 1.88 0
68 13.1 0
63.8 4.98 0
61.4 13.1 0
60.9 1.88 0
67.2 4.98 0
65.5 3.1 0
88.7 14.4 0
88.7 0.65 0
51.2 0.65 0
51.2 14.4 0
66.7 8.73 0
64.3 8.73 0
86.3 20 0
79.2 43.5 4
58.7 16.9 0
87.3 40 4
89.2 26.6 4
86 41.9 4
88.7 16.3 0
51.2 16.3 0
88.7 44.4 4
51.2 44.4 0
89.2 30.4 4
89.2 29.1 4
68.9 31.7 0
70.1 33.2 0
68.1 68.3 4
60.2 53.4 4
70 68.3 4
78.7 68.4 4
57.9 68.3 4
70.6 46.3 4
78.5 48.8 4
62.6 46.3 4
82.4 48.8 4
66.8 48.8 4
88.7 51.3 4
88.7 69.3 4
88.7 49.4 4
88.7 45.6 4
51.2 69.3 4
51.2 45.6 0
56.9 78.7 4
88.7 71.3 4
51.2 71.3 4
88.7 99.3 4
51.2 99.3 4
66.3 98.4 4
86.8 82.4 4
88 86.9 4
119 1.93 0
119 13.2 0
120 13.2 0
112 10.7 0
91.3 14.4 0
90.7 0.65 0
124 0.65 0
124 14.4 4
120 1.93 0
110 24.7 4
104 40.8 4
100 38.6 4
103 38.6 4
121 25.1 4
96.9 25.1 4
112 38.9 4
91.3 16.3 0
91.3 44.4 4
124 16.3 4
124 44.4 4
100 68.4 4
98.1 68.4 4
91.3 69.3 4
91.3 45.6 4
124 69.3 4
124 45.6 4
124 48.1 4
91.9 90.5 4
101 72 4
122 93.8 0
118 90.8 0
110 98.5 0
109 71.4 4
91.3 71.3 4
124 71.3 4
90.7 99.3 4
124 99.3 1
118 94.6 0
122 97.7 1
148 10.6 4
151 13.1 4
151 1.88 0
153 1.88 0
153 13.1 4
126 0.65 0
159 14.4 4
126 14.4 4
159 0.65 0
141 13.2 4
133 43.1 4
159 16.3 4
126 16.3 4
126 44.4 4
159 44.4 4
128 29.3 4
141 68 4
127 60.8 4
152 46.9 4
150 46.9 4
159 69.3 4
126 69.3 4
126 45.6 4
159 45.6 4
159 60.8 4
157 48.7 4
142 74 4
140 72 4
145 72 4
134 98.3 1
151 74.1 4
149 72 4
136 72 4
153 72.1 4
141 98 1
127 90.7 0
132 98.3 1
139 86.6 0
158 80.9 0
136 86.2 0
158 78.4 0
159 71.3 4
126 71.3 4
126 99.3 1
159 99.3 1
127 86.6 0
128 88.6 0
128 81.6 4
189 13.1 4
180 13.1 4
161 0.65 4
161 14.4 4
177 21.7 4
172 43.6 4
161 16.3 4
180 43.7 4
178 43.7 4
161 44.4 4
200 34 4
181 68.2 4
171 68.1 4
162 51.5 4
177 68.3 4
181 60.3 4
180 46.8 4
168 46.5 4
168 68.1 4
178 46.8 4
161 69.3 4
161 45.6 4
186 68.2 4
162 49.6 4
162 90.7 0
163 88.7 0
162 82.5 0
162 86.8 0
169 71.9 4
178 98.4 0
196 71.7 4
168 98.3 1
186 91.7 0
161 71.3 4
161 99.3 1
178 81.7 4
14.6 21.4 0
9.2 23.8 0
1 32.2 0
8.35 34.7 0
18.4 23.7 0
15.2 27.9 0
2.78 41 0
18.4 25.5 0
18.3 59.6 0
18.3 57.7 0
5.65 86.1 0
1.95 84.5 0
16.8 72.4 0
47.3 10.1 0
46 12 0
37.6 25.1 0
29.7 32.3 0
23.9 51.3 0
32.7 58.3 0
23.3 48.7 0
35.3 60.2 0
29.4 46.2 0
27.5 46.2 0
38.7 74.5 0
29 77.8 0
24.7 74.2 0
68.4 18 0
51.8 57.1 0
51.7 60.7 4
82 91.1 4
66.3 90.5 4
56.4 75 4
57.5 90.9 4
66.6 77.5 4
70 71.5 4
68.1 71.5 4
59.7 81.1 4
98.8 5.7 0
109 13.1 4
116 12 4
115 13.8 0
118 26.8 4
123 30.7 4
123 29.5 4
121 28 4
97 43.4 4
104 34.1 4
109 46.8 4
109 68.6 4
107 46.8 4
119 68.5 4
120 68.5 4
106 68.6 4
94.5 48.3 4
93.7 88.7 4
91.8 86.9 4
122 87.6 0
107 71.4 4
93.2 82 4
117 81.2 4
129 4.38 0
127 6.25 0
137 35.7 4
157 24.4 4
153 43.4 4
127 31.2 4
129 19 4
155 87.4 0
152 98.3 1
129 74.4 4
132 78.7 4
183 10.6 4
172 1.23 4
187 33.9 4
198 18.5 4
169 42.4 4
168 43.8 4
193 37 4
175 31.1 4
179 66.5 4
196 56.9 4
199 56.2 4
182 55.3 4
183 57.9 4
190 68.6 4
188 66.8 4
189 71.6 4
178 71.5 4
183 91.9 0
179 79.6 4
1.65 23.2 0
5.88 71.5 0
11.4 73.9 0
7.7 71.5 0
12 76.2 0
32.7 9.55 0
33.2 5.8 0
38.1 28.6 0
28.3 30.7 0
47.1 25.2 0
42.1 60.9 0
40.1 77.4 0
42.6 91.8 4
74.9 36.3 4
76.8 37.2 4
82.5 61.7 4
68.1 51.4 4
69.9 51.4 4
53.4 59.1 4
58.7 71.6 4
66.2 74.6 4
88.6 94.8 4
79.7 73 4
94.5 10.7 0
93.2 8.78 0
108 17.9 4
107 43.3 4
104 50.1 4
101 58.9 4
135 13.1 4
133 13.1 4
135 1.88 0
133 1.88 0
128 11.4 0
126 9.53 0
141 19.1 4
144 19.1 4
140 16.6 4
136 16.6 4
156 19.2 4
159 94.1 1
158 95.9 1
150 98.3 1
193 3.75 4
171 13.3 4
198 31.7 4
181 16.6 4
199 28.2 4
195 16.6 4
180 25.5 4
198 52.2 4
195 49.6 4
161 59.2 4
161 57.3 4
172 86.5 0
195 98.6 4
1.83 30.1 0
9.75 28.3 0
30.1 1.53 0
31.9 1.53 0
48.5 64.8 4
30.3 74.8 0
61.4 18.3 0
62.7 16.5 0
63.1 23.9 0
81.6 28 4
65 25.5 0
54.3 24.3 0
52.4 48.5 0
88.6 65 4
58.7 49.1 0
96.5 1.65 0
104 1 0
106 26.2 4
131 5.6 0
131 9.35 0
145 16.6 4
132 21.8 4
141 33.8 4
149 16.6 4
144 33.8 4
153 89.4 1
171 3.3 4
198 24.5 4
187 48.4 4
175 86.4 0
171 73.2 4
172 71.3 4
173 78.8 4
2.45 97.1 4
21.5 64.9 0
48.5 95.1 4
22.7 96.8 4
21.4 95 4
80.2 11.7 0
82.1 6.58 0
52.7 11.8 0
51.5 9.88 0
85.9 38.1 4
73.5 30.3 0
71.7 38.8 4
71.8 41.3 4
53.5 31.5 0
66.9 16.5 0
51.5 94.9 4
91.4 5.13 0
92.1 3.25 0
98.6 17.8 4
110 16.1 4
103 61.1 4
107 97.1 4
142 40.8 4
145 32.2 4
134 48.2 4
155 94.9 1
163 12 4
198 1.88 4
161 10.2 4
186 17.9 4
198 42 4
196 43.6 4
191 17.9 4
170 47.8 4
172 46.3 4
15 19 0
12.4 17.7 0
16.1 48.9 0
17.3 47.1 0
41 3.25 0
42.4 1.35 0
21.5 10.1 0
41 41.8 0
37.2 36.3 0
46.6 28.9 0
29.7 66.8 0
46.3 67.7 4
85.2 6.65 0
59 3.23 0
57.5 1.35 0
82 13.6 0
76.4 24.9 0
87.6 26.3 4
73 32.4 0
52.6 22.3 0
83.4 38.4 4
73.5 73.2 4
77 73.5 4
75.2 71.6 4
51.2 88.3 4
51.2 90.2 4
86.4 97.8 4
100 16.2 0
92.9 34.3 4
116 40.6 4
120 17.8 4
119 17.8 4
121 53.8 4
96.1 62.3 4
95 51.6 4
118 53.1 4
95.2 98.1 4
119 71.5 4
121 71.5 4
124 77.8 4
102 98.6 4
146 38 4
139 38.1 4
158 26 4
135 46.1 4
150 68.8 4
152 67.2 4
142 96.7 1
172 19.6 4
198 36.4 4
163 31.5 4
197 26.1 4
177 87.7 0
177 89.9 0
18.2 9.48 0
8.03 13.8 0
6.2 13.8 0
17.5 11.4 0
10.5 3.48 0
6.7 22.9 0
16.8 30.5 0
16.8 29.3 0
4.8 16.5 0
8.78 18.5 0
11.1 67.1 0
18 66.9 0
18.6 65.1 0
11.7 96.8 4
46 8.33 0
43.3 8.35 0
34 21.3 0
28 37.4 0
23.6 43 0
39.7 16.1 0
21.4 40.1 0
35.1 35.6 0
21.3 25.1 0
41.7 16.1 0
21.3 23.3 0
23.8 67.8 0
25.3 78.4 0
47.1 89 4
39.7 71.3 0
41.6 71.3 0
81.4 4.23 0
83.1 2.43 0
81.1 42.2 4
82.4 43.8 4
75.4 51.6 4
61.3 48.8 4
81.2 47.5 4
79.3 47.5 4
86.4 67.9 4
86.9 59 4
75.3 96.3 4
53 80.5 4
63.5 80.4 4
88.9 78.5 4
51.4 78 4
88.9 81 4
115 8.18 0
113 8.08 0
119 24.5 4
110 29.1 4
124 22.9 4
114 41.8 4
92.9 24.3 4
119 46.4 4
121 46.4 4
124 59.3 4
91.2 57.8 4
124 57.4 4
123 48.9 4
124 51.5 4
93.7 62.1 4
91.2 59.7 4
119 98.4 1
98.8 73.9 4
97.1 71.9 4
91.5 78.2 4
121 98.4 1
91.5 80.7 4
118 79 4
145 13.8 4
129 22.8 4
140 32.1 4
159 51.9 4
159 49.9 4
144 98.7 1
183 4.15 4
199 11.9 4
185 2.35 4
177 16.3 4
174 17.6 4
182 36.1 4
163 25.2 4
163 80.6 0
161 78.2 0
197 98.6 4
184 74.1 4
2.43 8 0
6.38 46.3 0
4.55 46.3 0
9.88 98 4
15.6 71.1 0
13.7 71.1 0
42.2 10.8 0
43.5 12.6 0
22.7 8.23 0
23.8 13 0
32.6 41 0
42.3 43.5 0
27.9 43.8 0
29.8 43.8 0
32.2 38.6 0
34.4 31.9 0
43.1 21.9 0
45 20.7 0
34.8 46.7 0
36.5 47.9 0
22.9 92 4
45.7 76.7 4
43.8 78.3 4
23.4 76.7 0
46.3 98 4
27.3 71.4 0
29.2 71.4 0
74 11.2 0
75.8 13.1 0
78.8 18.8 0
63.5 41.7 4
80.3 34.5 4
67.8 43.8 4
69.7 43.8 4
57.5 42.5 0
53 54.2 0
88.6 60.6 4
74.1 98.2 4
88.5 90.5 4
63.6 73 4
86.5 88.7 4
53.5 97.8 4
124 9.55 0
99.5 13.4 0
97.5 13.4 0
123 11.4 4
115 10.8 0
114 12.6 4
99.6 40.9 4
102 42.5 4
124 26.2 4
91.5 25.9 4
115 46.9 4
99.6 52.3 4
93.2 49.6 4
120 89.6 0
115 71.7 4
122 91.6 0
120 82 4
144 4.33 0
144 11.9 4
145 2.43 0
148 8.1 4
127 21.5 4
141 43.9 4
144 43.9 4
157 34.1 4
159 64.7 4
127 64.7 4
157 66.6 4
128 66.6 4
127 94.7 1
128 76.9 4
129 79.2 4
128 96.5 1
188 12 4
168 1.38 4
186 13.9 4
191 42.3 4
161 23.1 4
180 35.3 4
192 48.2 4
196 47.6 4
199 47.6 4
177 77.8 4
175 97 0
18.2 5.33 0
3.98 1.25 0
9.25 1.63 0
9.88 32.5 0
1.28 17.7 0
1.33 47.5 0
5.1 98.8 4
18.1 97 4
18.7 95.1 4
29.2 11.5 0
48.5 34.2 0
39.3 22 0
48.9 23.4 0
35.7 19.5 0
37.9 19.5 0
48.9 25.2 0
48.5 58.4 0
48.5 60.3 4
41.6 64.6 0
46.5 84.4 4
23.4 84.9 0
48.7 90.5 4
48.9 78.4 4
35.8 98.3 4
34.5 96.3 4
74.7 3.68 0
58.5 25.3 0
83.9 30.2 4
79.7 16.1 0
77.5 29.8 0
88.8 23.1 4
81.7 16.1 0
51.7 64.6 4
52.9 66.5 4
87.1 53.9 4
73.7 53 4
69.5 48.8 4
75.6 46.3 4
67.7 47.5 4
74.5 47.5 4
65.7 66.9 4
75.8 68.4 4
74.1 66.7 4
61.7 79 4
81.7 71.1 4
79.7 71.1 4
81.5 94.7 4
84.2 75.2 4
83 77.1 4
107 11.9 4
106 13.8 4
93.7 17.9 0
115 16.9 4
110 43.8 4
123 42.2 4
124 40.3 4
116 68.5 4
123 64.9 4
97.5 46.4 4
123 66.7 4
99.5 46.4 4
91.9 94.5 4
97 98.1 4
92.6 96.3 4
159 11.4 4
157 10.2 4
145 8.13 0
157 28.8 4
136 40.5 4
148 42.3 4
137 42.4 4
131 17.7 4
157 21.7 4
149 38.3 4
137 38.1 4
129 47.7 4
133 75.1 4
131 73.1 4
184 8.05 4
186 8.13 4
175 1.23 4
162 64.5 4
162 94.7 1
186 94.9 0
176 81.9 4
181 95.1 0
10.7 42.2 0
18.3 34.9 0
7.75 30.2 0
0.625 42.5 0
18.1 42.2 0
18.8 40.3 0
3.85 73.1 0
16.2 83.8 0
35.2 29.8 0
22.9 31.6 0
35.6 66.6 0
34.2 68.3 0
35 71.9 0
47 80 4
52.8 8.13 0
83.1 19.1 0
51.8 34.7 0
81.6 65.2 4
52.7 93.4 4
62.3 74.6 4
124 5.4 0
102 10.3 0
105 7.25 0
123 3.53 0
110 22.6 4
105 18 4
109 42.1 4
93 28.9 4
101 49.6 4
114 81.1 4
115 98.3 0
158 2.53 4
156 3.75 4
129 10.1 0
127 8.25 0
127 39.6 4
150 40.7 4
154 17.9 4
129 42.5 4
146 48.7 4
146 67.3 4
152 54.8 4
137 66.4 4
150 62.6 4
156 83.1 0
156 73.4 4
157 88.4 0
195 1.88 4
169 3.45 4
179 17.9 4
162 34.7 4
175 42.4 4
183 41.9 4
195 32.9 4
16.5 55 0
23.1 1.93 0
24.9 1.28 0
47 63.4 4
83.7 23.6 0
87.1 63.9 4
86.5 46.9 4
65.8 53.2 4
65 84.9 4
87.1 93.6 4
107 2.83 0
122 32 4
91.4 39.9 4
91.4 35.6 4
92.7 41.8 4
111 66.3 4
112 48.6 4
103 67 4
101 56.2 4
104 73.4 4
112 73.1 4
147 27.4 4
159 39.9 4
129 35.2 4
127 34 4
133 19.3 4
153 22.3 4
159 35.6 4
157 41.8 4
155 59 4
157 55.6 4
137 96.4 1
193 11.3 4
178 3.03 4
163 36.5 4
161 40.3 4
163 42.2 4
173 66.4 4
193 96.7 4
11.6 11.9 0
16.9 62.1 0
4.63 92 4
3.15 98.8 4
21.2 4.75 0
38 41.8 0
31.2 17.9 0
28 26 0
22.7 37.2 0
31.7 47.8 0
78.1 24 0
78 42.2 4
53.1 36.6 0
81.6 26.1 0
87.8 31.5 4
51.3 40.3 0
52.5 42.1 0
93.2 6.63 0
93.2 2.6 0
103 1 0
91.5 32.1 4
112 37 4
113 18 4
98.5 23.4 4
122 38.4 4
114 66.2 4
105 98.6 4
123 72.8 4
139 27.3 4
136 27.3 4
140 47.9 4
163 8.43 4
193 67 4
177 48.2 4
183 49 4
164 67.4 4
164 47.1 4
185 71 4
169 80.7 0
177 72.8 4
175 79.5 4
182 71 4
164 97.6 1
2.03 1.25 0
16.3 12 0
17.1 37.7 0
16.8 67.6 0
21.4 34.6 0
27.3 18.8 0
43 68.4 0
31.3 84.6 0
28.8 85.3 0
47.3 93.8 4
88.3 9.98 0
79.7 20.8 0
57.5 18.8 0
75.1 43.8 4
51.2 52.6 0
83 98.5 4
118 3.1 0
96.9 3.8 0
124 34.7 4
123 17.9 4
98.4 59.3 4
117 73.2 4
120 79.8 4
152 19.5 4
158 32 4
144 61 4
131 58.4 4
168 18.8 4
195 35.5 4
163 54.3 4
186 72.6 4
180 83.8 4
192 73.3 4
182 98.7 0
167 73.8 4
181 72.5 4
184 98.7 0
12.6 1.85 0
4.65 10.5 0
7.2 20 0
16.8 77.3 0
8.38 96.8 4
18.1 72.4 0
37.7 11.5 0
34.6 16.1 0
26 42.4 0
25.9 68.5 0
47.6 66.6 4
23.1 72.7 0
32.3 87.1 4
77.6 13.1 0
56.8 13.5 0
87.3 24.7 4
75.3 16.5 0
77.2 51.6 4
83 68.6 4
54 47.9 0
87.7 66.8 4
56.5 46.6 0
77.6 98.1 4
56.8 98.5 4
87.7 96.7 4
105 28.5 4
123 24.6 4
118 43.8 4
93 56 4
97.2 67 4
91.8 53.7 4
112 96.8 0
149 11.9 4
149 3.1 0
139 11.3 4
127 17.7 4
158 17.7 4
153 48.7 4
159 92.9 1
159 91.1 1
127 72.7 4
167 13.8 4
188 3.05 4
185 34.8 4
163 61.2 4
191 46.2 4
199 79.9 4
182 90.2 0
173 98.7 0
16.9 3.45 0
19.4 13.3 0
1.28 54 0
12.6 68.7 0
19.4 68.2 0
13.2 98.8 4
16.9 97.7 4
19.4 98.2 4
25.9 13.7 0
48.6 4.83 0
21.9 0.65 0
47.4 2.95 0
35.2 43.5 0
48.5 32.4 0
37.7 68.3 0
40.1 59.3 0
38 46.2 0
22.5 66.7 0
37.7 98.3 4
43 98.7 4
21.9 82.7 0
29.7 87.9 4
21.3 98.2 4
47.6 96.9 4
54.3 12.4 0
62.4 3.38 0
51.3 4.83 0
51.2 13.3 0
52.5 2.95 0
73 18.1 0
82.1 21.2 0
88.6 34.6 4
62.3 43.8 4
80 31.7 4
77.6 68.4 4
63.1 68.6 4
77.4 47.5 4
51.2 68.2 4
57.5 73.3 4
52.8 86.3 4
118 13.2 4
111 3 0
111 11.9 4
124 13.3 4
122 12.1 4
117 18.5 4
122 28.7 4
105 42.1 4
122 42.8 4
114 27.1 4
116 42.5 4
116 48.3 4
91.2 65 4
124 68.2 4
101 83 4
105 80.9 4
117 96.7 0
124 94.7 1
90.7 98.2 4
124 98.2 1
123 96.6 1
159 13.3 4
126 13.3 4
147 24.9 4
139 24.9 4
156 23.3 4
142 42.7 4
136 25 4
127 53.1 4
128 48.9 4
159 68.2 4
126 68.2 4
143 56.9 4
145 54.5 4
148 97 1
155 91.3 1
159 98.2 1
126 98.2 1
177 7.33 4
164 12.7 4
182 11.9 4
161 13.3 4
179 32.8 4
199 78.1 4
16.6 26.7 0
4.23 42.2 0
12.7 43.8 0
16.9 42.8 0
19.4 43.4 0
9.15 68.4 0
12.2 46.8 0
18.2 52.8 0
1.45 71.6 0
18.1 82.1 0
37.6 1.9 0
48.7 10.2 0
34.9 13.4 0
22.3 14.4 0
22.5 11.9 0
48.8 1.6 0
47.1 35.8 0
22.3 42 0
23.5 18.3 0
22.3 16.3 0
22.3 44.4 0
48.7 43.4 0
21.5 61.9 0
21.9 53.7 0
48.1 53.5 0
21.5 63.7 0
22.3 46.9 0
22.3 69.3 0
22.3 45.6 0
27.3 92.3 4
21.4 93.8 4
48.4 86.1 4
62.4 13.1 0
77.2 1.8 0
68.7 3.38 0
88.7 4.58 0
65.2 1.5 0
86.1 13 0
51.2 1.6 0
88.7 1.6 0
87.4 2.7 0
67.4 10.9 0
81.8 30 4
51.8 32.9 0
88.7 40.3 4
51.2 43.4 0
88.7 43.4 4
87.4 42.2 4
70.7 25.6 0
63.3 51.8 4
88.7 52.3 4
63.6 46.3 4
75.2 48.8 4
60.8 89.1 4
51.6 83.6 4
67.2 73.2 4
63 98.4 4
58.3 80.1 4
86.8 83.3 4
52.3 96.7 4
91.8 9.78 0
115 1.18 0
90.7 1.6 0
124 1.6 0
92.3 14.4 0
122 2.88 0
97.9 35.3 4
95.9 16.6 0
92.3 16.3 0
124 43.4 4
114 43.8 4
91.3 43.4 4
118 68.5 4
92.3 69.3 4
92.3 45.6 4
107 60.8 4
121 67.4 4
109 57.2 4
106 85 4
101 85.5 4
93.7 73.2 4
92.3 71.3 4
93.7 97 4
123 83.5 4
158 0.65 4
138 4.03 0
126 1.6 0
127 44.4 4
159 43.4 4
127 45.6 4
158 45.6 4
131 47.1 4
158 81.9 0
158 71.3 4
156 93 1
168 12.1 4
173 1.23 4
174 11.1 4
161 1.6 4
184 27.7 4
186 29.7 4
162 32.8 4
161 43.4 4
172 68.1 4
199 54.2 4
194 80.6 4
162 83.5 0
194 83.4 4
16.6 33 0
8.63 43.5 0
18.1 17.2 0
19.4 17.2 0
6.03 60.7 0
18.1 86.1 0
36.2 4.03 0
47.8 14.4 0
27.4 2.8 0
37.9 26.7 0
45.8 17.4 0
47.8 16.3 0
48.6 40 0
47.3 41.9 0
24.3 47.4 0
47.8 46.9 0
47.8 69.3 4
47.8 45.6 0
44.6 68.4 4
39.4 88.9 4
37.3 73.2 0
48.1 82.7 4
48.7 72.2 4
47.8 99.3 4
87.8 14.4 0
65.8 41.7 4
71.2 16.6 0
52.5 19.1 0
87.8 16.3 0
51.2 17.2 0
79.4 59.1 4
88.4 56 4
82.8 51.6 4
87.8 69.3 4
87.8 45.6 4
87.8 48.1 4
78.6 73 4
76 79.5 4
88 85.8 4
86.7 73.5 4
87.8 71.3 4
51.2 72.2 4
87.8 99.3 4
65.2 98.4 4
84.6 98.5 4
94.1 12.8 0
91.5 22.1 4
93.5 67.9 4
112 84.7 4
112 90.8 4
113 88.5 4
99.7 96.7 4
93.2 83 4
139 5.93 0
154 1.88 4
154 13.1 4
132 11.2 4
132 3.7 0
126 5.3 0
128 3.43 0
149 27.7 4
131 43.1 4
127 32.1 4
145 46.8 4
154 68.4 4
131 68.4 4
127 55.2 4
135 68.4 4
156 47.4 4
156 67.3 4
129 67.3 4
156 85.7 0
131 98.3 1
154 72.1 4
127 83.3 4
129 97.2 1
174 7.6 4
180 1.8 4
161 4.85 4
163 2.98 4
185 43.2 4
199 29.9 4
177 43.7 4
161 17.2 4
173 43.6 4
195 68.4 4
167 68.1 4
190 51.6 4
162 52.5 4
199 85.4 4
162 85.6 0
162 74.1 0
167 98.3 1
161 72.2 4
177 98.4 0
5.8 2.88 0
11.9 63.3 0
18.6 63.9 0
8.65 59.5 0
1.35 79.8 0
11.9 91 4
46.5 13.2 0
27.4 60.6 0
21.9 55.8 0
26.4 46.2 0
40.5 84.8 4
46.6 73.5 4
21.5 86.5 0
73.1 1.88 0
63.9 10.9 0
51.7 28.3 0
60.6 36.7 0
51.7 27.1 0
62.1 61.1 4
57 68.3 4
52 46.9 0
83.2 48.8 4
65.7 47.5 4
52 45.6 0
67 68.3 4
84.6 68.6 4
65.5 61.1 4
73.6 79.2 4
71.2 98.2 4
52.6 73.9 4
52 99.3 4
106 1 0
95.8 43.4 4
101 68.4 4
122 61.7 4
94.2 47 4
123 85.6 0
105 71.4 4
110 71.4 4
109 89.5 4
109 85.6 4
156 12 4
154 43.4 4
155 56.2 4
140 68 4
149 46.9 4
139 72 4
137 72 4
148 72 4
127 85.5 0
158 77.7 0
135 98.3 1
195 13.1 4
172 13.3 4
190 29.1 4
163 19 4
181 43.7 4
167 43.8 4
182 68.2 4
176 68.3 4
185 68.2 4
181 46.8 4
167 46.5 4
162 69.3 4
162 45.6 4
194 71.7 4
190 98.2 0
162 99.3 1
186 84.6 4
18.2 8.25 0
16.1 21 0
1.45 68.4 0
3.6 68.4 0
18.3 56.6 0
18.7 92.2 4
10.9 72.7 0
8.88 71.5 0
31.4 11.2 0
32.6 3.65 0
21.4 32.7 0
21.4 38.9 0
33.6 46.7 0
35.4 90.2 4
31.3 98 4
21.5 90.5 4
32.2 82.4 0
44.6 98.7 4
70.9 13.1 0
75.1 29.6 4
86.6 18.1 0
75 60.8 4
86.2 52.6 4
71.6 46.3 4
51.8 56 4
74.5 89.8 4
77.2 88 4
72.9 98.2 4
55.1 98.5 4
94.4 4.75 0
92.4 18.8 0
110 68.6 4
110 46.8 4
114 46.9 4
104 48.7 4
106 46.8 4
105 68.6 4
111 55.9 4
91.9 91.5 4
91.8 85.8 4
102 72 4
114 71.7 4
140 13.2 4
159 3.48 4
128 41.5 4
159 63.5 4
159 61.8 4
127 61.8 4
127 63.5 4
155 97.2 1
153 98.3 1
146 72 4
140 98 1
127 91.7 0
127 93.5 1
191 13.1 4
176 1.23 4
184 25.1 4
187 21.9 4
190 21.9 4
173 25.7 4
161 28.4 4
161 27.1 4
185 47.2 4
173 60.5 4
162 48.4 4
184 78.6 4
162 91.7 1
173 71.3 4
8.1 1.63 0
17.5 0.65 0
18.8 0.65 0
18.4 22.9 0
11.6 39 0
19.4 47.5 0
19.4 46.3 0
10.8 55.1 0
10.3 83.1 0
5.18 78.7 0
4.9 71.5 0
18.7 93.9 4
22.3 2.88 0
48.1 27.5 0
29.9 52.8 0
30.4 46.2 0
42.9 50 0
33.1 98 4
72.7 13.1 0
58.1 37.5 0
63.7 16.5 0
56.6 43.7 0
76.9 43.8 4
89.2 27.2 4
89.2 28.5 4
51.7 61.7 4
72.8 68.3 4
51.7 63.4 4
71 68.3 4
73.4 46.3 4
53.7 67.2 4
66.9 51.4 4
57.8 47.9 0
72.7 71.5 4
78.1 82.6 4
71 71.5 4
82.9 96.6 4
114 29.5 4
124 32.9 4
93.7 42.5 4
123 63.7 4
124 47.5 4
124 46.3 4
115 68.5 4
122 47.7 4
111 98.5 0
91.9 93.3 4
110 78.6 4
106 79 4
118 71.5 4
136 13.1 4
136 1.88 0
133 28.9 4
156 42.5 4
147 60 4
148 83.3 0
157 74.3 0
150 80.3 0
171 36 4
169 30.7 4
175 37.9 4
182 16.6 4
194 16.6 4
170 26.5 4
162 63.3 4
193 61.6 4
173 46.3 4
191 68.6 4
161 56.2 4
163 66.3 4
187 80.5 4
189 87.8 4
190 71.6 4
162 93.5 1
194 91.2 4
194 98.6 4
175 71.3 4
182 96.7 0
162 96.5 1
185 96.7 0
18.2 6.55 0
18.3 60.6 0
38.6 16.1 0
33.1 68.3 0
31.3 68.3 0
46.1 65.2 4
42.8 66.3 4
38.6 71.3 0
33.9 71.9 0
37.6 82 4
31.7 73.3 0
57.9 7.98 0
72.8 23.6 0
88.6 32.8 4
65.8 16.5 0
68.5 24.1 0
84.4 51.6 4
73.1 58.8 4
68.6 59 4
70.9 51.4 4
78.2 46.3 4
60.5 59.1 4
82.9 66.8 4
70.2 80.5 4
86.2 95.5 4
58.4 93.4 4
124 8.33 0
117 1.18 0
91.5 20.5 4
118 37.4 4
118 16.6 4
103 23.4 4
118 46.4 4
114 98.3 0
118 98.4 1
122 97.3 1
140 2.15 0
151 29.8 4
149 25.2 4
139 16.6 4
146 16.6 4
137 16.6 4
148 16.6 4
134 33.7 4
148 88.4 1
157 90.2 1
178 10.6 4
176 12.7 4
181 28.7 4
171 33.5 4
188 40.7 4
188 38.2 4
184 16.6 4
187 32 4
192 16.6 4
169 37.3 4
169 59 4
188 61.4 4
169 54.8 4
194 48.3 4
175 46.3 4
187 58.7 4
191 87.9 4
198 91.3 4
4.73 12.7 0
18.3 36.1 0
18.8 39.1 0
11.7 16.4 0
36.8 13.4 0
26 1.28 0
29.1 1.53 0
26.4 7.1 0
37 43.5 0
33.4 42.3 0
47.1 25.8 0
35.5 18.2 0
37.7 18.2 0
40.5 95.7 4
59.1 10.4 0
59 31.5 0
77.6 17.6 0
86.2 65.7 4
72.7 51.4 4
84.8 47.5 4
64.7 89.8 4
59.8 95.7 4
124 6.63 0
112 26.1 4
99.8 33.5 4
111 16.1 4
98.3 28.7 4
100 29.9 4
122 54.3 4
93.7 52.5 4
102 91.3 4
106 91.8 4
91.8 98.9 4
100 89 4
91.5 81.6 4
124 73.7 4
141 4.05 0
127 38.4 4
127 36.6 4
150 32 4
141 79.9 0
136 81.5 0
158 76.1 0
142 81.8 0
163 42.8 4
191 54.5 4
161 60.2 4
166 68.1 4
198 74.2 4
200 89.5 4
165 98.3 1
11.3 13.8 0
9.68 16.4 0
16.5 18.6 0
8.9 79.5 0
21.2 7.68 0
43.3 1.35 0
24.7 41.5 0
46.4 95.6 4
63.3 1.5 0
56.6 1.35 0
82.8 13.6 0
61.1 33.6 0
72.3 42.6 4
64.6 31.8 0
78.6 16.1 0
53.2 42.8 0
62.3 48.8 4
77.1 48.8 4
55.3 68.3 4
78.6 71.1 4
88.9 82 4
63.5 71.7 4
51.2 87.2 4
91.8 0.95 0
91.4 36.9 4
91.4 38.7 4
104 16.2 4
113 16.1 4
102 16.2 4
117 34.2 4
124 18.8 4
124 52.5 4
124 56.3 4
95.9 71.9 4
124 77.1 4
97.6 98.1 4
159 38.7 4
159 36.9 4
128 16.4 4
157 16.4 4
146 68.8 4
139 46.1 4
159 52.8 4
136 46.1 4
149 68.8 4
137 52.6 4
158 48.7 4
147 56 4
128 71.4 4
199 1.88 0
191 31.3 4
161 37.2 4
174 16.3 4
161 39.1 4
165 43.8 4
194 43.6 4
188 49.6 4
176 53.8 4
171 53.2 4
165 46.5 4
176 92.9 0
191 79.1 4
171 93.1 0
9.2 13.8 0
9.83 6.95 0
18.2 31.6 0
18.4 21.3 0
12.7 71.1 0
7.98 88.2 0
21.2 5.98 0
21.1 1.6 0
21 13.3 0
25.7 17 0
42.4 16.1 0
21.3 22.5 0
42 36.3 0
40.4 34.5 0
24.5 59.5 0
21 68.2 0
24 71.4 0
27.9 95.2 4
22.3 98.9 4
24.2 96.1 4
26.3 97.2 4
41.8 93.8 4
87 7.2 0
83.2 1.1 0
87.4 11.9 0
66.7 43.8 4
56.6 16.9 0
87.3 37.4 4
83.1 43.8 4
74 43.8 4
51.3 22.4 0
54.8 43.7 0
54.3 31.6 0
53 25.9 0
79.9 54.5 4
82 46.3 4
57.1 52.8 4
66.9 92.2 4
76.9 74.4 4
60.4 84.9 4
56.7 71.7 4
58.5 89.9 4
65.6 71.7 4
88.9 77.7 4
84.5 96.6 4
96.3 13.4 0
91 13.3 0
109 33.9 4
124 22.1 4
115 33.6 4
105 25 4
105 54.6 4
95.7 68.6 4
91.2 56.7 4
91 68.2 4
92.9 48.2 4
91.5 77.4 4
101 98.6 4
131 13.1 4
131 1.83 0
158 13.9 4
127 13.9 4
145 28.4 4
152 35.1 4
126 18.6 4
159 18.6 4
131 16.4 4
154 16.4 4
143 65.2 4
159 55 4
154 46.8 4
137 54.9 4
158 68.9 4
127 68.9 4
158 86.6 0
148 98.7 1
126 73.6 4
145 98.7 1
131 71.4 4
158 98.9 1
127 98.9 1
187 1.18 4
185 1.18 4
181 2.98 4
187 19.2 4
190 19.2 4
174 23.3 4
167 16.8 4
192 43.6 4
176 16.3 4
181 26.1 4
167 71.9 4
170 95.7 1
161 77.4 0
183 85.7 4
3.83 16.5 0
1.68 16.5 0
4.08 36 0
6.5 65.3 0
18.7 76.7 0
18.7 73.3 0
47.3 7.7 0
43.1 13.9 0
49.1 13.3 0
34.2 2.13 0
45.4 29.5 0
46.9 20.4 0
21.4 35.8 0
43.1 43.5 0
31.7 16.1 0
33.5 16.1 0
26.8 43.8 0
42.4 29.9 0
32.9 55.1 0
36.5 53 0
49.1 68.2 4
44.4 66.3 4
28 65.3 0
21.8 73.6 0
21.8 76.9 0
42.4 71.3 4
26.2 71.4 0
49.1 98.2 4
89.1 13.3 0
65.9 12.8 0
51.3 37.2 0
74.1 16.5 0
51.3 39 0
60 65.6 4
66.5 46.3 4
89.1 68.2 4
84.5 66.8 4
73.5 74.4 4
51.4 77.3 4
51.2 92.9 4
89.1 98.2 4
51.2 91.2 4
72 88.7 4
111 13.8 4
102 12.2 4
92.8 11.7 0
93.9 34.6 4
92.9 23.6 4
115 39.5 4
104 43.7 4
102 43.7 4
115 56.4 4
105 60.3 4
124 60.3 4
92.2 66.8 4
96.3 46.4 4
91.2 60.7 4
92.4 62.1 4
121 82.4 4
121 71.5 4
123 71.5 4
129 12 4
148 1.23 0
148 13.8 4
146 13.8 4
146 1.23 0
140 28.3 4
148 43.9 4
137 43.9 4
126 21.9 4
159 21.9 4
140 43.9 4
145 43.9 4
127 26.3 4
127 27.6 4
158 27.9 4
158 26.6 4
136 62.2 4
140 57 4
132 89 0
136 92.1 1
143 90.6 1
140 89.1 1
126 76.9 4
167 8.85 4
183 13.9 4
167 1.38 4
185 13.9 4
161 22.3 4
164 31.6 4
163 25.8 4
168 24.7 4
199 65.6 4
200 62.7 4
195 46.3 4
200 46.3 4
169 89.4 0
180 79.7 4
186 90.5 0
199 98.6 4
3.08 13.9 0
0.925 13.9 0
10.2 4.43 0
2.9 37.9 0
3.9 59.1 0
11.4 66.1 0
3.58 46.3 0
1.43 46.3 0
18.1 46.9 0
7.25 52.6 0
11.4 95.8 4
7.98 98.8 4
6.15 98.8 4
47.8 12.1 0
46.7 2.3 0
31.4 26 0
30.8 43.8 0
21 43.4 0
48.9 22.6 0
26.4 37.9 0
22.2 28.6 0
23.4 26.8 0
45.5 50 0
41.7 46.8 0
38.7 53.9 0
41.6 90.6 4
46.9 75.5 4
48.9 77.6 4
88.3 8.75 0
51.3 7.75 0
52 13.9 0
53.3 2.3 0
86.5 2.05 0
68.6 36.7 4
58.8 41.3 0
88.8 22.4 4
70.7 43.8 4
82.4 16.1 0
70.7 27.8 0
81.4 60.6 4
60.2 54.6 4
63.3 47.5 4
52 68.9 4
67.1 95.1 4
74.6 94.9 4
80.9 90.1 4
81.8 80.4 4
69.6 84.6 4
84.6 73.3 4
82.4 71.1 4
50.8 98.2 4
112 1.18 0
105 13.8 4
113 13.8 4
101 13.4 4
99.5 4.95 0
101 3.8 0
99.7 38.7 4
106 33.6 4
124 36 4
111 43.8 4
113 43.8 4
104 37.9 4
121 16.6 4
122 16.6 4
92.3 44.1 4
124 37.8 4
116 60.6 4
91.2 63.8 4
102 48.3 4
101 46.4 4
123 46.9 4
117 90.4 0
92.4 74.1 4
124 91.8 0
124 93.5 1
159 1.6 4
127 0.95 0
156 34.4 4
126 43.4 4
130 28.7 4
158 44.1 4
136 34.6 4
146 90.9 1
193 4.58 4
162 13.9 4
175 27.4 4
191 38.6 4
182 37.6 4
193 25.3 4
178 55.5 4
177 58.2 4
161 68.2 4
196 60.1 4
161 98.2 1
