62.9813 95.7239 4
99.8197 95.7245 4
72.091 95.7164 4
72.0873 4.29384 4
62.9674 4.29072 4
132.304 95.7221 0
141.491 95.7161 0
118.424 95.7219 0
39.7589 95.7108 4
100.217 4.29769 4
155.729 95.722 4
4.04278 3.23612 4
169.01 4.30476 0
3.53196 94.1396 4
90.3744 4.30043 4
160.486 95.7163 4
39.4457 4.29256 4
86.3983 95.7112 4
168.95 95.7093 4
12.7043 95.6765 4
173.669 95.7196 4
127.297 4.29446 4
16.5137 4.3037 4
182.818 4.30691 4
196.475 5.975 4
25.7245 95.7171 4
85.4108 4.30301 4
193.144 95.6447 4
58.3693 95.7177 4
164.672 4.29939 0
104.585 4.29916 4
197.135 88.4994 4
132.237 4.29462 4
44.3686 4.29408 4
136.894 4.29838 0
127.696 95.71 0
21.3623 4.29538 4
150.789 4.29947 0
197.147 84.2607 4
2.85599 20.2772 0
2.85596 24.8472 0
2.85573 29.4199 0
2.85572 33.9927 0
2.85564 38.5656 0
2.85537 43.1386 0
2.85511 47.7115 0
2.85574 52.2842 0
146.156 4.29939 0
197.149 75.1473 4
197.148 79.7177 4
2.85655 15.7389 0
197.148 20.2738 4
197.149 24.8464 4
197.149 33.992 4
197.149 38.5649 4
197.149 43.1375 4
197.149 47.7102 4
197.149 52.2831 4
197.149 56.8559 4
197.149 61.4286 4
197.149 66.0016 4
197.149 70.5746 4
2.85514 56.8551 0
109.161 4.29807 4
197.143 15.7013 4
197.149 29.419 4
2.85495 61.4317 0
113.812 95.7096 0
141.523 4.30129 0
197.09 11.1339 4
2.85402 66.0257 0
113.79 4.29914 4
2.90931 88.8836 4
2.85939 11.557 4
2.85127 70.5701 0
16.829 95.7029 4
2.85577 84.298 4
2.8502 75.1489 0
2.85056 79.7229 4
155.441 4.3008 0
81.399 95.7203 4
104.552 95.7169 4
173.899 4.30319 4
53.7152 95.7151 4
118.376 4.30084 4
30.6004 95.7128 4
25.9813 4.29514 4
48.9921 4.29645 4
80.6708 4.29896 4
30.5855 4.29781 4
7.9042 4.4735 4
95.5657 4.29744 4
183.212 95.7094 4
72.7235 29.623 4
76.6308 29.3765 4
7.9996 95.4568 4
72.4758 33.5305 4
178.931 95.7141 4
94.9831 95.7143 4
76.3793 95.7111 4
34.8296 4.29786 4
178.212 4.30278 4
58.0587 4.29394 4
76.2396 4.29643 4
160.372 4.29905 0
187.627 95.6861 4
150.504 95.7142 4
122.588 4.29961 4
11.9733 4.32608 4
43.9729 95.7102 4
145.725 95.7108 4
48.7382 95.7136 4
21.0919 95.7095 4
90.3069 95.7107 4
192.014 4.63018 4
67.5693 95.7104 4
187.334 4.34403 4
67.5828 4.29587 4
53.2889 4.29637 4
136.958 95.7116 0
164.704 95.7091 4
123.029 95.711 0
35.1946 95.7084 4
109.19 95.7091 0
5.7 8.6 4
5.7 13.2 4
10.3 8.6 4
10.3 13.2 4
5.7 17.8 0
10.3 17.8 0
5.7 22.4 0
10.3 22.4 0
5.7 27 0
10.3 27 0
5.7 31.6 0
10.3 31.6 0
5.7 36.2 0
10.3 36.2 0
5.7 40.8 0
10.3 40.8 0
5.7 45.4 0
10.3 45.4 0
5.7 50 0
10.3 50 0
5.7 54.6 0
10.3 54.6 0
5.7 59.2 0
10.3 59.2 0
5.7 63.8 0
10.3 63.8 0
5.7 68.4 0
10.3 68.4 0
5.7 73 0
10.3 73 0
5.7 77.6 0
10.3 77.6 0
5.7 82.2 4
10.3 82.2 4
5.7 86.8 4
10.3 86.8 4
5.7 91.4 4
10.3 91.4 4
14.9 8.6 4
14.9 13.2 4
14.9 17.8 4
14.9 22.4 0
14.9 27 0
14.9 31.6 0
14.9 36.2 0
14.9 40.8 0
14.9 45.4 0
14.9 50 0
14.9 54.6 0
14.9 59.2 0
14.9 63.8 0
14.9 68.4 0
14.9 73 0
14.9 77.6 0
14.9 82.2 4
14.9 86.8 4
14.9 91.4 4
19.5 8.6 4
19.5 13.2 4
19.5 17.8 4
19.5 22.4 4
19.5 27 0
19.5 31.6 0
19.5 36.2 0
19.5 40.8 0
19.5 45.4 0
19.5 50 0
19.5 54.6 0
19.5 59.2 0
19.5 63.8 0
19.5 68.4 0
19.5 73 0
19.5 77.6 4
19.5 82.2 4
19.5 86.8 4
19.5 91.4 4
24.1 8.6 4
24.1 13.2 4
24.1 17.8 4
24.1 22.4 4
24.1 27 4
24.1 31.6 0
24.1 36.2 0
24.1 40.8 0
24.1 45.4 0
24.1 50 0
24.1 54.6 0
24.1 59.2 0
24.1 63.8 0
24.1 68.4 0
24.1 73 4
24.1 77.6 4
24.1 82.2 4
24.1 86.8 4
24.1 91.4 4
28.7 8.6 4
28.7 13.2 4
28.7 17.8 4
28.7 22.4 4
28.7 27 4
28.7 31.6 4
28.7 36.2 4
28.7 40.8 4
28.7 45.4 4
28.7 50 4
28.7 54.6 4
28.7 59.2 4
28.7 63.8 4
28.7 68.4 4
28.7 73 4
28.7 77.6 4
28.7 82.2 4
28.7 86.8 4
28.7 91.4 4
33.3 8.6 4
33.3 13.2 4
33.3 17.8 4
33.3 22.4 4
33.3 27 4
33.3 31.6 4
33.3 36.2 4
33.3 40.8 4
33.3 45.4 4
33.3 50 4
33.3 54.6 4
33.3 59.2 4
33.3 63.8 4
33.3 68.4 4
33.3 73 4
33.3 77.6 4
33.3 82.2 4
33.3 86.8 4
33.3 91.4 4
37.9 8.6 4
37.9 13.2 4
37.9 17.8 4
37.9 22.4 4
37.9 27 4
37.9 31.6 4
37.9 36.2 4
37.9 40.8 4
37.9 45.4 4
37.9 50 4
37.9 54.6 4
37.9 59.2 4
37.9 63.8 4
37.9 68.4 4
37.9 73 4
37.9 77.6 4
37.9 82.2 4
37.9 86.8 4
37.9 91.4 4
42.5 8.6 4
42.5 13.2 4
42.5 17.8 4
42.5 22.4 4
42.5 27 4
42.5 31.6 4
42.5 36.2 4
42.5 40.8 4
42.5 45.4 4
42.5 50 4
42.5 54.6 4
42.5 59.2 4
42.5 63.8 4
42.5 68.4 4
42.5 73 4
42.5 77.6 4
42.5 82.2 4
42.5 86.8 4
42.5 91.4 4
47.1 8.6 4
47.1 13.2 4
47.1 17.8 4
47.1 22.4 4
47.1 27 4
47.1 31.6 4
47.1 36.2 4
47.1 40.8 4
47.1 45.4 4
47.1 50 4
47.1 54.6 4
47.1 59.2 4
47.1 63.8 4
47.1 68.4 4
47.1 73 4
47.1 77.6 4
47.1 82.2 4
47.1 86.8 4
47.1 91.4 4
51.7 8.6 4
51.7 13.2 4
51.7 17.8 4
51.7 22.4 4
51.7 27 4
51.7 31.6 4
51.7 36.2 4
51.7 40.8 4
51.7 45.4 4
51.7 50 4
51.7 54.6 4
51.7 59.2 4
51.7 63.8 4
51.7 68.4 4
51.7 73 4
51.7 77.6 4
51.7 82.2 4
51.7 86.8 4
51.7 91.4 4
56.3 8.6 4
56.3 13.2 4
56.3 17.8 4
56.3 22.4 4
56.3 27 4
56.3 31.6 4
56.3 36.2 4
56.3 40.8 4
56.3 45.4 4
56.3 50 4
56.3 54.6 4
56.3 59.2 4
56.3 63.8 4
56.3 68.4 4
56.3 73 4
56.3 77.6 4
56.3 82.2 4
56.3 86.8 4
56.3 91.4 4
60.9 8.6 4
60.9 13.2 4
60.9 17.8 4
60.9 22.4 4
60.9 27 4
60.9 31.6 4
60.9 36.2 4
60.9 40.8 4
60.9 45.4 4
60.9 50 4
60.9 54.6 4
60.9 59.2 4
60.9 63.8 4
60.9 68.4 4
60.9 73 4
60.9 77.6 4
60.9 82.2 4
60.9 86.8 4
60.9 91.4 4
65.5 8.6 4
65.5 13.2 4
65.5 17.8 4
65.5 22.4 4
65.5 27 4
65.5 31.6 4
65.5 36.2 4
65.5 40.8 4
65.5 45.4 4
65.5 50 4
65.5 54.6 4
65.5 59.2 4
65.5 63.8 4
65.5 68.4 4
65.5 73 4
65.5 77.6 4
65.5 82.2 4
65.5 86.8 4
65.5 91.4 4
70.1 8.6 4
70.1 13.2 4
70.1 17.8 4
70.1 22.4 4
70.1 27 4
70.1 31.6 4
70.1 36.2 4
70.1 40.8 4
70.1 45.4 4
70.1 50 4
70.1 54.6 4
70.1 59.2 4
70.1 63.8 4
70.1 68.4 4
70.1 73 4
70.1 77.6 4
70.1 82.2 4
70.1 86.8 4
70.1 91.4 4
74.7 8.6 4
74.7 13.2 4
74.7 17.8 4
74.7 22.4 4
74.7 27 4
74.7 36.2 4
74.7 40.8 4
74.7 45.4 4
74.7 50 4
74.7 54.6 4
74.7 59.2 4
74.7 63.8 4
74.7 68.4 4
74.7 73 4
74.7 77.6 4
74.7 82.2 4
74.7 86.8 4
74.7 91.4 4
79.3 8.6 4
79.3 13.2 4
79.3 17.8 4
79.3 22.4 4
79.3 27 4
74.7 31.6 4
79.3 31.6 4
79.3 36.2 4
79.3 40.8 4
79.3 45.4 4
79.3 50 4
79.3 54.6 4
79.3 59.2 4
79.3 63.8 4
79.3 68.4 4
79.3 73 4
79.3 77.6 4
79.3 82.2 4
79.3 86.8 4
79.3 91.4 4
83.9 8.6 4
83.9 13.2 4
83.9 17.8 4
83.9 22.4 4
83.9 27 4
83.9 31.6 4
83.9 36.2 4
83.9 40.8 4
83.9 45.4 4
83.9 50 4
83.9 54.6 4
83.9 59.2 4
83.9 63.8 4
83.9 68.4 4
83.9 73 4
83.9 77.6 4
83.9 82.2 4
83.9 86.8 4
83.9 91.4 4
88.5 8.6 4
88.5 13.2 4
88.5 17.8 4
88.5 22.4 4
88.5 27 4
88.5 31.6 4
88.5 36.2 4
88.5 40.8 4
88.5 45.4 4
88.5 50 4
88.5 54.6 4
88.5 59.2 4
88.5 63.8 4
88.5 68.4 4
88.5 73 4
88.5 77.6 4
88.5 82.2 4
88.5 86.8 4
88.5 91.4 4
93.1 8.6 4
93.1 13.2 4
93.1 17.8 4
93.1 22.4 4
93.1 27 4
93.1 31.6 4
93.1 36.2 4
93.1 40.8 4
93.1 45.4 4
93.1 50 4
93.1 54.6 4
93.1 59.2 4
93.1 63.8 4
93.1 68.4 4
93.1 73 4
93.1 77.6 4
93.1 82.2 4
93.1 86.8 4
93.1 91.4 4
97.7 8.6 4
97.7 13.2 4
97.7 17.8 4
97.7 22.4 4
97.7 27 4
97.7 31.6 4
97.7 36.2 4
97.7 40.8 4
97.7 45.4 4
97.7 50 4
97.7 54.6 4
97.7 59.2 4
97.7 63.8 4
97.7 68.4 4
97.7 73 4
97.7 77.6 4
97.7 82.2 4
97.7 86.8 4
97.7 91.4 4
102.3 8.6 4
102.3 13.2 4
102.3 17.8 4
102.3 22.4 4
102.3 27 4
102.3 31.6 4
102.3 36.2 4
102.3 40.8 4
102.3 45.4 4
102.3 50 4
102.3 54.6 4
102.3 59.2 4
102.3 63.8 4
102.3 68.4 4
102.3 73 4
102.3 77.6 0
102.3 82.2 0
102.3 86.8 0
102.3 91.4 0
106.9 8.6 4
106.9 13.2 4
106.9 17.8 4
106.9 22.4 4
106.9 27 4
106.9 31.6 4
106.9 36.2 4
106.9 40.8 4
106.9 45.4 4
106.9 50 4
106.9 54.6 4
106.9 59.2 4
106.9 63.8 4
106.9 68.4 0
106.9 73 0
106.9 77.6 0
106.9 82.2 0
106.9 86.8 0
106.9 91.4 0
111.5 8.6 4
111.5 13.2 4
111.5 17.8 4
111.5 22.4 4
111.5 27 4
111.5 31.6 4
111.5 36.2 4
111.5 40.8 4
111.5 45.4 4
111.5 50 4
111.5 54.6 4
111.5 59.2 4
111.5 63.8 0
111.5 68.4 0
111.5 73 0
111.5 77.6 0
111.5 82.2 0
111.5 86.8 0
111.5 91.4 0
116.1 8.6 4
116.1 13.2 4
116.1 17.8 4
116.1 22.4 4
116.1 27 4
116.1 31.6 4
116.1 36.2 4
116.1 40.8 4
116.1 45.4 4
116.1 50 4
116.1 54.6 4
116.1 59.2 0
116.1 63.8 0
116.1 68.4 0
116.1 73 0
116.1 77.6 0
116.1 82.2 0
116.1 86.8 0
116.1 91.4 0
120.7 8.6 4
120.7 13.2 4
120.7 17.8 4
120.7 22.4 4
120.7 27 4
120.7 31.6 4
120.7 36.2 4
120.7 40.8 4
120.7 45.4 4
120.7 50 0
120.7 54.6 0
120.7 59.2 0
120.7 63.8 0
120.7 68.4 0
120.7 73 0
120.7 77.6 0
120.7 82.2 0
120.7 86.8 0
120.7 91.4 0
125.3 8.6 4
125.3 13.2 4
125.3 17.8 4
125.3 22.4 4
125.3 27 4
125.3 31.6 4
125.3 36.2 4
125.3 40.8 4
125.3 45.4 0
125.3 50 0
125.3 54.6 0
125.3 59.2 0
125.3 63.8 0
125.3 68.4 0
125.3 73 0
125.3 77.6 0
125.3 82.2 0
125.3 86.8 0
125.3 91.4 0
129.9 8.6 4
129.9 13.2 4
129.9 17.8 0
129.9 22.4 0
129.9 27 0
129.9 31.6 0
129.9 36.2 0
129.9 40.8 0
129.9 45.4 0
129.9 50 0
129.9 54.6 0
129.9 59.2 0
129.9 63.8 0
129.9 68.4 0
129.9 73 0
129.9 77.6 0
129.9 82.2 0
129.9 86.8 0
129.9 91.4 0
134.5 8.6 0
134.5 13.2 0
134.5 17.8 0
134.5 22.4 0
134.5 27 0
134.5 31.6 0
134.5 36.2 0
134.5 40.8 0
134.5 45.4 0
134.5 50 0
134.5 54.6 0
134.5 59.2 0
134.5 63.8 0
134.5 68.4 0
134.5 73 0
134.5 77.6 0
134.5 82.2 0
134.5 86.8 0
134.5 91.4 0
139.1 8.6 0
139.1 13.2 0
139.1 17.8 0
139.1 22.4 0
139.1 27 0
139.1 31.6 0
139.1 36.2 0
139.1 40.8 0
139.1 45.4 0
139.1 50 0
139.1 54.6 0
139.1 59.2 0
139.1 63.8 0
139.1 68.4 0
139.1 73 0
139.1 77.6 0
139.1 82.2 0
139.1 86.8 0
139.1 91.4 0
143.7 8.6 0
143.7 13.2 0
143.7 17.8 0
143.7 22.4 0
143.7 27 0
143.7 31.6 0
143.7 36.2 0
143.7 40.8 0
143.7 45.4 0
143.7 50 0
143.7 54.6 0
143.7 59.2 0
143.7 63.8 0
143.7 68.4 0
143.7 73 0
143.7 77.6 0
143.7 82.2 0
143.7 86.8 0
143.7 91.4 0
148.3 8.6 0
148.3 13.2 0
148.3 17.8 0
148.3 22.4 0
148.3 27 0
148.3 31.6 0
148.3 36.2 0
148.3 40.8 0
148.3 45.4 0
148.3 50 0
148.3 54.6 0
148.3 59.2 0
148.3 63.8 0
148.3 68.4 0
148.3 73 0
148.3 77.6 0
148.3 82.2 0
148.3 86.8 0
148.3 91.4 0
152.9 8.6 0
152.9 13.2 0
152.9 17.8 0
152.9 22.4 0
152.9 27 0
152.9 31.6 0
152.9 36.2 0
152.9 40.8 0
152.9 45.4 0
152.9 50 0
152.9 54.6 0
152.9 59.2 0
152.9 63.8 0
152.9 68.4 0
152.9 73 0
152.9 77.6 0
152.9 82.2 0
152.9 86.8 0
152.9 91.4 0
157.5 8.6 0
157.5 13.2 0
157.5 17.8 0
157.5 22.4 0
157.5 27 0
157.5 31.6 0
157.5 36.2 0
157.5 40.8 0
157.5 45.4 0
157.5 50 0
157.5 54.6 0
157.5 59.2 0
157.5 63.8 0
157.5 68.4 0
157.5 73 0
157.5 77.6 0
157.5 82.2 0
157.5 86.8 0
157.5 91.4 4
162.1 8.6 0
162.1 13.2 0
162.1 17.8 0
162.1 22.4 0
162.1 27 0
162.1 31.6 0
162.1 36.2 0
162.1 40.8 0
162.1 45.4 0
162.1 50 0
162.1 54.6 0
162.1 59.2 0
162.1 63.8 0
162.1 68.4 0
162.1 73 0
162.1 77.6 0
162.1 82.2 0
162.1 86.8 4
162.1 91.4 4
166.7 8.6 0
166.7 13.2 0
166.7 17.8 0
166.7 22.4 0
166.7 27 0
166.7 31.6 0
166.7 36.2 0
166.7 40.8 0
166.7 45.4 0
166.7 50 0
166.7 54.6 0
166.7 59.2 0
166.7 63.8 0
166.7 68.4 4
166.7 73 4
166.7 77.6 4
166.7 82.2 4
166.7 86.8 4
166.7 91.4 4
171.3 8.6 0
171.3 13.2 0
171.3 17.8 4
171.3 22.4 0
171.3 27 0
171.3 31.6 0
171.3 36.2 0
171.3 40.8 0
171.3 45.4 0
171.3 50 4
171.3 54.6 4
171.3 59.2 4
171.3 63.8 4
171.3 68.4 4
171.3 73 4
171.3 77.6 4
171.3 82.2 4
171.3 86.8 4
171.3 91.4 4
175.9 8.6 4
175.9 13.2 4
175.9 17.8 4
175.9 22.4 4
175.9 27 4
175.9 31.6 4
175.9 36.2 4
175.9 40.8 4
175.9 45.4 4
175.9 50 4
175.9 54.6 4
175.9 59.2 4
175.9 63.8 4
175.9 68.4 4
175.9 73 4
175.9 77.6 4
175.9 82.2 4
175.9 86.8 4
175.9 91.4 4
180.5 8.6 4
180.5 13.2 4
180.5 17.8 4
180.5 22.4 4
180.5 27 4
180.5 31.6 4
180.5 36.2 4
180.5 40.8 4
180.5 45.4 4
180.5 50 4
180.5 54.6 4
180.5 59.2 4
180.5 63.8 4
180.5 68.4 4
180.5 73 4
180.5 77.6 4
180.5 82.2 4
180.5 86.8 4
180.5 91.4 4
185.1 8.6 4
185.1 13.2 4
185.1 17.8 4
185.1 22.4 4
185.1 27 4
185.1 31.6 4
185.1 36.2 4
185.1 40.8 4
185.1 45.4 4
185.1 50 4
185.1 54.6 4
185.1 59.2 4
185.1 63.8 4
185.1 68.4 4
185.1 73 4
185.1 77.6 4
185.1 82.2 4
185.1 86.8 4
185.1 91.4 4
189.7 8.6 4
189.7 13.2 4
189.7 17.8 4
189.7 22.4 4
189.7 27 4
189.7 31.6 4
189.7 36.2 4
189.7 40.8 4
189.7 45.4 4
189.7 50 4
189.7 54.6 4
189.7 59.2 4
189.7 63.8 4
189.7 68.4 4
189.7 73 4
189.7 77.6 4
189.7 82.2 4
189.7 86.8 4
189.7 91.4 4
194.3 8.6 4
194.3 13.2 4
194.3 17.8 4
194.3 22.4 4
194.3 27 4
194.3 31.6 4
194.3 36.2 4
194.3 40.8 4
194.3 45.4 4
194.3 50 4
194.3 54.6 4
194.3 59.2 4
194.3 63.8 4
194.3 68.4 4
194.3 73 4
194.3 77.6 4
194.3 82.2 4
194.3 86.8 4
194.3 91.4 4
0 100 4
0 95.4545 4
0 90.9091 4
0 86.3636 4
0 81.8182 4
0 77.2727 0
0 72.7273 0
0 68.1818 0
0 63.6364 0
0 59.0909 0
0 54.5455 0
0 50 0
0 45.4545 0
0 40.9091 0
0 36.3636 0
0 31.8182 0
0 27.2727 0
0 22.7273 0
0 18.1818 0
0 13.6364 0
0 9.09091 4
0 4.54545 4
0 0 4
200 100 4
195.349 100 4
190.698 100 4
186.047 100 4
181.395 100 4
176.744 100 4
172.093 100 4
167.442 100 4
162.791 100 4
158.14 100 4
153.488 100 4
148.837 100 4
144.186 100 4
139.535 100 0
134.884 100 0
130.233 100 0
125.581 100 0
120.93 100 0
116.279 100 0
111.628 100 0
106.977 100 0
102.326 100 4
97.6744 100 4
93.0233 100 4
88.3721 100 4
83.7209 100 4
79.0698 100 4
74.4186 100 4
69.7674 100 4
65.1163 100 4
60.4651 100 4
55.814 100 4
51.1628 100 4
46.5116 100 4
41.8605 100 4
37.2093 100 4
32.5581 100 4
27.907 100 4
23.2558 100 4
18.6047 100 4
13.9535 100 4
9.30233 100 4
4.65116 100 4
200 0 4
200 4.54545 4
200 9.09091 4
200 13.6364 4
200 18.1818 4
200 22.7273 4
200 27.2727 4
200 31.8182 4
200 36.3636 4
200 40.9091 4
200 45.4545 4
200 50 4
200 54.5455 4
200 59.0909 4
200 63.6364 4
200 68.1818 4
200 72.7273 4
200 77.2727 4
200 81.8182 4
200 86.3636 4
200 90.9091 4
200 95.4545 4
4.65116 0 4
9.30233 0 4
13.9535 0 4
18.6047 0 4
23.2558 0 4
27.907 0 4
32.5581 0 4
37.2093 0 4
41.8605 0 4
46.5116 0 4
51.1628 0 4
55.814 0 4
60.4651 0 4
65.1163 0 4
69.7674 0 4
74.4186 0 4
79.0698 0 4
83.7209 0 4
88.3721 0 4
93.0233 0 4
97.6744 0 4
102.326 0 4
106.977 0 4
111.628 0 4
116.279 0 4
120.93 0 4
125.581 0 4
130.233 0 4
134.884 0 0
139.535 0 0
144.186 0 0
148.837 0 0
153.488 0 0
158.14 0 0
162.791 0 0
167.442 0 0
172.093 0 4
176.744 0 4
181.395 0 4
186.047 0 4
190.698 0 4
195.349 0 4
63.0085 95.7037 4
72.1464 95.7025 4
72.2204 4.29963 4
63.1213 4.29909 4
141.581 95.7018 0
164.745 4.30058 0
17.271 95.6953 4
3.77763 3.00511 4
35.601 4.30083 4
86.5159 4.30121 4
113.41 95.7004 0
155.153 95.7017 4
99.7096 95.7019 4
