163 72 0
104.174 53.2387 0
168.179 79.0438 0
92.2605 56.2553 0
192.322 95.384 4
117.22 65.8999 0
164.753 95.6991 0
72.2591 95.6992 0
30.4347 52.9037 0
39.7229 95.6991 0
2.97569 3.08146 0
113.751 95.6993 0
53.6844 95.6994 4
101.389 47.7861 0
86.1477 95.6992 0
96.4012 39.9785 0
178.549 95.6975 0
12.156 20.0898 0
87.3478 48.6546 4
17.668 20.0872 0
109.082 4.3011 0
156.806 71.2175 0
35.0344 4.30125 4
159.702 67.3191 0
102.252 56.4797 0
146.699 95.6991 0
117.366 52.1621 0
132.011 95.6987 0
113.762 4.30107 0
3.53006 94.1195 0
141.936 95.6992 0
100.479 95.6987 0
105.008 65.625 0
132.155 4.30096 0
11.7223 4.32922 0
108.749 54.868 0
155.997 75.1351 0
68.1351 4.30114 4
54.2499 4.30092 4
179.176 4.3029 0
22.0331 48.5118 0
76.5368 4.30079 4
196.528 5.89654 4
91.0483 45.1736 0
87.4301 65.832 0
30.4978 48.9741 0
95.093 4.30075 4
174.454 4.30136 0
155.806 95.6988 0
155.679 66.6211 0
86.7451 53.8182 0
62.6643 95.6993 0
63.408 4.30083 4
186 27 0
117.376 47.9559 0
117.63 61.3762 0
100.64 40.4374 0
108.798 74.1366 0
7.60846 95.4719 0
8.46178 20.0989 0
43.9991 4.30144 4
35.1569 52.6938 0
167.977 69.7552 0
30.7279 4.30092 4
49.2828 4.30107 4
182.758 24.9708 0
182.89 28.3619 0
188.035 29.7858 0
169.355 95.6992 0
127.675 95.6994 0
96.047 95.6993 0
39.3464 4.3011 4
104.687 4.30067 0
187.471 33.4429 0
191.648 28.9287 0
187.4 20.1 0
192.439 25.1016 0
136.477 4.30083 0
35.1344 56.5239 0
76.879 95.6994 0
197.091 88.856 4
2.87642 11.1508 0
16.2143 4.30704 0
26.0287 49.3496 0
196.747 24.4877 4
118.683 4.30085 0
113.974 44.3999 0
197.144 84.2944 4
197.115 20.2473 4
12.1167 95.6601 0
197.149 79.7226 4
159.634 4.30088 0
197.15 75.15 4
2.84999 25.2673 0
2.84997 29.4573 0
2.84997 33.9983 0
2.84997 38.5684 0
2.84997 43.1409 0
2.84997 47.7136 0
2.84997 52.2864 0
2.84997 56.8591 0
2.84997 61.4318 0
2.84997 66.0045 0
2.84997 70.5773 0
2.85003 75.15 0
197.15 34.4128 4
197.15 38.6028 4
197.15 43.1438 4
197.15 47.7139 4
197.15 52.2864 4
197.15 56.8591 4
197.15 61.4318 4
197.15 66.0045 4
197.15 70.5773 4
2.85056 79.7226 0
2.85329 15.2888 0
197.141 15.7038 4
2.85583 84.2937 0
154.993 4.30078 0
150.331 4.30086 0
164.288 4.30122 0
114.149 69.383 0
159.969 78.9103 0
192.498 4.56246 4
145.694 4.30092 0
26.1349 4.30104 4
118.012 70.236 0
197.096 11.147 4
2.90789 88.8497 0
168.743 66.2584 0
85.5773 4.30097 4
80.922 4.30109 4
16.6791 95.6925 0
25.8494 95.6992 0
163.684 78.3656 0
108.993 39.5644 0
187.962 4.3496 0
141.076 4.30101 0
21.2591 95.6981 0
94.6902 74.2501 0
112.792 58.2539 0
104.681 74.2673 0
22.5638 53.6713 0
91.0604 74.8137 0
167.734 74.4269 0
25.7187 59.5107 0
86.6937 70.2921 0
169.258 4.30214 0
99.3149 73.6037 0
30.0491 56.579 0
136.714 95.6991 0
122.237 60.7862 0
13.0082 16.2771 0
16.8203 23.9 0
57.9422 95.6991 4
196.468 94.1029 4
95.7929 53.6836 0
82.8695 57.027 0
187.534 95.6437 4
99.8131 4.30091 4
44.04 95.6992 0
122.215 52.9224 0
21.8539 61.3227 0
160.522 95.6993 0
21.3372 20.0965 0
21.2355 4.30182 0
7.12571 4.45608 0
90.5058 4.30072 4
91.0216 95.6989 0
108.894 95.6991 0
34.9024 95.699 0
105.373 39.9361 0
48.7903 95.6991 0
99.1546 56.8256 0
123.67 4.30087 0
182.774 95.6917 4
117.956 43.841 0
122.801 95.6991 0
96.4542 60.7828 0
30.1663 95.6992 0
91.1702 70.1243 0
118.016 95.6992 0
128.269 4.30071 0
104.268 95.6987 0
86.7683 44.0787 4
30.4608 60.6976 0
17.9916 52.6966 0
13.2668 23.9111 0
16.566 16.2641 0
67.6244 95.6993 0
108.178 44.3523 0
150.937 95.6993 0
160.275 74.8818 0
72.2822 4.30066 4
58.5422 4.30145 4
174.043 95.6988 0
164.508 67.024 0
183.416 4.30974 0
96.5721 45.1222 0
82.1332 60.9073 0
81.5575 95.6993 0
3.14094 6.38917 0
26 54 0
122.738 56.798 0
82.5266 53.186 0
106.258 49.333 0
18.2638 55.9811 0
112.151 64.4791 0
97.8559 50.4401 0
102.168 60.6068 0
88.054 57.5248 0
86.3177 61.4305 0
107.74 60.9999 0
99.6519 64.7634 0
92.1595 64.1481 0
15 20 0
108.558 69.7524 0
112.464 53.1404 0
91.6257 54.6101 0
118.678 56.4236 0
101.822 52.7982 0
92.2968 50.0109 0
5.7 8.6 0
5.7 13.2 0
10.3 8.6 0
10.3 13.2 0
5.7 17.8 0
10.3 17.8 0
5.7 22.4 0
10.3 22.4 0
5.7 27 0
10.3 27 0
5.7 31.6 0
10.3 31.6 0
5.7 36.2 0
10.3 36.2 0
5.7 40.8 0
10.3 40.8 0
5.7 45.4 0
10.3 45.4 0
5.7 50 0
10.3 50 0
5.7 54.6 0
10.3 54.6 0
5.7 59.2 0
10.3 59.2 0
5.7 63.8 0
10.3 63.8 0
5.7 68.4 0
10.3 68.4 0
5.7 73 0
10.3 73 0
5.7 77.6 0
10.3 77.6 0
5.7 82.2 0
10.3 82.2 0
5.7 86.8 0
10.3 86.8 0
5.7 91.4 0
10.3 91.4 0
14.9 8.6 0
14.9 13.2 0
14.9 27 0
14.9 31.6 0
14.9 36.2 0
14.9 40.8 0
14.9 45.4 0
14.9 50 0
14.9 54.6 0
14.9 59.2 0
14.9 63.8 0
14.9 68.4 0
14.9 73 0
14.9 77.6 0
14.9 82.2 0
14.9 86.8 0
14.9 91.4 0
19.5 8.6 0
19.5 13.2 0
19.5 27 0
19.5 31.6 0
19.5 36.2 0
19.5 40.8 0
19.5 45.4 0
19.5 50 0
19.5 59.2 0
19.5 63.8 0
19.5 68.4 0
19.5 73 0
19.5 77.6 0
19.5 82.2 0
19.5 86.8 0
19.5 91.4 0
24.1 8.6 0
24.1 13.2 0
19.5 17.8 0
24.1 17.8 0
19.5 22.4 0
24.1 22.4 0
24.1 27 0
24.1 31.6 0
24.1 36.2 0
24.1 40.8 0
24.1 45.4 0
24.1 63.8 0
24.1 68.4 0
24.1 73 0
24.1 77.6 0
24.1 82.2 0
24.1 86.8 0
24.1 91.4 0
28.7 8.6 0
28.7 13.2 0
28.7 17.8 0
28.7 22.4 0
28.7 27 0
28.7 31.6 0
28.7 36.2 0
28.7 40.8 0
28.7 45.4 0
28.7 63.8 0
28.7 68.4 0
28.7 73 0
28.7 77.6 0
28.7 82.2 0
28.7 86.8 0
28.7 91.4 0
33.3 8.6 0
33.3 13.2 0
33.3 17.8 0
33.3 22.4 0
33.3 27 0
33.3 31.6 0
33.3 36.2 0
33.3 40.8 0
33.3 45.4 0
33.3 63.8 0
33.3 68.4 0
33.3 73 0
33.3 77.6 0
33.3 82.2 0
33.3 86.8 0
33.3 91.4 0
37.9 8.6 4
37.9 13.2 4
37.9 17.8 0
37.9 22.4 0
37.9 27 0
37.9 31.6 0
37.9 36.2 0
37.9 40.8 0
37.9 45.4 0
33.3 50 0
37.9 50 0
33.3 54.6 0
37.9 54.6 0
33.3 59.2 0
37.9 59.2 0
37.9 63.8 0
37.9 68.4 0
37.9 73 0
37.9 77.6 0
37.9 82.2 0
37.9 86.8 0
37.9 91.4 0
42.5 8.6 4
42.5 13.2 4
42.5 17.8 4
42.5 22.4 4
42.5 27 0
42.5 31.6 0
42.5 36.2 0
42.5 40.8 0
42.5 45.4 0
42.5 50 0
42.5 54.6 0
42.5 59.2 0
42.5 63.8 0
42.5 68.4 0
42.5 73 0
42.5 77.6 0
42.5 82.2 0
42.5 86.8 0
42.5 91.4 0
47.1 8.6 4
47.1 13.2 4
47.1 17.8 4
47.1 22.4 4
47.1 27 4
47.1 31.6 4
47.1 36.2 0
47.1 40.8 0
47.1 45.4 0
47.1 50 0
47.1 54.6 0
47.1 59.2 0
47.1 63.8 0
47.1 68.4 0
47.1 73 0
47.1 77.6 0
47.1 82.2 0
47.1 86.8 0
47.1 91.4 0
51.7 8.6 4
51.7 13.2 4
51.7 17.8 4
51.7 22.4 4
51.7 27 4
51.7 31.6 4
51.7 36.2 4
51.7 40.8 4
51.7 45.4 0
51.7 50 0
51.7 54.6 0
51.7 59.2 0
51.7 63.8 0
51.7 68.4 0
51.7 73 0
51.7 77.6 0
51.7 82.2 0
51.7 86.8 0
51.7 91.4 0
56.3 8.6 4
56.3 13.2 4
56.3 17.8 4
56.3 22.4 4
56.3 27 4
56.3 31.6 4
56.3 36.2 4
56.3 40.8 4
56.3 45.4 4
56.3 50 4
56.3 54.6 0
56.3 59.2 0
56.3 63.8 0
56.3 68.4 0
56.3 73 0
56.3 77.6 0
56.3 82.2 0
56.3 86.8 0
56.3 91.4 0
60.9 8.6 4
60.9 13.2 4
60.9 17.8 4
60.9 22.4 4
60.9 27 4
60.9 31.6 4
60.9 36.2 4
60.9 40.8 4
60.9 45.4 4
60.9 50 4
60.9 54.6 4
60.9 59.2 0
60.9 63.8 0
60.9 68.4 0
60.9 73 0
60.9 77.6 0
60.9 82.2 0
60.9 86.8 0
60.9 91.4 0
65.5 8.6 4
65.5 13.2 4
65.5 17.8 4
65.5 22.4 4
65.5 27 4
65.5 31.6 4
65.5 36.2 4
65.5 40.8 4
65.5 45.4 4
65.5 50 4
65.5 54.6 4
65.5 59.2 4
65.5 63.8 0
65.5 68.4 0
65.5 73 0
65.5 77.6 0
65.5 82.2 0
65.5 86.8 0
65.5 91.4 0
70.1 8.6 4
70.1 13.2 4
70.1 17.8 4
70.1 22.4 4
70.1 27 4
70.1 31.6 4
70.1 36.2 4
70.1 40.8 4
70.1 45.4 4
70.1 50 4
70.1 54.6 4
70.1 59.2 4
70.1 63.8 0
70.1 68.4 0
70.1 73 0
70.1 77.6 0
70.1 82.2 0
70.1 86.8 0
70.1 91.4 0
74.7 8.6 4
74.7 13.2 4
74.7 17.8 4
74.7 22.4 4
74.7 27 4
74.7 31.6 4
74.7 36.2 4
74.7 40.8 4
74.7 45.4 4
74.7 50 4
74.7 54.6 4
74.7 59.2 0
74.7 63.8 0
74.7 68.4 0
74.7 73 0
74.7 77.6 0
74.7 82.2 0
74.7 86.8 0
74.7 91.4 0
79.3 8.6 4
79.3 13.2 4
79.3 17.8 4
79.3 22.4 4
79.3 27 4
79.3 31.6 4
79.3 36.2 4
79.3 40.8 4
79.3 45.4 4
79.3 50 4
79.3 54.6 0
79.3 59.2 0
79.3 63.8 0
79.3 68.4 0
79.3 73 0
79.3 77.6 0
79.3 82.2 0
79.3 86.8 0
79.3 91.4 0
83.9 8.6 4
83.9 13.2 4
83.9 17.8 4
83.9 22.4 4
83.9 27 4
83.9 31.6 4
83.9 36.2 4
83.9 40.8 4
83.9 45.4 0
83.9 50 0
83.9 63.8 0
83.9 68.4 0
83.9 73 0
83.9 77.6 0
83.9 82.2 0
83.9 86.8 0
83.9 91.4 0
88.5 8.6 4
88.5 13.2 4
88.5 17.8 4
88.5 22.4 4
88.5 27 4
88.5 31.6 4
88.5 36.2 4
88.5 40.8 0
88.5 73 0
88.5 77.6 0
88.5 82.2 0
88.5 86.8 0
88.5 91.4 0
93.1 8.6 4
93.1 13.2 4
93.1 17.8 4
93.1 22.4 4
93.1 27 4
93.1 31.6 0
93.1 36.2 0
93.1 40.8 0
93.1 77.6 0
93.1 82.2 0
93.1 86.8 0
93.1 91.4 0
97.7 8.6 4
97.7 13.2 0
97.7 17.8 0
97.7 22.4 0
97.7 27 0
97.7 31.6 0
97.7 36.2 0
97.7 77.6 0
97.7 82.2 0
97.7 86.8 0
97.7 91.4 0
102.3 8.6 0
102.3 13.2 0
102.3 17.8 0
102.3 22.4 0
102.3 27 0
102.3 31.6 0
102.3 36.2 0
102.3 77.6 0
102.3 82.2 0
102.3 86.8 0
102.3 91.4 0
106.9 8.6 0
106.9 13.2 0
106.9 17.8 0
106.9 22.4 0
106.9 27 0
106.9 31.6 0
106.9 36.2 0
106.9 77.6 0
106.9 82.2 0
106.9 86.8 0
106.9 91.4 0
111.5 8.6 0
111.5 13.2 0
111.5 17.8 0
111.5 22.4 0
111.5 27 0
111.5 31.6 0
111.5 36.2 0
111.5 77.6 0
111.5 82.2 0
111.5 86.8 0
111.5 91.4 0
116.1 8.6 0
116.1 13.2 0
116.1 17.8 0
116.1 22.4 0
116.1 27 0
116.1 31.6 0
116.1 36.2 0
111.5 40.8 0
116.1 40.8 0
111.5 73 0
116.1 73 0
116.1 77.6 0
116.1 82.2 0
116.1 86.8 0
116.1 91.4 0
120.7 8.6 0
120.7 13.2 0
120.7 17.8 0
120.7 22.4 0
120.7 27 0
120.7 31.6 0
120.7 36.2 0
120.7 40.8 0
120.7 73 0
120.7 77.6 0
120.7 82.2 0
120.7 86.8 0
120.7 91.4 0
125.3 8.6 0
125.3 13.2 0
125.3 17.8 0
125.3 22.4 0
125.3 27 0
125.3 31.6 0
125.3 36.2 0
125.3 40.8 0
120.7 45.4 0
125.3 45.4 0
120.7 50 0
125.3 50 0
120.7 63.8 0
120.7 68.4 0
125.3 63.8 0
125.3 68.4 0
125.3 73 0
125.3 77.6 0
125.3 82.2 0
125.3 86.8 0
125.3 91.4 0
129.9 8.6 0
129.9 13.2 0
129.9 17.8 0
129.9 22.4 0
129.9 27 0
129.9 31.6 0
129.9 36.2 0
129.9 40.8 0
129.9 45.4 0
129.9 50 0
125.3 54.6 0
129.9 54.6 0
125.3 59.2 0
129.9 59.2 0
129.9 63.8 0
129.9 68.4 0
129.9 73 0
129.9 77.6 0
129.9 82.2 0
129.9 86.8 0
129.9 91.4 0
134.5 8.6 0
134.5 13.2 0
134.5 17.8 0
134.5 22.4 0
134.5 27 0
134.5 31.6 0
134.5 36.2 0
134.5 40.8 0
134.5 45.4 0
134.5 50 0
134.5 54.6 0
134.5 59.2 0
134.5 63.8 0
134.5 68.4 0
134.5 73 0
134.5 77.6 0
134.5 82.2 0
134.5 86.8 0
134.5 91.4 0
139.1 8.6 0
139.1 13.2 0
139.1 17.8 0
139.1 22.4 0
139.1 27 0
139.1 31.6 0
139.1 36.2 0
139.1 40.8 0
139.1 45.4 0
139.1 50 0
139.1 54.6 0
139.1 59.2 0
139.1 63.8 0
139.1 68.4 0
139.1 73 0
139.1 77.6 0
139.1 82.2 0
139.1 86.8 0
139.1 91.4 0
143.7 8.6 0
143.7 13.2 0
143.7 17.8 0
143.7 22.4 0
143.7 27 0
143.7 31.6 0
143.7 36.2 0
143.7 40.8 0
143.7 45.4 0
143.7 50 0
143.7 54.6 0
143.7 59.2 0
143.7 63.8 0
143.7 68.4 0
143.7 73 0
143.7 77.6 0
143.7 82.2 0
143.7 86.8 0
143.7 91.4 0
148.3 8.6 0
148.3 13.2 0
148.3 17.8 0
148.3 22.4 0
148.3 27 0
148.3 31.6 0
148.3 36.2 0
148.3 40.8 0
148.3 45.4 0
148.3 50 0
148.3 54.6 0
148.3 59.2 0
148.3 63.8 0
148.3 68.4 0
148.3 73 0
148.3 77.6 0
148.3 82.2 0
148.3 86.8 0
148.3 91.4 0
152.9 8.6 0
152.9 13.2 0
152.9 17.8 0
152.9 22.4 0
152.9 27 0
152.9 31.6 0
152.9 36.2 0
152.9 40.8 0
152.9 45.4 0
152.9 50 0
152.9 54.6 0
152.9 59.2 0
152.9 63.8 0
152.9 68.4 0
152.9 73 0
152.9 77.6 0
152.9 82.2 0
152.9 86.8 0
152.9 91.4 0
157.5 8.6 0
157.5 13.2 0
157.5 17.8 0
157.5 22.4 0
157.5 27 0
157.5 31.6 0
157.5 36.2 0
157.5 40.8 0
157.5 45.4 0
157.5 50 0
157.5 54.6 0
157.5 59.2 0
157.5 63.8 0
157.5 68.4 0
157.5 77.6 0
157.5 82.2 0
157.5 86.8 0
157.5 91.4 0
162.1 8.6 0
162.1 13.2 0
162.1 17.8 0
162.1 22.4 0
162.1 27 0
162.1 31.6 0
162.1 36.2 0
162.1 40.8 0
162.1 45.4 0
162.1 50 0
162.1 54.6 0
162.1 59.2 0
162.1 63.8 0
162.1 82.2 0
162.1 86.8 0
162.1 91.4 0
166.7 8.6 0
166.7 13.2 0
166.7 17.8 0
166.7 22.4 0
166.7 27 0
166.7 31.6 0
166.7 36.2 0
166.7 40.8 0
166.7 45.4 0
166.7 50 0
166.7 54.6 0
166.7 59.2 0
166.7 63.8 0
166.7 82.2 0
166.7 86.8 0
166.7 91.4 0
171.3 8.6 0
171.3 13.2 0
171.3 17.8 0
171.3 22.4 0
171.3 27 0
171.3 31.6 0
171.3 36.2 0
171.3 40.8 0
171.3 45.4 0
171.3 50 0
171.3 54.6 0
171.3 59.2 0
171.3 63.8 0
166.7 77.6 0
171.3 77.6 0
171.3 82.2 0
171.3 86.8 0
171.3 91.4 0
175.9 8.6 0
175.9 13.2 0
175.9 17.8 0
175.9 22.4 0
175.9 27 0
175.9 31.6 0
175.9 36.2 0
175.9 40.8 0
175.9 45.4 0
175.9 50 0
175.9 54.6 0
175.9 59.2 0
175.9 63.8 0
171.3 68.4 0
175.9 68.4 0
171.3 73 0
175.9 73 0
175.9 77.6 0
175.9 82.2 0
175.9 86.8 0
175.9 91.4 0
180.5 8.6 0
180.5 13.2 0
180.5 17.8 0
180.5 22.4 0
180.5 27 0
180.5 31.6 0
180.5 36.2 0
180.5 40.8 0
180.5 45.4 0
180.5 50 0
180.5 54.6 0
180.5 59.2 0
180.5 63.8 0
180.5 68.4 0
180.5 73 0
180.5 77.6 0
180.5 82.2 0
180.5 86.8 0
180.5 91.4 0
185.1 8.6 0
185.1 13.2 0
185.1 17.8 0
185.1 22.4 0
185.1 31.6 0
185.1 36.2 0
185.1 40.8 0
185.1 45.4 0
185.1 50 0
185.1 54.6 0
185.1 59.2 0
185.1 63.8 0
185.1 68.4 0
185.1 73 0
185.1 77.6 0
185.1 82.2 0
185.1 86.8 0
185.1 91.4 0
189.7 8.6 0
189.7 13.2 0
189.7 17.8 0
189.7 22.4 0
189.7 31.6 0
189.7 36.2 0
189.7 40.8 0
189.7 45.4 0
189.7 50 0
189.7 54.6 0
189.7 59.2 0
189.7 63.8 0
189.7 68.4 0
189.7 73 0
189.7 77.6 0
189.7 82.2 0
189.7 86.8 0
189.7 91.4 4
194.3 8.6 0
194.3 13.2 0
194.3 17.8 0
194.3 22.4 0
189.7 27 0
194.3 27 0
194.3 31.6 0
194.3 36.2 0
194.3 40.8 0
194.3 45.4 0
194.3 50 0
194.3 54.6 0
194.3 59.2 0
194.3 63.8 0
194.3 68.4 0
194.3 73 0
194.3 77.6 4
194.3 82.2 4
194.3 86.8 4
194.3 91.4 4
0 100 0
0 95.4545 0
0 90.9091 0
0 86.3636 0
0 81.8182 0
0 77.2727 0
0 72.7273 0
0 68.1818 0
0 63.6364 0
0 59.0909 0
0 54.5455 0
0 50 0
0 45.4545 0
0 40.9091 0
0 36.3636 0
0 31.8182 0
0 27.2727 0
0 22.7273 0
0 18.1818 0
0 13.6364 0
0 9.09091 0
0 4.54545 0
0 0 0
200 100 4
195.349 100 4
190.698 100 4
186.047 100 4
181.395 100 4
176.744 100 0
172.093 100 0
167.442 100 0
162.791 100 0
158.14 100 0
153.488 100 0
148.837 100 0
144.186 100 0
139.535 100 0
134.884 100 0
130.233 100 0
125.581 100 0
120.93 100 0
116.279 100 0
111.628 100 0
106.977 100 0
102.326 100 0
97.6744 100 0
93.0233 100 0
88.3721 100 0
83.7209 100 0
79.0698 100 0
74.4186 100 0
69.7674 100 0
65.1163 100 0
60.4651 100 0
55.814 100 0
51.1628 100 0
46.5116 100 0
41.8605 100 0
37.2093 100 0
32.5581 100 0
27.907 100 0
23.2558 100 0
18.6047 100 0
13.9535 100 0
9.30233 100 0
4.65116 100 0
200 0 4
200 4.54545 4
200 9.09091 4
200 13.6364 4
200 18.1818 4
200 22.7273 4
200 27.2727 4
200 31.8182 4
200 36.3636 4
200 40.9091 4
200 45.4545 4
200 50 4
200 54.5455 4
200 59.0909 4
200 63.6364 4
200 68.1818 4
200 72.7273 4
200 77.2727 4
200 81.8182 4
200 86.3636 4
200 90.9091 4
200 95.4545 4
4.65116 0 0
9.30233 0 0
13.9535 0 0
18.6047 0 0
23.2558 0 0
27.907 0 4
32.5581 0 4
37.2093 0 4
41.8605 0 4
46.5116 0 4
51.1628 0 4
55.814 0 4
60.4651 0 4
65.1163 0 4
69.7674 0 4
74.4186 0 4
79.0698 0 4
83.7209 0 4
88.3721 0 4
93.0233 0 4
97.6744 0 4
102.326 0 0
106.977 0 0
111.628 0 0
116.279 0 0
120.93 0 0
125.581 0 0
130.233 0 0
134.884 0 0
139.535 0 0
144.186 0 0
148.837 0 0
153.488 0 0
158.14 0 0
162.791 0 0
167.442 0 0
172.093 0 0
176.744 0 0
181.395 0 0
186.047 0 0
190.698 0 0
195.349 0 4
101.633 69.156 0
105.571 57.0762 0
103.278 43.9288 0
96.4675 68.899 0
111.942 47.683 0
96.1359 64.0232 0
96.0644 56.8775 0
91.9748 59.1338 0
109.175 56.6799 0
21.9398 57.8377 0
160.425 70.8506 0
164.025 75.1989 0
156.416 74.4796 0
183.243 25.374 0
24.8942 52.0103 0
22.584 49.0074 0
107.279 42.5564 0
117.623 69.8611 0
168.061 67.0668 0
103.522 64.0769 0
100.898 48.0206 0
160.022 75.8246 0
121.921 60.4795 0
102 57 0
