32.4871 38.6989 1
174.069 95.698 0
57.825 37.9354 0
2.97226 3.0862 0
129.024 44.3885 0
72.1515 40.1387 0
192.335 95.3876 0
60.6528 40.6116 0
47.0765 36.2224 1
142.048 53.1833 1
164.145 38.3703 0
132.469 95.6993 0
157.704 49.6613 0
85.4366 52.0677 4
36.7062 26.03 1
62.8626 95.6993 0
127.846 60.565 0
155.634 95.6991 0
122.467 70.1066 0
36.3124 47.2727 1
75.9496 44.4656 0
62.6978 54.1007 0
113.79 95.6993 0
157.3 44.1473 0
115.162 49.9808 0
123.204 4.30062 0
53.7112 95.6993 0
44.3338 25.1566 1
159.992 34.6583 0
145.943 95.699 0
162.719 46.611 0
40.4976 46.5112 1
167.673 42.6254 0
113.423 61.9793 0
144.886 56.3825 1
3.51791 94.0991 0
85.1122 32.7958 0
49.5831 4.3009 0
155.518 29.5164 0
31.9443 29.7211 1
164.393 4.30085 0
69.7021 61.3769 0
91.9231 61.2147 4
109.472 51.943 0
40.4121 30.258 1
12.3338 4.32995 0
124.429 45.8918 0
113.989 69.3576 0
100.19 70.3234 4
109.338 37.5714 0
131.906 48.4314 0
44.4712 46.9236 1
196.467 5.90122 4
127.497 65.5845 0
82.1188 4.30101 0
31.1285 95.699 0
118.254 39.9333 0
122.805 40.9097 0
63.3474 4.30109 4
100.514 29.9383 0
39.6261 95.699 0
159.673 60.9743 0
100.246 95.6995 0
31.6252 42.9201 1
85.916 95.6988 4
113.258 30.3665 0
91.2121 4.30079 0
122.711 35.1232 0
164.129 34.2542 0
109.601 4.30072 0
148.694 46.2587 1
132.674 4.30076 0
164.093 56.4522 0
168.534 52.0467 0
159.34 30.0508 0
32.7473 33.3895 1
168.513 38.6573 0
141.579 56.6468 1
187.546 4.35 4
60.3457 60.598 0
85.6581 70.0081 4
162.644 41.7561 0
40.7111 25.5237 1
77.3725 26.4271 0
153.208 46.0428 0
96.9021 37.9296 0
81.4829 73.1046 4
44.6497 42.1147 1
7.60093 95.4527 0
163.859 51.6445 0
146.884 4.30112 0
127.76 95.6994 0
131.853 61.215 0
45.1411 4.30062 0
178.521 95.6978 0
82.0278 61.5898 4
169.399 4.30089 0
42.3848 35.6771 1
182.612 4.30688 4
174.611 4.30092 0
137.063 4.30058 0
178.633 4.30278 0
150.361 61.6925 0
67.5303 95.699 4
31.2425 4.30101 0
165.498 95.6986 0
90.5624 30.6627 0
90.8219 95.6987 4
17.3556 4.30358 0
72.1965 95.6994 4
118.702 69.8092 0
12.1345 95.6579 0
68.289 4.30069 4
141.591 95.6994 0
197.09 88.8619 0
2.87345 11.1778 0
136.101 47.814 0
197.144 84.295 0
2.85252 15.709 0
2.85023 20.2777 0
2.85 24.85 0
2.84997 29.4227 1
2.84997 33.9955 1
2.84997 38.5682 1
2.84997 43.1409 1
2.84997 47.7136 1
2.84997 52.2864 1
2.84997 56.8591 1
2.84997 61.4318 1
2.84997 66.0045 1
2.84997 70.5773 1
197.15 29.4227 4
197.15 33.9955 4
197.15 38.5682 4
197.15 43.1409 4
197.15 47.7136 4
197.15 52.2864 4
197.15 56.8591 0
197.15 61.4318 0
197.15 66.0045 0
197.15 70.5773 0
197.15 75.15 0
197.149 79.7227 0
2.85003 75.15 1
197.15 24.85 4
2.85054 79.7225 1
197.149 20.2774 4
104.184 70.2535 0
197.144 15.7062 4
2.85565 84.293 1
21.5338 4.30156 0
141.669 4.30088 0
26.7757 95.6988 0
77.7054 4.30082 4
137.009 29.6347 1
26.1072 4.30092 0
54.5682 56.1872 1
53.8554 4.30063 0
55.3499 41.5686 1
197.092 11.1499 4
40.4606 4.30084 0
16.7673 95.6923 0
2.9061 88.8425 0
114.544 4.30083 0
114.864 56.4435 0
108.606 69.8319 0
73.0127 4.30071 4
76.7856 95.6996 4
160.123 4.30066 0
73.4931 69.6652 4
68.5669 69.1591 0
151.593 4.30092 0
157.881 38.9234 0
89.9953 35.3022 0
35.846 4.30084 0
95.293 29.888 0
68.7245 30.338 0
44.4997 95.6993 0
82.9112 66.1911 4
65.5616 64.2007 0
100.699 4.30095 0
94.0254 33.8417 0
95.2411 70.0926 4
55.2681 47.1229 1
151.468 30.1029 0
64.1166 69.6235 0
150.663 95.6991 0
108.502 30.1489 0
104.569 29.5382 0
85.7928 74.6405 4
99.5192 33.8127 0
196.464 94.1067 0
52.6874 33.9905 1
86.5615 4.30077 0
53.9757 29.9915 0
72.892 25.2817 0
90.4228 69.3614 4
35.0219 95.6988 0
95.7647 4.3007 0
105.153 33.8061 0
169.944 95.6989 0
160.505 95.6986 0
187.567 95.6468 0
73.4742 29.8419 0
21.7238 95.6981 0
108.952 95.6993 0
95.6765 95.6985 4
118.799 30.706 0
137.394 39.6073 0
104.227 65.4003 0
7.10306 4.46568 0
131.465 57.1341 0
130.987 52.337 0
155.698 54.9625 0
63.2516 30.5689 0
104.285 95.6992 0
122.819 95.6992 0
81.2008 95.6992 4
118.98 4.3007 0
137.268 33.8007 1
105.072 4.30078 0
182.862 95.6927 0
118.021 95.6992 0
155.934 4.30073 0
141.348 25.0635 0
49.1809 30.6715 1
98.9002 66.0686 4
118.422 25.1186 0
59.8093 65.3801 0
144.793 43.7965 0
58.2953 95.6994 0
98.6117 42.6392 4
78.0983 62.1272 4
49.6181 41.9281 1
80.8391 29.8661 4
146.51 30.9783 0
93.8349 65.7812 4
122.938 50.5745 0
122.786 30.0787 0
57.6931 54.9929 0
127.754 4.3007 0
87.5477 64.872 4
118.206 65.0884 0
97.1116 49.0302 4
84.7447 61.9642 4
3.11839 6.3933 0
58.0331 29.7083 0
85.9015 24.9939 4
136.985 95.6993 0
147.467 38.9758 0
72.8151 74.3376 4
78.5334 67.6354 4
58.4428 4.30095 4
192.312 4.60097 4
68.3972 48.0231 0
126.97 34.6723 0
49.1594 95.6992 0
93.8492 42.8765 4
40.3849 41.1467 1
104.19 59.4428 4
140.512 30.1118 0
36.0805 30.2566 1
81.6806 25.6899 4
90.1885 48.773 4
76.8033 73.3921 4
59.5094 50.4529 0
79 50 4
109.789 42.5241 0
132.344 40.1733 0
73.3288 59.2147 4
96.225 55.9241 4
57.676 34.077 0
68.7239 54.8423 0
142.074 34.9525 0
150.672 42.8622 0
115.663 35.5713 0
84.0057 56.5604 4
81.4367 41.4706 4
90.7061 55.8199 4
87.7326 42.621 4
55.4041 37.8771 0
0 100 0
0 95.4545 0
0 90.9091 0
0 86.3636 0
0 81.8182 1
0 77.2727 1
0 72.7273 1
0 68.1818 1
0 63.6364 1
0 59.0909 1
0 54.5455 1
0 50 1
0 45.4545 1
0 40.9091 1
0 36.3636 1
0 31.8182 1
0 27.2727 1
0 22.7273 0
0 18.1818 0
0 13.6364 0
0 9.09091 0
0 4.54545 0
0 0 4
200 100 0
195.349 100 0
190.698 100 0
186.047 100 0
181.395 100 0
176.744 100 0
172.093 100 0
167.442 100 0
162.791 100 0
158.14 100 0
153.488 100 0
148.837 100 0
144.186 100 0
139.535 100 0
134.884 100 0
130.233 100 0
125.581 100 0
120.93 100 0
116.279 100 0
111.628 100 0
106.977 100 0
102.326 100 4
97.6744 100 4
93.0233 100 4
88.3721 100 4
83.7209 100 4
79.0698 100 4
74.4186 100 4
69.7674 100 4
65.1163 100 4
60.4651 100 4
55.814 100 0
51.1628 100 0
46.5116 100 0
41.8605 100 0
37.2093 100 0
32.5581 100 0
27.907 100 0
23.2558 100 0
18.6047 100 0
13.9535 100 0
9.30233 100 0
4.65116 100 0
200 0 4
200 4.54545 4
200 9.09091 4
200 13.6364 4
200 18.1818 4
200 22.7273 4
200 27.2727 4
200 31.8182 4
200 36.3636 4
200 40.9091 4
200 45.4545 4
200 50 4
200 54.5455 4
200 59.0909 4
200 63.6364 0
200 68.1818 0
200 72.7273 0
200 77.2727 0
200 81.8182 0
200 86.3636 0
200 90.9091 0
200 95.4545 0
4.65116 0 4
9.30233 0 4
13.9535 0 4
18.6047 0 0
23.2558 0 0
27.907 0 4
32.5581 0 0
37.2093 0 4
41.8605 0 4
46.5116 0 4
51.1628 0 4
55.814 0 4
60.4651 0 4
65.1163 0 4
69.7674 0 4
74.4186 0 4
79.0698 0 4
83.7209 0 4
88.3721 0 0
93.0233 0 0
97.6744 0 0
102.326 0 0
106.977 0 0
111.628 0 0
116.279 0 0
120.93 0 0
125.581 0 0
130.233 0 0
134.884 0 0
139.535 0 0
144.186 0 0
148.837 0 0
153.488 0 0
158.14 0 0
162.791 0 0
167.442 0 0
172.093 0 0
176.744 0 0
181.395 0 4
186.047 0 4
190.698 0 4
195.349 0 4
66.9737 33.9762 0
58.7614 44.7187 0
86.2546 37.7258 4
59.0543 39.2793 0
5.7 8.6 0
5.7 13.2 0
10.3 8.6 0
10.3 13.2 0
5.7 17.8 0
10.3 17.8 0
5.7 22.4 0
10.3 22.4 0
5.7 27 1
10.3 27 1
5.7 31.6 1
10.3 31.6 1
5.7 36.2 1
10.3 36.2 1
5.7 40.8 1
10.3 40.8 1
5.7 45.4 1
10.3 45.4 1
5.7 50 1
10.3 50 1
5.7 54.6 1
10.3 54.6 1
5.7 59.2 1
10.3 59.2 1
5.7 63.8 1
10.3 63.8 1
5.7 68.4 1
10.3 68.4 1
5.7 73 1
10.3 73 1
5.7 77.6 1
10.3 77.6 1
5.7 82.2 1
10.3 82.2 1
5.7 86.8 1
10.3 86.8 1
5.7 91.4 0
10.3 91.4 0
14.9 8.6 0
14.9 13.2 0
14.9 17.8 0
14.9 22.4 1
14.9 27 1
14.9 31.6 1
14.9 36.2 1
14.9 40.8 1
14.9 45.4 1
14.9 50 1
14.9 54.6 1
14.9 59.2 1
14.9 63.8 1
14.9 68.4 1
14.9 73 1
14.9 77.6 1
14.9 82.2 1
14.9 86.8 1
14.9 91.4 0
19.5 8.6 0
19.5 13.2 0
19.5 17.8 0
19.5 22.4 1
19.5 27 1
19.5 31.6 1
19.5 36.2 1
19.5 40.8 1
19.5 45.4 1
19.5 50 1
19.5 54.6 1
19.5 59.2 1
19.5 63.8 1
19.5 68.4 1
19.5 73 1
19.5 77.6 1
19.5 82.2 1
19.5 86.8 1
19.5 91.4 0
24.1 8.6 0
24.1 13.2 0
24.1 17.8 0
24.1 22.4 1
24.1 27 1
24.1 31.6 1
24.1 36.2 1
24.1 40.8 1
24.1 45.4 1
24.1 50 1
24.1 54.6 1
24.1 59.2 1
24.1 63.8 1
24.1 68.4 1
24.1 73 1
24.1 77.6 1
24.1 82.2 1
24.1 86.8 1
24.1 91.4 0
28.7 8.6 0
28.7 13.2 0
28.7 17.8 0
28.7 22.4 1
28.7 27 1
28.7 31.6 1
28.7 36.2 1
28.7 40.8 1
28.7 45.4 1
28.7 50 1
28.7 54.6 1
28.7 59.2 1
28.7 63.8 1
28.7 68.4 1
28.7 73 1
28.7 77.6 1
28.7 82.2 1
28.7 86.8 1
28.7 91.4 0
33.3 8.6 0
33.3 13.2 0
33.3 17.8 0
33.3 22.4 1
33.3 27 1
33.3 31.6 1
33.3 40.8 1
33.3 45.4 1
33.3 50 1
33.3 54.6 1
33.3 59.2 1
33.3 63.8 1
33.3 68.4 1
33.3 73 1
33.3 77.6 1
33.3 82.2 1
33.3 86.8 0
33.3 91.4 0
37.9 8.6 0
37.9 13.2 0
37.9 17.8 0
37.9 22.4 0
37.9 27 1
37.9 45.4 1
37.9 50 1
37.9 54.6 1
37.9 59.2 1
37.9 63.8 1
37.9 68.4 1
37.9 73 1
37.9 77.6 1
37.9 82.2 0
37.9 86.8 0
37.9 91.4 0
42.5 8.6 0
42.5 13.2 0
42.5 17.8 0
42.5 22.4 0
42.5 27 1
42.5 45.4 1
42.5 50 1
42.5 54.6 1
42.5 59.2 1
42.5 63.8 1
42.5 68.4 1
42.5 73 1
42.5 77.6 1
42.5 82.2 0
42.5 86.8 0
42.5 91.4 0
47.1 8.6 0
47.1 13.2 0
47.1 17.8 0
47.1 22.4 0
47.1 27 0
47.1 45.4 1
47.1 50 1
47.1 54.6 1
47.1 59.2 1
47.1 63.8 1
47.1 68.4 1
47.1 73 0
47.1 77.6 0
47.1 82.2 0
47.1 86.8 0
47.1 91.4 0
51.7 8.6 0
51.7 13.2 0
51.7 17.8 0
51.7 22.4 0
51.7 27 0
51.7 45.4 1
51.7 50 1
51.7 54.6 1
51.7 59.2 0
51.7 63.8 0
51.7 68.4 0
51.7 73 0
51.7 77.6 0
51.7 82.2 0
51.7 86.8 0
51.7 91.4 0
56.3 8.6 0
56.3 13.2 0
56.3 17.8 0
56.3 22.4 0
56.3 27 0
56.3 59.2 0
56.3 63.8 0
56.3 68.4 0
56.3 73 0
56.3 77.6 0
56.3 82.2 0
56.3 86.8 0
56.3 91.4 0
60.9 8.6 0
60.9 13.2 0
60.9 17.8 0
60.9 22.4 0
60.9 27 0
60.9 68.4 0
60.9 73 0
60.9 77.6 0
60.9 82.2 0
60.9 86.8 0
60.9 91.4 4
65.5 8.6 4
65.5 13.2 0
65.5 17.8 0
65.5 22.4 0
65.5 27 0
65.5 73 0
65.5 77.6 0
65.5 82.2 0
65.5 86.8 4
65.5 91.4 4
70.1 8.6 4
70.1 13.2 4
70.1 17.8 0
70.1 22.4 0
70.1 27 0
70.1 73 4
70.1 77.6 4
70.1 82.2 4
70.1 86.8 4
70.1 91.4 4
74.7 8.6 4
74.7 13.2 4
74.7 17.8 4
74.7 22.4 0
74.7 77.6 4
74.7 82.2 4
74.7 86.8 4
74.7 91.4 4
79.3 8.6 4
79.3 13.2 4
79.3 17.8 4
79.3 22.4 4
79.3 77.6 4
79.3 82.2 4
79.3 86.8 4
79.3 91.4 4
83.9 8.6 4
83.9 13.2 4
83.9 17.8 4
83.9 22.4 4
83.9 77.6 4
83.9 82.2 4
83.9 86.8 4
83.9 91.4 4
88.5 8.6 0
88.5 13.2 4
88.5 17.8 4
88.5 22.4 4
88.5 77.6 4
88.5 82.2 4
88.5 86.8 4
88.5 91.4 4
93.1 8.6 0
93.1 13.2 0
93.1 17.8 4
93.1 22.4 4
88.5 27 4
93.1 27 4
88.5 73 4
93.1 73 4
93.1 77.6 4
93.1 82.2 4
93.1 86.8 4
93.1 91.4 4
97.7 8.6 0
97.7 13.2 0
97.7 17.8 0
97.7 22.4 0
97.7 27 0
93.1 31.6 4
97.7 31.6 4
93.1 68.4 4
97.7 68.4 4
97.7 73 4
97.7 77.6 4
97.7 82.2 4
97.7 86.8 4
97.7 91.4 4
102.3 8.6 0
102.3 13.2 0
102.3 17.8 0
102.3 22.4 0
102.3 27 0
102.3 31.6 0
102.3 68.4 4
102.3 73 4
102.3 77.6 4
102.3 82.2 4
102.3 86.8 4
102.3 91.4 4
106.9 8.6 0
106.9 13.2 0
106.9 17.8 0
106.9 22.4 0
106.9 27 0
106.9 31.6 0
106.9 68.4 4
106.9 73 4
106.9 77.6 4
106.9 82.2 4
106.9 86.8 4
106.9 91.4 4
111.5 8.6 0
111.5 13.2 0
111.5 17.8 0
111.5 22.4 0
111.5 27 0
111.5 73 0
111.5 77.6 0
111.5 82.2 0
111.5 86.8 0
111.5 91.4 0
116.1 8.6 0
116.1 13.2 0
116.1 17.8 0
116.1 22.4 0
116.1 27 0
116.1 73 0
116.1 77.6 0
116.1 82.2 0
116.1 86.8 0
116.1 91.4 0
120.7 8.6 0
120.7 13.2 0
120.7 17.8 0
120.7 22.4 0
116.1 68.4 0
120.7 68.4 0
120.7 73 0
120.7 77.6 0
120.7 82.2 0
120.7 86.8 0
120.7 91.4 0
125.3 8.6 0
125.3 13.2 0
125.3 17.8 0
125.3 22.4 0
120.7 27 0
125.3 27 0
125.3 68.4 0
125.3 73 0
125.3 77.6 0
125.3 82.2 0
125.3 86.8 0
125.3 91.4 0
129.9 8.6 0
129.9 13.2 0
129.9 17.8 0
129.9 22.4 0
129.9 27 0
125.3 31.6 0
129.9 31.6 0
125.3 63.8 0
129.9 63.8 0
129.9 68.4 0
129.9 73 0
129.9 77.6 0
129.9 82.2 0
129.9 86.8 0
129.9 91.4 0
134.5 8.6 0
134.5 13.2 0
134.5 17.8 0
134.5 22.4 0
134.5 27 0
134.5 31.6 0
129.9 36.2 0
134.5 36.2 0
129.9 59.2 0
134.5 59.2 0
134.5 63.8 0
134.5 68.4 0
134.5 73 0
134.5 77.6 0
134.5 82.2 0
134.5 86.8 0
134.5 91.4 0
139.1 8.6 0
139.1 13.2 0
139.1 17.8 0
139.1 22.4 0
139.1 27 0
134.5 45.4 0
134.5 50 0
139.1 45.4 0
139.1 50 0
134.5 54.6 0
139.1 54.6 0
139.1 59.2 0
139.1 63.8 0
139.1 68.4 0
139.1 73 0
139.1 77.6 0
139.1 82.2 0
139.1 86.8 0
139.1 91.4 0
143.7 8.6 0
143.7 13.2 0
143.7 17.8 0
143.7 22.4 0
143.7 50 0
143.7 54.6 0
143.7 59.2 0
143.7 63.8 0
143.7 68.4 0
143.7 73 0
143.7 77.6 0
143.7 82.2 0
143.7 86.8 0
143.7 91.4 0
148.3 8.6 0
148.3 13.2 0
148.3 17.8 0
148.3 22.4 0
143.7 27 0
148.3 27 0
148.3 54.6 0
148.3 59.2 0
148.3 63.8 0
148.3 68.4 0
148.3 73 0
148.3 77.6 0
148.3 82.2 0
148.3 86.8 0
148.3 91.4 0
152.9 8.6 0
152.9 13.2 0
152.9 17.8 0
152.9 22.4 0
152.9 27 0
152.9 59.2 0
152.9 63.8 0
152.9 68.4 0
152.9 73 0
152.9 77.6 0
152.9 82.2 0
152.9 86.8 0
152.9 91.4 0
157.5 8.6 0
157.5 13.2 0
157.5 17.8 0
157.5 22.4 0
157.5 27 0
152.9 31.6 0
157.5 31.6 0
157.5 59.2 0
157.5 63.8 0
157.5 68.4 0
157.5 73 0
157.5 77.6 0
157.5 82.2 0
157.5 86.8 0
157.5 91.4 0
162.1 8.6 0
162.1 13.2 0
162.1 17.8 0
162.1 22.4 0
162.1 27 0
162.1 31.6 0
162.1 59.2 0
162.1 63.8 0
162.1 68.4 0
162.1 73 0
162.1 77.6 0
162.1 82.2 0
162.1 86.8 0
162.1 91.4 0
166.7 8.6 0
166.7 13.2 0
166.7 17.8 0
166.7 22.4 0
166.7 27 0
166.7 31.6 0
162.1 36.2 0
166.7 36.2 0
162.1 54.6 0
166.7 54.6 0
166.7 59.2 0
166.7 63.8 0
166.7 68.4 0
166.7 73 0
166.7 77.6 0
166.7 82.2 0
166.7 86.8 0
166.7 91.4 0
171.3 8.6 0
171.3 13.2 0
171.3 17.8 0
171.3 22.4 0
171.3 27 0
171.3 31.6 0
171.3 36.2 0
166.7 40.8 0
171.3 40.8 0
166.7 45.4 0
171.3 45.4 0
166.7 50 0
171.3 50 0
171.3 54.6 0
171.3 59.2 0
171.3 63.8 0
171.3 68.4 0
171.3 73 0
171.3 77.6 0
171.3 82.2 0
171.3 86.8 0
171.3 91.4 0
175.9 8.6 0
175.9 13.2 0
175.9 17.8 0
175.9 22.4 0
175.9 27 0
175.9 31.6 0
175.9 36.2 0
175.9 40.8 0
175.9 45.4 0
175.9 50 0
175.9 54.6 0
175.9 59.2 0
175.9 63.8 0
175.9 68.4 0
175.9 73 0
175.9 77.6 0
175.9 82.2 0
175.9 86.8 0
175.9 91.4 0
180.5 8.6 4
180.5 13.2 4
180.5 17.8 4
180.5 22.4 4
180.5 27 0
180.5 31.6 0
180.5 36.2 0
180.5 40.8 0
180.5 45.4 0
180.5 50 0
180.5 54.6 0
180.5 59.2 0
180.5 63.8 0
180.5 68.4 0
180.5 73 0
180.5 77.6 0
180.5 82.2 0
180.5 86.8 0
180.5 91.4 0
185.1 8.6 4
185.1 13.2 4
185.1 17.8 4
185.1 22.4 4
185.1 27 4
185.1 31.6 4
185.1 36.2 4
185.1 40.8 4
185.1 45.4 0
185.1 50 0
185.1 54.6 0
185.1 59.2 0
185.1 63.8 0
185.1 68.4 0
185.1 73 0
185.1 77.6 0
185.1 82.2 0
185.1 86.8 0
185.1 91.4 0
189.7 8.6 4
189.7 13.2 4
189.7 17.8 4
189.7 22.4 4
189.7 27 4
189.7 31.6 4
189.7 36.2 4
189.7 40.8 4
189.7 45.4 4
189.7 50 0
189.7 54.6 0
189.7 59.2 0
189.7 63.8 0
189.7 68.4 0
189.7 73 0
189.7 77.6 0
189.7 82.2 0
189.7 86.8 0
189.7 91.4 0
194.3 8.6 4
194.3 13.2 4
194.3 17.8 4
194.3 22.4 4
194.3 27 4
194.3 31.6 4
194.3 36.2 4
194.3 40.8 4
194.3 45.4 4
194.3 50 4
194.3 54.6 4
194.3 59.2 0
194.3 63.8 0
194.3 68.4 0
194.3 73 0
194.3 77.6 0
194.3 82.2 0
194.3 86.8 0
194.3 91.4 0
70.1092 65.8841 4
110.816 68.068 4
64.3556 59.3738 0
108.906 64.2352 4
78.6741 57.0125 4
114.882 41.0289 0
64.0942 38.3133 0
83.6596 46.7362 4
74.4218 64.77 4
80.511 35.2805 4
75.4169 33.8225 4
35.7825 38.4598 1
150.724 52.373 0
83.3792 64.8272 4
92.3248 38.3819 4
126.552 52.4438 0
86.0816 28.5987 4
50.7678 38.3928 1
103.101 49.8202 4
155.981 34.9477 0
74.4674 52.1179 4
44.874 33.5253 1
120.501 55.0229 0
45.2307 38.8129 1
145.7 47.5103 0
126.845 42.4973 0
160.103 38.4303 0
71.2712 33.8717 4
103.074 44.0717 4
113.515 65.3441 4
118.365 49.9983 0
111.467 38.773 0
110.475 59.6722 4
159.146 47.9354 0
159.336 43.2839 0
159.668 52.5659 0
39.9014 32.8139 1
120.234 39.9167 0
89.6836 33.6357 4
115.797 53.6416 0
150.574 34.3531 0
44.2705 29.7637 1
82.8076 50.3786 4
108.69 47.7995 4
85.1567 73.9278 4
35.8115 33.8051 1
93.4135 60.4279 4
114.829 45.8257 0
87.6462 60.644 4
2.93529 3.10351 4
111.472 55.1411 4
155.204 51.2699 0
146.232 95.6992 0
163.964 38.9814 0
40.2812 37.4163 1
113.078 70.2002 4
109.666 34.1948 0
73.5615 25.9212 4
174.065 95.6988 0
192.349 95.3973 0
154.059 42.8057 0
31.952 34.7954 1
69.0857 39.6822 0
159.197 56.3831 0
36.3397 42.6586 1
122.398 61.0777 0
81.9668 29.7496 4
132.373 95.6994 0
44.9101 42.7221 1
53.6078 95.6992 0
163.585 43.0032 0
113.875 95.6995 4
77.6023 29.2216 4
122.286 65.5555 0
131.8 47.9498 0
163.395 47.9011 0
54.7417 56.3134 0
3.51847 94.099 0
85.5423 25.0415 4
127.222 47.6457 0
146.273 52.0522 0
141.471 41.161 0
145.812 4.30073 0
81.4422 70.0737 4
30.1445 4.30087 0
39.9196 29.4258 1
150.991 46.9322 0
11.4884 4.33754 0
