6.38 24.2 0
31.2 5.43 0
21.8 34.4 1
7 26.5 0
5.13 15.6 0
45.2 17.7 1
42.6 23.3 1
20.2 37.3 1
49.4 27.5 1
22.6 12.6 0
23.8 20.2 0
32.9 39.6 1
58.7 10.1 1
31.7 8.9 1
6.2 3.6 0
44.5 19.9 1
34.4 17.3 1
9.08 26.7 0
45.1 22.5 1
7.28 18.6 0
11.9 16.2 0
15.5 10.7 0
33.3 1.53 0
1.73 23.3 0
35.9 11.5 1
6.53 28.2 0
9.4 4.73 0
33.1 34.6 1
7.5 20.5 0
52.3 34.3 1
22.6 36.5 1
53.6 42 1
39.2 8.3 1
37.6 9.35 1
57.2 36 1
37.2 1.33 0
31 43.5 1
43.3 1.8 1
13.3 21.1 0
2.93 16 0
52.1 27.6 1
46.7 8.65 1
15.3 7.13 0
11.3 9.55 0
9.08 7.33 0
58.8 21.2 1
58.8 42.9 1
20.2 23.2 0
18.4 43.6 1
22.7 22.8 0
56.1 15.1 1
1 20.8 0
18.8 21.1 0
27.9 13.3 0
4.1 43.7 1
58.6 3.5 1
29.4 36.1 1
39.1 15.7 1
58.8 18.7 1
56.1 1.33 1
43 43.5 1
8.43 43.6 1
0.85 43.8 1
58.7 11.9 1
11.9 1.38 0
11.7 43.6 1
53.6 1.33 1
21.9 17.8 0
0.875 14.4 0
44.7 36.6 1
0.275 12 0
24.6 1.93 0
22.2 6.25 0
5.65 9.58 0
17 2.45 0
35.3 4.83 0
36.8 24 1
35.5 25.7 1
53.4 24.9 1
51.7 23.1 1
50.1 15.6 1
6.38 30.3 0
36.5 15.1 1
58.7 8.48 1
57.3 7.38 1
9.95 30.4 0
8.63 31.8 0
30.1 31.3 1
39.9 25.2 1
38.1 18.1 1
25.1 26.5 1
27.1 26.7 1
22.4 41.9 1
51.3 12 1
24 30.4 1
43 85.3 1
54.7 72.9 1
36.7 49.3 1
46.6 66.1 1
49.7 59.5 1
41.2 88.9 1
40 79 1
4.45 78.5 1
51.9 74.8 1
31.5 94.8 1
39.1 67.9 1
6.75 76.5 1
34 79.1 1
7.98 56 1
56 65 1
44.9 80.4 1
15.5 54.6 1
12.7 62 1
43.2 49.9 1
10.1 57.5 1
35.9 77.9 1
17.4 80.1 1
28.1 77.8 1
51.7 94.3 1
54.8 80.9 1
39.1 71.6 1
57.8 67 1
11.4 64.4 1
11 88.3 1
56 97.2 1
6.6 98.3 1
37.1 58.6 1
4.88 90.9 1
11 76.9 1
21.3 71 1
15.6 66.8 1
46.1 88.3 1
33.4 71.8 1
40.7 58.3 1
20.6 54.5 1
12.7 84.6 1
19.3 62.9 1
4.03 46.7 1
41.4 94.9 1
10.1 92.2 1
42.8 60.2 1
18.6 51.6 1
15.3 49.1 1
3.6 84.8 1
52.9 91.1 1
16.8 90 1
49.3 53.1 1
49.8 82 1
21 58.7 1
11.5 71.2 1
14.5 95.3 1
27.2 54.1 1
14.2 92.1 1
22.5 75.3 1
17.1 87.2 1
10.1 52.5 1
44.7 52.7 1
58.8 46.9 1
31.5 52.6 1
26.1 80.3 1
50.8 86.1 1
56.9 54.6 1
20.3 92.8 1
17.2 57.6 1
53.3 46.6 1
25.2 47.5 1
23.2 46.3 1
36.7 98.6 1
58.7 88 1
17.5 98.7 1
27.3 46.2 1
12 46.2 1
0.15 71.4 1
0.8 69.3 1
17.3 74.9 1
30.4 72.5 1
0.15 46.3 1
1.7 48 1
17.7 49.2 1
28.8 68.1 1
29.7 89.7 1
26 95.3 1
37.5 65 1
22.4 96.6 1
57.1 48.5 1
7.03 46.7 1
8.53 47.9 1
35.4 63.6 1
33.3 64.7 1
33.9 95.2 0
19.7 86.5 1
58.2 61.6 1
56.8 59.9 1
69.5 24.1 1
86.4 20.7 1
71.2 31.6 1
64.4 4.83 1
71.7 25.5 1
77.7 5.23 1
71.6 16.5 1
82.4 24.9 1
80.6 37.8 1
85.2 4.65 1
70 13.1 1
79 28.6 1
64.2 42 1
86.4 7.08 1
63.7 2.7 1
86.4 18.2 1
63 19.9 1
82.7 3.3 1
87.4 29.5 1
87.4 41.4 1
61.6 17.8 1
66.7 43.4 1
88.8 42.9 1
83 36.2 1
88.8 2.18 1
64.6 29.8 1
76 43.5 1
83.6 43.5 1
88.6 37.9 1
61.4 22.1 1
88.7 27.5 1
88.7 32.9 1
61.2 33.1 1
79.4 14.5 1
79.3 11.7 1
83.1 28.4 1
61.2 36.6 1
71.8 5.48 1
69.1 21.1 1
74 35.2 1
73.9 32.6 1
61.9 7.78 1
66.2 1.35 1
66.9 3.48 1
77.9 25.9 1
64.8 27.2 1
73.5 1.55 1
69.7 51.2 1
64.7 88.1 1
67.6 87.3 1
84.9 49.6 1
63.1 57.2 1
71.7 47 1
78.1 48.6 1
69.6 73.7 1
63.3 86 1
84.4 56.8 1
61.5 65.2 1
82.4 48.4 1
73.6 56.6 1
80 85 1
74.5 48.7 1
69.4 76.6 1
76.7 53.8 1
78.4 83.1 1
78.8 58.1 1
88.1 62.5 1
87 95.4 1
88.4 75.9 1
67.8 46.8 1
72.8 83.3 1
74.3 90.9 1
61.6 76 1
74.7 85.3 1
79.1 95.2 1
82.5 65.5 1
86.7 89.9 1
74.3 97.2 1
83.2 98.2 1
61.5 62.7 1
61.6 73.5 1
69.4 96.9 1
62.6 95.5 1
88.4 73.4 1
61.2 97.2 1
61.4 93 1
68.7 55.4 1
67.6 80.3 1
80 72.6 1
79.3 75.2 1
75.2 80 1
85.4 69 1
82.9 68.6 1
85 64.5 1
88.5 84.1 1
87.5 46.3 1
86.6 58.7 1
61.2 46.9 1
148 36.2 0
109 5.63 1
190 27.7 0
192 13.1 1
140 15 1
149 34.3 0
188 39.6 0
117 18 1
121 20.2 1
117 8.45 1
167 19.7 0
112 16.4 1
120 9.93 1
199 23.2 0
106 28.7 1
118 12 1
186 41.8 0
193 3.58 1
146 26.4 0
186 26.7 0
107 32.3 1
121 32.2 0
200 11.2 1
185 8.4 1
145 16.1 1
190 42.9 0
196 27.1 0
176 18.8 0
140 3.35 1
152 28.1 0
187 34.9 0
130 30.7 0
141 43.6 0
153 35.9 0
138 7.7 1
97.4 11.3 1
192 24.1 0
101 9.65 1
108 23.2 1
116 2.68 1
142 4.63 1
171 21.5 0
185 23.8 0
125 17.8 1
106 25 1
196 35.1 0
183 24.7 0
197 37.3 0
128 20.4 1
167 35.6 0
156 15.5 0
200 4.88 1
151 34.1 0
187 3.53 1
184 30.9 0
183 41.9 0
95.5 43.6 1
182 35.7 0
152 3.38 1
181 11.1 1
93.7 24.3 1
178 36.9 0
151 29.7 0
161 10.9 1
164 6.95 1
166 21.7 0
159 18.8 0
144 30.3 0
103 31.3 1
179 35.1 0
116 36.6 0
117 25 1
96.3 31.1 1
93.8 30.8 1
143 7.6 1
170 40.1 0
118 1.1 1
182 27.6 0
114 21.9 1
160 8.7 1
115 19.1 1
98.8 15.4 1
130 18.5 1
161 22.2 0
146 30.4 0
176 1.43 1
173 28.4 0
158 36.1 0
162 26.6 0
162 1.38 1
150 18.8 0
148 43.6 0
156 18.1 0
148 28.7 0
151 21.2 0
146 43.6 0
154 43.5 0
156 43.5 0
106 43.6 1
124 15 1
91.3 2.18 1
126 13.7 1
104 1.45 1
143 1.28 1
90.9 42.9 1
175 27.3 0
157 2.75 1
102 1.45 1
91.1 12.7 1
119 35.6 0
167 1.45 1
175 43.5 0
146 1.28 1
154 1.38 1
137 43.6 0
173 43.5 0
132 1.43 1
103 43.6 1
138 43.6 0
94.7 4.5 1
115 29 0
194 8.6 1
176 10.1 1
99.1 26 1
97.6 4.6 1
174 33.4 0
194 42.9 0
191 32.1 0
193 32 0
151 37.5 0
151 40 0
188 19.9 0
148 22.9 0
152 10.8 1
184 3.4 1
160 40.4 0
160 37.8 0
119 14.7 1
170 17.6 0
136 2.83 1
165 2.83 1
169 36.7 0
101 34.8 1
98.3 37.4 1
128 27.5 0
142 21.2 0
149 11 1
140 31.7 0
141 9.25 1
124 9 1
123 27 0
122 28.4 0
149 2 1
147 3.28 1
126 3.13 1
128 4.55 1
169 27.7 0
180 3.35 1
92.9 18.4 1
91.1 17.3 1
113 11.6 1
116 10.5 1
92.6 32.8 1
141 28.1 0
101 14.7 1
105 15.2 1
154 21.4 0
109 37.5 0
140 36.2 0
93.5 37.9 1
95 36.4 1
121 2.78 1
122 1.68 1
99.4 42.2 1
188 67.2 0
190 82.5 0
103 52.2 1
186 57.9 0
188 72.2 0
124 68.4 0
94.7 49.5 1
185 78.1 0
151 90.8 0
163 65.2 0
193 82.3 0
186 80.4 0
191 85.4 0
167 83.3 0
187 50.5 0
192 50.7 0
177 94.6 0
124 50.4 0
147 60.2 0
109 57.4 1
134 57.2 0
101 77.4 1
171 96.6 0
112 53.2 0
99.4 61.4 1
93.7 55.4 1
127 92.3 0
160 80.4 0
189 48.8 0
173 66 0
162 69.5 0
151 84.4 0
180 71.1 0
91.6 57.1 1
181 88.8 0
169 89.9 0
125 85.3 0
149 74.6 0
191 59.6 0
196 79.2 0
199 53.1 0
133 84.5 0
151 79.8 0
116 78 0
139 66.3 0
175 66.1 0
143 87.8 0
189 88.3 0
191 96.5 0
106 83.3 1
112 64.8 1
163 84.6 0
183 90.9 0
137 86.4 0
196 88.2 0
151 72.6 0
179 49.8 0
145 92.2 0
139 82.5 0
143 97.7 0
179 52.3 0
176 74.1 0
165 48 0
121 88.7 0
130 71.7 0
109 78.8 1
134 50.1 0
156 86.1 0
187 96.5 0
177 68 0
93.4 75.3 1
142 98.9 0
183 62.2 0
155 48.6 0
121 93 0
117 83.8 0
140 60.3 0
106 95.2 1
196 69.2 0
92 73.3 1
121 81.7 0
110 66.9 1
118 79.1 0
157 47.1 0
165 52.3 0
175 83.1 0
167 46.7 0
164 98.5 0
114 58.3 0
192 98.7 0
198 92.4 0
91.4 92.2 1
108 96.6 1
131 79.3 0
119 53.5 0
156 78.6 0
129 74.5 0
143 94.2 0
149 85.7 0
119 64.3 0
171 48.1 0
128 82.4 0
111 91.2 1
155 46.5 0
193 91.5 0
130 86.7 0
123 53.3 0
142 58.5 0
186 98.7 0
117 51.9 0
165 71.8 0
116 92.1 1
132 76.9 0
181 46.8 0
122 46.3 0
153 46.5 0
134 70.2 0
167 98.5 0
136 46.5 0
146 46.4 0
137 98.9 0
148 46.4 0
148 98.9 0
104 98.7 1
102 98.7 1
91.4 66.4 1
153 98.6 0
139 98.9 0
142 45.9 0
183 82.7 0
129 91.8 0
158 58.2 0
157 56.2 0
177 49.4 0
176 51.9 0
101 48.5 1
160 52.8 0
122 97.3 0
107 64.7 1
195 66.1 0
103 74.7 1
110 59.9 1
113 60.4 0
125 78.4 0
98.3 98.7 1
139 84.9 0
143 65.4 0
130 53.8 0
130 56.2 0
186 88.3 0
113 86 1
92.1 53.1 1
181 98 0
128 98.7 0
136 66.3 0
130 98.7 0
141 92.6 0
158 73 0
158 98.1 0
156 96.7 0
139 45.9 0
92.1 46.3 1
116 49.2 0
141 51.5 0
106 48.8 1
126 50.5 0
180 62 0
163 55.8 0
92.7 94.7 1
95 70.2 1
48.3 39 1
44.8 39.9 1
46.9 41.4 1
57.3 11.2 1
46.9 35.7 1
49.2 24.8 1
19.4 5.68 0
52.5 39.6 1
42 20.7 1
12.5 14.1 0
5.5 17.3 0
19.3 18.3 0
13.2 35.8 1
11.6 20.1 0
37.4 32.2 1
30.4 17.6 1
7.33 4.9 0
29 19.7 1
14.7 13.4 0
25.5 12.2 0
6.1 13.3 0
14.7 27.4 0
30.1 3.45 0
56.4 23.4 1
50.5 2.58 1
43.1 11.1 1
3.1 22.6 0
34 9.83 1
37.8 39.9 1
28.3 1.93 0
1.93 38.4 0
30.6 33.9 1
14.9 40.2 1
2.65 1.55 0
5.08 36.1 1
56 37.1 1
9.23 36 0
48.2 1.25 1
2.3 41.1 1
14.9 33.6 1
36.1 21.1 1
53.8 43.7 1
18.7 27.3 0
41.7 3.13 1
28.9 25.2 1
3.3 17.8 0
57.5 21.5 1
39.2 37 1
16.7 8.95 0
57.4 38.8 1
7 7.5 0
52.7 29.5 1
7.53 37.5 0
58.7 34.8 1
32 1.53 0
18.4 43.6 1
10.4 12.1 0
57.5 44.2 1
53.7 36.6 1
25.2 37.8 1
42.4 30.1 1
57.3 2.15 1
13.7 31.4 0
58.6 5.38 1
46.5 30 1
2.38 20 0
10.5 2.68 0
57.6 30.1 1
57.3 13.1 1
28.7 43.5 1
58.7 32.9 1
59 27.5 1
43.1 35.7 1
0.425 25.6 0
6.98 42.3 1
4.85 10.9 0
2.38 10.3 0
17.5 40.2 1
35.5 2.85 0
53.1 7.98 1
39.3 43.5 1
36.4 13.8 1
6.18 1.55 0
57.6 41.5 1
30.7 27.1 1
29.1 30.1 1
38.6 19.8 1
13.7 2.73 0
57.4 17.3 1
46.9 93.8 1
33.7 81.8 1
35.7 84 1
41 86.4 1
38.3 83.1 1
42.7 75.2 1
40.7 51.1 1
58.6 74.4 1
34.8 50.9 1
16.4 52.6 1
13.2 73.7 1
19.6 78.9 1
17 71.2 1
45.4 75.9 1
8.55 96.9 1
23.9 66.2 1
11.2 55.8 1
26.5 65.8 1
14.7 51.4 1
28.4 74.2 1
32.8 69.6 1
38.3 79.8 1
9.08 54.3 1
23.3 81.3 1
28.3 98.2 0
5.2 64.6 1
43.9 48 1
5.9 56.9 1
4.8 97 1
5.03 82.8 1
11.4 82.5 1
50.2 48 1
19.9 76.6 1
4.2 67.7 1
43.2 96.3 1
3.73 62.2 1
34.6 66.7 1
48.6 73 1
52 80.3 1
57.2 90.3 1
42.2 53.8 1
15.4 69.2 1
56.9 83.9 1
24.4 69 1
48.1 46.4 1
53.5 98.5 1
40.9 92 1
12.5 69.3 1
17.4 46.3 1
16.9 64.1 1
19.8 57 1
35.9 92.3 1
27.4 87.7 1
33.9 53.9 1
15.6 91.6 1
5.68 86.7 1
0.525 85.3 1
12 90.8 1
58.8 46.9 1
58.8 97.2 1
58.6 76.9 1
47.1 70.7 1
15.3 84.4 1
24.2 51.7 1
11.9 98.6 1
58.6 58.1 1
2.1 98.7 1
28.5 46.2 1
45.7 96.3 1
15.8 73.8 1
29 71.2 1
18.4 47.5 1
15.4 61.8 1
51 54.8 1
1.63 89.7 1
0.125 87.7 1
7.28 92.8 1
6.75 95.5 1
58.5 93.2 1
39.5 65.8 1
22.8 89.2 1
25.2 89.9 1
27.8 84.4 1
34.3 90.1 1
31.9 91.2 1
30.8 46.2 1
32.4 49.6 1
15.6 97.2 1
34 97.1 0
28.8 60.4 1
28.5 62.7 1
41.9 65 1
85.2 22.6 1
81.1 31.6 1
70.5 41.9 1
88.5 21.1 1
71.4 18.9 1
76.4 8.85 1
64.9 11.5 1
71.1 36.7 1
84.6 8.88 1
68.5 35.3 1
88.2 12.3 1
63.3 9.28 1
72.3 43.5 1
84.6 16.4 1
88.6 7.08 1
63 41.2 1
88.5 18.6 1
67.5 1.35 1
86.1 42.7 1
88.7 34.8 1
87.4 30.9 1
87.3 36.2 1
83.6 1.43 1
87.5 0.825 1
87.5 44.2 1
68 43.4 1
61.2 35 1
67.3 25.5 1
61.2 2.18 1
88.6 39.5 1
61.2 42.9 1
88.7 27.5 1
63 13.1 1
63 37.3 1
63.2 6.7 1
62.8 26.4 1
69.4 5.03 1
87.3 3.6 1
73 9.1 1
67.5 30.7 1
76 1.55 1
85.1 79.5 1
65.6 55.9 1
63 89.6 1
64.9 77.8 1
85.9 47.7 1
67.4 77.9 1
78.9 64 1
71.3 63.3 1
83.4 46.5 1
61.5 59.2 1
85.1 82.7 1
86.2 52.1 1
79 80.6 1
73.9 54.4 1
81.4 89.1 1
80.8 78 1
76.3 46.7 1
88.1 61.3 1
69.7 91.2 1
88.6 66.4 1
88.8 46.9 1
68.7 84.1 1
88.8 97.2 1
76.3 98.6 1
64.2 49.5 1
63 52 1
88.2 91.7 1
61.5 61.5 1
67.6 98.3 1
61.2 46.9 1
88.5 87.9 1
61.4 91.8 1
71.5 98.6 1
76 65.9 1
71.7 49.4 1
73.2 51.1 1
73.4 80.3 1
86.6 64.1 1
88.1 59 1
63.2 82.1 1
106 22.2 1
132 41.3 0
106 20.1 1
133 31.3 0
131 43.6 0
97.9 7 1
110 28.8 1
134 29.3 0
104 19.4 1
147 26.5 0
92.6 3.35 1
108 40.5 0
105 8.35 1
148 24.5 0
192 25.9 0
184 40.4 0
189 41.3 0
112 14.1 1
118 6.93 1
182 4.83 1
96.9 30 1
154 14 1
154 7.8 1
174 30.2 0
183 8.9 1
174 12.2 1
180 9.53 1
143 41 0
200 16 0
105 30.9 1
198 9.3 1
173 14.7 1
189 33.4 0
192 42.9 0
187 36.8 0
166 27.2 0
151 31.9 0
150 2 1
102 23.6 1
127 41.9 0
167 29 0
99.3 9.2 1
182 16 0
194 27.8 0
104 23.9 1
96 23.9 1
147 8.95 1
171 11.5 1
139 1.4 1
163 10.6 1
185 16.3 0
91.5 8.05 1
94.2 21.1 1
109 13.2 1
134 19.4 1
135 37.1 0
146 18.3 0
145 20.2 0
118 32.8 0
119 24.7 0
181 34.2 0
129 6.98 1
164 17.1 0
134 26.6 0
162 17.1 0
151 15.2 1
92.5 22.5 1
151 25.1 0
133 25 0
162 27.9 0
145 42.4 0
160 13.2 1
182 31.1 0
121 23.3 1
96.5 21.9 1
164 43.7 0
110 24.4 1
162 8.38 1
131 8.33 1
186 1.48 1
181 29.5 0
182 43.6 0
162 22.9 0
92.6 11.3 1
102 21.2 1
180 18.3 0
177 29.1 0
160 24.1 0
161 24.8 0
142 2.68 1
113 1.58 1
165 21.1 0
144 25.8 0
115 1.58 1
157 7.18 1
161 18.9 0
115 42.3 0
170 13.4 1
176 24.8 0
122 38.7 0
97.2 43.6 1
181 43.6 0
166 43.7 0
171 9.1 1
130 13.7 1
117 43.8 0
166 12.9 1
153 1.38 1
168 9.38 1
92 0.825 1
112 43.6 0
140 43.6 0
92.1 44.2 1
197 1.53 1
145 1.28 1
158 1.38 1
157 43.5 0
180 1.43 1
91.2 27.4 1
198 43.7 0
94.9 6.9 1
128 39.6 0
134 40 0
136 8.58 1
187 10.5 1
110 8.58 1
108 9.85 1
106 5.5 1
105 1.45 1
98.7 28.5 1
112 36 0
98.4 1.45 1
196 41.6 0
191 29.9 0
180 21.4 0
150 40.8 0
195 18.4 0
195 21.1 0
166 31 0
156 29.9 0
170 19.3 0
199 31.7 0
199 29.3 0
138 1.4 1
158 31 0
159 32.8 0
121 6.83 1
122 8.78 1
130 25.1 0
142 19.4 0
174 22.7 0
172 22.9 0
148 12.9 1
142 30.5 0
92.5 41.5 1
93.6 42.8 1
97.3 16.7 1
169 25.3 0
91.5 33.1 1
122 42.7 0
123 41.1 0
104 14.8 1
107 36.4 0
91.6 38 1
173 1.15 1
173 4.7 1
172 2.6 1
122 4.25 1
123 3.15 1
147 92.9 0
190 66 0
146 62.9 0
186 73.9 0
159 66.8 0
125 93.8 0
184 60 0
199 61.7 0
107 85.8 1
162 67.8 0
179 78.3 0
124 58.3 0
176 90.2 0
100 70 1
133 63.7 0
146 76.2 0
107 75.1 1
125 63.4 0
167 49.3 0
176 92.2 0
193 72.7 0
148 96 0
194 49.8 0
114 53.7 0
186 48.2 0
122 65.4 0
122 72.4 0
162 94.6 0
185 55.3 0
171 90.5 0
173 88.5 0
183 86.9 0
161 83.1 0
103 54.6 1
131 93.1 0
167 56.2 0
126 96.1 0
145 71.2 0
129 69.9 0
141 67.5 0
112 79.3 1
136 54.8 0
146 58.1 0
177 71.8 0
182 66.7 0
171 78.6 0
137 81.3 0
189 46.5 0
172 68.8 0
142 86.1 0
151 68.4 0
168 69.3 0
123 82.9 0
138 72.8 0
190 95.2 0
172 80.9 0
194 85.2 0
94.9 85 1
152 67.1 0
116 95 1
157 62.8 0
186 65.6 0
163 91.5 0
98.1 85.7 1
143 90.6 0
169 48.1 0
125 81.4 0
175 69.9 0
93.5 82.6 1
192 62.4 0
199 97.1 0
123 75.1 0
133 81.8 0
174 46.3 0
168 71.9 0
156 92.3 0
179 55.7 0
149 97.5 0
177 58.1 0
145 53.9 0
141 81.4 0
118 88.6 0
103 46.5 1
98.6 77.2 1
199 73.4 0
118 90.7 1
138 91.6 0
91.6 60.8 1
143 96.3 0
195 46.4 0
97.6 69 1
119 59.1 0
105 92.1 1
91.6 58.4 1
183 72 0
114 91.4 1
187 46.5 0
109 95.3 1
128 46.4 0
131 75.6 0
118 81.6 0
91.5 77 1
122 98.8 0
136 97.4 0
183 46.8 0
110 92.6 1
197 98.7 0
143 52 0
172 53.6 0
172 46.3 0
196 91 0
149 47.9 0
132 70.8 0
122 46.3 0
91.4 91 1
131 46.4 0
144 45.9 0
145 47.3 0
163 46.3 0
140 98.9 0
114 98.8 1
198 46.4 0
113 98.8 1
91.4 88.6 1
141 45.9 0
188 69.9 0
101 72.6 1
176 96.6 0
161 60.8 0
167 51.9 0
162 53.3 0
104 66.6 1
198 65.5 0
135 59.5 0
138 75.2 0
169 62.5 0
140 62.4 0
194 53.6 0
128 56.5 0
163 71.9 0
162 73.8 0
187 88.5 0
185 90.8 0
112 84.6 1
119 96.7 0
119 95 0
183 96.6 0
180 96.4 0
128 97.3 0
136 68.1 0
131 97.3 0
148 78.9 0
148 76.8 0
145 98.9 0
138 47.4 0
91.2 46.9 1
118 46.3 0
116 47.5 0
140 54.1 0
97.1 94.5 1
92 98.5 1
106 46.5 0
94.3 94.4 1
93.6 72.3 1
97.8 47 1
45.4 10.3 1
24.7 18.7 1
5.58 24.1 0
34.9 35.9 1
46 4.4 1
37.1 34.8 1
6.2 26.4 0
47.1 6.75 1
27.4 18.1 1
23.2 13.5 0
14.5 37.2 1
11.4 18.2 0
4.9 43.7 1
3.95 37.6 1
8.9 20.7 0
35.3 39.6 1
8.68 18.8 0
11 35.7 0
33 17.8 1
17 33.8 1
48 32.1 1
19.5 24.8 0
31.4 41.7 1
51.4 31.4 1
22 24.4 1
42.9 13.4 1
30.7 9.75 0
11.2 31.1 0
12.8 25.5 0
49.5 13 1
14.4 21.8 0
48 28.8 1
23.6 26.4 1
35.7 7.68 1
28.8 15.9 0
53.3 18.9 1
19 8.88 0
0.675 42.4 1
46.3 16.3 1
41.7 43.5 1
44.3 30.7 1
59 26.3 1
25.2 40.6 1
57.7 24.7 1
10.7 7.75 0
27.5 42 1
28.9 12 0
12.8 6.5 0
27.9 37.4 1
17 21.2 0
52.3 1.33 1
12.6 43.6 1
39.1 14.4 1
58.7 31.6 1
58.8 39.6 1
18.9 37.6 1
23.2 36.7 1
59 28.8 1
21.7 43.6 1
19.6 43.6 1
38.4 1.33 1
58.6 14 1
58.8 0.825 1
58.8 44.2 1
46.9 23.9 1
22.8 16.3 0
24.7 3.4 0
7.38 40.3 1
7.95 43.6 1
23.8 5.8 0
17.2 1.35 0
17.8 42.2 1
34.4 26.4 1
54 23.9 1
52.3 22 1
53.2 10.2 1
55.8 9.73 1
55.7 7.5 1
8.45 33.5 0
1 3.55 0
49.3 15.7 1
38.8 42 1
56.3 42.8 1
22.8 32.1 1
21.5 28.5 1
12.2 4.03 0
41.2 9.18 1
49.9 6.28 1
3.33 32 0
58.6 16.1 1
56.1 18.8 1
34.1 60.1 1
41.6 77.7 1
49.1 57.6 1
42.7 73 1
44.3 78.4 1
49.6 94.3 1
51.6 61.3 1
7.1 84.7 1
9.73 84.2 1
12.5 61.2 1
37.7 48.8 1
30.2 69.5 1
30.6 96.7 0
54.3 64.6 1
1.68 49.3 1
0.825 51.6 1
4.08 78.3 1
29.6 75.9 1
50.3 50.4 1
50.5 74.3 1
50.8 64.2 1
26.8 58.9 1
9.73 64.5 1
0.925 78 1
4.1 89.2 1
8.3 71.3 1
33.8 68.3 1
11 59 1
5.58 60.2 1
2.3 53.6 1
57.8 68.3 1
7.28 64.3 1
32.1 98.5 0
42.8 90.3 1
10.9 71.2 1
57.2 95.7 1
11.1 86.3 1
1.5 68.2 1
13.1 80.8 1
46.6 74.8 1
9.1 49.2 1
9.9 51.5 1
35.5 58.5 1
27.8 54.6 1
45.8 90.6 1
23 70.9 1
48.5 86.1 1
58.5 92 1
55.7 53.6 1
46.7 53.1 1
20.1 51.5 1
57.1 51.7 1
14.8 56.7 1
9.83 98.6 0
52.1 46.6 1
56.9 85.2 1
58.7 86.9 1
6.55 46.7 1
45.9 81.2 1
40.7 96.9 0
58.2 82.1 1
4.83 46.7 1
48.5 81.5 1
16.3 58.2 1
18.4 97.4 0
22.6 47.8 1
15.7 81.9 1
24.6 49 1
22.1 59 1
15 98.6 0
21.8 52.9 1
19.8 96 0
14.8 47.4 1
3.78 98.7 1
0.3 98.7 1
38 98.6 0
12.8 46.2 1
58.8 98.5 1
19.5 93.5 0
21.9 98.6 0
58.8 45.6 1
31.4 60.1 1
15.1 61 1
35.8 73.8 1
55.8 49.3 1
56.4 71.6 1
31.5 47.9 1
24.1 73.5 1
26.9 72.9 1
16.5 96 0
20.4 49.1 1
35.3 62.3 1
33.1 63.4 1
56.5 62.3 1
55.1 60.7 1
79 38.5 1
80.9 8 1
76.5 35.1 1
88.6 8.65 1
78.5 10.2 1
68.6 12.7 1
80.2 4.85 1
86.8 9.93 1
78.8 40.9 1
82.7 22.8 1
87.2 24.2 1
69.9 29.4 1
61.4 10.1 1
61.8 39.3 1
80.8 16.3 1
69.6 26.8 1
77.7 29.2 1
62.3 34.6 1
88.6 5.48 1
64.1 35.8 1
64.1 20.4 1
76.2 42.3 1
88.7 26.3 1
62.5 3.53 1
88.7 30.2 1
61.6 16.6 1
63.9 24.4 1
66.6 21.2 1
73.7 23.9 1
76.2 24.6 1
88.7 28.8 1
63 14.4 1
61.3 5.4 1
62.5 22.6 1
88.8 0.825 1
88.8 44.2 1
61.2 0.825 1
61.2 44.2 1
87.3 36.2 1
61.4 12 1
61.4 27.4 1
72.3 1.55 1
78 22.1 1
76.6 19.3 1
70 2.9 1
86.1 2.25 1
86 31.3 1
62.3 32.7 1
63.7 31.2 1
84.2 54.9 1
75.7 69.4 1
71 59.9 1
72 94.8 1
68 50.7 1
64.3 70.7 1
81.7 83.7 1
78.1 61.4 1
73.7 59 1
68.3 88.9 1
67.3 82.3 1
78.7 76.3 1
84.6 89.6 1
61.6 87.5 1
88.4 77.2 1
76.8 78.9 1
87 83.6 1
69.3 94.5 1
65.5 53.2 1
73.1 97.2 1
79.7 86.9 1
79.5 91 1
80.3 50.1 1
66.7 48.3 1
63.1 77.2 1
75 86.9 1
79.8 96.8 1
75 89.5 1
62.7 48.3 1
82 98.2 1
72.4 91.5 1
64 96.8 1
66.5 98.3 1
61.6 72.3 1
88.5 86.8 1
88.4 72.2 1
88.8 98.5 1
61.2 98.5 1
88.8 45.6 1
61.2 45.6 1
74.3 64.3 1
80.9 55.7 1
61.5 66.5 1
64.2 67.6 1
88.8 48.1 1
64.7 83.5 1
112 30.7 0
191 12.8 1
193 17.5 0
188 27.5 0
192 5.45 1
191 20 0
167 25.2 0
147 37 0
112 16.9 1
101 38.2 1
125 27 0
91.4 5.23 1
135 4.1 1
92.9 6.8 1
191 41.3 0
189 29.7 0
155 14.7 0
108 34 0
182 7.38 1
125 34.6 0
93.4 2 1
187 31.1 0
192 22 0
100 29.8 1
164 15 0
186 19.2 0
142 42.5 0
142 12.9 1
121 21.4 1
114 18 1
194 1.53 1
101 40.8 1
164 12.9 1
91.5 35 1
138 21.9 0
165 4.08 1
151 4.55 1
150 13.5 1
125 40.8 0
162 15 0
158 24.2 0
161 42.1 0
187 43.5 0
128 43.5 0
184 37.5 0
91.2 26.2 1
107 41.9 0
107 27 1
166 19.1 0
182 13.6 1
125 19.2 1
145 38.4 0
150 17 0
109 26.7 1
100 33 1
127 20.6 1
94.4 17.2 1
163 43.7 0
112 1.58 1
148 4.45 1
134 17.9 1
170 42.2 0
102 31.5 1
96.4 25.1 1
177 36.5 0
130 4.18 1
138 24.6 0
95 1.18 1
126 12.4 1
172 43.5 0
99.4 20.5 1
116 40.7 0
144 43.9 0
92.5 24.8 1
175 43.5 0
116 2.68 1
171 15.2 1
111 41.9 0
177 42.1 0
129 12.2 1
131 17.6 1
110 23.7 1
122 44 0
99.5 1.45 1
148 42.3 0
91.5 9.63 1
91.6 39.6 1
156 18.9 0
120 13.5 1
103 42.2 0
96.9 13.2 1
158 8.68 1
115 37.8 0
161 20.5 0
120 42.7 0
125 9.8 1
156 4.48 1
171 2.6 1
155 21.2 0
119 43.8 0
200 1.53 1
132 15 1
91.1 16.1 1
152 21.1 0
158 35.1 0
118 36.8 0
163 21.2 0
114 43.6 0
155 35.1 0
124 1.48 1
132 2.7 1
141 1.4 1
168 1.45 1
101 1.45 1
168 43.7 0
196 1.53 1
178 1.43 1
161 1.38 1
126 1.48 1
91.1 14 1
120 1.1 1
168 12 1
158 43.5 0
119 1.1 1
159 1.38 1
199 43.7 0
91.2 44.2 1
130 39.9 0
185 22.1 0
98.5 26.5 1
122 30.1 0
97.2 2.63 1
174 34.5 0
193 29.9 0
194 33.7 0
182 22.9 0
150 38.3 0
111 33.7 0
153 12.4 1
152 9.13 1
128 34.8 0
164 30.7 0
140 42.5 0
154 30 0
160 30.3 0
161 32.1 0
171 36.3 0
99.8 36.8 1
127 27.6 0
139 31.8 0
141 10.1 1
145 8.35 1
98.4 15.3 1
134 13.8 1
135 15.4 1
171 27.6 0
171 25.3 0
146 13.8 1
115 10.9 1
92.6 12.6 1
135 43.6 0
136 42.2 0
182 2.9 1
143 38.2 0
93.1 36.5 1
113 22.7 1
175 4.68 1
175 2.58 1
140 36 0
93 28.1 1
94.5 29.7 1
144 62 0
188 58.4 0
124 70.3 0
191 72.7 0
178 81 0
94.9 49.9 1
172 95.4 0
172 93 0
188 81.8 0
169 81.4 0
168 79 0
103 82.5 1
116 90.1 1
150 59.6 0
186 76.8 0
132 56.9 0
93.7 52.3 1
182 79.1 0
193 58.2 0
106 72.8 1
197 62.3 0
91.2 48.1 1
200 70.5 0
126 90.9 0
102 69.2 1
103 79.5 1
152 62.8 0
167 84.7 0
195 79 0
190 64 0
177 90.5 0
143 84.8 0
141 71.2 0
131 64.7 0
190 50.5 0
164 96.5 0
195 76.5 0
135 85 0
145 84.1 0
138 59.4 0
148 67.6 0
145 81.9 0
186 53.3 0
146 52.5 0
190 86.6 0
126 71.3 0
144 59 0
198 68.6 0
170 98.5 0
116 76.9 0
135 82.3 0
127 48.8 0
125 76 0
124 48.6 0
157 90.6 0
95.1 74.3 1
108 68.5 1
135 64.9 0
123 46.3 0
136 71.8 0
127 74.3 0
180 90.1 0
162 89.9 0
184 67.3 0
150 85.9 0
141 56.4 0
107 90.7 1
145 56 0
95 80.9 1
94.7 63.6 1
182 56 0
174 82.4 0
148 69.9 0
97.3 63.8 1
133 73.5 0
182 92.3 0
121 89.2 0
114 65.2 0
123 57.3 0
172 76.7 0
116 66.3 0
118 78 0
159 49.7 0
136 92.9 0
130 95.9 0
178 53.7 0
150 98.6 0
127 46.4 0
131 85.3 0
169 46.3 0
157 48.4 0
156 95.2 0
177 75.3 0
155 49.9 0
131 69 0
130 82.7 0
184 48.2 0
140 98.9 0
137 95.7 0
98.2 74.4 1
158 96.6 0
185 70.1 0
131 80.8 0
150 70.7 0
118 64.4 0
141 76.4 0
99 91.4 1
174 57.7 0
134 47.9 0
194 69.8 0
105 97.1 1
120 92.8 0
156 77.6 0
120 57.7 0
148 49.1 0
180 48.2 0
99.4 98.7 1
115 97.1 1
120 91.4 0
168 98.5 0
193 98.7 0
134 98.6 0
120 54.8 0
107 98.5 1
91.4 87.5 1
97.4 66.8 1
136 46.5 0
153 98.6 0
145 48.5 0
122 54.4 0
132 98.6 0
119 46.3 0
132 46.4 0
101 98.7 1
121 46.3 0
186 98.7 0
112 46.3 0
196 98.7 0
114 46.3 0
171 46.3 0
91.2 45.6 1
151 90.7 0
110 48.5 0
109 71.2 1
158 60.5 0
169 53.7 0
129 88.8 0
129 91 0
168 88.1 0
106 66.4 1
133 52.7 0
134 54.5 0
97.4 97.1 1
115 85.9 1
116 87.9 1
167 64.3 0
137 76.2 0
99.5 62.2 1
170 60.5 0
142 63.6 0
116 70.7 0
115 72.3 0
148 51.9 0
95.2 98.5 1
93.6 97 1
196 52.7 0
128 54 0
125 87.2 0
124 88.5 0
186 91 0
120 98.8 0
170 68.5 0
181 95.1 0
175 46.3 0
140 92.9 0
192 91.7 0
190 90.3 0
145 97.4 0
156 74.7 0
157 73.2 0
141 52.1 0
107 48.8 0
97.7 47 1
179 59.9 0
178 63.2 0
153 55.6 0
152 53.6 0
94.8 68.1 1
93.2 66.3 1
46.5 12.3 1
1.05 8.48 0
1.45 30.8 0
5.13 40.3 1
10.7 26.9 0
58.7 34.8 1
42.3 4.55 1
29.6 32.7 1
16.7 27.2 0
51.5 41.3 1
13.3 15 0
18 23.5 0
1.43 26 0
3.88 42.3 1
12.8 20.8 0
29 4.93 0
15.6 14.3 0
57.5 36.4 1
47.7 2.6 1
14 29.6 0
4.38 34.4 0
17.8 31.4 1
17 35.9 1
27.2 3.4 0
47.5 43.4 1
37 31 1
57 5.5 1
3.03 24 0
18.5 1.35 0
33 10.7 1
43 41.9 1
13.8 23.8 0
41.9 28.6 1
41.2 40.4 1
44.7 14.1 1
49.5 30.9 1
34.1 15.2 1
7.15 22.3 0
53.9 29.8 1
29 40.2 1
36.1 20.6 1
22.9 1.48 0
14.6 42.2 1
16.3 43.6 1
55.8 3.63 1
32.9 43.2 1
56.3 30.6 1
0.375 43.7 1
45.6 18.5 1
53.3 2.8 1
41.4 37.5 1
40.5 13 1
40.9 1.33 1
4.33 1.55 0
52.6 43.7 1
19 42.2 1
23 42.1 1
35.3 2.85 1
58.7 22.8 1
10.2 11.8 0
14.3 1.35 0
33.2 1.53 0
16 1.35 0
9 1.3 0
27.5 34.9 1
24.8 34.1 1
21 5.23 0
46.8 34.1 1
44.3 33.6 1
8.35 41.6 1
35.7 24.6 1
10.2 33.2 1
0.6 5.08 0
17.4 17.1 0
26.5 11 0
7.3 2.85 0
31.3 26.5 1
21.3 30.5 1
59 27.5 1
41.4 26.1 1
42.5 24.4 1
39.6 10.2 1
50 3.93 1
5 30.9 0
30.5 21.9 1
29.4 24.6 1
57.3 17.6 1
58.6 10.8 1
46.3 66.4 1
56.1 66.5 1
42.9 59.8 1
39.7 50.4 1
23.5 66.1 1
39.2 71.2 1
26.2 65.7 1
4.45 54.3 1
49.7 96.8 1
5.13 68.7 1
19.8 79.6 1
39.9 78.5 1
20.1 63 1
7.55 48 1
3.73 81.5 1
27.9 57.5 1
55.9 89.6 1
11.9 69.3 1
47.5 98.3 1
32.3 75.5 1
53.3 89.5 1
22 55.1 1
45.2 72.5 1
12.1 57.3 1
47.8 83.9 1
26.9 87.9 0
33.9 56 1
57.4 87.5 1
18.7 46.3 1
20.2 77.3 1
33.5 77.7 1
53.3 48 1
50.6 79.9 1
53 86.9 1
24.5 59.4 1
1.98 62.4 1
22.1 81.3 0
57.3 54.6 1
30 53.6 1
56.8 80.2 1
28 83 0
35.5 76.5 1
12.3 90.8 0
58.8 51.4 1
42.5 98.3 0
14.7 91 0
42.1 46.6 1
16.2 86.4 0
25.7 53.2 1
3.95 48.1 1
21.4 86.7 0
12.9 51 1
36.5 97.1 0
26.2 81 0
53.3 53.5 1
7.6 75.5 1
11.6 47.5 1
45.1 83.6 1
57.2 97 1
38.3 46.3 1
20.9 57.3 1
16.8 93.5 0
33.1 46.7 1
19.1 98.8 0
52.2 98.5 1
22.2 46.5 1
16.2 46.3 1
58.6 78.1 1
23.3 98.6 0
20.4 97.4 0
58.6 56.9 1
13.4 98.6 0
58.6 73.1 1
31.2 62.3 1
40.8 57.9 1
27.2 98.2 0
25.4 96.8 0
34.1 73 1
0.85 90.6 1
7.15 93 0
45.9 49.3 1
22.4 89.4 0
24.8 90.1 0
11.8 75 1
10.4 76.6 1
28.5 46.2 1
20 47.8 1
58.8 49.6 1
57.5 48.3 1
72 40.7 1
77.1 32.9 1
73.7 42.3 1
79.3 31 1
75.8 37 1
81 41.1 1
72.4 37.8 1
75.5 31.2 1
73.7 20.4 1
88.5 22.3 1
61.8 39.3 1
64.6 8.2 1
79.8 2.98 1
64.4 42.5 1
67 34.8 1
62.7 18.3 1
88.6 39.5 1
61.4 28.7 1
77.3 1.55 1
61.4 26.2 1
83.3 42.3 1
61.4 13.3 1
86.7 15.5 1
88.2 13.6 1
82.2 43.8 1
66.9 43.4 1
88.5 17.3 1
77.5 43.8 1
82.3 1.43 1
61.1 23 1
63.8 2.18 1
66.3 1.35 1
66.4 23.9 1
62.6 0.825 1
62.6 44.2 1
82.5 31.3 1
83.5 29.4 1
88.7 34.8 1
85.9 34.7 1
83.6 34.7 1
88.7 27.5 1
87.4 41.4 1
80.5 21.5 1
79.1 18.7 1
66.6 32 1
61.1 31.8 1
87.3 2.25 1
86.5 55.6 1
82.5 79 1
85.2 95.3 1
87 79.1 1
88.1 57.9 1
86.1 91.5 1
80.6 81.5 1
69.8 83.5 1
75.8 61.7 1
72.3 83.1 1
69.9 73.1 1
61.4 91.8 1
69.7 76.1 1
88.1 61.3 1
61.5 61.5 1
88.5 81.9 1
73.1 90.1 1
80 48.2 1
61.4 78.7 1
88.4 51.4 1
64 47.1 1
61.6 86.4 1
87 84.9 1
87 70.1 1
61.5 49.6 1
82.6 70 1
77.6 98.6 1
81.2 65.5 1
77.6 46.7 1
62.6 98.5 1
66.5 46.5 1
82.2 46.5 1
61.5 51.4 1
88.6 67.7 1
62.6 45.6 1
61.5 58 1
64 56.8 1
79.5 53.3 1
63 89.6 1
80 72.1 1
87.2 49 1
61.4 81.1 1
67.7 95.9 1
134 35 0
133 32.1 0
194 8.8 1
171 39.8 0
93 26.9 1
189 5.4 1
129 32.1 0
161 37.7 0
166 35.4 0
197 17.6 0
196 40.3 0
157 13.2 1
148 33 0
196 37.8 0
127 23.6 0
112 14.6 1
98.6 31.3 1
110 3.75 1
99.1 9.68 1
153 32.4 0
150 31.6 0
147 31.5 0
153 4.28 1
121 2.58 1
136 30.3 0
140 34.1 0
176 39.7 0
165 6.45 1
148 30 0
104 13.3 1
148 23.6 0
149 3.18 1
137 40.2 0
188 35.2 0
136 21.3 0
94.2 25.5 1
91.5 35 1
157 22.5 0
150 24.1 0
154 3.1 1
123 21.4 1
104 16.4 1
148 7.15 1
152 18.3 0
105 40.5 0
119 41.1 0
164 28.1 0
198 27.4 0
116 6.88 1
176 17.9 0
103 10.7 1
123 9.58 1
112 40.2 0
105 37.9 0
161 26.1 0
118 42.1 0
136 25.4 0
134 23.8 0
120 38.7 0
124 15 1
110 26 1
166 21.9 0
94.5 19.2 1
98.7 18.4 1
101 21.1 1
114 41.9 0
91.5 31.8 1
143 2.68 1
108 12.1 1
195 28 0
152 6.28 1
158 20.2 0
132 43.6 0
124 38.5 0
108 43.3 0
92.7 16.1 1
91.5 9.6 1
121 44 0
160 19.5 0
137 37.4 0
180 28.6 0
146 41.2 0
145 1.28 1
97.7 21.4 1
100 26.4 1
178 28.4 0
102 24.9 1
172 1.15 1
168 2.7 1
117 1.1 1
185 1.48 1
187 43.5 0
91.6 39.6 1
97.2 43.6 1
104 25.2 1
179 43.6 0
91.2 23 1
124 44 0
149 43.8 0
141 1.4 1
90.7 0.825 1
115 30.3 0
130 42.1 0
108 20.4 1
108 22.5 1
134 6.93 1
188 10.9 1
186 11.4 1
173 43.5 0
106 3.63 1
113 37.3 0
124 30 0
143 26.3 0
142 27.5 0
185 14.3 0
177 10.2 1
128 36.8 0
139 40.5 0
156 29 0
140 15.7 1
115 4.3 1
177 24.2 0
172 7.35 1
116 24.2 1
118 23.9 1
153 43.5 0
152 42.2 0
129 25.3 0
140 22 0
142 30.6 0
144 9.83 1
118 18.3 1
130 9.38 1
128 8.03 1
127 43.5 0
125 42.5 0
145 12.7 1
94.2 13.5 1
183 1.48 1
185 42.1 0
183 43.6 0
174 30.1 0
157 26.2 0
113 20 1
141 37.7 0
91.7 28.8 1
93.2 30.4 1
188 55.5 0
126 59.3 0
187 60.5 0
127 62.4 0
163 57.7 0
175 95.4 0
100 83.6 1
134 61.4 0
190 54.4 0
192 68.3 0
165 89.8 0
107 76 1
193 55.9 0
95.3 54.6 1
175 93 0
152 65.2 0
91.6 51.6 1
121 65.5 0
193 80.8 0
131 92.3 0
140 69 0
142 82.6 0
102 55.4 1
160 94.6 0
183 85.2 0
164 76.3 0
116 74.2 0
164 85.2 0
196 69.2 0
100 57.3 1
143 72.1 0
142 97.4 0
138 61.5 0
138 69.7 0
190 95.5 0
117 60.1 0
190 48.2 0
187 63.3 0
142 87.6 0
174 54.9 0
178 73 0
152 84.6 0
162 98 0
144 89.9 0
156 68.1 0
141 95.7 0
106 82.8 1
188 85 0
152 80 0
186 86 0
195 48.2 0
115 59.1 0
136 73.9 0
126 80.7 0
107 86.7 1
132 67 0
110 78.9 1
135 66.7 0
195 60.9 0
169 72.2 0
113 53.9 0
111 53.4 0
176 53.3 0
194 75.1 0
151 73.7 0
169 66.1 0
182 49.6 0
113 61.1 0
178 66.4 0
176 64.4 0
120 75.8 0
143 74.9 0
122 46.3 0
111 46.3 0
112 79.5 1
180 65.1 0
196 90.5 0
139 97.1 0
117 51.8 0
156 85.9 0
160 91.4 0
192 46.8 0
143 56.9 0
92.9 80.5 1
182 58.7 0
98.5 97.1 1
185 46.5 0
91.5 82.1 1
91.6 57.3 1
200 82.4 0
135 91.3 0
121 92.2 0
136 90 0
136 88 0
116 68.4 0
110 97.2 1
108 57.6 0
93 91.9 1
141 45.9 0
117 98.3 1
92.9 85.9 1
177 98.5 0
150 46.5 0
144 98.6 0
112 98.8 1
171 64.3 0
139 48.6 0
200 85.4 0
179 98.5 0
159 52.4 0
158 98.5 0
109 60.1 0
160 47.6 0
184 98.7 0
144 50.5 0
158 46.3 0
152 46.5 0
121 98.8 0
91.5 78.3 1
187 46.5 0
199 46.4 0
178 46.4 0
127 98.6 0
162 46.3 0
90.7 98.5 1
190 70.4 0
149 92.1 0
181 81.8 0
110 50.3 0
102 71.8 1
127 88.8 0
127 91 0
106 56.1 1
169 88.7 0
100 79.2 1
98.6 81.3 1
139 54.5 0
137 55.7 0
129 77.1 0
163 63.5 0
166 62.9 0
149 95.3 0
119 71.6 0
117 47.5 0
166 58.1 0
196 87.8 0
183 52.4 0
164 71.9 0
163 73.9 0
119 97.1 0
176 47.7 0
190 93.3 0
188 92 0
91.6 60.8 1
124 98.8 0
125 97.4 0
149 79.1 0
149 77 0
107 46.5 0
99.9 48.5 1
101 65 1
198 75.6 0
144 45.9 0
91.7 71.5 1
91.8 67.2 1
24.9 18.9 1
4.35 28.8 0
2.13 28.5 0
27.6 18.3 1
44.6 4.58 1
34.4 34.7 1
31.7 32.2 1
36.7 33.6 1
34.8 28.9 1
48.9 41 1
16.2 24.8 0
22.2 13 0
16 29.4 1
46.3 27.5 1
11.5 29.3 0
3.25 35.8 1
10.9 37.1 1
6.05 33.3 0
56.1 35 1
40.2 20.5 1
52.9 10.2 1
52.6 31.8 1
41.7 7.4 1
18.2 9.7 0
38.5 19.3 1
53.8 35 1
32.6 13.7 1
43.9 29.2 1
7.78 12.8 0
15.9 9.78 0
58.5 5.5 1
12.1 22.8 0
52.7 18.2 1
29.3 41.7 1
7.9 8.3 0
29.1 7.75 0
5.7 16.7 0
50.9 16.7 1
34.2 19.4 1
15.5 12.5 0
34.9 41.7 1
34.9 22.6 1
16.7 19.2 0
51.4 12.6 1
56.6 24.9 1
54.2 25.3 1
3.5 17.2 0
2.75 22.4 0
21 40.6 1
29.9 14.7 0
57.5 0.825 1
21.2 38 1
58.8 41.5 1
27.8 43.5 1
57.6 42.8 1
10.1 9.23 0
27.9 1.48 0
31.9 1.53 0
37.1 1.33 1
36.9 43.5 1
17.2 1.35 0
58.8 39.6 1
45.4 25.3 1
48.1 23 1
20.5 2.83 0
21.8 15.8 0
1.93 20.5 0
12.4 17.6 0
9.83 41.6 1
11.7 43.6 1
58.7 32.9 1
19 16.1 0
26.4 8.63 0
38.1 15 1
57.8 27 1
45.8 8.35 1
51.4 6.5 1
6.53 10.4 0
58.6 12.6 1
0.525 36.3 0
41.7 64.5 1
39.3 65.3 1
50.8 86.9 1
29.1 76.9 0
35.9 69.7 1
51 59.4 1
40 92.1 0
28.5 98.2 0
11.2 62.6 1
37.3 92.3 0
35.8 50.5 1
9.7 60.3 1
6.88 70.1 1
37.4 73 1
30.6 96.7 0
38.8 68.9 1
47.3 57.7 1
21.5 64.5 1
5.8 49.4 1
4.75 91 1
0.55 76.5 1
7.1 61.6 1
38.2 76.8 1
2.43 69.2 1
10.4 67 1
27.7 79.5 0
51.8 72.9 1
20.7 60.8 1
52.2 50.4 1
0.75 65.4 1
32.1 81.1 0
8.85 53.3 1
8.2 73.4 1
3.83 60.5 1
26.6 63.7 1
12.5 88.2 0
35.1 85.4 0
15 88.5 0
42.1 88.7 0
39 84.2 0
31.5 56.2 1
17.7 64.2 1
10.8 73.2 1
41.4 85.9 0
15.8 56.4 1
45.2 79.2 1
16.3 62.3 1
24.2 55.4 1
55.6 85.8 1
46.6 55 1
16.5 53.9 1
13.5 48.8 1
17.4 85.3 0
40.3 47.9 1
25.6 58 1
18.4 81 0
17.3 57.8 1
16.5 82.2 0
16.5 69.1 1
58.2 83.4 1
18.1 71.1 1
46.7 76.9 1
5.95 76.9 1
30.4 58.6 1
58.8 52.8 1
23.9 80.9 0
26.3 49 1
35.1 47.9 1
0.65 82.1 1
15.9 97.4 0
3.98 97.2 0
19.3 57.5 1
58.6 58.2 1
58.5 92 1
58.6 76.9 1
16.5 75.1 1
36.9 46.3 1
17.4 46.3 1
32.1 98.5 0
48.9 65 1
58.6 74.4 1
46.8 69 1
41.9 55.4 1
0.225 96.3 1
21 92.1 0
21.2 70.3 1
26.3 85.3 0
6.63 95.7 0
6.3 52.4 1
54.8 72.2 1
9.98 98.6 0
47.6 47.7 1
48.9 50.1 1
47.2 51.7 1
20.7 82.7 0
21.4 85 0
49.4 77.3 1
19.1 53.1 1
23.8 73.8 1
30.2 47.9 1
28.1 47.5 1
58.3 61.8 1
56.9 60.1 1
57.5 47.1 1
68.6 14.9 1
69.4 11 1
69.7 17.8 1
81.2 38.7 1
71.8 9.65 1
70 2.9 1
70.7 42.2 1
88.6 8.63 1
88.6 37.9 1
86.8 9.9 1
69.3 7.38 1
85.8 24.3 1
63.2 41.2 1
88.2 12.2 1
83.3 24.5 1
72.5 43.8 1
79.9 42.6 1
67 8.68 1
72.3 1.55 1
67.2 19.7 1
61.1 35 1
88.6 5.45 1
68.2 43.4 1
77 26.7 1
67.6 1.35 1
62.5 24.8 1
61.4 10.1 1
62.6 8.48 1
61.4 27.4 1
61.3 5.38 1
85.8 41 1
88.8 42.9 1
62.9 37.4 1
87.3 30.6 1
87.2 33.3 1
62.5 30.3 1
88.6 3.58 1
74.5 69.7 1
84.3 92.5 1
71.5 96.2 1
68.9 48.9 1
72.8 80.1 1
80.8 92.6 1
88.1 59.2 1
87.8 90.8 1
66.2 70 1
69.7 86.1 1
82.7 96.8 1
73.4 85.3 1
80.5 95.3 1
72.6 98.6 1
79.5 60.2 1
63.9 54 1
62.8 95.3 1
61.4 92.8 1
77.4 87.4 1
69.3 65 1
84.9 86 1
81.4 85.6 1
77.4 90 1
63.1 76 1
67.7 77.3 1
61.6 73.5 1
86.6 62.9 1
88.4 73.4 1
87.5 98.5 1
88.8 46.9 1
62.8 48.3 1
88.4 52.8 1
88.5 83.3 1
81.3 68 1
61.4 46.9 1
61.5 52.8 1
80.9 56.5 1
71 47.5 1
72.6 49.2 1
66.1 66.9 1
80 74.4 1
78.7 70.1 1
61.5 59.3 1
88.4 75.9 1
86.3 87.8 1
75.2 79.5 1
61.5 65 1
61.4 82.5 1
63 83.8 1
193 40 0
135 31 0
192 10.7 1
159 27.4 0
193 3.4 1
189 8.83 1
189 20.4 0
194 31.2 0
137 15.6 1
164 26.3 0
160 40.2 0
156 10.9 1
111 18.9 1
170 19.3 0
126 36.6 0
196 30.5 0
169 35.5 0
136 2.68 1
128 30.2 0
192 15.8 0
147 25.6 0
97.6 12.1 1
119 20.8 1
125 32.2 0
149 16.8 0
186 19.8 0
198 10.2 1
170 25 0
180 26.2 0
147 36.6 0
119 32 0
160 34 0
135 19.7 0
191 43.5 0
138 1.4 1
198 32.3 0
106 12.1 1
158 30.2 0
123 1.48 1
99.6 24.7 1
174 14.6 0
122 13.5 1
151 7.6 1
181 35.6 0
146 20.8 0
99.1 42.2 0
115 8.73 1
151 22.3 0
144 4.15 1
164 43.7 0
108 2.18 1
163 6.48 1
143 30.8 0
93.1 36.5 1
167 24.4 0
147 17.5 0
121 3.78 1
97.7 23.6 1
163 4.1 1
105 27.2 1
125 24.4 0
190 35.8 0
112 8.33 1
153 1.73 1
104 29.1 0
199 2.68 1
179 17.7 0
91.5 33.1 1
130 37 0
126 13.4 1
119 14.5 1
104 18.4 1
104 31.1 1
129 18.9 1
141 29.4 0
147 15 1
97.7 7.48 1
102 19.6 1
105 9.5 1
182 30.3 0
98.4 2.63 1
176 6.08 1
155 17.2 0
92.9 7.85 1
171 29.1 0
110 43.3 0
192 23.8 0
93.7 42.8 1
115 13.1 1
170 3.85 1
168 7.73 1
101 23.2 1
171 15 0
135 43.6 0
166 43.7 0
158 3.1 1
145 42.6 0
91.4 5.2 1
159 36.2 0
142 1.4 1
162 2.85 1
118 2.3 1
125 17.2 1
128 2.75 1
91.6 38 1
97 19.4 1
176 2.58 1
101 28.6 1
144 43.9 0
162 8.1 1
177 1.43 1
118 35.6 0
92.1 44.2 1
102 43.6 0
157 43.5 0
198 42.4 0
92.1 2 1
150 1.18 1
199 38.3 0
142 43.9 0
159 7.45 1
131 1.28 1
187 1.48 1
122 44 0
113 30.5 0
184 9.93 1
198 23.3 0
196 22 0
199 21.6 0
137 9.25 1
173 41.1 0
120 29.9 0
141 24.9 0
140 26.1 0
184 12.9 1
196 33 0
193 34.9 0
180 22.1 0
181 23.6 0
113 3.2 1
175 11.4 1
91.7 27.6 1
153 10.7 1
179 10.6 1
167 32.5 0
141 43.9 0
154 29.2 0
101 16.1 1
141 14.1 1
130 13.6 1
170 6.5 1
116 25.4 0
141 20.2 0
174 21.6 0
172 21.9 0
120 6.35 1
145 6.85 1
164 22 0
119 17.2 1
116 18 1
167 19.9 0
145 2.75 1
147 3.93 1
197 2.68 1
91.5 11.5 1
111 5.38 1
101 36.5 1
99.5 35 1
181 2.9 1
174 32.4 0
115 22.8 1
162 60.2 0
148 63.3 0
108 50.6 0
150 61.3 0
105 77.7 1
149 65.8 0
108 54 0
107 73.7 1
122 68.3 0
181 73.2 0
198 71.1 0
139 80.4 0
167 49.4 0
93.2 55.2 1
92.8 49.2 1
109 76.8 1
191 80.3 0
168 82.7 0
171 97.2 0
130 63 0
140 77.6 0
124 58.3 0
151 88.5 0
146 54.6 0
137 80.3 0
106 64.7 1
137 77.5 0
156 88.9 0
131 60.9 0
189 74.7 0
176 71 0
136 62.5 0
148 54.6 0
150 57 0
98.2 55.1 1
189 96.8 0
160 73.7 0
113 92.4 1
169 48.1 0
109 67.6 1
128 57.8 0
131 88.7 0
167 78.4 0
111 92.5 1
130 79.8 0
160 96.5 0
148 84.7 0
154 78.3 0
108 80.6 1
164 88.2 0
140 89 0
152 82.3 0
130 58.7 0
127 75.7 0
154 74.1 0
154 67.7 0
159 83.8 0
119 69.2 0
125 77.4 0
132 90.9 0
170 75 0
142 91.3 0
176 81.2 0
132 73.6 0
128 46.4 0
157 66.8 0
181 54 0
103 92 1
115 63.1 0
107 89.4 1
187 77.2 0
111 48.1 0
118 62.5 0
101 92 1
112 84.5 1
182 97.1 0
191 88.7 0
129 81.7 0
197 80.9 0
156 64 0
106 84.8 1
130 97.2 0
174 63.9 0
183 98.7 0
151 71.8 0
167 72.2 0
158 78.4 0
94.2 86.8 1
160 79.7 0
135 86.5 0
122 88.6 0
143 98.6 0
154 92.4 0
178 77.2 0
174 76.4 0
110 55.6 0
132 86.7 0
134 49.4 0
122 53.1 0
150 75.9 0
99.5 67.6 1
124 93.7 0
112 72.2 1
91.6 58.6 1
114 77.9 1
124 92.2 0
120 53.5 0
122 92.4 0
119 79.6 0
138 89 0
119 81.6 0
187 98.7 0
131 46.4 0
132 98.6 0
140 47.1 0
115 46.3 0
91.5 83.5 1
91.6 92 1
154 47.8 0
137 47.6 0
192 46.8 0
101 46.5 0
140 50.6 0
162 53.3 0
147 81 0
108 98.5 1
163 46.3 0
122 98.8 0
173 46.3 0
102 46.5 0
114 95.1 1
183 77.8 0
109 72.1 1
167 52 0
169 53.8 0
122 82.7 0
140 56.8 0
138 58 0
133 52.1 0
115 85 1
123 48.6 0
173 85.4 0
99.9 60.2 1
192 96.8 0
150 96.7 0
150 52.6 0
119 73.7 0
118 46.3 0
117 49.1 0
167 60 0
194 86.6 0
97.5 89.8 1
97.3 87.3 1
166 96.5 0
135 98.6 0
137 96.8 0
156 70.7 0
170 70.1 0
142 45.9 0
93.4 61.9 1
155 97.1 0
94.3 90.5 1
92.7 88.4 1
91.2 46.9 1
96.8 48.6 1
98.9 50.1 1
178 61.2 0
197 74.2 0
156 53.2 0
154 52 0
155 55.5 0
149 46.5 0
148 47.7 0
145 47.1 0
93.5 68.9 1
21 7.08 0
37.4 26.6 1
47.4 20.2 1
2.08 9.53 0
35.4 15.4 1
2.73 15.1 0
55.5 9.73 1
9.2 32.5 1
0.7 13.7 0
24 16.9 0
20.4 4.68 0
40.1 26.8 1
7 14.4 0
6.13 2.85 0
25.3 12.6 0
13.4 37.7 1
51 22.9 1
18.5 8.35 0
38 17.2 1
36.1 7.7 1
41.2 19.7 1
13.8 40.7 1
38.4 30.9 1
54.1 28 1
51.5 20.5 1
44.1 18.4 1
41.5 2.75 1
22.9 30.8 1
57.2 3.63 1
17.8 13.6 0
50.7 31.3 1
56 2.3 1
5.18 21.9 0
31.8 29 1
40.6 29.4 1
55.5 16.9 1
29.6 3 0
56.5 28.8 1
58.7 19.1 1
4.3 1.55 0
11.9 13.3 0
7.2 18.4 0
37.4 1.33 1
19.7 12 0
33 21.4 1
31.6 43.2 1
58.8 2.15 1
14.6 7.95 0
43.8 43.4 1
46.3 43.4 1
12.9 6.5 0
11.4 8 0
58.8 38.1 1
53.8 43.7 1
58.7 21.6 1
56.3 43.7 1
3.08 43.7 1
53.5 1.48 1
1.2 43.7 1
24.3 43.5 1
24.4 1.48 0
9.15 1.3 0
26.8 43.5 1
17.5 43.6 1
47 10.4 1
23.7 26.1 1
22.1 24.1 1
24.3 33.6 1
3.15 19.1 0
40.3 22.8 1
13.9 19.1 0
10.5 40.1 1
12.3 42.1 1
58.5 8.43 1
56.9 7.5 1
0.325 23.1 0
57.3 32.6 1
7.18 41.8 1
39.6 13.6 1
38.5 9.03 1
13.8 2.73 0
12.4 4.03 0
9.7 26 0
7.28 25.7 0
10.2 23.7 0
7.75 23.4 0
44 7.43 1
51.5 4.15 1
35.5 4.85 1
0.8 18.5 0
5.08 10.9 0
27.9 24.8 1
17.2 1.35 0
57.1 10.7 1
57.1 12.5 1
50.7 89.2 1
54.3 67.5 1
1.88 57.8 1
31.4 91.3 0
54.5 69.8 1
9.83 84.4 0
7.2 84.9 0
35.7 72.2 1
40.5 95 0
49.2 59.5 1
45 58.8 1
32.3 67.5 1
37.8 95.2 0
48.2 90.7 1
44.3 56.1 1
47.9 84.3 0
22.1 62.3 1
6.23 66.3 1
2.23 94.8 1
1.2 71.8 1
25.4 95.3 0
50.2 92.4 1
20.3 55.3 1
12.2 79.8 0
39.7 79.9 0
40.7 72.8 1
2.48 91.3 1
5.78 82.4 1
54.6 80.1 1
22.2 68.3 1
40 53.9 1
29.9 68.4 1
58.3 65.3 1
31.9 76.4 0
37.9 58.9 1
37.3 85.4 0
24.6 61.9 1
38.9 74.5 1
29.5 81.5 0
10.2 92.4 0
52.7 90.9 1
21.6 95.9 0
33.1 78.6 0
51.3 80.3 1
53.2 58.3 1
37.1 63.1 1
34.6 88.8 0
17.5 66.7 1
3.58 75.9 1
15.8 53.2 1
57.2 90.3 1
38.9 82.3 0
46.2 98.3 0
14.3 69.9 1
24.9 92.5 0
12.1 98.6 0
29.2 51.9 1
26.8 51.7 1
20.1 48.9 1
51.5 70.6 1
56 98.5 1
13.9 51.7 1
19.9 86.4 0
19.2 59.6 1
43.3 46.6 1
17.3 59.9 1
43.7 98.3 0
22.4 76.4 0
8.13 46.3 1
11.5 46.3 1
15 95.4 0
35.5 98.5 0
58.5 95.5 1
58.7 88.2 1
16 92.9 0
18.2 76.8 0
17.3 73.2 1
31.8 46.7 1
1.35 46.4 1
53.5 98.5 1
17.4 46.3 1
53.8 46.4 1
3.23 46.4 1
58.5 93 1
23.8 46.5 1
33 98.5 0
17.8 98.8 0
2.18 55 1
4.33 55.7 1
49.4 68.9 1
13.5 75.5 0
10.9 77.8 1
53.6 55.2 1
33 64.5 1
31 63.5 1
8.58 97.1 0
23.3 97.1 0
22.5 82.3 0
23.1 84.6 0
43.7 84 0
56.3 46.4 1
26.6 73.3 1
29.7 49.1 1
44.9 70.8 1
58.8 48.3 1
72.1 19.3 1
72.2 25.6 1
70 29.4 1
69.6 26.8 1
80.7 8.25 1
80.7 30.7 1
80.8 16.1 1
87.1 38.6 1
80 5.1 1
64.6 17.7 1
64.9 15 1
85.8 28.6 1
88.6 7.03 1
88.5 21.1 1
83.4 27.5 1
61.4 42.9 1
73.3 1.55 1
83.6 1.43 1
61.1 19.3 1
75.8 1.55 1
73.5 43.8 1
61.3 6.95 1
88.5 18.6 1
61.4 27.4 1
61.4 11.9 1
61.1 33.1 1
76 43.8 1
83.4 43.8 1
61.1 21.8 1
85.6 36.5 0
83.3 36.5 1
87.3 27 1
77 11.3 1
87.5 43.7 1
61.1 36.6 1
81.1 23.2 1
88.6 32.6 1
62.3 0.825 1
63.5 2.18 1
62.2 3.5 1
86.1 1.43 1
84.2 55.8 1
74 55.5 1
72 72.1 1
85.8 58.1 1
71.8 86.9 1
74.3 66.7 1
83.1 78 1
85.6 78.5 1
85.7 97.1 1
68.3 71.2 1
70.9 77.9 1
63.7 73.6 1
68.9 59.7 1
65.2 76 1
73.6 98.6 1
61.5 62.5 1
68.9 79.2 1
73.6 46.7 1
86.6 72.5 1
61.6 87.7 1
88.8 46.9 1
88.6 63.6 1
76.1 98.6 1
85.1 70.4 1
61.4 77.4 1
61.4 97 1
68.3 81.7 1
67.8 46.5 1
76.1 46.7 1
83.4 46.5 1
88.6 66.1 1
65.7 57.9 1
79.4 54.1 1
87.8 88.6 1
87.2 48.3 1
64.5 90.4 1
66.9 90.5 1
68.8 97.6 1
66.7 94.2 1
192 37.8 0
112 26.2 1
113 28.6 0
169 39 0
181 32.8 0
132 35 0
114 35.6 0
145 25.8 0
195 36.8 0
115 28.3 0
131 32.1 0
109 13.1 1
94.9 11.1 1
170 31.5 0
107 34.6 0
172 17.5 0
151 31 0
165 24.6 0
181 4.3 1
154 31.6 0
192 42.2 0
106 19.7 1
163 34.5 0
143 37.3 0
171 33.3 0
135 12 1
115 11 1
160 19.2 0
177 7.93 1
164 36.9 0
101 10.3 1
142 21 0
122 20.8 1
129 24.2 0
137 26.6 0
137 28.8 0
151 19.6 0
121 18.6 1
176 39.8 0
147 34.5 0
176 22.6 0
183 37.3 0
140 18.6 0
126 4.53 1
147 6.63 1
94.8 36.6 1
181 6.85 1
123 8.3 1
139 43 0
114 24 0
130 25.9 0
104 14.9 1
123 11.9 1
200 13 1
106 26.2 1
181 43.6 0
128 17.2 1
137 41.6 0
120 38.5 0
123 38.7 0
139 9.18 1
106 23.3 1
152 2.9 1
147 19.2 0
94.7 8.43 1
183 29.6 0
145 30.8 0
171 23 0
178 36.1 0
145 38 0
104 5.03 1
108 25.3 1
117 14.3 1
180 13.6 0
117 31.3 0
110 43.3 0
154 43.5 0
186 30.6 0
179 15.4 0
196 26.3 0
198 25.7 0
175 16.3 0
149 14.4 1
133 24.6 0
156 43.5 0
195 4.55 1
99.9 4.03 1
118 6.5 1
100 43.6 0
92.6 41.5 1
119 27.4 0
133 1.28 1
131 42.1 0
119 33.6 0
92.8 19.3 1
115 43.3 0
117 43.3 0
176 29.4 0
179 43.6 0
175 19.4 0
157 1.73 1
139 1.4 1
159 4.58 1
91.4 6.78 1
177 3.98 1
179 19.7 0
91.5 17.6 1
200 40.8 0
91 42.9 1
132 43.6 0
91.4 3.33 1
187 35 0
163 1.48 1
168 12.4 1
102 2.85 1
146 43.8 0
95.6 43.6 1
128 1.28 1
104 24.1 1
127 43.5 0
188 43.5 0
122 44 0
93.4 1.18 1
91.2 21.8 1
167 1.25 1
173 1.15 1
148 43.8 0
175 1.15 1
95 1.18 1
96.7 1.18 1
160 14.6 0
136 35.3 0
137 33.4 0
198 20.4 0
185 22.6 0
156 23.3 0
135 7.6 1
187 11.8 1
154 36.6 0
189 17.9 0
122 29.9 0
152 38.1 0
122 2.68 1
112 33.5 0
189 26.2 0
95.1 30.6 1
175 12.9 1
152 25 0
153 23.3 0
165 32.2 0
140 41.9 0
154 26.8 0
101 18 1
165 12.7 1
128 14.5 1
191 1.88 1
189 3.35 1
196 9.63 1
107 43.3 0
105 41.9 0
116 3.93 1
178 26 0
118 25 0
145 20.9 0
145 12.7 1
144 8.33 1
174 7.3 1
117 16.9 1
179 1.43 1
169 20.5 0
145 40.8 0
93 12.4 1
97.7 35.8 1
183 1.48 1
184 42.1 0
182 43.6 0
165 14.8 0
189 28.4 0
156 25.4 0
115 20 1
108 78.5 1
115 91 1
115 49.6 0
127 50.7 0
200 77.3 0
172 54.2 0
135 74 0
120 95.7 0
190 78.4 0
147 90.8 0
124 86.8 0
139 60.1 0
125 63.8 0
191 75.9 0
100 95.1 1
122 65 0
148 76.5 0
162 84.6 0
147 86.5 0
109 70.2 1
140 52.7 0
158 59.6 0
100 53.1 1
130 95.1 0
176 52.5 0
104 95.2 1
198 62.3 0
154 90.2 0
165 48.1 0
102 96.7 1
144 86.4 0
144 71.7 0
115 52.4 0
153 72.3 0
167 56 0
181 84.2 0
144 74.5 0
121 77.4 0
113 48.1 0
123 78.1 0
183 95.5 0
144 62.1 0
154 63.4 0
121 47.8 0
128 53.3 0
93.1 74.8 1
169 76.3 0
182 49.3 0
196 85.6 0
161 67.7 0
91.6 53 1
193 88.8 0
198 86.8 0
147 70.5 0
191 64.6 0
135 81.3 0
119 58.7 0
130 46.4 0
114 75.2 1
153 76.4 0
195 60.9 0
177 89.1 0
165 76.6 0
194 91.3 0
174 58.7 0
130 69.3 0
173 74.8 0
143 57.3 0
112 74.6 1
110 86 1
188 64 0
149 82.8 0
164 52.4 0
98.3 74.9 1
184 69.4 0
127 56.8 0
179 88.7 0
122 46.3 0
175 47.7 0
95.3 98.5 1
129 98.6 0
138 98.3 0
106 46.5 0
163 98 0
176 78.4 0
195 82.7 0
142 50.3 0
91.7 72.8 1
127 70 0
171 60.2 0
153 49.9 0
136 49.1 0
157 85.1 0
145 98.6 0
112 60.2 0
132 47.9 0
183 92.7 0
120 93 0
107 61.8 1
96.9 98.5 1
124 96 0
176 97.2 0
117 98.3 0
183 66.6 0
185 91.6 0
117 83 1
196 98.7 0
104 46.5 0
91.8 65.6 1
123 91 0
142 63.7 0
190 48.2 0
180 98.5 0
173 98.8 0
91.5 77 1
113 81.9 1
160 49.3 0
91.6 93 1
198 46.4 0
173 46.3 0
137 46.1 0
160 52 0
127 98.6 0
188 46.5 0
178 46.4 0
158 98.5 0
146 46.2 0
157 46.3 0
181 76.1 0
112 96.8 1
111 95.3 1
124 81.3 0
105 56.8 1
134 53.9 0
116 87 1
122 50.2 0
171 85.2 0
130 76 0
174 71.6 0
191 98.1 0
114 56.5 0
147 96.7 0
184 47.9 0
119 47.8 0
183 52.1 0
166 98 0
122 97.3 0
154 70.3 0
175 85.7 0
134 98.6 0
141 47.1 0
143 48.2 0
116 79.5 0
162 77.3 0
154 95.2 0
153 98.6 0
92.1 46.3 1
113 66.4 0
114 68 0
92 98.5 1
93.6 97 1
103 64.8 1
