192.372 95.3765 0
3.00286 3.06542 0
141.627 95.6991 0
113.928 95.6992 0
62.9785 95.6994 0
53.8191 95.6993 0
155.524 95.6994 0
114.472 4.30123 0
72.6962 95.699 0
164.332 95.6992 0
39.5368 95.699 0
91.1258 48.1791 0
95.3824 44.2301 0
2.85029 20.2769 0
197.147 29.4221 0
95.6184 52.8223 0
49.7155 4.30108 4
169.03 95.6991 0
87.4301 52.3462 0
3.52705 94.1187 0
174.631 4.30146 0
86.4193 95.6991 0
95.8283 4.30112 0
128.041 95.6993 0
159.94 67.4258 0
95.0332 95.6987 0
63.4761 4.30084 4
146.65 4.30068 0
196.589 5.93027 0
86.5536 4.301 4
110.813 56.4823 0
110.192 4.30121 0
113.74 65.8652 0
168.117 75.4907 0
116.782 57.0278 0
7.60268 95.4714 0
117.439 62.2266 0
12.7725 4.31569 0
118.663 4.30067 0
105.572 4.301 0
45.2826 4.30098 4
53.9074 4.30105 4
36.1434 4.30144 0
31.621 4.30135 0
187.857 95.6443 0
100.812 4.3007 0
100.037 95.6987 0
2.84999 24.8803 0
197.15 34.0258 0
2.85292 15.6735 0
197.117 24.8173 0
197.091 88.8558 0
76.9516 95.6993 0
151.583 4.30055 0
2.87731 11.1759 0
117.531 51.7269 0
77.5907 4.30096 4
137.06 95.6992 0
44.4985 95.6992 0
2.84997 29.4253 0
197.15 38.5708 0
197.144 20.2744 0
197.144 84.2944 0
27.0021 4.3012 0
2.84997 33.9959 0
197.15 43.1414 0
197.149 79.7226 0
2.84997 38.5682 0
2.84997 43.1409 0
2.84997 47.7136 0
2.84997 52.2864 0
2.84997 56.8591 0
2.84997 61.4318 0
2.84997 66.0045 0
2.84997 70.5773 0
197.15 47.7137 0
197.15 52.2864 0
197.15 56.8591 0
197.15 61.4318 0
197.15 66.0045 0
197.15 70.5773 0
197.15 75.15 0
2.85003 75.15 0
2.85056 79.7226 0
197.144 15.7054 0
2.85582 84.2938 0
7.46875 4.40848 0
17.5307 4.3036 0
170.303 4.30121 0
133.169 4.30117 0
72.3449 4.30093 4
197.1 11.1435 0
2.90776 88.8505 0
156.301 4.30068 0
86.7041 48.0836 0
12.078 95.6594 0
160.955 4.30083 0
22.2799 4.30131 0
165.607 4.30109 0
109.285 95.6994 0
183.406 4.31365 0
155.427 70.7874 0
123.236 4.30071 0
91.0857 43.6983 0
40.6382 4.30127 4
178.686 95.6972 0
100.278 55.2872 0
25.211 95.6988 0
117.95 65.8992 0
30.5334 95.6992 0
137.807 4.30087 0
123.116 95.6994 0
16.5953 95.6918 0
105.352 50.8924 0
188.636 4.37713 0
168.628 79.526 0
96.0574 39.4827 0
87.3023 61.4469 0
164.176 67.3615 0
67.9757 95.6994 0
26.0819 48.3169 0
132.728 95.6986 0
158.712 70.7963 0
86.6989 65.8077 0
117.976 47.9844 0
99.7117 43.8839 0
113.605 70.1899 0
174.246 95.6989 0
145.894 95.699 0
196.47 94.1 0
58.7975 4.3009 4
104.547 75.0542 0
150.61 95.699 0
178.503 4.30256 0
186.736 25.5011 0
67.454 4.30116 4
128.199 4.30083 0
91.2416 4.30068 4
113.618 43.5547 0
91.0957 70.373 0
81.793 95.6989 0
12.9781 20.0988 0
90.3808 95.699 0
16.8246 20.0987 0
49.524 95.6993 0
99.7332 39.0806 0
30.8027 52.003 0
167.695 71.0518 0
182.962 95.6894 0
35.5379 95.6992 0
25.849 60.6002 0
82.0034 4.30079 4
91.1716 65.8033 0
142.144 4.30086 0
20.7064 95.6975 0
112.606 61.0174 0
192.917 4.65703 0
100.618 50.5229 0
155.919 74.3873 0
164.673 79.107 0
160.112 95.6994 0
58.3326 95.6994 0
30.0166 48.4898 0
99.9488 68.7801 0
22.4528 48.1192 0
104.248 39.7797 0
183.617 28.6045 0
22.6625 57.0303 0
187.135 28.9356 0
27.2546 51.9673 0
30.3692 55.8687 0
3.16614 6.37718 0
100.385 74.2028 0
22.7623 51.9395 0
160.415 79.3926 0
105.412 56.0043 0
22.3903 61.0311 0
156.182 67.2743 0
108.204 74.4873 0
118.418 95.6993 0
108.629 39.059 0
95.9278 74.7326 0
104.675 95.699 0
109.263 69.4508 0
94.9679 61.7246 0
159.913 75.3 0
113.751 48.5615 0
87.6162 56.6483 0
105.122 44.9551 0
99.9743 63.1238 0
168.279 66.7363 0
183.24 25.369 0
95.3156 70.6019 0
108.581 63.2489 0
109.575 43.2062 0
109.261 52.2445 0
26.4688 56.201 0
164.268 75.2017 0
99.9608 58.9782 0
96.2579 57.0695 0
96.0223 48.8722 0
104.595 71.172 0
104.569 60.3788 0
113.509 53.94 0
91.1815 52.071 0
5.7 8.6 0
5.7 13.2 0
10.3 8.6 0
10.3 13.2 0
5.7 17.8 0
10.3 17.8 0
5.7 22.4 0
10.3 22.4 0
5.7 27 0
10.3 27 0
5.7 31.6 0
10.3 31.6 0
5.7 36.2 0
10.3 36.2 0
5.7 40.8 0
10.3 40.8 0
5.7 45.4 0
10.3 45.4 0
5.7 50 0
10.3 50 0
5.7 54.6 0
10.3 54.6 0
5.7 59.2 0
10.3 59.2 0
5.7 63.8 0
10.3 63.8 0
5.7 68.4 0
10.3 68.4 0
5.7 73 0
10.3 73 0
5.7 77.6 0
10.3 77.6 0
5.7 82.2 0
10.3 82.2 0
5.7 86.8 0
10.3 86.8 0
5.7 91.4 0
10.3 91.4 0
14.9 8.6 0
14.9 13.2 0
14.9 17.8 0
14.9 22.4 0
14.9 27 0
14.9 31.6 0
14.9 36.2 0
14.9 40.8 0
14.9 45.4 0
14.9 50 0
14.9 54.6 0
14.9 59.2 0
14.9 63.8 0
14.9 68.4 0
14.9 73 0
14.9 77.6 0
14.9 82.2 0
14.9 86.8 0
14.9 91.4 0
19.5 8.6 0
19.5 13.2 0
19.5 17.8 0
19.5 22.4 0
19.5 27 0
19.5 31.6 0
19.5 36.2 0
19.5 40.8 0
19.5 45.4 0
19.5 50 0
19.5 54.6 0
19.5 59.2 0
19.5 63.8 0
19.5 68.4 0
19.5 73 0
19.5 77.6 0
19.5 82.2 0
19.5 86.8 0
19.5 91.4 0
24.1 8.6 0
24.1 13.2 0
24.1 17.8 0
24.1 22.4 0
24.1 27 0
24.1 31.6 0
24.1 36.2 0
24.1 40.8 0
24.1 45.4 0
24.1 63.8 0
24.1 68.4 0
24.1 73 0
24.1 77.6 0
24.1 82.2 0
24.1 86.8 0
24.1 91.4 0
28.7 8.6 0
28.7 13.2 0
28.7 17.8 0
28.7 22.4 0
28.7 27 0
28.7 31.6 0
28.7 36.2 0
28.7 40.8 0
28.7 45.4 0
28.7 63.8 0
28.7 68.4 0
28.7 73 0
28.7 77.6 0
28.7 82.2 0
28.7 86.8 0
28.7 91.4 0
33.3 8.6 0
33.3 13.2 0
33.3 17.8 0
33.3 22.4 0
33.3 27 0
33.3 31.6 0
33.3 36.2 0
33.3 40.8 0
33.3 45.4 0
28.7 59.2 0
33.3 59.2 0
33.3 63.8 0
33.3 68.4 0
33.3 73 0
33.3 77.6 0
33.3 82.2 0
33.3 86.8 0
33.3 91.4 0
37.9 8.6 0
37.9 13.2 0
37.9 17.8 0
37.9 22.4 0
37.9 27 0
37.9 31.6 0
37.9 36.2 0
37.9 40.8 0
37.9 45.4 0
33.3 50 0
37.9 50 0
33.3 54.6 0
37.9 54.6 0
37.9 59.2 0
37.9 63.8 0
37.9 68.4 0
37.9 73 0
37.9 77.6 0
37.9 82.2 0
37.9 86.8 0
37.9 91.4 0
42.5 8.6 0
42.5 13.2 0
42.5 17.8 0
42.5 22.4 0
42.5 27 0
42.5 31.6 0
42.5 36.2 0
42.5 40.8 0
42.5 45.4 0
42.5 50 0
42.5 54.6 0
42.5 59.2 0
42.5 63.8 0
42.5 68.4 0
42.5 73 0
42.5 77.6 0
42.5 82.2 0
42.5 86.8 0
42.5 91.4 0
47.1 8.6 0
47.1 13.2 0
47.1 17.8 0
47.1 22.4 0
47.1 27 0
47.1 31.6 0
47.1 36.2 0
47.1 40.8 0
47.1 45.4 0
47.1 50 0
47.1 54.6 0
47.1 59.2 0
47.1 63.8 0
47.1 68.4 0
47.1 73 0
47.1 77.6 0
47.1 82.2 0
47.1 86.8 0
47.1 91.4 0
51.7 8.6 4
51.7 13.2 4
51.7 17.8 4
51.7 22.4 0
51.7 27 0
51.7 31.6 0
51.7 36.2 0
51.7 40.8 0
51.7 45.4 0
51.7 50 0
51.7 54.6 0
51.7 59.2 0
51.7 63.8 0
51.7 68.4 0
51.7 73 0
51.7 77.6 0
51.7 82.2 0
51.7 86.8 0
51.7 91.4 0
56.3 8.6 4
56.3 13.2 4
56.3 17.8 4
56.3 22.4 4
56.3 27 4
56.3 31.6 4
56.3 36.2 0
56.3 40.8 0
56.3 45.4 0
56.3 50 0
56.3 54.6 0
56.3 59.2 0
56.3 63.8 0
56.3 68.4 0
56.3 73 0
56.3 77.6 0
56.3 82.2 0
56.3 86.8 0
56.3 91.4 0
60.9 8.6 4
60.9 13.2 4
60.9 17.8 4
60.9 22.4 4
60.9 27 4
60.9 31.6 4
60.9 36.2 4
60.9 40.8 0
60.9 45.4 0
60.9 50 0
60.9 54.6 0
60.9 59.2 0
60.9 63.8 0
60.9 68.4 0
60.9 73 0
60.9 77.6 0
60.9 82.2 0
60.9 86.8 0
60.9 91.4 0
65.5 8.6 4
65.5 13.2 4
65.5 17.8 4
65.5 22.4 4
65.5 27 4
65.5 31.6 4
65.5 36.2 4
65.5 40.8 4
65.5 45.4 0
65.5 50 0
65.5 54.6 0
65.5 59.2 0
65.5 63.8 0
65.5 68.4 0
65.5 73 0
65.5 77.6 0
65.5 82.2 0
65.5 86.8 0
65.5 91.4 0
70.1 8.6 4
70.1 13.2 4
70.1 17.8 4
70.1 22.4 4
70.1 27 4
70.1 31.6 4
70.1 36.2 4
70.1 40.8 4
70.1 45.4 0
70.1 50 0
70.1 54.6 0
70.1 59.2 0
70.1 63.8 0
70.1 68.4 0
70.1 73 0
70.1 77.6 0
70.1 82.2 0
70.1 86.8 0
70.1 91.4 0
74.7 8.6 4
74.7 13.2 4
74.7 17.8 4
74.7 22.4 4
74.7 27 4
74.7 31.6 4
74.7 36.2 4
74.7 40.8 4
74.7 45.4 0
74.7 50 0
74.7 54.6 0
74.7 59.2 0
74.7 63.8 0
74.7 68.4 0
74.7 73 0
74.7 77.6 0
74.7 82.2 0
74.7 86.8 0
74.7 91.4 0
79.3 8.6 4
79.3 13.2 4
79.3 17.8 4
79.3 22.4 4
79.3 27 4
79.3 31.6 4
79.3 36.2 0
79.3 40.8 0
79.3 45.4 0
79.3 50 0
79.3 54.6 0
79.3 59.2 0
79.3 63.8 0
79.3 68.4 0
79.3 73 0
79.3 77.6 0
79.3 82.2 0
79.3 86.8 0
79.3 91.4 0
83.9 8.6 4
83.9 13.2 0
83.9 17.8 4
83.9 22.4 0
83.9 27 0
83.9 31.6 0
83.9 36.2 0
83.9 40.8 0
83.9 45.4 0
83.9 50 0
83.9 54.6 0
83.9 59.2 0
83.9 63.8 0
83.9 68.4 0
83.9 73 0
83.9 77.6 0
83.9 82.2 0
83.9 86.8 0
83.9 91.4 0
88.5 8.6 0
88.5 13.2 0
88.5 17.8 0
88.5 22.4 0
88.5 27 0
88.5 31.6 0
88.5 36.2 0
88.5 40.8 0
88.5 45.4 0
88.5 68.4 0
88.5 73 0
88.5 77.6 0
88.5 82.2 0
88.5 86.8 0
88.5 91.4 0
93.1 8.6 0
93.1 13.2 0
93.1 17.8 0
93.1 22.4 0
93.1 27 0
93.1 31.6 0
93.1 36.2 0
93.1 40.8 0
93.1 73 0
93.1 77.6 0
93.1 82.2 0
93.1 86.8 0
93.1 91.4 0
97.7 8.6 0
97.7 13.2 0
97.7 17.8 0
97.7 22.4 0
97.7 27 0
97.7 31.6 0
97.7 36.2 0
97.7 77.6 0
97.7 82.2 0
97.7 86.8 0
97.7 91.4 0
102.3 8.6 0
102.3 13.2 0
102.3 17.8 0
102.3 22.4 0
102.3 27 0
102.3 31.6 0
102.3 36.2 0
102.3 77.6 0
102.3 82.2 0
102.3 86.8 0
102.3 91.4 0
106.9 8.6 0
106.9 13.2 0
106.9 17.8 0
106.9 22.4 0
106.9 27 0
106.9 31.6 0
106.9 36.2 0
106.9 77.6 0
106.9 82.2 0
106.9 86.8 0
106.9 91.4 0
111.5 8.6 0
111.5 13.2 0
111.5 17.8 0
111.5 22.4 0
111.5 27 0
111.5 31.6 0
111.5 36.2 0
111.5 77.6 0
111.5 82.2 0
111.5 86.8 0
111.5 91.4 0
116.1 8.6 0
116.1 13.2 0
116.1 17.8 0
116.1 22.4 0
116.1 27 0
116.1 31.6 0
116.1 36.2 0
111.5 40.8 0
116.1 40.8 0
111.5 73 0
116.1 73 0
116.1 77.6 0
116.1 82.2 0
116.1 86.8 0
116.1 91.4 0
120.7 8.6 0
120.7 13.2 0
120.7 17.8 0
120.7 22.4 0
120.7 27 0
120.7 31.6 0
120.7 36.2 0
120.7 40.8 0
116.1 45.4 0
120.7 45.4 0
116.1 68.4 0
120.7 68.4 0
120.7 73 0
120.7 77.6 0
120.7 82.2 0
120.7 86.8 0
120.7 91.4 0
125.3 8.6 0
125.3 13.2 0
125.3 17.8 0
125.3 22.4 0
125.3 27 0
125.3 31.6 0
125.3 36.2 0
125.3 40.8 0
125.3 45.4 0
120.7 50 0
125.3 50 0
120.7 54.6 0
125.3 54.6 0
120.7 59.2 0
125.3 59.2 0
120.7 63.8 0
125.3 63.8 0
125.3 68.4 0
125.3 73 0
125.3 77.6 0
125.3 82.2 0
125.3 86.8 0
125.3 91.4 0
129.9 8.6 0
129.9 13.2 0
129.9 17.8 0
129.9 22.4 0
129.9 27 0
129.9 31.6 0
129.9 36.2 0
129.9 40.8 0
129.9 45.4 0
129.9 50 0
129.9 54.6 0
129.9 59.2 0
129.9 63.8 0
129.9 68.4 0
129.9 73 0
129.9 77.6 0
129.9 82.2 0
129.9 86.8 0
129.9 91.4 0
134.5 8.6 0
134.5 13.2 0
134.5 17.8 0
134.5 22.4 0
134.5 27 0
134.5 31.6 0
134.5 36.2 0
134.5 40.8 0
134.5 45.4 0
134.5 50 0
134.5 54.6 0
134.5 59.2 0
134.5 63.8 0
134.5 68.4 0
134.5 73 0
134.5 77.6 0
134.5 82.2 0
134.5 86.8 0
134.5 91.4 0
139.1 8.6 0
139.1 13.2 0
139.1 17.8 0
139.1 22.4 0
139.1 27 0
139.1 31.6 0
139.1 36.2 0
139.1 40.8 0
139.1 45.4 0
139.1 50 0
139.1 54.6 0
139.1 59.2 0
139.1 63.8 0
139.1 68.4 0
139.1 73 0
139.1 77.6 0
139.1 82.2 0
139.1 86.8 0
139.1 91.4 0
143.7 8.6 0
143.7 13.2 0
143.7 17.8 0
143.7 22.4 0
143.7 27 0
143.7 31.6 0
143.7 36.2 0
143.7 40.8 0
143.7 45.4 0
143.7 50 0
143.7 54.6 0
143.7 59.2 0
143.7 63.8 0
143.7 68.4 0
143.7 73 0
143.7 77.6 0
143.7 82.2 0
143.7 86.8 0
143.7 91.4 0
148.3 8.6 0
148.3 13.2 0
148.3 17.8 0
148.3 22.4 0
148.3 27 0
148.3 31.6 0
148.3 36.2 0
148.3 40.8 0
148.3 45.4 0
148.3 50 0
148.3 54.6 0
148.3 59.2 0
148.3 63.8 0
148.3 68.4 0
148.3 73 0
148.3 77.6 0
148.3 82.2 0
148.3 86.8 0
148.3 91.4 0
152.9 8.6 0
152.9 13.2 0
152.9 17.8 0
152.9 22.4 0
152.9 27 0
152.9 31.6 0
152.9 36.2 0
152.9 40.8 0
152.9 45.4 0
152.9 50 0
152.9 54.6 0
152.9 59.2 0
152.9 63.8 0
152.9 68.4 0
152.9 73 0
152.9 77.6 0
152.9 82.2 0
152.9 86.8 0
152.9 91.4 0
157.5 8.6 0
157.5 13.2 0
157.5 17.8 0
157.5 22.4 0
157.5 27 0
157.5 31.6 0
157.5 36.2 0
157.5 40.8 0
157.5 45.4 0
157.5 50 0
157.5 54.6 0
157.5 59.2 0
157.5 63.8 0
157.5 77.6 0
157.5 82.2 0
157.5 86.8 0
157.5 91.4 0
162.1 8.6 0
162.1 13.2 0
162.1 17.8 0
162.1 22.4 0
162.1 27 0
162.1 31.6 0
162.1 36.2 0
162.1 40.8 0
162.1 45.4 0
162.1 50 0
162.1 54.6 0
162.1 59.2 0
162.1 63.8 0
162.1 82.2 0
162.1 86.8 0
162.1 91.4 0
166.7 8.6 0
166.7 13.2 0
166.7 17.8 0
166.7 22.4 0
166.7 27 0
166.7 31.6 0
166.7 36.2 0
166.7 40.8 0
166.7 45.4 0
166.7 50 0
166.7 54.6 0
166.7 59.2 0
166.7 63.8 0
166.7 82.2 0
166.7 86.8 0
166.7 91.4 0
171.3 8.6 0
171.3 13.2 0
171.3 17.8 0
171.3 22.4 0
171.3 27 0
171.3 31.6 0
171.3 36.2 0
171.3 40.8 0
171.3 45.4 0
171.3 50 0
171.3 54.6 0
171.3 59.2 0
171.3 63.8 0
171.3 82.2 0
171.3 86.8 0
171.3 91.4 0
175.9 8.6 0
175.9 13.2 0
175.9 17.8 0
175.9 22.4 0
175.9 27 0
175.9 31.6 0
175.9 36.2 0
175.9 40.8 0
175.9 45.4 0
175.9 50 0
175.9 54.6 0
175.9 59.2 0
175.9 63.8 0
171.3 68.4 0
175.9 68.4 0
171.3 73 0
175.9 73 0
171.3 77.6 0
175.9 77.6 0
175.9 82.2 0
175.9 86.8 0
175.9 91.4 0
180.5 8.6 0
180.5 13.2 0
180.5 17.8 0
180.5 22.4 0
180.5 27 0
180.5 31.6 0
180.5 36.2 0
180.5 40.8 0
180.5 45.4 0
180.5 50 0
180.5 54.6 0
180.5 59.2 0
180.5 63.8 0
180.5 68.4 0
180.5 73 0
180.5 77.6 0
180.5 82.2 0
180.5 86.8 0
180.5 91.4 0
185.1 8.6 0
185.1 13.2 0
185.1 17.8 0
185.1 22.4 0
185.1 31.6 0
185.1 36.2 0
185.1 40.8 0
185.1 45.4 0
185.1 50 0
185.1 54.6 0
185.1 59.2 0
185.1 63.8 0
185.1 68.4 0
185.1 73 0
185.1 77.6 0
185.1 82.2 0
185.1 86.8 0
185.1 91.4 0
189.7 8.6 0
189.7 13.2 0
189.7 17.8 0
189.7 22.4 0
189.7 31.6 0
189.7 36.2 0
189.7 40.8 0
189.7 45.4 0
189.7 50 0
189.7 54.6 0
189.7 59.2 0
189.7 63.8 0
189.7 68.4 0
189.7 73 0
189.7 77.6 0
189.7 82.2 0
189.7 86.8 0
189.7 91.4 0
194.3 8.6 0
194.3 13.2 0
194.3 17.8 0
194.3 22.4 0
189.7 27 0
194.3 27 0
194.3 31.6 0
194.3 36.2 0
194.3 40.8 0
194.3 45.4 0
194.3 50 0
194.3 54.6 0
194.3 59.2 0
194.3 63.8 0
194.3 68.4 0
194.3 73 0
194.3 77.6 0
194.3 82.2 0
194.3 86.8 0
194.3 91.4 0
0 100 0
0 95.4545 0
0 90.9091 0
0 86.3636 0
0 81.8182 0
0 77.2727 0
0 72.7273 0
0 68.1818 0
0 63.6364 0
0 59.0909 0
0 54.5455 0
0 50 0
0 45.4545 0
0 40.9091 0
0 36.3636 0
0 31.8182 0
0 27.2727 0
0 22.7273 0
0 18.1818 0
0 13.6364 0
0 9.09091 0
0 4.54545 0
0 0 0
200 100 0
195.349 100 0
190.698 100 0
186.047 100 0
181.395 100 0
176.744 100 0
172.093 100 0
167.442 100 0
162.791 100 0
158.14 100 0
153.488 100 0
148.837 100 0
144.186 100 0
139.535 100 0
134.884 100 0
130.233 100 0
125.581 100 0
120.93 100 0
116.279 100 0
111.628 100 0
106.977 100 0
102.326 100 0
97.6744 100 0
93.0233 100 0
88.3721 100 0
83.7209 100 0
79.0698 100 0
74.4186 100 0
69.7674 100 0
65.1163 100 0
60.4651 100 0
55.814 100 0
51.1628 100 0
46.5116 100 0
41.8605 100 0
37.2093 100 0
32.5581 100 0
27.907 100 0
23.2558 100 0
18.6047 100 0
13.9535 100 0
9.30233 100 0
4.65116 100 0
200 0 0
200 4.54545 0
200 9.09091 0
200 13.6364 0
200 18.1818 0
200 22.7273 0
200 27.2727 0
200 31.8182 0
200 36.3636 0
200 40.9091 0
200 45.4545 0
200 50 0
200 54.5455 0
200 59.0909 0
200 63.6364 0
200 68.1818 0
200 72.7273 0
200 77.2727 0
200 81.8182 0
200 86.3636 0
200 90.9091 0
200 95.4545 0
4.65116 0 0
9.30233 0 0
13.9535 0 0
18.6047 0 0
23.2558 0 0
27.907 0 0
32.5581 0 0
37.2093 0 0
41.8605 0 0
46.5116 0 0
51.1628 0 4
55.814 0 4
60.4651 0 4
65.1163 0 4
69.7674 0 4
74.4186 0 4
79.0698 0 4
83.7209 0 4
88.3721 0 0
93.0233 0 0
97.6744 0 0
102.326 0 0
106.977 0 0
111.628 0 0
116.279 0 0
120.93 0 0
125.581 0 0
130.233 0 0
134.884 0 0
139.535 0 0
144.186 0 0
148.837 0 0
153.488 0 0
158.14 0 0
162.791 0 0
167.442 0 0
172.093 0 0
176.744 0 0
181.395 0 0
186.047 0 0
190.698 0 0
195.349 0 0
109.41 47.7826 0
91.1395 60.5202 0
108.474 58.5977 0
99.0761 53.3069 0
95.7641 65.706 0
163 72 0
