105.088 95.7022 0
90.3538 51.0783 0
81.7274 95.7021 0
94.7689 38.2379 0
30.2505 95.7018 1
109.763 95.7012 0
188.5 95.6828 1
25.5495 95.7015 1
72.047 34.5888 0
192.844 4.63863 0
160.199 95.7012 1
54.5705 47.377 1
137.371 95.7012 1
78.0405 61.9401 0
123 37.2281 0
173.932 4.29766 0
90.6415 65.2801 0
169.342 95.7016 1
49.1623 95.702 1
118.401 95.7017 0
81.5412 65.2617 0
83.6542 42.8671 0
68.2628 64.9664 0
78.6732 38.9668 0
76.3723 42.4387 0
85.7728 50.0464 0
0 100 1
0 95.4545 1
0 90.9091 1
0 86.3636 1
0 81.8182 1
0 77.2727 1
0 72.7273 1
0 68.1818 1
0 63.6364 1
0 59.0909 1
0 54.5455 1
0 50 1
0 45.4545 1
0 40.9091 1
0 36.3636 1
0 31.8182 1
0 27.2727 1
0 22.7273 1
0 18.1818 1
0 13.6364 1
0 9.09091 1
0 4.54545 1
0 0 1
200 100 1
195.349 100 1
190.698 100 1
186.047 100 1
181.395 100 1
176.744 100 1
172.093 100 1
167.442 100 1
162.791 100 1
158.14 100 1
153.488 100 1
148.837 100 1
144.186 100 1
139.535 100 1
134.884 100 1
130.233 100 1
125.581 100 1
120.93 100 0
116.279 100 0
111.628 100 0
106.977 100 0
102.326 100 0
97.6744 100 0
93.0233 100 0
88.3721 100 0
83.7209 100 0
79.0698 100 0
74.4186 100 0
69.7674 100 0
65.1163 100 0
60.4651 100 0
55.814 100 0
51.1628 100 0
46.5116 100 1
41.8605 100 1
37.2093 100 1
32.5581 100 1
27.907 100 1
23.2558 100 1
18.6047 100 1
13.9535 100 1
9.30233 100 1
4.65116 100 1
200 0 0
200 4.54545 0
200 9.09091 0
200 13.6364 0
200 18.1818 0
200 22.7273 0
200 27.2727 0
200 31.8182 0
200 36.3636 1
200 40.9091 1
200 45.4545 1
200 50 1
200 54.5455 1
200 59.0909 1
200 63.6364 1
200 68.1818 1
200 72.7273 1
200 77.2727 1
200 81.8182 1
200 86.3636 1
200 90.9091 1
200 95.4545 1
4.65116 0 1
9.30233 0 1
13.9535 0 1
18.6047 0 1
23.2558 0 1
27.907 0 1
32.5581 0 1
37.2093 0 1
41.8605 0 0
46.5116 0 0
51.1628 0 0
55.814 0 0
60.4651 0 0
65.1163 0 0
69.7674 0 0
74.4186 0 0
79.0698 0 0
83.7209 0 0
88.3721 0 0
93.0233 0 0
97.6744 0 0
102.326 0 0
106.977 0 0
111.628 0 0
116.279 0 0
120.93 0 0
125.581 0 0
130.233 0 0
134.884 0 0
139.535 0 0
144.186 0 1
148.837 0 0
153.488 0 0
158.14 0 0
162.791 0 0
167.442 0 0
172.093 0 0
176.744 0 0
181.395 0 0
186.047 0 0
190.698 0 0
195.349 0 0
82.2586 47.0708 0
77.1707 48.3576 0
5.7 8.6 1
5.7 13.2 1
10.3 8.6 1
10.3 13.2 1
5.7 17.8 1
10.3 17.8 1
5.7 22.4 1
10.3 22.4 1
5.7 27 1
10.3 27 1
5.7 31.6 1
10.3 31.6 1
5.7 36.2 1
10.3 36.2 1
5.7 40.8 1
10.3 40.8 1
5.7 45.4 1
10.3 45.4 1
5.7 50 1
10.3 50 1
5.7 54.6 1
10.3 54.6 1
5.7 59.2 1
10.3 59.2 1
5.7 63.8 1
10.3 63.8 1
5.7 68.4 1
10.3 68.4 1
5.7 73 1
10.3 73 1
5.7 77.6 1
10.3 77.6 1
5.7 82.2 1
10.3 82.2 1
5.7 86.8 1
10.3 86.8 1
5.7 91.4 1
10.3 91.4 1
14.9 8.6 1
14.9 13.2 1
14.9 17.8 1
14.9 22.4 1
14.9 27 1
14.9 31.6 1
14.9 36.2 1
14.9 40.8 1
14.9 45.4 1
14.9 50 1
14.9 54.6 1
14.9 59.2 1
14.9 63.8 1
14.9 68.4 1
14.9 73 1
14.9 77.6 1
14.9 82.2 1
14.9 86.8 1
14.9 91.4 1
19.5 8.6 1
19.5 13.2 1
19.5 17.8 1
19.5 22.4 1
19.5 27 1
19.5 31.6 1
19.5 36.2 1
19.5 40.8 1
19.5 45.4 1
19.5 50 1
19.5 54.6 1
19.5 59.2 1
19.5 63.8 1
19.5 68.4 1
19.5 73 1
19.5 77.6 1
19.5 82.2 1
19.5 86.8 1
19.5 91.4 1
24.1 8.6 1
24.1 13.2 1
24.1 17.8 1
24.1 22.4 1
24.1 27 1
24.1 31.6 1
24.1 36.2 1
24.1 40.8 1
24.1 45.4 1
24.1 50 1
24.1 54.6 1
24.1 59.2 1
24.1 63.8 1
24.1 68.4 1
24.1 73 1
24.1 77.6 1
24.1 82.2 1
24.1 86.8 1
24.1 91.4 1
28.7 8.6 1
28.7 13.2 1
28.7 17.8 1
28.7 22.4 1
28.7 27 1
28.7 31.6 1
28.7 36.2 1
28.7 40.8 1
28.7 45.4 1
28.7 50 1
28.7 54.6 1
28.7 59.2 1
28.7 63.8 1
28.7 68.4 1
28.7 73 1
28.7 77.6 1
28.7 82.2 1
28.7 86.8 1
28.7 91.4 1
33.3 8.6 1
33.3 13.2 1
33.3 17.8 1
33.3 22.4 1
33.3 27 1
33.3 31.6 1
33.3 36.2 1
33.3 40.8 1
33.3 45.4 1
33.3 50 1
33.3 54.6 1
33.3 59.2 1
33.3 63.8 1
33.3 68.4 1
33.3 73 1
33.3 77.6 1
33.3 82.2 1
33.3 86.8 1
33.3 91.4 1
37.9 8.6 1
37.9 13.2 1
37.9 17.8 1
37.9 22.4 1
37.9 27 1
37.9 31.6 1
37.9 36.2 1
37.9 40.8 1
37.9 45.4 1
37.9 50 1
37.9 54.6 1
37.9 59.2 1
37.9 63.8 1
37.9 68.4 1
37.9 73 1
37.9 77.6 1
37.9 82.2 1
37.9 86.8 1
37.9 91.4 1
42.5 8.6 1
42.5 13.2 1
42.5 17.8 1
42.5 22.4 1
42.5 27 1
42.5 31.6 1
42.5 36.2 1
42.5 40.8 1
42.5 45.4 1
42.5 50 1
42.5 54.6 1
42.5 59.2 1
42.5 63.8 1
42.5 68.4 1
42.5 73 1
42.5 77.6 1
42.5 82.2 1
42.5 86.8 1
42.5 91.4 1
47.1 8.6 1
47.1 13.2 1
47.1 17.8 1
47.1 22.4 1
47.1 27 1
47.1 31.6 1
47.1 36.2 1
47.1 40.8 1
47.1 45.4 1
47.1 50 1
47.1 54.6 1
47.1 59.2 1
47.1 63.8 1
47.1 68.4 1
47.1 73 1
47.1 77.6 1
47.1 82.2 1
47.1 86.8 1
47.1 91.4 1
51.7 8.6 1
51.7 13.2 1
51.7 17.8 1
51.7 22.4 1
51.7 27 1
51.7 31.6 1
51.7 36.2 1
51.7 40.8 1
51.7 45.4 1
51.7 50 1
51.7 54.6 1
51.7 59.2 1
51.7 63.8 1
51.7 68.4 1
51.7 73 1
51.7 77.6 1
51.7 82.2 1
51.7 86.8 1
51.7 91.4 0
56.3 8.6 0
56.3 13.2 0
56.3 17.8 1
56.3 22.4 1
56.3 27 1
56.3 50 1
56.3 54.6 1
56.3 59.2 1
56.3 63.8 1
56.3 68.4 1
56.3 73 1
56.3 77.6 0
56.3 82.2 0
56.3 86.8 0
56.3 91.4 0
60.9 8.6 0
60.9 13.2 0
60.9 17.8 0
60.9 22.4 0
60.9 27 0
60.9 50 0
60.9 54.6 0
60.9 59.2 0
60.9 63.8 0
60.9 68.4 0
60.9 73 0
60.9 77.6 0
60.9 82.2 0
60.9 86.8 0
60.9 91.4 0
65.5 8.6 0
65.5 13.2 0
65.5 17.8 0
65.5 22.4 0
65.5 27 0
65.5 63.8 0
65.5 68.4 0
65.5 73 0
65.5 77.6 0
65.5 82.2 0
65.5 86.8 0
65.5 91.4 0
70.1 8.6 0
70.1 13.2 0
70.1 17.8 0
70.1 22.4 0
70.1 27 0
70.1 68.4 0
70.1 73 0
70.1 77.6 0
70.1 82.2 0
70.1 86.8 0
70.1 91.4 0
74.7 8.6 0
74.7 13.2 0
74.7 17.8 0
74.7 22.4 0
74.7 27 0
70.1 31.6 0
74.7 31.6 0
74.7 68.4 0
74.7 73 0
74.7 77.6 0
74.7 82.2 0
74.7 86.8 0
74.7 91.4 0
79.3 8.6 0
79.3 13.2 0
79.3 17.8 0
79.3 22.4 0
79.3 27 0
79.3 31.6 0
79.3 68.4 0
79.3 73 0
79.3 77.6 0
79.3 82.2 0
79.3 86.8 0
79.3 91.4 0
83.9 8.6 0
83.9 13.2 0
83.9 17.8 0
83.9 22.4 0
83.9 27 0
83.9 31.6 0
83.9 68.4 0
83.9 73 0
83.9 77.6 0
83.9 82.2 0
83.9 86.8 0
83.9 91.4 0
88.5 8.6 0
88.5 13.2 0
88.5 17.8 0
88.5 22.4 0
88.5 27 0
88.5 31.6 0
88.5 68.4 0
88.5 73 0
88.5 77.6 0
88.5 82.2 0
88.5 86.8 0
88.5 91.4 0
93.1 8.6 0
93.1 13.2 0
93.1 17.8 0
93.1 22.4 0
93.1 27 0
93.1 31.6 0
93.1 68.4 0
93.1 73 0
93.1 77.6 0
93.1 82.2 0
93.1 86.8 0
93.1 91.4 0
97.7 8.6 0
97.7 13.2 0
97.7 17.8 0
97.7 22.4 0
97.7 27 0
97.7 31.6 0
93.1 36.2 0
97.7 36.2 0
93.1 63.8 0
97.7 63.8 0
97.7 68.4 0
97.7 73 0
97.7 77.6 0
97.7 82.2 0
97.7 86.8 0
97.7 91.4 0
102.3 8.6 0
102.3 13.2 0
102.3 17.8 0
102.3 22.4 0
102.3 27 0
102.3 31.6 0
102.3 36.2 0
97.7 40.8 0
102.3 40.8 0
97.7 45.4 0
102.3 45.4 0
97.7 50 0
102.3 50 0
97.7 54.6 0
102.3 54.6 0
97.7 59.2 0
102.3 59.2 0
102.3 63.8 0
102.3 68.4 0
102.3 73 0
102.3 77.6 0
102.3 82.2 0
102.3 86.8 0
102.3 91.4 0
106.9 8.6 0
106.9 13.2 0
106.9 17.8 0
106.9 22.4 0
106.9 27 0
106.9 31.6 0
106.9 36.2 0
106.9 40.8 0
106.9 45.4 0
106.9 50 0
106.9 54.6 0
106.9 59.2 0
106.9 63.8 0
106.9 68.4 0
106.9 73 0
106.9 77.6 0
106.9 82.2 0
106.9 86.8 0
106.9 91.4 0
111.5 8.6 0
111.5 13.2 0
111.5 17.8 0
111.5 22.4 0
111.5 27 0
111.5 31.6 0
111.5 36.2 0
111.5 40.8 0
111.5 45.4 0
111.5 50 0
111.5 54.6 0
111.5 59.2 0
111.5 63.8 0
111.5 68.4 0
111.5 73 0
111.5 77.6 0
111.5 82.2 0
111.5 86.8 0
111.5 91.4 0
116.1 8.6 0
116.1 13.2 0
116.1 17.8 0
116.1 22.4 0
116.1 27 0
116.1 36.2 0
116.1 40.8 0
116.1 45.4 0
116.1 50 0
116.1 54.6 0
116.1 59.2 0
116.1 63.8 0
116.1 68.4 0
116.1 73 0
116.1 77.6 0
116.1 82.2 0
116.1 86.8 0
116.1 91.4 0
120.7 8.6 0
120.7 13.2 0
120.7 17.8 0
120.7 22.4 0
120.7 40.8 0
120.7 45.4 0
120.7 50 0
120.7 54.6 0
120.7 59.2 0
120.7 63.8 0
120.7 68.4 0
120.7 73 0
120.7 77.6 0
120.7 82.2 0
120.7 86.8 0
120.7 91.4 0
125.3 8.6 0
125.3 13.2 0
125.3 17.8 0
125.3 22.4 0
120.7 27 0
125.3 27 0
125.3 40.8 0
125.3 45.4 0
125.3 50 0
125.3 54.6 0
125.3 59.2 0
125.3 63.8 0
125.3 68.4 0
125.3 73 1
125.3 77.6 1
125.3 82.2 1
125.3 86.8 1
125.3 91.4 0
129.9 8.6 0
129.9 13.2 0
129.9 17.8 0
129.9 22.4 0
129.9 27 0
125.3 31.6 0
129.9 31.6 0
125.3 36.2 0
129.9 36.2 0
129.9 40.8 0
129.9 45.4 0
129.9 50 0
129.9 54.6 0
129.9 59.2 0
129.9 63.8 0
129.9 68.4 1
129.9 73 1
129.9 77.6 1
129.9 82.2 1
129.9 86.8 1
129.9 91.4 1
134.5 8.6 0
134.5 13.2 0
134.5 17.8 0
134.5 22.4 0
134.5 27 0
134.5 31.6 0
134.5 36.2 0
134.5 40.8 0
134.5 45.4 0
134.5 50 0
134.5 54.6 0
134.5 59.2 0
134.5 63.8 0
134.5 68.4 1
134.5 73 1
134.5 77.6 1
134.5 82.2 1
134.5 86.8 1
134.5 91.4 1
139.1 8.6 0
139.1 13.2 0
139.1 17.8 0
139.1 22.4 0
139.1 27 0
139.1 40.8 0
139.1 45.4 0
139.1 50 0
139.1 54.6 0
139.1 59.2 0
139.1 63.8 1
139.1 68.4 1
139.1 73 1
139.1 77.6 1
139.1 82.2 1
139.1 86.8 1
139.1 91.4 1
143.7 8.6 0
143.7 13.2 0
143.7 17.8 0
143.7 22.4 0
143.7 40.8 1
143.7 45.4 0
143.7 50 0
143.7 54.6 0
143.7 59.2 0
143.7 63.8 1
143.7 68.4 1
143.7 73 1
143.7 77.6 1
143.7 82.2 1
143.7 86.8 1
143.7 91.4 1
148.3 8.6 0
148.3 13.2 0
148.3 17.8 0
148.3 22.4 0
143.7 27 0
148.3 27 0
148.3 40.8 1
148.3 45.4 1
148.3 50 1
148.3 54.6 1
148.3 59.2 1
148.3 63.8 1
148.3 68.4 1
148.3 73 1
148.3 77.6 1
148.3 82.2 1
148.3 86.8 1
148.3 91.4 1
152.9 8.6 0
152.9 13.2 0
152.9 17.8 0
152.9 22.4 0
152.9 27 0
148.3 31.6 0
152.9 31.6 0
148.3 36.2 1
152.9 36.2 1
152.9 40.8 1
152.9 45.4 1
152.9 50 1
152.9 54.6 1
152.9 59.2 1
152.9 63.8 1
152.9 68.4 1
152.9 73 1
152.9 77.6 1
152.9 82.2 1
152.9 86.8 1
152.9 91.4 1
157.5 8.6 0
157.5 13.2 0
157.5 17.8 0
157.5 22.4 0
157.5 27 0
157.5 31.6 0
157.5 36.2 1
157.5 40.8 1
157.5 45.4 1
157.5 50 1
157.5 54.6 1
157.5 59.2 1
157.5 63.8 1
157.5 68.4 1
157.5 73 1
157.5 77.6 1
157.5 82.2 1
157.5 86.8 1
157.5 91.4 1
162.1 8.6 0
162.1 13.2 0
162.1 17.8 0
162.1 22.4 0
162.1 27 0
162.1 31.6 0
162.1 36.2 1
162.1 40.8 1
162.1 45.4 1
162.1 50 1
162.1 54.6 1
162.1 59.2 1
162.1 63.8 1
162.1 68.4 1
162.1 73 1
162.1 77.6 1
162.1 82.2 1
162.1 86.8 1
162.1 91.4 1
166.7 8.6 0
166.7 13.2 0
166.7 17.8 0
166.7 22.4 0
166.7 27 0
166.7 31.6 0
166.7 36.2 1
166.7 40.8 1
166.7 45.4 1
166.7 50 1
166.7 54.6 1
166.7 59.2 1
166.7 63.8 1
166.7 68.4 1
166.7 73 1
166.7 77.6 1
166.7 82.2 1
166.7 86.8 1
166.7 91.4 1
171.3 8.6 0
171.3 13.2 0
171.3 17.8 0
171.3 22.4 0
171.3 27 0
171.3 31.6 0
171.3 36.2 1
171.3 40.8 1
171.3 45.4 1
171.3 50 1
171.3 54.6 1
171.3 59.2 1
171.3 63.8 1
171.3 68.4 1
171.3 73 1
171.3 77.6 1
171.3 82.2 1
171.3 86.8 1
171.3 91.4 1
175.9 8.6 0
175.9 13.2 0
175.9 17.8 0
175.9 22.4 0
175.9 27 0
175.9 31.6 1
175.9 36.2 1
175.9 40.8 1
175.9 45.4 1
175.9 50 1
175.9 54.6 1
175.9 59.2 1
175.9 63.8 1
175.9 68.4 1
175.9 73 1
175.9 77.6 1
175.9 82.2 1
175.9 86.8 1
175.9 91.4 1
180.5 8.6 0
180.5 13.2 0
180.5 17.8 0
180.5 22.4 0
180.5 27 0
180.5 31.6 1
180.5 36.2 1
180.5 40.8 1
180.5 45.4 1
180.5 50 1
180.5 54.6 1
180.5 59.2 1
180.5 63.8 1
180.5 68.4 1
180.5 73 1
180.5 77.6 1
180.5 82.2 1
180.5 86.8 1
180.5 91.4 1
185.1 8.6 0
185.1 13.2 0
185.1 17.8 0
185.1 22.4 0
185.1 27 0
185.1 31.6 0
185.1 36.2 1
185.1 40.8 1
185.1 45.4 1
185.1 50 1
185.1 54.6 1
185.1 59.2 1
185.1 63.8 1
185.1 68.4 1
185.1 73 1
185.1 77.6 1
185.1 82.2 1
185.1 86.8 1
185.1 91.4 1
189.7 8.6 0
189.7 13.2 0
189.7 17.8 0
189.7 22.4 0
189.7 27 0
189.7 31.6 0
189.7 36.2 1
189.7 40.8 1
189.7 45.4 1
189.7 50 1
189.7 54.6 1
189.7 59.2 1
189.7 63.8 1
189.7 68.4 1
189.7 73 1
189.7 77.6 1
189.7 82.2 1
189.7 86.8 1
189.7 91.4 1
194.3 8.6 0
194.3 13.2 0
194.3 17.8 0
194.3 22.4 0
194.3 27 0
194.3 31.6 0
194.3 36.2 1
194.3 40.8 1
194.3 45.4 1
194.3 50 1
194.3 54.6 1
194.3 59.2 1
194.3 63.8 1
194.3 68.4 1
194.3 73 1
194.3 77.6 1
194.3 82.2 1
194.3 86.8 1
194.3 91.4 1
77.6916 56.1671 0
86.018 62.211 0
86.0144 45.5494 0
90.8621 56.9233 0
54.386 38.5723 1
66.9799 52.0362 0
71.7104 55.5363 0
118.777 29.5403 0
72.4463 51.1203 0
118.236 33.8966 0
59.1265 39.1396 0
63.2052 35.8267 0
79.4877 44.1879 0
94.0834 52.5317 0
67.7043 38.5622 0
81.7331 38.2838 0
84.6939 55.8708 0
145.127 30.3295 0
77.254 35.0204 0
72.8847 61.0665 0
72.8324 38.8725 0
63.1845 47.4826 0
141.951 33.9733 0
63.1075 30.5041 0
77.2541 64.9331 0
3.27412 3.05274 1
67.4352 56.965 0
54.821 44.0938 1
91.5403 38.6965 0
39.7786 95.7065 1
91.0383 61.9406 0
114.21 33.4557 0
122.601 29.8108 0
178.575 95.7072 1
63.4783 53.0074 0
82.4632 34.3941 0
90.9053 43.4224 0
118.833 38.0929 0
94.8291 57.7095 0
68.2731 33.909 0
113.775 95.7062 0
53.6101 95.7069 0
155.515 95.7077 1
145.813 34.2237 0
141.384 29.1933 0
81.2594 51.4222 0
67.5443 61.8161 0
58.2102 34.2919 0
86.9942 65.7708 0
164.708 95.7072 1
122.424 33.7487 0
3.53275 94.1181 1
86.3192 39.8513 0
72.6594 4.28862 0
182.723 4.29352 0
118.407 25.3462 0
50.0248 38.5122 1
63.6795 57.7279 0
58.008 47.3675 0
94.6708 46.9668 0
141.34 38.0302 0
87.0899 34.6616 0
137.661 34.7151 0
94.8676 95.7098 0
71.8017 65.412 0
94.8692 42.2984 0
57.7932 30.1019 1
54.256 33.5414 1
131.956 95.7072 1
196.495 5.88786 0
48.8229 4.28845 0
141.456 25.2718 0
58.684 43.5385 0
68.4745 48.3191 0
164.599 4.28893 0
140.994 95.7079 1
114.491 29.9663 0
99.6334 95.7123 0
113.673 4.28254 0
85.7083 4.28825 0
71.9407 95.7111 0
25.7752 4.28282 1
82.4532 65.4166 0
145.417 37.8014 1
62.5923 95.711 0
67.622 29.8013 0
137.452 38.3124 0
122.483 37.7197 0
95.0063 61.4066 0
90.7617 34.3627 0
85.7586 95.7115 0
95.1274 38.6455 0
63.5764 61.4009 0
54.3107 47.4997 1
90.6563 65.7999 0
54.1343 29.7154 1
67.9909 65.7194 0
68.7409 43.4181 0
72.4812 34.1218 0
63.019 41.8919 0
53.1802 4.28454 0
193.17 95.6611 1
7.64115 95.4554 1
94.7709 4.28316 0
108.777 4.28304 0
159.67 4.28453 0
169.404 4.28846 0
145.48 95.7113 1
67.7501 4.28491 0
145.742 4.28298 0
20.879 4.28275 1
127.617 95.7123 1
155.015 4.28317 0
76.966 4.28267 0
104.115 4.28281 0
150.377 4.28285 0
16.2066 4.28164 1
2.85004 75.1499 1
2.84989 20.2771 1
90.0817 4.28364 0
2.85054 79.7231 1
2.85004 24.8507 1
2.8501 70.5765 1
141.115 4.2831 0
2.84921 15.7371 1
99.4466 4.28286 0
62.5227 4.28348 0
2.85569 84.2968 1
127.24 4.28284 0
2.85058 29.4289 1
2.85093 65.9983 1
131.869 4.28282 0
197.15 84.2561 1
136.495 4.28295 0
2.84524 11.5775 1
34.6965 4.28307 1
11.5331 4.26385 1
57.8158 4.28346 0
12.2371 95.6857 1
187.198 4.31554 0
39.375 4.28287 1
197.15 79.7184 1
2.8536 33.9992 1
2.85561 61.43 1
197.149 20.2756 0
197.149 24.8485 0
197.149 29.4214 0
197.149 33.9942 0
197.149 38.5669 1
197.149 43.1396 1
197.149 47.7124 1
2.85605 56.8607 1
197.149 52.2852 1
197.149 75.1488 1
197.149 56.858 1
2.8555 38.5697 1
197.149 61.4309 1
197.143 15.7035 0
2.85605 47.715 1
2.85607 52.2879 1
197.149 70.5765 1
2.85595 43.1422 1
197.149 66.0038 1
84.6031 47.8823 0
197.15 88.4187 1
2.90685 88.8399 1
197.095 11.159 0
122.614 4.28259 0
44.486 95.7087 1
16.8844 95.7091 1
173.915 95.7119 1
76.7568 95.7122 0
137.701 30.3681 0
109.227 95.712 0
21.4881 95.7116 1
26.0513 95.7122 1
187.878 95.7025 1
89.2906 48.4932 0
57.9331 95.7075 0
44.2731 4.28221 1
7.18994 4.09558 1
34.8555 95.7121 1
150.513 95.7162 1
67.1931 95.7126 0
178.184 4.28578 0
30.3065 4.28144 1
136.574 95.7123 1
89.0265 53.3186 0
118.245 4.28094 0
192.128 4.54657 0
113.627 74.8096 0
81.0891 95.7131 0
122.651 95.717 0
30.2087 95.7099 1
113.309 71.452 0
117.968 95.7079 0
173.585 4.28585 0
81.9881 60.6619 0
82.8112 43.8512 0
150.242 75.6566 1
35.2431 38.1415 1
160.098 95.7128 1
110.14 74.6695 0
81.5097 4.2804 0
35.5563 34.3267 1
31.4523 38.4306 1
150.514 79.4465 1
146.407 75.3318 1
183.199 95.7128 1
90.5586 95.7177 0
104.541 95.7187 0
49.0926 95.7175 0
169.246 95.7132 1
78.1369 40.1733 0
