15.6 20 1
8.08 17.4 1
38.2 24.2 1
37.7 0.95 1
36.4 2.3 1
36.1 40.7 1
8.7 48.7 1
0.875 48.8 1
18.3 48.7 1
17 48.7 1
25.2 45.8 1
2.83 34.7 1
6.78 75.1 1
35.7 60.1 0
38.9 78 0
19.9 88.4 1
75.5 14.9 1
62.7 7.95 1
68.8 1.2 1
72.6 13.8 1
78.9 23 1
53.7 22.5 1
55.6 29.6 1
66 41.4 0
62.2 39.7 0
52.1 48.3 0
50.7 58.8 0
44.8 66.3 0
67.5 75.8 0
78.2 79.2 0
52.9 81.6 0
54.7 98.6 0
40.8 98.2 0
103 16 1
102 9.53 1
118 24.2 0
98.7 15.9 1
98.5 41.4 0
97.7 35.1 0
89 43.3 0
89.8 29.3 0
113 33.1 0
81.4 46.3 0
81.4 47.6 0
106 66.3 0
92.8 56.4 0
118 79.2 0
85.3 81.5 0
80.8 98.2 4
98.2 99 0
156 4.43 0
123 22.8 0
151 39.5 0
160 29.4 0
122 26.9 0
122 48.1 0
132 39.7 0
131 32.4 0
152 45.4 0
166 33.7 0
146 59.2 0
142 59.5 0
161 67.9 4
169 64.2 4
129 90.6 4
168 97 4
122 91.7 0
163 98.9 4
140 81.3 4
122 93.5 4
180 20.7 0
192 42.5 0
196 42.6 0
173 35.4 0
186 70.9 4
172 76.1 4
171 52.3 4
171 82.3 4
176 89.1 4
199 97.5 4
17 16.3 1
27.4 20.6 1
13.6 2.55 1
9.73 1.18 1
34.3 1.35 1
38.6 20.1 1
12.4 14 1
9.73 9.53 1
21.9 21 1
7.83 38.9 1
31.4 40.1 1
31.7 35 1
35.6 69.6 0
17.6 78.2 1
16.3 78.2 1
9.28 98.1 1
16.2 98.6 1
17.5 98.6 1
27.4 91.2 0
35 88.4 0
9.88 88.8 1
53 12.7 1
47 1.15 1
56.9 23.7 1
52.1 23.8 1
44.6 39.1 1
76 40.7 0
60.3 35.6 0
53.8 47.1 0
42.7 28.2 1
47.2 39.7 1
59.4 68.7 0
44.6 60.4 0
73.3 70.7 0
72.1 78.6 0
76.8 77.8 0
73.9 78.6 0
52.7 79 0
56.3 81.6 0
58.5 92 0
81.9 18.5 1
98.4 7.85 1
118 6.38 1
87.2 23.8 1
112 42.4 0
83.4 48.8 0
81.9 73.5 0
87.2 78.8 0
96 51.1 0
88.5 62.6 0
83.7 82.5 0
138 8.25 0
122 18.2 0
163 23.7 0
131 1.33 1
145 11.9 0
162 12 0
152 15.7 0
129 35 0
168 46.3 4
168 47.5 4
132 41.6 0
152 74.8 4
160 71.6 4
166 52.4 4
163 78.7 4
132 84.6 4
142 88.6 4
166 82.4 4
169 98.2 4
175 10.4 0
180 1.4 0
190 1.53 0
181 17.9 0
198 38.6 0
173 39.6 0
183 78.8 4
172 55.5 4
185 78.8 4
176 51.1 4
181 81.8 4
22.2 14.4 1
6.38 2.65 1
0.6 15 1
14.7 13.9 1
5.23 39 1
1.85 26.1 1
10.1 47.2 1
4 26.1 1
17.2 35.6 1
38.2 51 0
13.3 51.2 1
29.4 84.6 0
38.2 81 0
78.8 5.88 1
52.7 1.33 1
54.7 32.2 1
60.5 29.5 1
47.2 26.3 1
73.4 40 0
78.9 32.9 0
57.5 69 0
41.7 73.4 0
57.8 78.2 0
47 78.7 0
52.7 51.4 0
56 77.2 0
78.2 51 0
69.5 84.5 0
75.5 89.5 0
45.2 81.5 0
78.2 81 0
110 16.4 1
118 0.95 1
104 12.8 1
86.7 48.8 0
119 33 0
90.9 64.2 0
104 51.1 0
102 51.1 0
118 51 0
116 72.1 0
102 57.2 0
99.9 99 0
118 81 0
141 12.6 0
161 4.93 0
162 7.38 0
168 18.4 0
139 1.38 1
137 1.38 1
149 23.6 0
128 23.5 0
147 9.75 0
140 41.5 0
140 33.4 0
128 42.2 0
163 48.8 4
161 43.5 0
168 73.4 4
148 51.3 0
145 51.3 0
138 88.3 4
143 91 4
148 98.7 4
149 81.5 4
145 98.7 4
161 94.1 4
179 8.93 0
171 19.9 0
185 17.4 0
172 0.95 0
199 35.4 0
184 41.1 0
178 40.8 0
191 48.7 4
194 48.7 4
192 71.6 4
192 78.8 4
194 78.8 4
187 84 4
188 98.6 4
171 98.2 4
184 98.6 4
22.2 11 1
32 23.7 1
36.8 22.9 1
33.8 23.7 1
24.8 43.2 1
27.1 29.3 1
23 31.4 1
9.43 26.1 1
10.6 32.9 1
21.3 90.5 1
38.9 98.2 0
43 16.9 1
78.8 7.58 1
41.5 13.2 1
56 1.33 1
41.9 31.7 1
57 48.8 0
48.3 46.6 0
78.7 73.3 0
45.3 51.6 0
61.1 84.4 0
43.6 82.4 0
67.7 92.6 0
78.9 98.2 4
118 8.08 1
113 23.7 0
81.6 37 0
100 89.2 0
101 81.8 0
119 98.2 4
94.4 96.8 0
85.3 98.3 4
95.5 93.4 0
99.8 94.3 0
142 17.5 0
150 14.8 0
160 35.9 0
164 26.6 0
136 39.9 0
136 34.8 0
166 48.8 4
161 58.3 4
168 55.8 4
163 51.4 4
158 78.7 4
122 74.4 0
152 89 4
128 98.3 4
163 81.4 4
172 21.5 0
195 8 0
178 34.3 0
176 26.9 0
176 48.2 4
194 27.2 0
181 68.3 4
176 58 4
176 78.1 4
171 72.8 4
200 70.6 4
196 71.8 4
187 91.2 4
3.1 8.4 1
32.3 16.9 1
12.1 48.5 1
11.5 26.1 1
15.4 37 1
11.2 34.9 1
24.5 69.9 1
30.5 78.1 0
12.5 70.8 1
12.8 78.2 1
27.5 66.6 1
7.65 96.7 1
25.1 98.5 0
13.3 98.6 1
48.3 22.4 1
78.2 19.8 1
41.8 36 1
66.4 69.5 0
43.7 52.6 0
65.1 98.4 0
53.1 98.6 0
45.6 98.1 0
56.4 98.6 0
110 10 1
81.4 6.35 1
115 15.5 1
113 1.68 1
111 23.7 0
119 21.4 0
85 1.65 1
89.1 35.7 0
81.6 38.7 0
110 48.4 0
105 48.4 0
102 26.5 0
105 26.5 0
85.2 26.7 1
81.3 63.9 0
113 51.2 0
96.3 61.2 0
119 76.4 0
89.6 53.6 0
85.1 51.1 0
112 87.3 0
95.6 89.1 0
96.5 81.8 0
81.8 85.9 0
114 81.3 0
90.2 89 0
136 23.7 0
122 6.5 1
153 23.6 0
149 1.5 0
169 12 0
130 22.2 0
122 36.8 0
141 26.6 0
145 48.4 0
145 26.6 0
131 48.6 0
153 33.5 0
154 67.7 4
153 81.5 4
168 85.8 4
159 88.4 4
180 39.4 0
180 35.5 0
171 32.2 0
172 28.7 0
172 46.3 4
181 63 4
172 63.9 4
38.6 18.4 1
1.35 2.7 1
38.6 36.6 1
20.9 60.3 1
32.6 70.2 0
9.93 61.4 1
6.18 70.3 1
24.6 59.7 1
38.7 74.8 0
31.4 98.3 0
38 91.7 0
38 93.4 0
33.2 98.3 0
9.98 81.5 1
4.5 81.7 1
50.8 8.63 1
43.5 22.8 1
65.8 23.5 1
41.8 37.7 1
70.8 26.7 1
50.9 27.8 1
62.4 59.1 0
71.9 60.2 0
64.5 66.1 0
70.1 62.2 0
61.3 90.4 0
57.4 87.8 0
81.4 8.05 1
101 23.6 0
94.1 1.48 1
92.9 3.45 1
82.2 3.25 1
91 40 0
114 48.6 0
81.4 43.3 0
90.6 33.6 0
89.6 66.3 0
111 57.6 0
111 51.2 0
119 64.1 0
97.9 52.2 0
83.5 52 0
87.1 81.5 0
92.4 97.7 0
89.9 95.8 0
159 13.8 0
156 12.2 0
122 8.2 1
131 23.7 0
153 1.5 0
151 10.3 0
153 41 0
159 40.3 0
122 38.5 0
159 33.7 0
147 61.7 4
140 68.8 4
131 70.8 0
169 67.1 4
137 71.2 0
199 9.58 0
199 41.4 0
191 26.8 0
171 42.7 0
172 36.6 0
172 93.5 4
172 91.7 4
1.58 23.4 1
18.8 23.1 1
17.5 23.1 1
28.5 9.65 1
3.73 23.4 1
28.4 1.43 1
26.7 1.43 1
9.25 42.2 1
30.9 26.9 1
30.6 48.5 1
33.9 26.5 1
33.8 48.5 1
38.2 62.1 0
27.5 62.9 1
26.5 78.1 1
38.2 63.9 0
1.7 96.7 1
23 98.5 1
12 81.5 1
71.6 23.4 1
45.1 23.6 1
41.5 20 1
73.4 23.4 1
63.7 23.5 1
77.1 21.4 1
74 26.3 1
73.9 48.5 0
65.3 33.1 0
70.3 68.6 0
70.6 51.8 0
78.4 64.1 0
57.4 52.1 0
78.7 60.4 0
73.9 52 0
66.1 73.1 0
67.6 61.3 0
42 91.5 0
42 93.3 0
41.6 85.9 0
63 98.4 0
42.8 96.3 0
107 13 1
99.1 1.45 1
97 23.6 1
117 2.63 1
94.6 33.2 0
117 52.2 0
118 55.6 0
81.6 60.8 0
97.3 69.4 0
81.7 91.7 4
81.7 93.5 4
117 82.3 0
119 94.1 0
119 85.7 0
118 91 0
82.5 96.5 4
129 16.4 0
145 2.08 0
138 10.9 0
122 21.6 0
136 26.6 0
149 26.5 0
168 43.3 0
121 25.6 0
123 25.6 0
121 49.4 0
123 49.4 0
131 63.3 0
129 67.3 0
128 59.8 0
159 69.4 4
154 64.1 4
121 60.1 0
167 90.6 4
172 6.35 0
192 35.4 0
188 37 0
184 59.8 4
171 68.8 4
193 64.9 4
193 58.5 4
191 60.9 4
194 81.7 4
10.4 7.4 1
31.8 14.5 1
24.8 8.28 1
22 27.9 1
38.6 38.3 1
32.5 41.8 1
3.35 51.5 1
31.3 59.8 1
10.5 69.1 1
33.8 78.4 0
1.2 51.5 1
33.8 51.7 1
30.4 51.9 1
37.6 76.4 0
74.4 1.18 1
54.3 26.5 1
70.5 48.5 0
43.9 26.9 1
66.6 51.8 0
55.6 53.4 0
57.4 63.2 0
65.1 58.8 0
71.5 98.4 4
78.1 91.8 4
78.1 93.6 4
73.3 98.4 4
46.9 81.5 0
113 16.7 1
105 23.1 0
83.9 22.6 1
108 2.75 1
110 27 0
101 48.5 0
114 26.4 0
101 66.2 0
102 77.9 0
90.3 57.7 0
106 78.6 0
83.9 77.6 0
110 78.6 0
118 61 0
91.9 68.2 0
99.9 62.8 0
114 98.9 0
165 1.45 0
157 23 0
169 36.2 0
149 48.1 0
163 26.6 0
153 26.5 0
167 28.5 0
137 52 0
144 78.4 4
168 61.3 4
140 52 0
159 62.3 4
122 63.7 0
140 78.4 4
136 78.6 4
123 76 0
140 98 4
166 98.1 4
136 98.4 4
186 23 0
190 23 0
197 9.68 0
195 23.1 0
172 8.05 0
176 23.5 0
171 18.2 0
193 37.5 0
186 48.3 4
181 48.1 4
172 38.3 0
190 51.7 4
181 51.9 4
186 51.7 4
190 69.2 4
176 98.3 4
173 96.4 4
196 96.9 4
23.8 16.1 1
29.4 13.8 1
10 23.1 1
39.3 23 1
26.6 48.5 1
32.8 33.5 1
3.6 78.1 1
1.45 78.1 1
11.2 65.5 1
9.3 51.7 1
22.9 51.6 1
13.4 59.9 1
11.9 52.9 1
26.4 51.9 1
25.7 82 1
30.2 87.8 0
36.9 96.4 0
50.3 11 1
78.2 18.1 1
41.2 23 1
76.5 1.18 1
78.8 2.78 1
42 48.1 0
78.9 34.8 0
42 25.6 1
42 49.4 0
66.5 48.5 0
61.5 33.6 0
61.3 65.7 0
49.1 60.9 0
48.9 65.3 0
41.7 56 0
47 51.6 0
42.9 76.8 0
78.7 56.4 0
77.9 76.6 0
41.2 78 0
79.3 78 0
55.8 66.6 0
60.1 63 0
76.9 53 0
47.3 98.1 0
65.8 81.9 0
42 99.3 0
82 23.8 1
101 1.45 1
119 23 0
82 0.65 1
86.9 26.7 1
82 25.6 1
82.4 28.6 0
112 73.5 0
106 70.9 0
95.6 78.2 0
82 78.8 0
119 78 0
107 60.1 0
81.6 56.8 0
111 68.4 0
103 59.4 0
103 95.5 0
87 98.3 4
110 81.4 0
82 99.3 4
106 81.4 0
141 23.5 0
166 22.5 0
145 23.5 0
168 23.8 0
168 0.65 0
121 23 0
168 3.05 0
168 25.6 0
138 35 0
169 37.9 0
167 38.5 0
146 67.9 4
144 69.9 4
153 51.8 0
167 63.2 4
151 60.9 4
154 57.6 4
121 56.1 0
131 52 0
154 78.1 4
122 72.6 0
166 77.5 4
122 78 0
132 78.6 4
168 78.8 4
121 78 0
130 81.5 0
131 98.4 4
122 85.9 0
168 99.3 4
132 88.9 4
136 90.4 4
200 23.1 0
184 2.58 0
186 4.1 0
187 39.7 0
192 29 0
200 51.4 4
195 51.4 4
176 60.6 4
191 88.2 4
185 81.9 4
183 83.7 4
191 98.3 4
172 83.8 4
199 87.6 4
26.1 16.2 1
38.7 4.83 1
12.1 23.1 1
3.2 0.925 1
38.7 1.6 1
37.4 2.95 1
38.7 31.9 1
22.6 78.1 1
9.38 78.2 1
38.7 73.1 0
38.6 56.1 0
39.3 52.3 0
36.8 52.7 0
31.9 81.5 0
23.5 82 1
33.7 81.5 0
2.45 88.4 1
39.3 82.3 0
15.5 82.9 1
41.3 1.6 1
57.3 26.9 1
43.7 32.9 1
62.8 48.2 0
51.3 38.3 0
41.6 61.9 0
65.5 78.8 0
41.6 63.6 0
41.2 52.3 0
79.3 52.3 0
71.9 81.5 0
63.7 81.9 0
73.7 81.5 0
41.2 82.3 0
79.3 82.3 0
93.6 23.1 1
86.7 1.65 1
105 1.35 1
119 1.6 1
95.5 48.5 0
119 34.9 0
92.9 26.4 0
119 43.1 0
118 46.8 0
112 47 0
110 70.5 0
104 68.1 0
114 78.7 0
86.8 51.1 0
93.4 78.2 0
81.3 66.9 0
81.2 52.3 0
119 52.3 0
117 77.1 0
81.2 82.3 0
119 82.3 0
118 97 4
109 90 0
111 93.9 0
154 21.6 0
129 3.13 1
121 1.6 1
153 7.55 0
130 26.6 0
147 28.1 0
155 48.5 0
168 32 0
127 48.8 0
138 40.1 0
141 47.3 0
164 36.2 0
138 64.5 0
127 51.7 0
151 69.8 4
128 77.9 0
159 59.7 4
169 52.3 4
121 52.3 0
157 76.8 4
123 52.7 0
130 96.6 4
155 91.1 4
145 81.8 4
136 81.6 4
128 81.5 0
169 82.3 4
121 82.3 0
153 98.3 4
124 82.5 0
177 1.65 0
172 23.8 0
171 1.6 0
172 25.6 0
172 49.4 4
182 28.3 0
182 77 4
174 52.4 4
172 51.3 4
172 78.8 4
172 81.3 4
172 99.3 4
36.8 8.38 1
25.5 23.6 1
4.73 0.925 1
12.5 1.18 1
25.7 31.6 1
3.73 45.6 1
6.4 61.3 1
15.4 63.2 1
3.7 66.5 1
19.3 52.8 1
12 96.7 1
0.125 88.4 1
43.5 11.6 1
43.5 7.83 1
66.5 3.08 1
46.8 23.6 1
41.5 18.3 1
62.1 1.18 1
65.4 26.4 1
41.6 68 0
63.1 51.4 0
51 74.2 0
70.4 89.3 0
77 96.5 4
81.7 13 1
81.6 32.1 0
117 38.4 0
83 41.9 0
93.3 48.5 0
96.6 26.6 0
119 67.1 0
88.7 56 0
110 98.4 0
106 89.3 0
147 22.1 0
128 1.8 1
146 3.58 0
123 2.75 1
122 32 0
157 48.5 0
128 26.6 0
139 28.2 0
137 59.4 0
148 77.9 4
122 68.6 0
157 51.5 0
139 61 0
135 62.9 0
158 90.6 4
157 81.7 4
138 82.8 4
169 95.2 4
182 23.4 0
174 2.6 0
174 27.5 0
174 47.6 4
185 33.1 0
171 60.9 4
173 67.5 4
189 88.4 4
190 81.3 4
189 96.8 4
171 85.9 4
176 81.5 4
8.55 2.9 1
23.4 23.6 1
37.9 21.7 1
38.8 13.2 1
20.6 36.3 1
1.18 28 1
38.6 43 1
37.6 28.4 1
37.5 46.7 1
38.2 25.6 1
38.2 49.4 0
38.2 66.9 0
11.5 76.4 1
38.2 78.8 0
38.5 85.9 0
3.73 98.6 1
36.6 82.5 0
38.2 99.3 0
78.5 12.3 1
48.4 17.2 1
78.2 23.8 1
44.4 47 0
46.9 48.3 0
52.7 26.5 1
56.2 36.5 0
63.3 26.4 1
78.7 43 0
77.7 28.2 0
77.6 46.6 0
78.2 25.6 1
78.2 49.4 0
77.6 32 0
78.4 67.1 0
63.4 78.8 0
78.5 85.9 0
76.6 82.5 0
78.2 99.3 4
118 12.8 1
83.6 17.3 1
117 21.8 0
104 46.9 0
118 25.6 0
118 49.4 0
119 73.4 0
82.9 62.4 0
102 83.6 0
93 81.7 0
118 99.3 4
131 8.78 1
137 21.4 0
123 17 0
121 12.9 1
163 1.45 0
169 10.1 0
155 8.28 0
147 46.6 0
121 43.3 0
157 26.5 0
129 47.4 0
167 53.7 4
169 65.3 4
147 83.3 4
167 83.7 4
157 98.6 4
121 98.2 4
124 95.7 4
172 12.8 0
178 3.05 0
199 1.38 0
174 76.9 4
177 76.4 4
180 97.1 4
22.1 1.88 1
18.7 3.25 1
25.6 26.2 1
23 48.6 1
1.2 61 1
4.98 58.9 1
1.08 81.2 1
8.75 83.2 1
5.25 98.6 1
0.175 98.1 1
49.7 2.48 1
57.1 2.5 1
72.1 35.5 0
77.3 37.7 0
43.3 72.3 0
71.4 76.8 0
75 78.6 0
60.3 88.1 0
103 21.7 1
110 4.43 1
105 39 0
104 35.8 0
117 32.1 0
118 28.2 0
82.6 48.2 0
83.7 72.4 0
94.4 52.4 0
95.7 99 0
83 83.8 0
97.3 99 0
101 91 0
167 6.73 0
167 42 0
123 46.9 0
137 47.2 0
148 53.1 0
154 83.1 4
187 13.5 0
182 10.6 0
194 2.83 0
177 28.7 0
190 47 4
191 40.9 0
173 34.1 0
181 98.9 4
199 95.4 4
195 95.1 4
0.35 1.78 1
32.1 47 1
23.5 26.2 1
24.7 76.2 1
32 76.5 0
17.6 70.1 1
1.45 66.4 1
18.6 76.3 1
10.3 98.1 1
72.4 28 1
41.6 42.8 1
50.2 32.9 1
49.9 77.7 0
72.2 53.8 0
118 5.15 1
119 18.1 0
118 3.28 1
118 53.5 0
92.9 51.3 0
117 62.9 0
97.7 54.2 0
95.1 83.5 0
112 82.7 0
118 83.6 0
91.6 91.2 0
94.3 91.1 0
134 2.7 1
156 1.25 0
157 3.48 0
137 48.8 0
140 48.8 0
167 48.1 4
149 97 4
173 40.9 0
191 77.1 4
181 90.5 4
17.2 9.05 1
35 23.7 1
10.7 1.18 1
32.5 28.3 1
16.5 28.7 1
6.85 27.2 1
24.9 53.5 1
78.8 4.65 1
54.6 9.63 1
72.1 47 0
58.2 41.5 0
77.1 62.2 0
53.2 73.1 0
42.8 83.7 0
44 97.4 0
96.1 21.6 1
103 2.8 1
110 1.4 1
83.4 2.3 1
83.6 27.3 0
104 76.5 0
105 52.7 0
117 92.7 0
83.7 97.6 4
166 17.4 0
167 12.9 0
166 27.3 0
138 76.9 4
166 72.3 4
167 68.1 4
123 61.5 0
137 96.4 4
174 22.3 0
193 21.2 0
186 1.18 0
188 2.7 0
187 29.3 0
173 57.1 4
174 97.5 4
181 95.7 4
15.7 45.8 1
31.9 53.6 1
54.7 16.2 1
54.7 21.5 1
57 22.7 1
44.1 3.28 1
42.8 5.15 1
42.9 53.9 0
56.9 82.8 0
116 10.8 1
118 9.3 1
91 11.2 1
115 1.68 1
97.9 2.93 1
112 28.3 0
117 41.9 0
112 37 0
111 35.2 0
117 48 0
115 48.6 0
83.2 35.6 0
101 28 0
117 57.3 0
115 51.2 0
81.3 65 0
115 81.3 0
104 91.2 0
139 21.3 0
154 28 0
129 53.7 0
130 76.5 0
122 54 0
165 91.3 4
184 46.4 4
192 53 4
183 53.6 4
172 65.1 4
183 97.4 4
31.3 21.9 1
20.3 42.2 1
7.75 47.4 1
5.93 47.4 1
38 94.6 0
34.3 98.3 0
18.8 95.8 1
36.2 97.5 0
42.7 21.6 1
53.4 17.8 1
77.3 8.45 1
71.4 3.88 1
58.5 21.1 1
65.6 13.9 1
64.4 3.05 1
63.9 1.18 1
41.8 34.8 1
64.9 46.7 0
65.3 53.2 0
78 54.3 0
50.5 84.4 0
53.3 90.8 0
81.4 5.13 1
93.1 9.2 1
81.6 33.9 0
112 77.2 0
82.7 53.3 0
119 65.3 0
83.1 55.7 0
105 83.2 0
100 97.5 0
122 5.28 1
122 3.4 1
154 2.75 0
139 45.6 0
122 35.6 0
146 76.3 4
155 53.2 4
122 83.8 0
185 27.5 0
173 62.5 4
172 94.6 4
192 83 4
5.33 2.65 1
38.2 10.1 1
36.9 12 1
25.5 1.43 1
31.6 3.98 1
33.5 2.55 1
15.9 1.38 1
14.5 2.55 1
37.2 33.7 1
36.8 27.1 1
36.8 47.9 0
35 26.5 1
34.9 48.5 1
38.2 65 0
37.9 54 0
13.6 90.8 1
57.7 12.8 1
74.6 23.4 1
76.4 22.2 1
42 9.78 1
62.9 21.8 1
41.5 14.3 1
77.5 1.83 1
76.9 26.9 0
76.8 47.9 0
75.1 26.3 1
75 48.5 0
51.3 48.3 0
78.4 65.3 0
75 52 0
56.8 73.3 0
42 94.5 0
83.1 10.9 1
81.4 9.28 1
91 1.98 1
118 40.1 0
81.6 39.9 0
95.1 28 0
89.9 75.7 0
110 52.9 0
83.1 67.8 0
118 75.9 0
111 97.3 0
81.7 94.6 4
117 98.1 4
119 95.2 4
115 98.9 4
123 11 1
122 9.43 1
146 16.6 0
127 22.3 0
159 20.4 0
167 2.1 0
125 22.3 0
124 34 0
123 67.1 0
148 90.3 4
123 93.8 4
123 97.4 4
184 21.5 0
189 10.3 0
195 13.5 0
198 59.1 4
198 64.2 4
195 91.8 4
174 82.8 4
23.9 3.3 1
2.25 2.7 1
26.7 39.5 1
38.6 35.4 1
25.3 37.1 1
9.18 45.9 1
7.98 44 1
25.2 47.1 1
19.2 26.7 1
36.8 60.7 0
14.3 51.2 1
36.8 77.2 0
35 78.4 0
16.2 51.2 1
34.9 51.7 0
18.7 65 1
19.7 68.1 1
19.9 84.6 1
18.1 82.6 1
3.08 82.9 1
47.8 1.15 1
78.5 10.4 1
69.4 2.7 1
51.4 23.8 1
41.9 30.7 1
48.1 26.3 1
41.9 29.4 1
58.7 78.2 0
49.3 71.3 0
78.1 94.7 4
74.4 98.4 4
59.1 95.6 0
52.6 83 0
76.2 97.6 4
90.1 20.5 1
113 22.1 0
87.5 22.5 1
89.2 3.63 1
107 34.6 0
115 26.4 0
117 27 0
111 64.7 0
87.5 77.5 0
117 68.2 0
132 1.33 1
167 33.5 0
123 41.6 0
122 39.7 0
122 64.9 0
162 78.7 4
159 78.7 4
162 98.9 4
141 81.3 4
155 96.9 4
122 90.7 4
123 89 4
172 5.13 0
181 1.4 0
191 1.53 0
172 3.25 0
197 47.4 4
172 35.4 0
178 53 4
177 51.1 4
186 78.8 4
180 81.8 4
37.2 41.1 1
38.6 39.5 1
12.5 26.1 1
18.9 48.7 1
8.25 26.1 1
13.8 78.2 1
15.7 78.2 1
2.6 96.7 1
36.5 90.1 0
17.5 97.3 1
15.6 98.6 1
37.7 83.8 0
48 5.8 1
57.2 17.1 1
51.9 1.33 1
70.3 8.13 1
68.1 7.25 1
43 16 1
55.6 28.4 1
43.4 39.1 1
41.6 40.9 1
73.4 33.6 0
53.9 45.8 0
53.8 43.2 0
49.6 40.3 0
49.2 46.6 0
43.2 66.4 0
61.1 77 0
50 53 0
78.7 72.4 0
51.9 79 0
47.9 78.7 0
52 51.4 0
77.1 70 0
56.6 75.7 0
77.7 83.8 0
95.2 13.1 1
118 20.6 0
112 3.08 1
108 39.6 0
81.4 44.4 0
81.4 45.7 0
108 64 0
115 78.7 0
101 51.1 0
94.8 57.2 0
97.8 97.2 0
105 98.4 0
141 3.45 1
169 4.93 0
162 23.7 0
133 47 0
169 35 0
123 48.1 0
142 53.3 0
144 51.3 0
127 96.8 4
142 96.7 4
144 98.7 4
160 97.5 4
192 10.5 0
186 6.5 0
180 16.2 0
195 48.7 4
171 43.8 0
177 48.2 4
178 46.3 4
172 39.5 0
171 45.1 4
187 77.1 4
196 78.8 4
178 83.3 4
187 98.6 4
197 98 4
18.5 34.8 1
16.9 47.3 1
4.98 26.1 1
34.8 81.5 0
27.9 96.7 0
49.2 22.4 1
65.5 11.1 1
54.6 34.7 0
77.1 41.1 0
76.1 33.9 0
78.4 39.5 0
77.3 35.7 0
59.7 47 0
57.9 48.8 0
51.9 35.3 0
41.6 64.8 0
74.8 81.5 0
95.2 10.3 1
108 21.8 0
110 23.7 0
96.7 1.48 1
103 40.6 0
89.1 46.1 0
107 28.4 0
106 48.4 0
86.8 47.6 0
106 26.5 0
98.5 51.1 0
99.7 81.8 0
97.7 81.8 0
140 1.38 1
136 1.38 1
152 23.6 0
150 23.6 0
129 20.9 0
128 18.1 0
130 15.2 0
168 44.4 0
168 45.6 4
132 48.6 0
162 48.8 4
160 47.3 4
168 56.9 4
162 65.8 4
162 51.4 4
168 87 4
143 83.1 4
150 81.5 4
152 81.5 4
162 81.4 4
132 83.1 4
168 88.8 4
174 10.7 0
172 9.28 0
175 1.65 0
171 30 0
171 31.3 0
171 69.9 4
197 77.2 4
171 71.9 4
185 98.6 4
3.55 4.43 1
9.78 40.9 1
12.9 40.3 1
16.3 43.3 1
2.35 41.3 1
0.475 40.9 1
22 98.5 1
26.2 98.5 0
16.1 84.2 1
14.2 98.6 1
58.6 15.2 1
66.9 23.5 1
68.9 21.9 1
71.6 40.8 0
42.8 46.4 0
76.6 90.2 4
50.7 96.7 0
62 98.4 0
52.3 98.6 0
66.2 98.4 4
68 96.8 4
95.1 1.48 1
102 1.45 1
106 2.75 1
109 48.4 0
95.5 54.4 0
81.8 87 0
88 81.5 0
83.5 89 4
99.2 95.7 0
134 6.43 1
135 23.7 0
150 1.5 0
133 15.8 0
133 23.7 0
152 1.5 0
144 48.4 0
144 26.6 0
169 39.1 0
167 39.7 0
142 26.6 0
167 58.5 4
160 52.9 4
160 83.1 4
180 8.75 0
195 4.2 0
197 30.4 0
195 28.5 0
186 83.2 4
21.2 12.5 1
38.6 17.5 1
37.4 16.2 1
21 27.9 1
13.6 28.2 1
20.3 47.4 1
12.5 47.4 1
7.35 31.2 1
29.5 78.1 0
27.6 78.1 0
18.2 93.4 1
13 81.5 1
16.1 86.7 1
14.9 81.5 1
68.3 15.5 1
54.9 19.4 1
42.7 2.78 1
41.4 4.65 1
50.1 27.8 1
58.3 52.1 0
50 87.5 0
62.4 83.1 0
57.1 97.2 0
108 6.85 1
115 23.4 0
92 13.6 1
100 23.6 0
102 34.3 0
117 88.1 0
119 86.8 0
163 9.7 0
133 39 0
122 27.8 0
124 28.8 0
147 33.9 0
133 34.3 0
140 87.7 4
195 1.3 0
185 31.1 0
195 81.7 4
5.48 45.6 1
21.9 51.6 1
18.7 56.5 1
18.7 54 1
20 51.6 1
7.3 81.7 1
5.48 81.7 1
47.6 12.7 1
56.4 5.93 1
73.3 1.18 1
69.8 26.7 0
54.7 57.9 0
60.4 53.5 0
53.1 68.7 0
50.9 68.4 0
41.6 87 0
47.8 81.5 0
43.6 88.8 0
105 6.63 1
106 23.1 0
98.1 23.6 0
119 44.2 0
119 45.5 0
107 78.6 0
109 78.6 0
90 83.2 0
125 18.2 0
157 21.7 0
124 21.1 0
152 26.5 0
135 26.6 0
150 26.5 0
146 41.1 0
145 35.5 0
144 39.9 0
131 36 0
122 96.6 4
122 94.8 4
177 23.5 0
171 17.3 0
173 15.6 0
184 29.3 0
189 26.8 0
178 70.1 4
180 78.3 4
178 78.3 4
198 83.5 4
192 98.3 4
177 98.3 4
172 90.7 4
4.7 23.4 1
6.28 11.4 1
5.33 14.3 1
31.9 6.48 1
0.6 23.4 1
7.15 21.5 1
29.7 2.63 1
27.2 35.4 1
29.6 48.5 1
27.7 48.5 1
15.4 56.7 1
6.08 53.2 1
13.5 54.2 1
7.78 96.7 1
30.4 98.3 0
60.3 8.55 1
63.6 15.8 1
72 6.63 1
58.9 1.18 1
61 1.18 1
67.8 35.8 0
50.5 76.6 0
41.6 71.1 0
41.6 69.1 0
41.7 57.1 0
69.6 51.8 0
67.8 51.8 0
55.2 54.6 0
61.6 72.8 0
50.8 72.8 0
85.5 18.5 1
89.3 17.8 1
89.1 9.9 1
85 21.3 1
81.7 16.1 1
81.7 14.1 1
92.3 3.45 1
109 27 0
117 35.2 0
115 37 0
100 48.5 0
98.3 76.1 0
96.7 78.2 0
85.6 73.6 0
100 77.9 0
92.4 78.2 0
85 76.3 0
89.2 73 0
81.6 59.8 0
81.6 57.9 0
107 81.4 0
109 81.4 0
81.7 90.7 4
144 2.08 0
128 12.1 0
151 35.9 0
168 31 0
150 48.1 0
162 26.6 0
133 28.2 0
168 29.8 0
124 76.7 0
127 77.9 4
126 51.7 0
122 69.7 0
143 78.4 4
122 71.7 0
150 51.8 0
141 78.4 4
152 51.8 0
121 59.1 0
135 78.6 4
121 57.2 0
133 78.6 4
136 52 0
158 76.8 4
125 51.7 0
135 98.4 4
192 15 0
189 13.1 0
199 23.1 0
196 23.1 0
183 2.58 0
192 2.83 0
198 1.38 0
199 27 0
180 48.1 4
180 26.9 0
199 48.7 4
175 68.6 4
180 51.9 4
183 75.6 4
198 51.4 4
196 51.4 4
184 71.9 4
14.4 6.6 1
19.4 23.1 1
39.3 23.8 1
38.7 0.65 1
38.8 14.3 1
8.83 23.1 1
35 6.93 1
29.9 26.9 1
2.33 29.1 1
3.48 31.7 1
38.7 30.9 1
38.6 44.1 0
38.7 29.6 1
38.6 45.4 0
39.3 25.6 1
39.3 49.4 0
22.1 37.8 1
4.58 78.1 1
0.475 78.1 1
8.13 51.7 1
29.4 51.9 1
0.225 51.5 1
21.7 78.1 1
27.6 51.9 1
39.3 51.3 0
39.3 78.8 0
4.33 51.5 1
38.2 68 0
19.7 78.1 1
22.6 82 1
26.8 82 0
19.3 87.2 1
39.3 81.3 0
39.3 99.3 0
48.6 3.65 1
44.9 12.1 1
55.8 3.68 1
47.1 15.4 1
70.4 13.6 1
78.2 17.2 1
67.8 4.58 1
44.8 6.35 1
41.2 23.8 1
79.3 23.8 1
78.7 0.65 1
41.3 0.65 1
78.5 13.4 1
76.7 14.9 1
70.6 23.4 1
58.2 26.9 1
69.5 48.5 0
67.6 48.5 0
61.8 48.2 0
78.8 30.7 0
78.7 44.1 0
78.8 29.4 0
78.7 45.4 0
41.2 25.6 1
41.2 49.4 0
79.3 25.6 0
79.3 49.4 0
65.9 38.6 0
43.7 32 1
67.6 28 1
43.1 28.2 1
69.8 78.2 0
47.9 51.6 0
41.2 51.3 0
41.2 78.8 0
78.7 59.4 0
79.3 51.3 0
78.7 57.5 0
79.3 78.8 0
78.4 68.2 0
70.5 98.4 4
66.9 81.9 0
48.2 98.1 0
41.2 81.3 0
79.3 81.3 0
41.2 99.3 0
79.3 99.3 4
42 90.5 0
118 13.9 1
87.6 1.65 1
81.2 23.8 1
119 23.8 0
81.2 0.65 1
119 0.65 1
92 21.8 1
81.6 31.1 0
84.7 43 0
116 33.4 0
89.8 28.1 0
87.8 26.7 0
82.6 47 0
92.3 48.5 0
92 26.4 0
113 33.5 0
81.2 25.6 0
81.2 49.4 0
119 25.6 0
119 49.4 0
96.5 39 0
96.6 48.5 0
98 46.9 0
81.6 29.8 0
118 58.2 0
118 60 0
81.8 71.1 0
81.8 69.1 0
109 51.7 0
87.7 51.1 0
106 51.7 0
81.2 51.3 0
119 51.3 0
81.2 78.8 0
119 78.8 0
118 69.3 0
118 90 4
95 97.8 0
87.9 98.3 4
81.2 81.3 0
119 81.3 0
81.2 99.3 4
119 99.3 4
121 16 0
160 17.7 0
153 21.6 0
121 14 0
133 13.3 0
125 1.8 1
127 1.8 1
142 23.5 0
144 23.5 0
169 23.8 0
169 0.65 0
121 23.8 0
121 0.65 1
131 11.1 0
160 28.1 0
127 26.6 0
126 48.8 0
121 44.4 0
121 45.6 0
169 25.6 0
169 49.4 4
124 48.8 0
121 25.6 0
121 49.4 0
131 26.6 0
153 48.5 4
152 46.6 0
123 78.8 0
168 60.3 4
153 78.1 4
132 52 0
141 52 0
165 76.3 4
169 51.3 4
169 78.8 4
121 51.3 0
121 78.8 0
135 54 0
129 95.1 4
133 98.4 4
141 98 4
150 98.3 4
128 91.6 4
152 98.3 4
122 87 4
167 95.2 4
125 81.5 0
166 97 4
127 81.5 4
169 81.3 4
169 99.3 4
121 81.3 0
121 99.3 4
193 13.4 0
187 23 0
189 23 0
179 21.9 0
171 23.8 0
171 0.65 0
172 13.9 0
178 26.9 0
187 48.3 4
189 48.3 4
171 49.4 4
171 25.6 0
189 51.7 4
189 78.3 4
187 51.7 4
174 53.6 4
171 51.3 4
171 78.8 4
177 75.1 4
181 83.7 4
182 92.6 4
171 81.3 4
171 99.3 4
173 89 4
195 96.2 4
16.1 20.1 1
17.4 22 1
38.7 4.98 1
37.4 3.1 1
21 1.88 1
19.6 1.88 1
7.83 15.6 1
29.8 23.2 1
17.8 4.68 1
21.1 21.8 1
26.7 23.6 1
22.4 23.6 1
16.8 7.3 1
13.4 1.18 1
13.6 22 1
8.43 38.8 1
29.7 39 1
30 36.2 1
6.4 76.3 1
38.6 59.1 0
8.2 78.2 1
38.7 72.2 0
38.6 57.3 0
36.8 69.6 0
17.9 75.1 1
13.8 93.2 1
61.5 23.4 1
62.3 8.18 1
62.3 26.4 1
67 40.5 0
66.5 26.4 1
51.9 57.5 0
44.7 73.5 0
67.8 77 0
62.4 78.8 0
66.6 78.8 0
62.1 51.4 0
52.6 88.6 0
105 4.2 1
99.3 15.6 1
102 15.7 1
102 10.4 1
111 43.3 0
97.8 26.6 0
88.2 43.4 0
97.7 35.9 0
119 30.8 0
119 29.5 0
98.4 40.7 0
111 45.8 0
99.8 26.6 0
96.1 95.9 0
160 22.4 0
131 6.85 1
130 4.45 1
151 38.7 0
140 42.5 0
140 32.5 0
158 48.5 4
158 26.5 0
139 29.3 0
169 65.3 4
158 51.5 4
158 81.7 4
144 81.8 4
158 98.6 4
193 30.3 0
199 78.5 4
174 75.6 4
186 71.9 4
171 87 4
177 81.5 4
9 11 1
27.7 21.9 1
2.75 36.3 1
2.25 45.7 1
15.5 27 1
18.6 32.2 1
12.5 76.4 1
6.2 98.6 1
12.3 95.6 1
20.1 97.2 1
55.4 12.5 1
53.7 13.9 1
49.5 18.5 1
47.7 23.6 1
41.5 17.4 1
56.7 43.2 0
41.6 43.9 0
60.5 28.2 1
47.8 48.3 0
51.2 42.7 0
70.3 36.1 0
41.6 45.2 0
76.8 77.4 0
44.3 76.2 0
75 78.6 0
58.2 70.8 0
60.1 70.6 0
41.6 60.9 0
43.3 59.3 0
58.3 93.1 0
117 71.2 0
119 72.5 0
98.4 53.1 0
109 98.4 0
92.1 81.7 0
102 98.5 0
165 21.2 0
168 16.1 0
168 14.2 0
161 3.68 0
165 43.1 4
142 47.3 0
165 46.9 4
152 76 4
165 73.6 4
149 77.9 4
161 72.8 4
167 64 4
168 71.1 4
168 69.1 4
166 53.9 4
139 82.8 4
165 93.8 4
166 83.9 4
135 81.6 4
133 81.6 4
161 95.3 4
179 3.05 0
181 23.4 0
186 40.2 0
173 42 4
188 96.8 4
10.4 13.6 1
10.8 36.4 1
24.9 41.3 1
4.05 38.8 1
17.3 29.9 1
22.1 48.6 1
22.1 40.4 1
13.4 37.6 1
17.2 71.9 1
29 83.5 0
30.9 81.5 0
38.5 88.9 0
38.5 87.1 0
54.3 7.4 1
52 26.5 1
70.9 81.5 0
69.1 83.4 0
61.1 81.2 0
78.5 88.9 4
78.5 87.1 4
60.5 97 0
58.5 81.2 0
54.8 84.2 0
98.8 7.35 1
103 13.3 1
110 37.5 0
109 35.7 0
101 83.6 0
146 5.5 0
147 8.8 0
165 18.5 0
136 21.4 0
133 4.03 1
138 7.55 0
169 10.2 0
162 1.45 0
158 3.48 0
123 26.6 0
123 30.7 0
161 43.5 0
167 67 4
153 83.1 4
148 83.3 4
194 6.8 0
182 6.63 0
198 37.9 0
180 68.3 4
187 81.3 4
189 81.3 4
193 98.3 4
179 97.1 4
18.9 43.5 1
22.5 26.2 1
27.9 28 1
21.2 31.3 1
26.7 26.2 1
14.4 46 1
7.18 28.7 1
14.3 72 1
9.83 83.2 1
58 24 1
70 39.2 0
53 71.7 0
54.9 73.9 0
110 8.83 1
117 15.5 0
119 17.2 0
118 46.8 0
89.6 52.4 0
91.9 51.3 0
96.3 83.5 0
167 11.9 0
157 1.25 0
136 47.2 0
147 53.1 0
162 56.9 4
165 65.6 4
141 84.6 4
199 36 0
174 27.5 0
176 28.7 0
174 47.6 4
174 56.1 4
176 56.7 4
171 58 4
171 59.9 4
8.68 2.9 1
36.8 22.5 1
35 23.7 1
9.88 32.1 1
16.8 52.5 1
14.9 52.5 1
7.73 62 1
0.1 81.2 1
52 7.3 1
59.4 22.4 1
72.1 2.68 1
57.5 19 1
48.6 31.6 1
52.5 77.8 0
49.5 82.9 0
55.3 86.7 0
118 3.43 1
97.3 21.6 1
118 5.3 1
115 1.68 1
115 51.2 0
81.3 65 0
83 83.8 0
89.9 97 4
91.5 98.7 4
115 81.3 0
106 98.4 0
147 28.1 0
153 34.2 0
129 47.4 0
141 48.8 0
136 48.8 0
161 87.1 4
148 97 4
166 89.5 4
192 47 4
188 27.9 0
180 98.9 4
199 98.9 4
4.2 9.83 1
30.8 1.2 1
32.7 1.2 1
16.3 2.8 1
14.9 3.98 1
37.9 28.4 1
37.9 46.7 0
31 76.5 0
20.6 83.2 1
18.8 98.8 1
21.7 91.3 1
18.8 81.3 1
9.43 98.1 1
46.6 2.33 1
78.8 4.8 1
53.3 21.5 1
77.9 46.6 0
52.2 47 0
72.4 76.8 0
58.4 76.7 0
54.8 76.3 0
51.6 81.4 0
61 91.5 0
109 1.4 1
98.7 4.3 1
104 46.9 0
117 41.9 0
101 39.2 0
115 48.6 0
90.5 76.9 0
104 52.7 0
88.1 78.7 0
119 65.3 0
83.1 66.7 0
104 96.9 0
147 22.1 0
167 8.58 0
149 9.65 0
125 23.7 0
127 23.7 0
147 46.6 0
153 40.3 0
123 68.2 0
127 98.5 4
164 97.8 4
125 98.5 4
124 82.8 0
197 2.68 0
188 8.13 0
189 2.7 0
184 1.18 0
173 34.1 0
192 77.1 4
172 65.1 4
177 72.6 4
172 94.6 4
25.5 1.43 1
16.2 23.9 1
9.88 1.18 1
14.2 23.9 1
18.2 47.3 1
16.2 48.6 1
7.58 48.7 1
35 26.5 1
34.9 48.5 0
18.7 27.9 1
0.175 29.3 1
5.75 48.7 1
24.7 76.2 0
16.3 77 1
38 94.6 0
34.3 98.3 0
16.2 97.3 1
36.2 97.5 0
59.1 11.5 1
63.9 21.8 1
52 17.8 1
53.1 2.5 1
70.1 1.5 1
69.7 10.4 1
67.5 9.53 1
64.4 3.05 1
63.9 1.18 1
42.9 13.7 1
66.3 34 0
75 48.5 0
60.8 75.5 0
51.1 54.1 0
66.4 53.2 0
42.8 83.7 0
58.5 98.6 0
116 10.9 1
118 9.45 1
103 21.7 0
101 1.45 1
88.1 23.7 0
90.7 23.7 0
83.1 44.5 0
84.3 46.4 0
87.9 48.8 0
102 28 0
83.1 56.8 0
118 53.5 0
117 56.1 0
117 67.1 0
81.7 94.6 4
82.9 96.5 4
118 83.6 0
132 2.65 1
158 23.7 0
166 10.3 0
153 28 0
160 75.5 4
153 53.2 4
162 77.5 4
123 60.5 0
123 92 4
125 90.4 4
174 22.3 0
192 8.45 0
197 28.2 0
199 40.6 4
196 26.3 0
186 26.1 0
173 69.9 4
177 54.2 4
176 52.3 4
23.9 3.3 1
35.6 3.65 1
36.9 5.53 1
8.5 42.8 1
14.1 42 1
24.9 53.5 1
14.4 75.2 1
38.2 65 0
15.7 93.8 1
13.6 97.5 1
50.2 5.83 1
74.6 23.4 0
76.4 22.2 1
43.4 10.3 1
63.7 10.5 1
51.5 22.5 1
76.5 1.83 1
47.2 27.6 1
76.9 26.9 0
75.1 26.3 0
45.4 31.4 1
44.7 28.9 1
50.1 45.3 0
78.4 65.3 0
46.8 77.4 0
53.1 52.5 0
75 52 0
78.1 94.7 4
74.4 98.4 4
42 94.5 0
76.2 97.6 4
81.4 5.28 1
82.6 3.4 1
118 40.2 0
81.6 40 0
90.2 47.3 0
117 27 0
101 36 0
115 26.4 0
82.9 62.4 0
118 97 4
119 95.2 4
115 98.9 4
112 82.7 0
138 10.2 0
122 5.43 1
163 22.4 0
122 3.55 1
153 2.75 0
167 44.4 4
163 47.5 4
149 35.4 0
145 37.8 0
167 45.7 4
130 76.5 4
122 64.9 0
163 52.6 4
163 95.6 4
173 73.1 4
185 77.3 4
174 97.5 4
184 97.4 4
6.65 1.73 1
38.2 10.3 1
36.9 12.1 1
32.3 21.9 1
13.2 48.9 1
0.65 47.6 1
3.98 27.2 1
34.9 51.7 0
35 78.4 0
15.6 82.8 1
44.4 15.4 1
41.8 34.7 1
64.9 46.7 0
42.9 53.9 0
49.5 66.7 0
47.7 72.3 0
78 54.3 0
83.1 11.1 1
81.4 9.43 1
81.6 33.9 0
83.2 35.5 0
109 47.2 0
111 52.9 0
104 76.5 0
98.3 98.2 0
123 11.1 1
140 5.15 0
122 9.58 1
129 17 0
167 32.5 0
121 30.3 0
121 29.1 0
122 39.7 0
123 41.6 0
125 27.5 0
124 25.9 0
148 39.6 0
141 27.8 0
161 46 4
166 27.3 0
138 76.9 4
129 53.7 0
167 56 4
161 54 4
122 54 0
161 84.3 4
163 82.6 4
181 4.23 0
194 1.3 0
186 75.6 4
198 96.8 4
32.1 47 0
19.6 46 1
26.4 47.1 1
37.2 41.2 1
11.5 26.1 1
2.15 43.1 1
38.6 39.5 1
0.275 42.7 1
25.8 33.5 1
5.55 31.2 1
37.9 54 0
0.7 96.9 1
6.9 90.9 1
4.43 90.8 1
4.05 82.9 1
49.2 11.7 1
78.5 10.5 1
49.3 21.1 1
43.4 39.1 0
72.4 28 0
41.6 41 0
54.7 67.6 0
41.6 64.8 0
72.2 53.8 0
43.2 66.4 0
101 9.3 1
107 1.4 1
97.5 13.6 1
112 28.3 0
95.1 28 0
117 62.9 0
82.7 53.3 0
115 78.7 0
99.7 96.7 0
162 18.4 0
131 22.4 0
122 35.5 0
124 34 0
165 57.6 4
167 86 4
137 96.4 4
172 5.28 0
175 1.65 0
193 21.2 0
174 2.3 0
184 46.4 4
172 39.6 0
194 37.4 0
172 28.7 0
171 32.2 0
172 46.3 4
183 53.6 4
173 63.3 4
0.975 2.85 1
32.5 28.3 1
37.2 33.7 1
20.5 29 1
38.6 35.3 1
10.6 46.1 1
9.33 26.1 1
19.4 52.8 1
34.8 81.5 0
58.5 6.7 1
77.3 7.68 1
72.1 47 0
77.1 41.2 0
57 48.8 0
78.4 39.6 0
49.3 29.1 1
77.1 62.2 0
78.7 73.3 0
56.9 53.3 0
74.8 81.5 0
44 97.4 0
112 22.1 0
97.5 2.85 1
83.6 27.3 0
96.1 53.3 0
112 77.2 0
117 92.7 4
105 83.2 0
139 21.3 0
135 6.8 0
169 5.08 0
167 3.2 0
137 27.8 0
123 47.1 0
131 83.1 4
155 96.9 4
199 1.38 0
176 48.2 4
194 48.7 4
197 33.5 0
172 35.4 0
192 53 4
194 78.8 4
174 82.8 4
180 89.5 4
12.6 28.2 1
39.3 26.9 1
39.3 48.1 0
36.8 61.7 0
37.9 76.4 0
31.9 53.6 0
37.7 83.8 0
23 98.5 0
19.9 93.1 1
12 81.5 1
57.6 2.35 1
77.2 33.5 0
55.4 47.5 0
78.4 35.4 0
41.2 26.9 1
79.3 48.1 0
77.6 75.8 0
77.7 83.8 0
63 98.4 0
83.6 17.3 1
99.9 2.83 1
111 23.7 0
117 22.2 0
115 23.4 0
105 26.5 0
113 47.4 0
81.2 48.1 0
119 48.1 0
117 47.4 0
102 51.1 0
137 1.38 1
123 17.2 0
155 21.7 0
149 23.6 0
139 1.38 1
131 48.6 0
169 39.1 0
167 39.8 0
146 59.2 4
145 51.3 0
146 76.3 4
122 78.8 4
165 87.5 4
145 98.7 4
122 81.3 0
182 12.1 0
185 13.9 0
174 10.9 0
190 7.03 0
172 9.43 0
184 21.5 0
196 43.7 4
174 66.9 4
177 77 4
190 98.3 4
192 83 4
177 89.1 4
18.7 22 1
38.6 18.4 1
5.85 39.3 1
19.1 76.9 1
25.1 98.5 0
36.5 91.1 0
15 96.2 1
9.88 88.8 1
65.8 23.5 1
42.7 21.6 1
53.5 19.4 1
62.1 1.18 1
61.3 39.4 0
59 40.3 0
60.3 36.8 0
43.5 47.7 0
73.9 78.6 0
43 72.3 0
48.7 76.2 0
73.3 70.7 0
41.6 68 0
65.1 98.4 4
53.1 98.6 0
63.4 83.1 0
117 2.78 1
105 48.4 0
119 43.2 0
88.5 62.6 0
83.7 72.4 0
118 76.7 0
111 97.3 4
81.8 85.9 4
87.1 81.5 0
169 34.9 0
143 59.5 4
167 52.5 4
167 82.5 4
190 4 0
192 42.5 4
191 28.1 0
185 34.1 0
182 76.8 4
196 77.2 4
185 83.2 4
14.7 13.9 1
16.4 15.7 1
38.7 1.75 1
38.2 23.8 1
0.6 15 1
10.9 29.6 1
38.6 43.1 0
36.8 27.7 1
36.8 47.3 0
26.5 78.1 0
38.2 66.9 0
22.9 51.6 1
26.4 92.2 0
8.38 81.7 1
36.9 96.4 0
38.2 99.3 0
50.7 3.68 1
44.7 8.35 1
41.4 4.8 1
78.2 23.8 0
58 37.7 0
55.6 28.4 1
78.7 43.1 0
77.7 28.2 0
78.2 25.6 0
76.8 47.3 0
78.4 67.1 0
78.2 78.8 0
55.4 97.2 0
76.6 91.2 4
78.2 99.3 4
119 1.75 1
94.7 1.48 1
118 23.8 0
81.2 1.75 1
117 38.4 0
118 25.6 0
118 68.2 0
81.8 68 0
119 85.7 4
101 98.5 0
81.2 98.2 4
119 98.2 4
145 4 0
149 1.5 0
121 1.75 1
148 16.6 0
141 12.6 0
123 2.9 1
145 12.8 0
152 15.7 0
169 1.75 0
145 48.4 0
145 26.6 0
121 43.3 0
131 41.8 0
122 94.8 4
121 98.2 4
122 96.6 4
176 23.5 0
172 0.65 0
182 28 0
193 72.9 4
174 71.8 4
17.5 10.8 1
22.1 1.88 1
37.5 20.9 1
18.8 3.3 1
38.8 13.4 1
4 3.5 1
19.2 12.6 1
0.825 1.08 1
38.7 31.8 1
22.6 78.1 0
39.3 52.3 0
12 53 1
0.725 98.9 1
23.5 82 0
39.3 82.3 0
10.7 97 1
66.7 3.38 1
77.7 0.65 1
74.4 1.18 1
77.8 2.93 1
62.8 48.2 0
41.8 32.9 1
41.2 52.3 0
49.2 73.8 0
79.3 52.3 0
66.6 92.3 4
41.6 85.8 0
46.9 81.5 0
41.2 82.3 0
79.3 82.3 0
118 13 1
81.7 13.2 1
101 23.6 0
112 3.08 1
110 16.4 1
81.6 32 0
83.3 41.9 0
118 34.8 0
118 28.2 0
92.9 26.4 0
90.9 64.2 0
102 56 0
106 78.6 0
113 51.2 0
93.4 78.2 0
110 78.6 0
81.2 52.3 0
119 52.3 0
117 52.2 0
99.5 89.2 0
117 97.8 4
81.2 82.3 0
117 82.3 4
119 82.3 4
114 81.3 0
147 3.43 0
145 15.5 0
121 13.1 0
161 21.1 0
149 26.5 0
166 42.1 4
127 48.8 0
122 26.6 0
128 42.2 0
167 28.5 0
122 66.7 0
128 77.9 4
166 72.4 4
157 78.1 4
127 51.7 0
123 52.7 0
121 52.3 0
144 91 4
147 91.3 4
152 89 4
130 96.8 4
128 81.5 4
169 95.2 4
123 83.8 4
184 16.2 0
172 13 0
171 18.2 0
172 23.8 0
181 15.2 0
172 25.6 0
178 40.8 4
178 34.3 0
172 49.4 4
195 73.1 4
172 51.3 4
172 78.8 4
187 91.2 4
176 98.3 4
194 81.7 4
172 81.3 4
172 99.3 4
9.9 23.1 1
33.8 23.7 1
12.6 22 1
15 47.5 1
16.2 28.2 1
4 45.6 1
24.5 69.9 0
9.2 51.7 1
11.4 78.2 1
27.3 68 0
25.6 82 0
2.8 95.4 1
13.7 89.7 1
78.5 12.4 1
78.2 18.1 1
42.2 0.65 1
48.3 16.6 1
78.8 31.7 0
41.7 56 0
47 51.6 0
78.7 56.4 0
63.1 51.4 0
47.3 98.1 0
65.8 81.9 0
77 96.5 4
105 23.1 0
95.7 23.1 0
113 1.68 1
93 21.8 0
110 27 0
101 48.5 0
86.9 26.7 0
117 33 0
93.3 48.5 0
119 31.7 0
102 77.9 0
95.5 78.2 0
81.3 63.9 0
96.8 89.1 4
89.2 89 4
87 98.3 4
110 81.4 0
83.7 82.5 4
106 81.4 0
141 16.2 0
167 17.3 0
128 1.8 1
168 23.8 0
150 14.8 0
160 35.9 0
130 26.6 0
163 26.6 0
128 26.6 0
157 48.5 4
147 37.8 0
168 49.4 4
168 25.6 0
131 52 0
168 68 4
122 72.6 4
154 78.1 4
131 78.6 4
157 51.5 4
168 78.8 4
121 56.1 0
149 89.1 4
131 98.4 4
157 81.7 4
122 85.9 4
168 99.3 4
167 92 4
200 23.1 0
181 36.2 0
181 38.7 0
177 26.9 0
172 41.5 4
199 51.4 4
174 52.4 4
174 77.5 4
173 96.4 4
1.68 23.4 1
33 18.2 1
3.63 23.4 1
23.4 23.6 1
28.8 2.63 1
5.38 28.7 1
10.5 43.6 1
12.9 43.5 1
3.25 51.5 1
24.6 59.7 1
1.3 51.5 1
26.4 51.9 1
9.28 78.2 1
39.3 78 0
38.7 73.1 0
38.6 56.1 0
31.4 70.2 0
22 60.3 1
31.4 98.3 0
62.5 23.4 1
41.4 10.9 1
41.2 23 1
43.6 1.83 1
57.3 26.9 0
70.8 26.7 0
41.6 42.8 0
63.3 26.4 1
66.5 48.5 0
42 49.4 0
64.5 66.1 0
70.6 51.8 0
41.2 78 0
63.4 78.8 0
65.2 51.4 0
66.4 69.5 0
76.9 53 0
53.6 92.4 0
42 99.3 0
93.1 1.48 1
86.7 1.65 1
82 23.8 0
98.7 1.38 1
89.1 35.7 0
91 40 0
90.6 33.6 0
95.4 48.5 0
96.6 26.6 0
82.4 28.6 0
82 25.6 0
95.1 61.2 0
110 51.7 0
83.9 77.5 0
105 51.7 0
119 64.1 0
82 78.8 0
86.8 51.1 0
119 78 4
81.5 55.4 0
118 57 0
113 86.5 4
93 81.7 0
85.3 81.5 4
137 22.8 0
168 13.2 0
129 3.13 1
121 23 0
159 13.8 0
122 21.8 0
159 33.7 0
149 48.1 0
155 48.5 4
155 26.5 0
157 26.5 0
122 45.8 0
124 47.7 0
122 48.3 0
166 48.2 4
154 67.7 4
137 52 0
140 52 0
131 70.8 4
149 51.8 4
140 78.4 4
155 51.5 4
166 77.6 4
136 78.6 4
144 78.4 4
140 68.8 4
137 71.2 4
140 98 4
155 81.7 4
166 98.1 4
157 98.6 4
136 98.4 4
153 98.3 4
195 23.1 0
186 23 0
186 48.3 4
181 48.1 4
181 63 4
181 51.9 4
186 51.7 4
195 51.4 4
182 81.9 4
172 91.7 4
172 93.5 4
200 98.9 4
25.5 23.6 1
26.7 1.43 1
30.9 26.9 1
30.6 48.5 1
23 48.6 1
33.9 26.5 1
33.8 48.5 0
3.5 78.1 1
1.55 78.1 1
6.18 70.3 1
36.8 52.7 0
30.4 51.9 0
38 93.4 0
33.2 98.3 0
20.5 95.5 1
71.6 23.4 0
46.8 23.6 1
41.5 18.3 1
78.8 6.03 1
70.5 48.5 0
73.9 48.5 0
65.4 26.4 0
67.6 61.3 0
70.1 62.2 0
70.8 78.2 0
71.9 60.2 0
61.3 59.1 0
78.7 60.4 0
65.5 78.8 0
65.6 71.9 0
42 91.5 0
43.6 82.4 0
83.9 22.5 0
118 6.53 1
107 13 1
91.6 4.7 1
89.2 4.88 1
92.3 7.48 1
89.9 7.65 1
114 26.4 0
101 26.6 0
89.6 66.3 0
118 61 0
81.6 60.8 0
111 57.6 0
81.7 91.7 4
102 81.8 0
81.7 93.5 4
118 91 4
95.2 81.7 0
114 98.9 4
83.7 97.2 4
141 23.5 0
135 4.4 1
166 22.4 0
145 23.5 0
157 13.1 0
159 40.3 4
147 61.7 4
129 67.3 4
149 98.3 4
132 81.6 4
148 81.8 4
190 23 0
179 1.65 0
173 3.4 0
172 21.5 0
196 13.9 0
190 48.3 4
192 34.4 0
190 51.7 4
190 78.3 4
172 57 4
195 96.2 4
171 85.9 4
176 81.5 4
10.4 7.4 1
30.7 23.2 1
36.4 7.45 1
28.5 9.65 1
25.1 48.6 1
23.5 26.2 1
17.4 48.6 1
8.9 27.6 1
38.6 60.1 0
27.5 62.9 0
32 78.4 0
38.2 63.9 0
17.5 51.3 1
17.5 78.8 1
9.85 68.3 1
38.5 85.9 0
17.5 98.8 1
17.5 81.3 1
73.4 23.4 0
77.1 21.4 0
46.9 48.3 0
74 26.3 0
42.3 46.4 0
56.1 62.7 0
70.3 68.6 0
78.4 64.1 0
65.1 58.8 0
42.6 76.7 0
75.9 70 0
73.9 52 0
71.5 98.4 4
78.1 93.6 4
73.3 98.4 4
42 93.3 0
78.5 85.9 4
45.2 81.5 0
62 81.2 0
42.8 96.3 0
61.5 97 0
118 8.23 1
83.4 2.75 1
94.6 33.2 0
91.9 69.5 0
97.9 70.1 0
90.3 58.9 0
119 73.4 4
92.9 51.3 0
110 98.4 4
119 94.1 4
94.1 98.7 4
152 20.3 0
156 1.25 0
163 1.45 0
123 31.6 0
169 33.1 0
168 61.3 4
168 63.1 4
159 69.4 4
148 77.9 4
128 59.8 0
122 63.7 0
154 64.9 4
159 63.5 4
131 63.3 4
122 61.9 0
139 81.6 4
145 81.8 4
136 81.6 4
182 23.4 0
178 16.5 0
171 19.9 0
196 46.1 4
188 35.5 0
184 59.8 4
190 69.2 4
198 65.1 4
193 64.9 4
193 58.5 4
199 58.7 4
191 60.9 4
181 84.9 4
29.4 13.8 1
31.8 14.5 1
24.8 8.28 1
12.7 1.18 1
17.3 1.43 1
17.4 23.9 1
21.7 13.1 1
32.8 33.5 1
32.5 41.8 1
25.6 26.2 1
17.6 26.2 1
5.9 41.7 1
38.2 26.3 1
38.2 48.8 0
31.3 59.8 0
36.8 77.6 0
33.8 51.7 0
33.8 78.4 0
13.4 59.9 1
10.3 65.8 1
36.6 82.5 0
7.75 95.1 1
57.1 24 1
72.7 33.1 0
41.8 37.7 0
61.5 33.6 0
78.9 26.9 0
78.2 48.8 0
59 46.4 0
60.1 61.7 0
43.7 52.6 0
76.6 82.5 0
55.5 82.6 0
57.6 81.2 0
81.4 6.5 1
102 1.45 1
112 16.7 0
81.6 38.7 0
119 26.9 0
118 48.8 0
101 66.2 0
112 67.4 0
94.3 58.6 0
95.1 51.3 0
114 78.7 0
98.7 62.6 0
109 60.6 0
103 59.4 0
111 64.1 0
96.3 96.9 0
137 3.08 1
122 6.65 1
122 1.1 1
154 1.25 0
146 31.9 0
164 26.6 0
132 45.7 0
151 60.9 4
143 54.6 4
144 69.9 4
161 65.5 4
143 95.4 4
122 98.9 4
123 97.4 4
177 1.65 0
197 9.68 0
193 32.3 0
179 45.1 4
172 68.2 4
184 91.8 4
186 81.3 4
194 90.4 4
172 83.8 4
199 87.6 4
179 84.5 4
191 88.2 4
38.2 9.05 1
11 1.18 1
22.5 16.1 1
18.7 35.6 1
18.9 64.3 1
19.9 68.7 1
27.2 95.3 0
30.2 89.2 0
22.1 96.8 0
31.9 81.5 0
38.5 89.9 0
62.2 14.9 1
78.2 19.8 0
49.5 39.5 0
41.8 36 0
52.7 26.5 1
57.4 45.1 0
62.1 66.2 0
49.1 60.9 0
41.6 61.8 0
41.6 63.6 0
45.3 51.6 0
50.7 95.5 0
71.9 81.5 0
45.6 98.1 0
78.5 89.9 4
108 20.6 0
119 18.1 0
85 1.65 1
110 42.3 0
108 40.4 0
81.6 37 0
85.2 26.7 0
105 33.7 0
104 41.7 0
106 29.7 0
104 66.7 0
99.8 54.3 0
112 72.3 0
110 70.5 0
106 70.9 0
117 77.9 4
83.5 52 0
111 93.9 4
98.1 98.2 0
85.3 98.3 4
152 8.25 0
139 3.08 0
163 35.6 0
122 38.5 0
142 41.7 0
142 33.3 0
138 35 0
138 40.1 0
133 33.8 0
151 69.8 4
154 57.6 4
146 67.9 4
135 90.4 4
155 91.1 4
131 88.9 4
180 9.93 0
184 38.8 0
174 41.7 4
177 60.6 4
194 98.3 4
190 81.3 4
26.1 16.2 1
5.9 1.73 1
36.5 17.1 1
38.6 38.3 0
38.7 74.8 0
13.4 51.3 1
15.6 87.9 1
33.7 81.5 0
3.43 88.4 1
38.9 98.2 0
68 17.9 1
78.5 9.3 1
59.6 15.6 1
72.3 41.9 0
51.2 35.2 0
52.6 78.8 0
55.7 77.3 0
70.4 89.3 4
73.7 81.5 0
63.3 92.5 0
78.9 98.2 4
81.4 8.2 1
114 23.4 0
118 1.1 1
91.7 23.7 0
96.3 9.18 1
81.7 43.4 0
111 48.8 0
103 33.3 0
85.1 51.1 0
109 63.3 0
84.7 88.6 4
100 84.8 4
109 90 4
104 96.9 0
92.5 98.7 4
118 98.9 4
122 8.35 1
133 17.6 0
130 23.7 0
157 23.7 0
128 23.7 0
134 20.2 0
167 2.55 0
133 39.9 0
168 43.3 4
137 26.2 0
137 48.8 0
121 27.8 0
123 25.9 0
122 36.8 0
147 43 0
143 40.6 0
143 34.7 0
138 64.5 4
140 61 4
134 62.7 4
169 53.5 4
159 59.7 4
122 51 0
128 98.5 4
153 83.9 4
141 87.7 4
149 84.5 4
169 83.5 4
121 82.3 4
172 6.5 0
171 1.75 0
172 38.4 0
171 26.9 0
171 48.1 4
171 60.9 4
188 95.3 4
188 88.9 4
183 98.9 4
181 98.9 4
33.8 1.2 1
13.3 23.9 1
37.7 1.1 1
3.08 14.8 1
3.9 43 1
38.6 36.6 1
8.65 48.7 1
4.35 47.5 1
3.7 66.5 1
15.4 63.2 1
38.2 51 0
20.5 57.8 1
3.13 81.2 1
1.18 81.2 1
38.2 81 0
9.25 83.9 1
68.5 20.6 1
64.1 17.5 1
45.1 23.6 1
41.5 20 1
56.5 1.18 1
53.9 22.7 1
79 1.75 1
41.4 12.8 1
55.1 35.2 0
78.4 38.3 0
45.1 48.3 0
42 26.3 1
40.8 48.1 0
55.2 59.8 0
57.6 78.5 0
60.4 54.8 0
56.5 51.2 0
78.2 51 0
67.3 95.4 4
78.2 81 0
47.8 87.7 0
103 17.6 1
81.9 18.4 1
111 9 1
110 1.4 1
118 21.5 0
87.2 23.7 0
96.2 2.85 1
112 42.9 0
113 48.8 0
80.8 26.9 0
81.9 73.4 0
87.2 78.7 0
119 75.1 4
118 51 0
88.7 56 0
96.7 85 4
106 89.3 0
90 84.4 4
106 98.4 0
99.5 96.7 0
118 81 4
122 18.4 0
155 23.7 0
169 6.3 0
122 24.2 0
124 23 0
162 10.2 0
129 46.1 0
169 48.1 4
140 26.2 0
140 48.8 0
121 47.1 0
123 49 0
139 33 0
139 41.9 0
131 35.5 0
169 26.9 0
148 54.3 4
136 58.3 4
166 51.2 4
169 55.6 4
121 78 4
159 90.6 4
166 81.2 4
169 85.6 4
175 15.6 0
188 1.18 0
186 1.18 0
172 36.6 0
176 30 0
181 66.1 4
181 69.5 4
171 73.4 4
171 55.5 4
171 62.7 4
176 78.7 4
176 51.1 4
171 98.2 4
180 91.5 4
35.9 2.3 1
3.03 32.7 1
12.2 48.9 1
4.98 58.9 1
7.28 63.7 1
23.8 92.3 0
6.18 97 1
43.5 22.8 1
53.1 1.18 1
46.9 1.18 1
42.3 2.93 1
40.9 1.75 1
78.4 36.6 0
47 26.3 1
72.5 75.6 0
41.4 73.4 0
53.1 51.2 0
46.7 78.7 0
44.8 88.4 0
56.3 92.9 0
60.3 88.1 0
52.4 81.4 0
57.6 98.6 0
97.8 7.78 1
97.7 20.4 0
103 9.9 1
99.4 16.3 1
104 7.88 1
87 48.8 0
83.9 66.7 0
116 87.2 4
169 18.3 0
169 8 0
165 1.45 0
155 8.28 0
131 1.33 1
146 29.3 0
169 37.9 0
163 48.8 4
167 46.9 4
168 73.5 4
163 78.8 4
163 51.2 4
124 75.5 4
148 95.8 4
122 91.9 4
163 81.2 4
163 98.9 4
169 98.2 4
192 15.4 0
187 13.5 0
172 8.2 0
198 1.38 0
197 2.68 0
191 45.7 4
191 40.9 4
182 26.1 0
194 26.3 0
185 26.1 0
186 32.2 0
174 34.4 0
192 75.8 4
182 78.6 4
198 84.7 4
3.13 11 1
7.43 20.3 1
7.55 17.4 1
29.8 1.2 1
1.75 2.85 1
38.9 23 1
30.3 7.75 1
2.85 35.2 1
1.6 26.1 1
10.3 47.7 1
3.55 26.1 1
21.5 36.7 1
5 54.5 1
1.45 66.4 1
31.1 75.3 0
38.2 79.2 0
14.9 58 1
20 88.3 1
75.5 14.9 1
70.8 14.6 1
62.9 6.25 1
55.3 24 1
69.1 1.5 1
78.9 23 0
73.5 7.3 1
43.6 27.6 1
54.3 26.5 0
52.9 48.7 0
51.1 58.6 0
62.9 72.2 0
78.9 78 0
40.8 98.2 0
108 10.1 1
89.9 16.5 1
91.2 14.3 1
105 13.1 1
100 2.83 1
119 23 0
82 1.1 1
88.8 10.4 1
104 45.6 0
94.9 39.9 0
116 41.5 0
89.8 29.3 0
81.2 48.1 0
103 54 0
97.9 74.9 0
89.8 71.7 0
116 67.1 0
118 79.2 4
90.7 91.2 4
100 91 4
82 98.9 4
146 1.93 0
159 16.5 0
147 20.8 0
150 8.93 0
163 23.6 0
128 11.5 0
145 11.1 0
168 1.1 0
132 29.4 0
152 29.2 0
155 34.9 0
160 29.4 0
126 27.5 0
121 31.3 0
122 44.2 0
169 36.2 0
147 45.3 0
155 40 0
125 69 4
129 90.8 4
122 93.7 4
168 97 4
169 92.3 4
192 26.3 0
185 41.3 4
172 53.4 4
171 52.3 4
184 78.6 4
195 76 4
183 70.6 4
198 96.8 4
171 82.3 4
