132.071 95.7024 0
12.5427 4.33601 4
192.048 95.5147 4
127.326 95.7014 0
86.4153 95.7024 4
31.0528 95.7013 4
179.047 4.3024 4
91.0891 95.7015 4
44.7883 95.7016 4
99.7676 4.30029 4
118.105 95.7018 0
12.5482 95.6578 4
3.51336 94.0942 4
196.474 5.9172 4
178.875 95.7001 4
39.9099 4.29957 4
16.8217 4.30598 4
150.964 4.30103 0
118.564 4.30125 4
137.061 4.30082 0
58.325 95.7024 4
183.27 4.309 4
160.152 95.7024 4
174.681 95.7008 4
90.7777 4.30064 4
146.341 4.30081 0
104.692 4.3005 4
169.421 4.30124 0
127.73 4.29977 4
197.077 88.839 4
109.367 4.30053 4
113.999 4.30077 4
164.747 95.7004 4
169.378 95.701 4
141.695 4.30074 0
2.85088 20.2779 0
2.8506 24.8498 0
2.85056 29.4225 0
2.85055 33.9952 0
2.85054 38.568 0
2.85052 43.1407 0
2.8505 47.7135 0
2.85055 52.2862 0
2.8505 56.8587 0
2.85047 61.4317 0
197.149 20.277 4
197.15 24.8497 4
197.15 29.4224 4
197.15 33.9952 4
197.15 38.5679 4
197.15 43.1406 4
197.15 47.7134 4
197.15 52.2861 4
197.15 56.8588 4
197.15 61.4316 4
197.15 66.0043 4
197.15 70.5771 4
197.15 75.1498 4
197.149 79.7223 4
2.85038 66.0061 0
197.144 15.7047 4
197.143 84.2928 4
2.85388 15.7121 0
2.85014 70.5765 0
2.85006 75.1498 0
2.85057 79.7227 0
2.85586 84.2952 4
197.09 11.1375 4
2.88458 11.2104 4
2.90827 88.8613 4
132.402 4.29997 0
76.8139 95.7013 4
21.4077 4.30068 4
44.5115 4.29975 4
76.8658 4.30015 4
155.538 4.30069 0
39.8187 95.7014 4
123.116 4.30104 4
21.4886 95.6995 4
26.1058 4.30017 4
146.239 95.7012 0
49.1827 4.30017 4
183.277 95.6966 4
68.0848 24.996 4
81.1996 25.0728 4
53.6321 95.701 4
187.824 4.34496 4
68.173 38.1229 4
71.8854 37.9012 4
26.4041 95.7014 4
81.0729 28.7777 4
95.1365 4.30065 4
174.406 4.30133 0
31.0308 4.30032 4
81.8367 4.30062 4
95.0537 95.7011 4
104.877 95.7013 0
7.93433 4.54989 4
188.092 95.6576 4
58.7986 4.29964 4
34.9283 95.7003 4
71.7272 25.2213 4
68.3072 28.6845 4
54.1127 4.29993 4
72.9466 34.1192 4
67.605 95.7013 4
109.536 95.7005 0
77.177 29.8663 4
76.1521 37.8796 4
196.169 94.2815 4
80.9361 33.0624 4
67.6447 4.29989 4
136.973 95.7008 0
81.4749 95.7013 4
150.853 95.7008 0
76.7885 25.6507 4
122.985 95.7007 0
160.162 4.30064 0
7.66373 95.4163 4
48.988 95.701 4
68.695 33.7581 4
192.299 4.62133 4
3.30379 6.42194 4
77.3103 34.2526 4
72.4374 29.3148 4
5.7 8.6 4
5.7 13.2 0
10.3 8.6 4
10.3 13.2 0
5.7 17.8 0
10.3 17.8 0
5.7 22.4 0
10.3 22.4 0
5.7 27 0
10.3 27 0
5.7 31.6 0
10.3 31.6 0
5.7 36.2 0
10.3 36.2 0
5.7 40.8 0
10.3 40.8 0
5.7 45.4 0
10.3 45.4 0
5.7 50 0
10.3 50 0
5.7 54.6 0
10.3 54.6 0
5.7 59.2 0
10.3 59.2 0
5.7 63.8 0
10.3 63.8 0
5.7 68.4 0
10.3 68.4 0
5.7 73 0
10.3 73 0
5.7 77.6 0
10.3 77.6 0
5.7 82.2 0
10.3 82.2 0
5.7 86.8 4
10.3 86.8 4
5.7 91.4 4
10.3 91.4 4
14.9 8.6 4
14.9 13.2 4
14.9 17.8 0
14.9 22.4 0
14.9 27 0
14.9 31.6 0
14.9 36.2 0
14.9 40.8 0
14.9 45.4 0
14.9 50 0
14.9 54.6 0
14.9 59.2 0
14.9 63.8 0
14.9 68.4 0
14.9 73 0
14.9 77.6 0
14.9 82.2 0
14.9 86.8 4
14.9 91.4 4
19.5 8.6 4
19.5 13.2 4
19.5 17.8 4
19.5 22.4 0
19.5 27 0
19.5 31.6 0
19.5 36.2 0
19.5 40.8 0
19.5 45.4 0
19.5 50 0
19.5 54.6 0
19.5 59.2 0
19.5 63.8 0
19.5 68.4 0
19.5 73 0
19.5 77.6 0
19.5 82.2 4
19.5 86.8 4
19.5 91.4 4
24.1 8.6 4
24.1 13.2 4
24.1 17.8 4
24.1 22.4 4
24.1 27 4
24.1 31.6 0
24.1 36.2 0
24.1 40.8 0
24.1 45.4 0
24.1 50 0
24.1 54.6 0
24.1 59.2 0
24.1 63.8 0
24.1 68.4 0
24.1 73 0
24.1 77.6 4
24.1 82.2 4
24.1 86.8 4
24.1 91.4 4
28.7 8.6 4
28.7 13.2 4
28.7 17.8 4
28.7 22.4 4
28.7 27 4
28.7 31.6 4
28.7 36.2 4
28.7 40.8 4
28.7 45.4 0
28.7 50 0
28.7 54.6 0
28.7 59.2 0
28.7 63.8 0
28.7 68.4 0
28.7 73 4
28.7 77.6 4
28.7 82.2 4
28.7 86.8 4
28.7 91.4 4
33.3 8.6 4
33.3 13.2 4
33.3 17.8 4
33.3 22.4 4
33.3 27 4
33.3 31.6 4
33.3 36.2 4
33.3 40.8 4
33.3 45.4 4
33.3 50 4
33.3 54.6 4
33.3 59.2 4
33.3 63.8 4
33.3 68.4 4
33.3 73 4
33.3 77.6 4
33.3 82.2 4
33.3 86.8 4
33.3 91.4 4
37.9 8.6 4
37.9 13.2 4
37.9 17.8 4
37.9 22.4 4
37.9 27 4
37.9 31.6 4
37.9 36.2 4
37.9 40.8 4
37.9 45.4 4
37.9 50 4
37.9 54.6 4
37.9 59.2 4
37.9 63.8 4
37.9 68.4 4
37.9 73 4
37.9 77.6 4
37.9 82.2 4
37.9 86.8 4
37.9 91.4 4
42.5 8.6 4
42.5 13.2 4
42.5 17.8 4
42.5 22.4 4
42.5 27 4
42.5 31.6 4
42.5 36.2 4
42.5 40.8 4
42.5 45.4 4
42.5 50 4
42.5 54.6 4
42.5 59.2 4
42.5 63.8 4
42.5 68.4 4
42.5 73 4
42.5 77.6 4
42.5 82.2 4
42.5 86.8 4
42.5 91.4 4
47.1 8.6 4
47.1 13.2 4
47.1 17.8 4
47.1 22.4 4
47.1 27 4
47.1 31.6 4
47.1 36.2 4
47.1 40.8 4
47.1 45.4 4
47.1 50 4
47.1 54.6 4
47.1 59.2 4
47.1 63.8 4
47.1 68.4 4
47.1 73 4
47.1 77.6 4
47.1 82.2 4
47.1 86.8 4
47.1 91.4 4
51.7 8.6 4
51.7 13.2 4
51.7 17.8 4
51.7 22.4 4
51.7 27 4
51.7 31.6 4
51.7 36.2 4
51.7 40.8 4
51.7 45.4 4
51.7 50 4
51.7 54.6 4
51.7 59.2 4
51.7 63.8 4
51.7 68.4 4
51.7 73 4
51.7 77.6 4
51.7 82.2 4
51.7 86.8 4
51.7 91.4 4
56.3 8.6 4
56.3 13.2 4
56.3 17.8 4
56.3 22.4 4
56.3 27 4
56.3 31.6 4
56.3 36.2 4
56.3 40.8 4
56.3 45.4 4
56.3 50 4
56.3 54.6 4
56.3 59.2 4
56.3 63.8 4
56.3 68.4 4
56.3 73 4
56.3 77.6 4
56.3 82.2 4
56.3 86.8 4
56.3 91.4 4
60.9 8.6 4
60.9 13.2 4
60.9 17.8 4
60.9 22.4 4
60.9 27 4
60.9 31.6 4
60.9 36.2 4
60.9 40.8 4
60.9 45.4 4
60.9 50 4
60.9 54.6 4
60.9 59.2 4
60.9 63.8 4
60.9 68.4 4
60.9 73 4
60.9 77.6 4
60.9 82.2 4
60.9 86.8 4
60.9 91.4 4
65.5 8.6 4
65.5 13.2 4
65.5 17.8 4
65.5 22.4 4
65.5 27 4
65.5 31.6 4
65.5 36.2 4
65.5 40.8 4
65.5 45.4 4
65.5 50 4
65.5 54.6 4
65.5 59.2 4
65.5 63.8 4
65.5 68.4 4
65.5 73 4
65.5 77.6 4
65.5 82.2 4
65.5 86.8 4
65.5 91.4 4
70.1 8.6 4
70.1 13.2 4
70.1 17.8 4
70.1 22.4 4
70.1 40.8 4
70.1 45.4 4
70.1 50 4
70.1 54.6 4
70.1 59.2 4
70.1 63.8 4
70.1 68.4 4
70.1 73 4
70.1 77.6 4
70.1 82.2 4
70.1 86.8 4
70.1 91.4 4
74.7 8.6 4
74.7 13.2 4
74.7 17.8 4
74.7 22.4 4
74.7 40.8 4
74.7 45.4 4
74.7 50 4
74.7 54.6 4
74.7 59.2 4
74.7 63.8 4
74.7 68.4 4
74.7 73 4
74.7 77.6 4
74.7 82.2 4
74.7 86.8 4
74.7 91.4 4
79.3 8.6 4
79.3 13.2 4
79.3 17.8 4
79.3 22.4 4
79.3 40.8 4
79.3 45.4 4
79.3 50 4
79.3 54.6 4
79.3 59.2 4
79.3 63.8 4
79.3 68.4 4
79.3 73 4
79.3 77.6 4
79.3 82.2 4
79.3 86.8 4
79.3 91.4 4
83.9 8.6 4
83.9 13.2 4
83.9 17.8 4
83.9 22.4 4
79.3 36.2 4
83.9 36.2 4
83.9 40.8 4
83.9 45.4 4
83.9 50 4
83.9 54.6 4
83.9 59.2 4
83.9 63.8 4
83.9 68.4 4
83.9 73 4
83.9 77.6 4
83.9 82.2 4
83.9 86.8 4
83.9 91.4 4
88.5 8.6 4
88.5 13.2 4
88.5 17.8 4
88.5 22.4 4
83.9 27 4
88.5 27 4
83.9 31.6 4
88.5 31.6 4
88.5 36.2 4
88.5 40.8 4
88.5 45.4 4
88.5 50 4
88.5 54.6 4
88.5 59.2 4
88.5 63.8 4
88.5 68.4 4
88.5 73 4
88.5 77.6 4
88.5 82.2 4
88.5 86.8 4
88.5 91.4 4
93.1 8.6 4
93.1 13.2 4
93.1 17.8 4
93.1 22.4 4
93.1 27 4
93.1 31.6 4
93.1 36.2 4
93.1 40.8 4
93.1 45.4 4
93.1 50 4
93.1 54.6 4
93.1 59.2 4
93.1 63.8 4
93.1 68.4 4
93.1 73 4
93.1 77.6 4
93.1 82.2 4
93.1 86.8 4
93.1 91.4 4
97.7 8.6 4
97.7 13.2 4
97.7 17.8 4
97.7 22.4 4
97.7 27 4
97.7 31.6 4
97.7 36.2 4
97.7 40.8 4
97.7 45.4 4
97.7 50 4
97.7 54.6 4
97.7 59.2 4
97.7 63.8 4
97.7 68.4 4
97.7 73 4
97.7 77.6 4
97.7 82.2 0
97.7 86.8 0
97.7 91.4 0
102.3 8.6 4
102.3 13.2 4
102.3 17.8 4
102.3 22.4 4
102.3 27 4
102.3 31.6 4
102.3 36.2 4
102.3 40.8 4
102.3 45.4 4
102.3 50 4
102.3 54.6 4
102.3 59.2 4
102.3 63.8 4
102.3 68.4 0
102.3 73 0
102.3 77.6 0
102.3 82.2 0
102.3 86.8 0
102.3 91.4 0
106.9 8.6 4
106.9 13.2 4
106.9 17.8 4
106.9 22.4 4
106.9 27 4
106.9 31.6 4
106.9 36.2 4
106.9 40.8 4
106.9 45.4 4
106.9 50 4
106.9 54.6 4
106.9 59.2 4
106.9 63.8 0
106.9 68.4 0
106.9 73 0
106.9 77.6 0
106.9 82.2 0
106.9 86.8 0
106.9 91.4 0
111.5 8.6 4
111.5 13.2 4
111.5 17.8 4
111.5 22.4 4
111.5 27 4
111.5 31.6 4
111.5 36.2 4
111.5 40.8 4
111.5 45.4 4
111.5 50 4
111.5 54.6 4
111.5 59.2 0
111.5 63.8 0
111.5 68.4 0
111.5 73 0
111.5 77.6 0
111.5 82.2 0
111.5 86.8 0
111.5 91.4 0
116.1 8.6 4
116.1 13.2 4
116.1 17.8 4
116.1 22.4 4
116.1 27 4
116.1 31.6 4
116.1 36.2 4
116.1 40.8 4
116.1 45.4 4
116.1 50 4
116.1 54.6 0
116.1 59.2 0
116.1 63.8 0
116.1 68.4 0
116.1 73 0
116.1 77.6 0
116.1 82.2 0
116.1 86.8 0
116.1 91.4 0
120.7 8.6 4
120.7 13.2 4
120.7 17.8 4
120.7 22.4 4
120.7 27 4
120.7 31.6 4
120.7 36.2 4
120.7 40.8 4
120.7 45.4 0
120.7 50 0
120.7 54.6 0
120.7 59.2 0
120.7 63.8 0
120.7 68.4 0
120.7 73 0
120.7 77.6 0
120.7 82.2 0
120.7 86.8 0
120.7 91.4 0
125.3 8.6 4
125.3 13.2 4
125.3 17.8 4
125.3 22.4 4
125.3 27 4
125.3 31.6 0
125.3 36.2 0
125.3 40.8 0
125.3 45.4 0
125.3 50 0
125.3 54.6 0
125.3 59.2 0
125.3 63.8 0
125.3 68.4 0
125.3 73 0
125.3 77.6 0
125.3 82.2 0
125.3 86.8 0
125.3 91.4 0
129.9 8.6 0
129.9 13.2 0
129.9 17.8 0
129.9 22.4 0
129.9 27 0
129.9 31.6 0
129.9 36.2 0
129.9 40.8 0
129.9 45.4 0
129.9 50 0
129.9 54.6 0
129.9 59.2 0
129.9 63.8 0
129.9 68.4 0
129.9 73 0
129.9 77.6 0
129.9 82.2 0
129.9 86.8 0
129.9 91.4 0
134.5 8.6 0
134.5 13.2 0
134.5 17.8 0
134.5 22.4 0
134.5 27 0
134.5 31.6 0
134.5 36.2 0
134.5 40.8 0
134.5 45.4 0
134.5 50 0
134.5 54.6 0
134.5 59.2 0
134.5 63.8 0
134.5 68.4 0
134.5 73 0
134.5 77.6 0
134.5 82.2 0
134.5 86.8 0
134.5 91.4 0
139.1 8.6 0
139.1 13.2 0
139.1 17.8 0
139.1 22.4 0
139.1 27 0
139.1 31.6 0
139.1 36.2 0
139.1 40.8 0
139.1 45.4 0
139.1 50 0
139.1 54.6 0
139.1 59.2 0
139.1 63.8 0
139.1 68.4 0
139.1 73 0
139.1 77.6 0
139.1 82.2 0
139.1 86.8 0
139.1 91.4 0
143.7 8.6 0
143.7 13.2 0
143.7 17.8 0
143.7 22.4 0
143.7 27 0
143.7 31.6 0
143.7 36.2 0
143.7 40.8 0
143.7 45.4 0
143.7 50 0
143.7 54.6 0
143.7 59.2 0
143.7 63.8 0
143.7 68.4 0
143.7 73 0
143.7 77.6 0
143.7 82.2 0
143.7 86.8 0
143.7 91.4 0
148.3 8.6 0
148.3 13.2 0
148.3 17.8 0
148.3 22.4 0
148.3 27 0
148.3 31.6 0
148.3 36.2 0
148.3 40.8 0
148.3 45.4 0
148.3 50 0
148.3 54.6 0
148.3 59.2 0
148.3 63.8 0
148.3 68.4 0
148.3 73 0
148.3 77.6 0
148.3 82.2 0
148.3 86.8 0
148.3 91.4 0
152.9 8.6 0
152.9 13.2 0
152.9 17.8 0
152.9 22.4 0
152.9 27 0
152.9 31.6 0
152.9 36.2 0
152.9 40.8 0
152.9 45.4 0
152.9 50 0
152.9 54.6 0
152.9 59.2 0
152.9 63.8 0
152.9 68.4 0
152.9 73 0
152.9 77.6 0
152.9 82.2 0
152.9 86.8 0
152.9 91.4 0
157.5 8.6 0
157.5 13.2 0
157.5 17.8 0
157.5 22.4 0
157.5 27 0
157.5 31.6 0
157.5 36.2 0
157.5 40.8 0
157.5 45.4 0
157.5 50 0
157.5 54.6 0
157.5 59.2 0
157.5 63.8 0
157.5 68.4 0
157.5 73 0
157.5 77.6 0
157.5 82.2 0
157.5 86.8 0
157.5 91.4 0
162.1 8.6 0
162.1 13.2 0
162.1 17.8 0
162.1 22.4 0
162.1 27 0
162.1 31.6 0
162.1 36.2 0
162.1 40.8 0
162.1 45.4 0
162.1 50 0
162.1 54.6 0
162.1 59.2 0
162.1 63.8 0
162.1 68.4 0
162.1 73 0
162.1 77.6 0
162.1 82.2 0
162.1 86.8 0
162.1 91.4 4
166.7 8.6 0
166.7 13.2 0
166.7 17.8 0
166.7 22.4 0
166.7 27 0
166.7 31.6 0
166.7 36.2 0
166.7 40.8 0
166.7 45.4 0
166.7 50 0
166.7 54.6 0
166.7 59.2 0
166.7 63.8 0
166.7 68.4 0
166.7 73 0
166.7 77.6 0
166.7 82.2 4
166.7 86.8 4
166.7 91.4 4
171.3 8.6 0
171.3 13.2 0
171.3 17.8 0
171.3 22.4 0
171.3 27 0
171.3 31.6 0
171.3 36.2 0
171.3 40.8 0
171.3 45.4 0
171.3 50 0
171.3 54.6 0
171.3 59.2 0
171.3 63.8 4
171.3 68.4 4
171.3 73 4
171.3 77.6 4
171.3 82.2 4
171.3 86.8 4
171.3 91.4 4
175.9 8.6 0
175.9 13.2 0
175.9 17.8 4
175.9 22.4 0
175.9 27 0
175.9 31.6 0
175.9 36.2 0
175.9 40.8 4
175.9 45.4 4
175.9 50 4
175.9 54.6 4
175.9 59.2 4
175.9 63.8 4
175.9 68.4 4
175.9 73 4
175.9 77.6 4
175.9 82.2 4
175.9 86.8 4
175.9 91.4 4
180.5 8.6 4
180.5 13.2 4
180.5 17.8 4
180.5 22.4 4
180.5 27 4
180.5 31.6 4
180.5 36.2 4
180.5 40.8 4
180.5 45.4 4
180.5 50 4
180.5 54.6 4
180.5 59.2 4
180.5 63.8 4
180.5 68.4 4
180.5 73 4
180.5 77.6 4
180.5 82.2 4
180.5 86.8 4
180.5 91.4 4
185.1 8.6 4
185.1 13.2 4
185.1 17.8 4
185.1 22.4 4
185.1 27 4
185.1 31.6 4
185.1 36.2 4
185.1 40.8 4
185.1 45.4 4
185.1 50 4
185.1 54.6 4
185.1 59.2 4
185.1 63.8 4
185.1 68.4 4
185.1 73 4
185.1 77.6 4
185.1 82.2 4
185.1 86.8 4
185.1 91.4 4
189.7 8.6 4
189.7 13.2 4
189.7 17.8 4
189.7 22.4 4
189.7 27 4
189.7 31.6 4
189.7 36.2 4
189.7 40.8 4
189.7 45.4 4
189.7 50 4
189.7 54.6 4
189.7 59.2 4
189.7 63.8 4
189.7 68.4 4
189.7 73 4
189.7 77.6 4
189.7 82.2 4
189.7 86.8 4
189.7 91.4 4
194.3 8.6 4
194.3 13.2 4
194.3 17.8 4
194.3 22.4 4
194.3 27 4
194.3 31.6 4
194.3 36.2 4
194.3 40.8 4
194.3 45.4 4
194.3 50 4
194.3 54.6 4
194.3 59.2 4
194.3 63.8 4
194.3 68.4 4
194.3 73 4
194.3 77.6 4
194.3 82.2 4
194.3 86.8 4
194.3 91.4 4
0 100 4
0 95.4545 4
0 90.9091 4
0 86.3636 4
0 81.8182 0
0 77.2727 0
0 72.7273 0
0 68.1818 0
0 63.6364 0
0 59.0909 0
0 54.5455 0
0 50 0
0 45.4545 0
0 40.9091 0
0 36.3636 0
0 31.8182 0
0 27.2727 0
0 22.7273 0
0 18.1818 0
0 13.6364 0
0 9.09091 4
0 4.54545 4
0 0 4
200 100 4
195.349 100 4
190.698 100 4
186.047 100 4
181.395 100 4
176.744 100 4
172.093 100 4
167.442 100 4
162.791 100 4
158.14 100 4
153.488 100 4
148.837 100 0
144.186 100 0
139.535 100 0
134.884 100 0
130.233 100 0
125.581 100 0
120.93 100 0
116.279 100 0
111.628 100 0
106.977 100 0
102.326 100 0
97.6744 100 4
93.0233 100 4
88.3721 100 4
83.7209 100 4
79.0698 100 4
74.4186 100 4
69.7674 100 4
65.1163 100 4
60.4651 100 4
55.814 100 4
51.1628 100 4
46.5116 100 4
41.8605 100 4
37.2093 100 4
32.5581 100 4
27.907 100 4
23.2558 100 4
18.6047 100 4
13.9535 100 4
9.30233 100 4
4.65116 100 4
200 0 4
200 4.54545 4
200 9.09091 4
200 13.6364 4
200 18.1818 4
200 22.7273 4
200 27.2727 4
200 31.8182 4
200 36.3636 4
200 40.9091 4
200 45.4545 4
200 50 4
200 54.5455 4
200 59.0909 4
200 63.6364 4
200 68.1818 4
200 72.7273 4
200 77.2727 4
200 81.8182 4
200 86.3636 4
200 90.9091 4
200 95.4545 4
4.65116 0 4
9.30233 0 4
13.9535 0 4
18.6047 0 4
23.2558 0 4
27.907 0 4
32.5581 0 4
37.2093 0 4
41.8605 0 4
46.5116 0 4
51.1628 0 4
55.814 0 4
60.4651 0 4
65.1163 0 4
69.7674 0 4
74.4186 0 4
79.0698 0 4
83.7209 0 4
88.3721 0 4
93.0233 0 4
97.6744 0 4
102.326 0 4
106.977 0 4
111.628 0 4
116.279 0 4
120.93 0 4
125.581 0 4
130.233 0 0
134.884 0 0
139.535 0 0
144.186 0 0
148.837 0 0
153.488 0 0
158.14 0 0
162.791 0 0
167.442 0 0
172.093 0 4
176.744 0 4
181.395 0 4
186.047 0 4
190.698 0 4
195.349 0 4
73.3531 37.6108 4
68.5072 25.4229 4
80.6797 25.7327 4
178.679 95.6984 4
35.2853 4.30069 4
30.6615 95.6995 4
72.1802 95.6999 4
12.1834 4.33814 4
44.3703 95.6995 4
62.9276 95.7001 4
192.27 95.4267 4
164.756 95.6997 4
155.622 95.6999 0
68.8902 37.7411 4
119.105 4.30129 4
132.763 95.6995 0
3.06332 3.09011 4
100.375 95.6993 0
183.637 4.31079 4
151.385 4.30096 0
80.7808 34.3136 4
95.9071 4.30106 4
113.52 95.6989 0
85.7187 95.6997 4
178.989 4.30277 4
128.067 95.6997 0
17.0701 95.6902 4
86.5944 4.30064 4
72.5674 4.30046 4
137.515 4.30063 0
80.8422 30.044 4
63.2556 4.30062 4
3.42713 94.0794 4
196.469 5.90319 4
91.5443 4.30076 4
16.8165 4.30473 4
123.278 4.30077 4
147.024 4.30074 0
114.746 4.30092 4
39.9245 4.30046 4
110.097 4.3008 4
90.7383 95.6998 4
197.089 88.8464 4
174.019 95.6994 4
2.87762 11.1898 4
146.95 95.6991 0
197.144 84.2934 4
2.85303 15.7103 0
2.85034 20.2778 0
2.85006 24.85 0
2.85003 29.4227 0
2.85003 33.9954 0
2.85003 38.5682 0
2.85002 43.1409 0
2.85002 47.7136 0
2.85003 52.2863 0
2.85002 56.8591 0
2.85002 61.4318 0
197.149 20.2773 4
197.15 24.85 4
197.15 29.4227 4
197.15 33.9954 4
197.15 38.5682 4
197.15 43.1409 4
197.15 47.7136 4
197.15 52.2863 4
197.15 56.8591 4
197.15 61.4318 4
197.15 66.0045 4
197.15 70.5773 4
197.15 75.15 4
197.149 79.7225 4
2.85001 66.0047 0
2.84999 70.5772 0
2.85003 75.15 0
2.85052 79.7227 0
197.144 15.7049 4
2.85532 84.2948 0
197.09 11.1359 4
2.90191 88.86 4
127.87 4.30087 0
77.5584 4.30088 4
22.0781 95.6988 4
96.0231 95.6992 0
