21 7.08 0
37.4 26.6 1
47.4 20.2 1
2.08 9.53 0
35.4 15.4 1
2.73 15.1 0
55.5 9.73 1
9.2 32.5 1
0.7 13.7 0
24 16.9 0
20.4 4.68 0
40.1 26.8 1
7 14.4 0
6.13 2.85 0
25.3 12.6 0
13.4 37.7 1
51 22.9 1
18.5 8.35 0
38 17.2 1
36.1 7.7 1
41.2 19.7 1
13.8 40.7 1
38.4 30.9 1
54.1 28 1
51.5 20.5 1
44.1 18.4 1
41.5 2.75 1
22.9 30.8 1
57.2 3.63 1
17.8 13.6 0
50.7 31.3 1
56 2.3 1
5.18 21.9 0
31.8 29 1
40.6 29.4 1
55.5 16.9 1
29.6 3 0
56.5 28.8 1
58.7 19.1 1
4.3 1.55 0
11.9 13.3 0
7.2 18.4 0
37.4 1.33 1
19.7 12 0
33 21.4 1
31.6 43.2 1
58.8 2.15 1
14.6 7.95 0
43.8 43.4 1
46.3 43.4 1
12.9 6.5 0
11.4 8 0
58.8 38.1 1
53.8 43.7 1
58.7 21.6 1
56.3 43.7 1
3.08 43.7 1
53.5 1.48 1
1.2 43.7 1
24.3 43.5 1
24.4 1.48 0
9.15 1.3 0
26.8 43.5 1
17.5 43.6 1
47 10.4 1
23.7 26.1 1
22.1 24.1 1
24.3 33.6 1
3.15 19.1 0
40.3 22.8 1
13.9 19.1 0
10.5 40.1 1
12.3 42.1 1
58.5 8.43 1
56.9 7.5 1
0.325 23.1 0
57.3 32.6 1
7.18 41.8 1
39.6 13.6 1
38.5 9.03 1
13.8 2.73 0
12.4 4.03 0
9.7 26 0
7.28 25.7 0
10.2 23.7 0
7.75 23.4 0
44 7.43 1
51.5 4.15 1
35.5 4.85 1
0.8 18.5 0
5.08 10.9 0
27.9 24.8 1
17.2 1.35 0
57.1 10.7 1
57.1 12.5 1
50.7 89.2 1
54.3 67.5 1
1.88 57.8 1
31.4 91.3 0
54.5 69.8 1
9.83 84.4 0
7.2 84.9 0
35.7 72.2 1
40.5 95 0
49.2 59.5 1
45 58.8 1
32.3 67.5 1
37.8 95.2 0
48.2 90.7 1
44.3 56.1 1
47.9 84.3 0
22.1 62.3 1
6.23 66.3 1
2.23 94.8 1
1.2 71.8 1
25.4 95.3 0
50.2 92.4 1
20.3 55.3 1
12.2 79.8 0
39.7 79.9 0
40.7 72.8 1
2.48 91.3 1
5.78 82.4 1
54.6 80.1 1
22.2 68.3 1
40 53.9 1
29.9 68.4 1
58.3 65.3 1
31.9 76.4 0
37.9 58.9 1
37.3 85.4 0
24.6 61.9 1
38.9 74.5 1
29.5 81.5 0
10.2 92.4 0
52.7 90.9 1
21.6 95.9 0
33.1 78.6 0
51.3 80.3 1
53.2 58.3 1
37.1 63.1 1
34.6 88.8 0
17.5 66.7 1
3.58 75.9 1
15.8 53.2 1
57.2 90.3 1
38.9 82.3 0
46.2 98.3 0
14.3 69.9 1
24.9 92.5 0
12.1 98.6 0
29.2 51.9 1
26.8 51.7 1
20.1 48.9 1
51.5 70.6 1
56 98.5 1
13.9 51.7 1
19.9 86.4 0
19.2 59.6 1
43.3 46.6 1
17.3 59.9 1
43.7 98.3 0
22.4 76.4 0
8.13 46.3 1
11.5 46.3 1
15 95.4 0
35.5 98.5 0
58.5 95.5 1
58.7 88.2 1
16 92.9 0
18.2 76.8 0
17.3 73.2 1
31.8 46.7 1
1.35 46.4 1
53.5 98.5 1
17.4 46.3 1
53.8 46.4 1
3.23 46.4 1
58.5 93 1
23.8 46.5 1
33 98.5 0
17.8 98.8 0
2.18 55 1
4.33 55.7 1
49.4 68.9 1
13.5 75.5 0
10.9 77.8 1
53.6 55.2 1
33 64.5 1
31 63.5 1
8.58 97.1 0
23.3 97.1 0
22.5 82.3 0
23.1 84.6 0
43.7 84 0
56.3 46.4 1
26.6 73.3 1
29.7 49.1 1
44.9 70.8 1
58.8 48.3 1
72.1 19.3 1
72.2 25.6 1
70 29.4 1
69.6 26.8 1
80.7 8.25 1
80.7 30.7 1
80.8 16.1 1
87.1 38.6 1
80 5.1 1
64.6 17.7 1
64.9 15 1
85.8 28.6 1
88.6 7.03 1
88.5 21.1 1
83.4 27.5 1
61.4 42.9 1
73.3 1.55 1
83.6 1.43 1
61.1 19.3 1
75.8 1.55 1
73.5 43.8 1
61.3 6.95 1
88.5 18.6 1
61.4 27.4 1
61.4 11.9 1
61.1 33.1 1
76 43.8 1
83.4 43.8 1
61.1 21.8 1
85.6 36.5 0
83.3 36.5 1
87.3 27 1
77 11.3 1
87.5 43.7 1
61.1 36.6 1
81.1 23.2 1
88.6 32.6 1
62.3 0.825 1
63.5 2.18 1
62.2 3.5 1
86.1 1.43 1
84.2 55.8 1
74 55.5 1
72 72.1 1
85.8 58.1 1
71.8 86.9 1
74.3 66.7 1
83.1 78 1
85.6 78.5 1
85.7 97.1 1
68.3 71.2 1
70.9 77.9 1
63.7 73.6 1
68.9 59.7 1
65.2 76 1
73.6 98.6 1
61.5 62.5 1
68.9 79.2 1
73.6 46.7 1
86.6 72.5 1
61.6 87.7 1
88.8 46.9 1
88.6 63.6 1
76.1 98.6 1
85.1 70.4 1
61.4 77.4 1
61.4 97 1
68.3 81.7 1
67.8 46.5 1
76.1 46.7 1
83.4 46.5 1
88.6 66.1 1
65.7 57.9 1
79.4 54.1 1
87.8 88.6 1
87.2 48.3 1
64.5 90.4 1
66.9 90.5 1
68.8 97.6 1
66.7 94.2 1
192 37.8 0
112 26.2 1
113 28.6 0
169 39 0
181 32.8 0
132 35 0
114 35.6 0
145 25.8 0
195 36.8 0
115 28.3 0
131 32.1 0
109 13.1 1
94.9 11.1 1
170 31.5 0
107 34.6 0
172 17.5 0
151 31 0
165 24.6 0
181 4.3 1
154 31.6 0
192 42.2 0
106 19.7 1
163 34.5 0
143 37.3 0
171 33.3 0
135 12 1
115 11 1
160 19.2 0
177 7.93 1
164 36.9 0
101 10.3 1
142 21 0
122 20.8 1
129 24.2 0
137 26.6 0
137 28.8 0
151 19.6 0
121 18.6 1
176 39.8 0
147 34.5 0
176 22.6 0
183 37.3 0
140 18.6 0
126 4.53 1
147 6.63 1
94.8 36.6 1
181 6.85 1
123 8.3 1
139 43 0
114 24 0
130 25.9 0
104 14.9 1
123 11.9 1
200 13 1
106 26.2 1
181 43.6 0
128 17.2 1
137 41.6 0
120 38.5 0
123 38.7 0
139 9.18 1
106 23.3 1
152 2.9 1
147 19.2 0
94.7 8.43 1
183 29.6 0
145 30.8 0
171 23 0
178 36.1 0
145 38 0
104 5.03 1
108 25.3 1
117 14.3 1
180 13.6 0
117 31.3 0
110 43.3 0
154 43.5 0
186 30.6 0
179 15.4 0
196 26.3 0
198 25.7 0
175 16.3 0
149 14.4 1
133 24.6 0
156 43.5 0
195 4.55 1
99.9 4.03 1
118 6.5 1
100 43.6 0
92.6 41.5 1
119 27.4 0
133 1.28 1
131 42.1 0
119 33.6 0
92.8 19.3 1
115 43.3 0
117 43.3 0
176 29.4 0
179 43.6 0
175 19.4 0
157 1.73 1
139 1.4 1
159 4.58 1
91.4 6.78 1
177 3.98 1
179 19.7 0
91.5 17.6 1
200 40.8 0
91 42.9 1
132 43.6 0
91.4 3.33 1
187 35 0
163 1.48 1
168 12.4 1
102 2.85 1
146 43.8 0
95.6 43.6 1
128 1.28 1
104 24.1 1
127 43.5 0
188 43.5 0
122 44 0
93.4 1.18 1
91.2 21.8 1
167 1.25 1
173 1.15 1
148 43.8 0
175 1.15 1
95 1.18 1
96.7 1.18 1
160 14.6 0
136 35.3 0
137 33.4 0
198 20.4 0
185 22.6 0
156 23.3 0
135 7.6 1
187 11.8 1
154 36.6 0
189 17.9 0
122 29.9 0
152 38.1 0
122 2.68 1
112 33.5 0
189 26.2 0
95.1 30.6 1
175 12.9 1
152 25 0
153 23.3 0
165 32.2 0
140 41.9 0
154 26.8 0
101 18 1
165 12.7 1
128 14.5 1
191 1.88 1
189 3.35 1
196 9.63 1
107 43.3 0
105 41.9 0
116 3.93 1
178 26 0
118 25 0
145 20.9 0
145 12.7 1
144 8.33 1
174 7.3 1
117 16.9 1
179 1.43 1
169 20.5 0
145 40.8 0
93 12.4 1
97.7 35.8 1
183 1.48 1
184 42.1 0
182 43.6 0
165 14.8 0
189 28.4 0
156 25.4 0
115 20 1
108 78.5 1
115 91 1
115 49.6 0
127 50.7 0
200 77.3 0
172 54.2 0
135 74 0
120 95.7 0
190 78.4 0
147 90.8 0
124 86.8 0
139 60.1 0
125 63.8 0
191 75.9 0
100 95.1 1
122 65 0
148 76.5 0
162 84.6 0
147 86.5 0
109 70.2 1
140 52.7 0
158 59.6 0
100 53.1 1
130 95.1 0
176 52.5 0
104 95.2 1
198 62.3 0
154 90.2 0
165 48.1 0
102 96.7 1
144 86.4 0
144 71.7 0
115 52.4 0
153 72.3 0
167 56 0
181 84.2 0
144 74.5 0
121 77.4 0
113 48.1 0
123 78.1 0
183 95.5 0
144 62.1 0
154 63.4 0
121 47.8 0
128 53.3 0
93.1 74.8 1
169 76.3 0
182 49.3 0
196 85.6 0
161 67.7 0
91.6 53 1
193 88.8 0
198 86.8 0
147 70.5 0
191 64.6 0
135 81.3 0
119 58.7 0
130 46.4 0
114 75.2 1
153 76.4 0
195 60.9 0
177 89.1 0
165 76.6 0
194 91.3 0
174 58.7 0
130 69.3 0
173 74.8 0
143 57.3 0
112 74.6 1
110 86 1
188 64 0
149 82.8 0
164 52.4 0
98.3 74.9 1
184 69.4 0
127 56.8 0
179 88.7 0
122 46.3 0
175 47.7 0
95.3 98.5 1
129 98.6 0
138 98.3 0
106 46.5 0
163 98 0
176 78.4 0
195 82.7 0
142 50.3 0
91.7 72.8 1
127 70 0
171 60.2 0
153 49.9 0
136 49.1 0
157 85.1 0
145 98.6 0
112 60.2 0
132 47.9 0
183 92.7 0
120 93 0
107 61.8 1
96.9 98.5 1
124 96 0
176 97.2 0
117 98.3 0
183 66.6 0
185 91.6 0
117 83 1
196 98.7 0
104 46.5 0
91.8 65.6 1
123 91 0
142 63.7 0
190 48.2 0
180 98.5 0
173 98.8 0
91.5 77 1
113 81.9 1
160 49.3 0
91.6 93 1
198 46.4 0
173 46.3 0
137 46.1 0
160 52 0
127 98.6 0
188 46.5 0
178 46.4 0
158 98.5 0
146 46.2 0
157 46.3 0
181 76.1 0
112 96.8 1
111 95.3 1
124 81.3 0
105 56.8 1
134 53.9 0
116 87 1
122 50.2 0
171 85.2 0
130 76 0
174 71.6 0
191 98.1 0
114 56.5 0
147 96.7 0
184 47.9 0
119 47.8 0
183 52.1 0
166 98 0
122 97.3 0
154 70.3 0
175 85.7 0
134 98.6 0
141 47.1 0
143 48.2 0
116 79.5 0
162 77.3 0
154 95.2 0
153 98.6 0
92.1 46.3 1
113 66.4 0
114 68 0
92 98.5 1
93.6 97 1
103 64.8 1
36.7 24.6 1
39.3 24.8 1
25 20.8 1
52 39.4 1
49.5 39.1 1
44 34.7 1
27.7 20.1 1
41.8 36.8 1
45.9 20.1 1
17.8 31 1
30.6 32.4 1
0.2 10.9 0
33.8 14 1
36.3 28.8 1
35 39.5 1
48.3 34.3 1
10.8 16.8 0
6.55 32.5 1
32.3 43.2 1
38.1 33.5 1
10.3 34.8 1
18.3 23.1 0
10.7 29.8 1
18.2 35.6 1
49.7 19 1
53.2 36.1 1
19.9 17.9 0
35.3 17.7 1
45.1 2.78 1
26.5 14.5 1
7.53 1.3 0
4.53 37.4 1
40.8 41.9 1
34.1 9.2 1
42.5 29.9 1
1.95 4.3 0
43.1 1.43 1
7.6 7.9 0
5.28 40.5 1
56.9 18.4 1
5.45 19.8 0
29.9 4.13 0
30 6.95 1
13.5 12.2 0
21.2 37.1 1
52.2 14.5 1
52.6 24.3 1
28.7 15.5 1
57.6 23 1
55.2 14.4 1
13.1 9.45 0
32.2 2.65 1
47 1.35 1
58.9 27 1
37.2 43.5 1
17.5 43.6 1
26.9 1.48 0
28.3 34.1 1
46.6 24.4 1
25.4 24.9 1
23.7 22.9 1
41.3 22 1
4.35 28.8 0
7.18 43.8 1
8.65 41.8 1
43.9 15.8 1
58.8 41.4 1
22.9 3.33 0
17.1 20.3 0
12.2 1.38 0
10.7 2.68 0
40.3 2.75 1
49.8 10.4 1
51.3 8 1
0.775 16.2 0
28.9 22.1 1
15.5 2.73 0
49.9 85.9 0
43.3 65.5 1
7.08 79.9 1
27.6 75.5 0
33 89.8 0
41.5 82.3 0
42.4 79.9 0
27.2 96.7 0
56 81.6 1
50.3 94.9 0
10.6 81.7 0
7.98 67.7 1
6.43 88.6 0
39.3 67.7 1
12.4 73.7 1
38 78.2 0
34.8 55.1 1
3.8 73.3 1
5.35 61.8 1
16.2 87.4 0
10.4 95.1 0
4.03 58.6 1
28.6 65 1
17.8 79.1 0
56.9 84.9 1
28.1 67 1
40.5 89.9 0
11.2 87.6 0
6.78 72.1 1
16.4 48.1 1
57.2 57.8 1
58.2 83.1 1
20.2 66.7 1
51.9 75.6 1
6.38 47.7 1
35.8 52.6 1
55.5 59.7 1
36.6 90.4 0
20.4 75.9 0
47.1 53.6 1
38.3 61.4 1
50.8 50.1 1
12.7 64 1
47.9 62.3 1
11.6 57 1
14.5 49.4 1
10.5 54.6 1
15.2 63.9 1
34.8 78.8 0
12.8 96.6 0
14.1 56.9 1
45.2 48 1
15 72.3 1
46.9 46.3 1
57.2 97 1
58.3 62.8 1
18.7 47.4 1
4.6 98.5 0
25.8 47.8 1
9.6 46.3 1
27.6 46.3 1
58.8 52.5 1
22.4 47.6 1
37.2 46.3 1
17.8 98.8 0
41.3 62 1
50.7 66.4 1
57.1 73.7 1
4.43 64.8 1
18.7 88.5 0
31 94.8 0
18.7 91.5 0
33.3 82.9 0
24.2 79.6 0
44.2 87.9 0
22.5 93 0
56 55.4 1
22.3 72 0
9.23 90.1 0
27.4 85.4 0
56.5 78 1
28.7 89.9 0
52.8 96.6 0
14.8 80.9 0
40.3 47.9 1
50.2 77.7 1
19.5 51.8 1
44.7 84.8 0
57.5 47.1 1
58.8 48.3 1
1.68 66.3 1
42.6 70.4 1
74 27.4 1
72.9 30.2 1
69.4 13.2 1
86.7 15.5 1
70 40.4 1
70.4 37.5 1
69.9 5.25 1
79.1 18.5 1
65 40.3 1
88.2 12.1 1
78.7 14.3 1
62.6 8.48 1
84.4 9.1 1
73.7 10.5 1
66.9 1.35 1
61.3 6.95 1
67.5 41.6 1
79.4 26 1
67.5 30.7 1
88.5 27 1
87 22.4 1
85.9 42.5 0
81.5 28.3 1
67.6 35.9 1
67.1 25.2 1
62.3 43.7 1
61.4 11.8 1
88.6 7.03 1
77.4 3.68 1
78.5 9.83 1
76.1 34.3 1
75.7 36.7 1
64.7 37.5 1
60.9 2.15 1
62.5 25.5 1
64.6 29.9 1
88.6 3.7 1
70.9 51.1 1
68.3 50.8 1
72.5 94.3 1
70.4 70.2 1
84.6 63 1
73.2 58.2 1
86 91.8 1
64.3 95 1
65.6 55.2 1
71.6 67 1
65.6 71.6 1
76.6 91.2 1
63.2 61.3 1
68.3 62.8 1
61.6 87 1
83.2 98.6 1
80.1 84.2 1
85.2 74.3 1
73.7 91.5 1
81.7 64.4 1
79.7 81.4 1
63 83.5 1
87.5 45.6 1
82.7 75.1 1
61.4 82.2 1
88.8 97 1
62.8 48.3 1
88.4 52.5 1
61.4 46.9 1
61.5 52.5 1
88.5 83 1
77.7 75.4 1
76.7 61.4 1
76.7 55.7 1
62.9 92.5 1
77.4 70.4 1
63.2 59.2 1
87.1 76.5 1
76.5 81.2 1
74.9 78 1
63.4 65.7 1
79.1 49.6 1
85.9 47.1 1
178 32.1 0
137 13.3 1
183 40.1 0
139 11.9 1
141 34.1 0
142 35.6 0
136 4.78 1
142 32.1 0
148 26.5 0
162 41.8 0
177 33.9 0
145 23.9 0
163 26.8 0
105 33.1 0
109 19.2 1
148 28.8 0
107 13.2 1
124 32 0
174 41.2 0
155 17.5 0
111 14.8 1
125 36.9 0
104 35.5 0
101 14.6 1
99.5 12.7 1
142 24 0
106 21.5 1
93.4 32.5 1
140 1.4 1
108 43.3 0
157 41.6 0
111 18.6 1
191 24.4 0
171 27.1 0
98.2 40.4 0
149 18.6 0
133 20.6 0
158 19.9 0
158 32.7 0
139 27 0
139 29.1 0
185 36.2 0
179 8.38 1
105 37 0
151 10.3 1
188 9.73 1
93.3 38.1 0
199 7.95 1
141 7.73 1
178 42.2 0
122 22.3 1
137 18.4 0
157 11.4 1
168 9.63 1
193 15.8 0
112 40.2 0
117 29.3 0
120 40.9 0
158 13.7 0
171 6.78 1
124 24.2 0
108 3.43 1
151 7.88 1
178 37.9 0
118 41.9 0
176 14.6 0
126 7 1
106 4.83 1
194 24 0
130 20 0
98 31.2 0
121 14.5 1
130 8.78 1
111 9.25 1
184 1.48 1
143 14.1 1
115 43.3 0
103 23.2 1
94.1 25.4 1
97.3 23.5 1
101 8.33 1
99.3 6.48 1
99.6 29.4 0
159 9.3 1
119 37 0
103 21 1
123 17.2 1
200 1.15 1
158 41.6 0
142 43.9 0
200 32.8 0
121 42.5 0
104 8.05 1
125 41.4 0
91.2 27.4 1
170 13.7 0
159 3.2 1
199 36.8 0
154 1.73 1
155 1.73 1
187 32.7 0
186 1.48 1
177 20.4 0
129 43.5 0
117 32.8 0
165 2.73 1
134 43.6 0
188 43.5 0
174 17.8 0
116 34.8 0
189 35.6 0
117 1.2 1
197 43.7 0
104 43.6 0
130 1.28 1
149 1.18 1
183 22.3 0
130 11.7 1
156 37.2 0
166 42.3 0
167 40 0
198 17.3 0
96.2 41.8 0
152 40.6 0
123 4.45 1
122 1.2 1
195 34.2 0
163 8.78 1
94.3 40.5 0
187 24.7 0
92.9 27.4 1
142 1.4 1
143 2.88 1
196 7.43 1
146 14.1 0
130 28.9 0
121 7.03 1
182 26.9 0
175 9.15 1
164 20.8 0
179 2.83 1
166 19.2 0
146 41.9 0
182 13 1
146 1.48 1
147 2.65 1
197 1.15 1
91.4 3.45 1
122 35.8 0
122 33.6 0
99.3 37.2 0
162 14 0
166 16.7 0
171 4.13 1
188 15.8 0
186 16.9 0
137 69.4 0
141 68.9 0
171 93.2 0
174 52.9 0
123 67.7 0
98.8 81.9 1
114 88.9 1
171 95.6 0
199 70.8 0
128 48.3 0
98.2 85.9 1
145 54.8 0
123 84.7 0
137 61.1 0
149 88.6 0
135 76.3 0
103 85.1 1
175 49.5 0
151 58.6 0
157 88.1 0
165 54.7 0
147 74.7 0
119 96.9 0
99.2 90.4 1
189 87.8 0
177 70.5 0
131 80.1 0
100 84.2 1
189 70.9 0
177 83.2 0
146 62.8 0
167 80.8 0
94.7 55.8 1
157 62.2 0
95.2 74.8 1
124 59.3 0
162 87.6 0
153 65.8 0
124 53.7 0
163 64.9 0
191 67.4 0
165 64.3 0
127 74.6 0
164 49.8 0
143 81.9 0
160 81.9 0
120 59.3 0
131 67.4 0
160 89.7 0
188 95.2 0
194 56.4 0
136 95.4 0
199 46.4 0
163 69.4 0
175 60.3 0
156 56.6 0
186 65.5 0
173 61.8 0
144 97.1 0
163 55.6 0
187 59.9 0
105 90.2 1
167 46.8 0
184 97 0
94.9 60.2 1
199 80.1 0
196 67.3 0
114 64.3 0
129 65 0
97.8 59.4 1
141 95.3 0
143 97.1 0
105 74.1 1
100 72.9 1
111 88.3 1
130 87.8 0
129 83.4 0
194 96.8 0
186 86 0
186 97 0
126 54.8 0
93.1 57.9 1
128 71.9 0
131 85.8 0
107 66.3 1
95.6 46.7 1
112 70.3 1
135 67 0
188 85.1 0
184 83.8 0
93.8 47.9 1
143 59.5 0
167 74.4 0
111 46.8 0
131 71.2 0
122 87.7 0
177 67.7 0
176 92.9 0
196 52.5 0
133 92.2 0
179 98.5 0
91.5 83.2 1
99.6 48.2 0
171 48.1 0
143 92.6 0
105 60 1
135 92.6 0
138 88.9 0
177 97.2 0
169 59.7 0
180 85.4 0
196 49.5 0
187 92.5 0
135 85.5 0
148 72.3 0
195 63.3 0
197 47.8 0
125 96 0
162 48 0
181 65.6 0
126 92.4 0
187 46.5 0
91.8 63.1 1
109 90.6 1
91 46.9 0
127 97.5 0
193 46.8 0
156 98.5 0
197 64.6 0
154 46.3 0
107 98.5 1
156 46.3 0
139 46.1 0
175 98.8 0
115 96.4 1
199 97.1 0
198 98.7 0
199 92 0
188 55.4 0
169 90.8 0
167 91.2 0
185 78.2 0
100 77.5 1
172 56.4 0
107 49.9 0
141 61.1 0
136 54.3 0
137 52.1 0
191 81.9 0
125 49.3 0
131 47.9 0
189 48.2 0
102 61.5 1
112 57.2 0
149 98.1 0
183 46.4 0
180 47.8 0
168 94.9 0
122 98.6 0
115 81.5 1
181 53.7 0
170 68.6 0
169 66.5 0
161 76 0
159 67.1 0
152 96.7 0
92.9 90.6 1
91.3 88.5 1
182 58.2 0
91.3 97 1
92.9 95.5 1
126 88.5 0
93.5 68 1
92.9 80.5 1
150 48.6 0
149 49.7 0
182 71.1 0
40.4 34.6 1
26.4 32.7 1
42.6 32.5 1
33.8 41.1 1
18.2 33.1 1
23.6 7.7 0
2.13 28.6 0
36.2 41.4 1
16.3 35.3 1
35 11.4 1
5.23 13.6 0
55.5 36.1 1
22.8 35.3 1
9.25 27.9 0
16 29 1
53.1 41.8 1
16.5 24.4 0
38.1 11.5 1
39.6 18 1
14 36.1 1
8.25 17 0
41.1 15.7 1
18.8 43.6 1
28.8 40.1 1
19.9 24.1 1
8.45 14.8 0
23 18 1
44.7 22.7 1
2.03 7.35 0
42.5 43.4 1
3.48 2.78 0
50.6 30.5 1
47.5 43.4 1
12.9 19.7 0
11 14.6 0
30.6 29.2 1
5.78 23 0
12.6 22.2 0
23.2 28.5 1
34.9 36.3 1
9.8 7.73 0
50.7 32.7 1
18.4 4.2 0
32.7 7.48 1
55.6 20.2 1
16.2 7.33 0
56.4 22.3 1
53.4 28.1 1
0.9 2.75 0
58.2 16.8 1
16.7 5.58 0
56.6 14.6 1
3.98 42.5 1
38.6 43.5 1
32.8 21 1
50.4 2.83 1
57.2 3.75 1
23.8 43.5 1
52.2 1.48 1
5.4 43.8 1
28.2 2.6 0
58.9 23.9 1
58.8 2.28 1
58.7 32.8 1
48.2 1.35 1
58.5 11.8 1
58.9 25.8 1
46.3 11.4 1
20.4 11.6 0
25.5 10.8 0
26.3 8.68 0
20.5 30.8 1
9.28 40.3 1
5.3 4.08 0
5.85 6.28 0
58.8 38.1 1
46.7 27.9 1
28.7 26.9 1
58.5 8.43 1
56.9 7.5 1
15.5 42.1 1
5.85 9.65 0
5.58 26.9 0
5.5 30.2 1
8.65 43.8 1
57.6 42.7 1
21.6 42.1 1
39.9 7.6 1
18.7 19.9 0
58.9 28.3 1
57.5 29.4 1
38.7 1.33 1
33.7 4.65 1
36.4 3.33 1
0.125 18.5 0
17.9 2.35 0
16.1 3.73 0
49.8 88.1 0
51.3 83.9 0
34.5 68.9 1
9.28 79.6 0
49.3 82.3 0
47.3 89.7 0
54.8 83.4 0
31.5 83.9 0
48.3 94.9 0
46.2 75.5 0
48.3 76.4 0
37 56.9 1
21.5 54.7 1
5.55 59.9 1
1.73 96.2 0
37.9 54.4 1
57.4 54.5 1
54.9 76.1 1
31.1 56.1 1
41.5 67.7 1
23.3 70 0
17.7 49.2 1
2.73 89.8 0
55.3 95.1 0
46.5 96.8 0
34.5 47.9 1
0.425 79.3 1
24.1 54.5 1
29.2 82.8 0
29.7 53.5 1
10.6 59.3 1
4.5 82.9 1
31 47.9 1
44.9 61.2 1
25 61.7 1
32.5 46.7 1
19.7 73.6 0
55.3 90.9 1
0.05 46.4 1
37.1 83.5 0
32.4 96.6 0
25.9 59.2 1
16.2 66.5 1
14.5 54.9 1
17.3 59.5 1
38.1 88.3 0
14.3 68.4 1
56.5 92.6 1
16.6 98.8 0
57 61.3 1
12.6 53.4 1
51.4 58.4 1
19.1 98.8 0
11.9 66.7 1
2.93 98.5 0
15.7 96.8 0
1.38 82 1
50.7 47.8 1
4.48 46.4 1
58.5 71.8 1
30.1 58.5 1
52.5 46.4 1
6.6 98.5 0
58.8 49.6 1
58.8 51.1 1
58.7 87.4 1
58.8 45.6 1
27 92 0
42.9 63 1
12.9 77 0
35.2 64.3 1
20.9 97.3 0
27.1 71.7 0
28.7 94.8 0
34.7 81.7 0
26.2 77.3 0
26.6 79.3 0
23.8 77.6 0
3.38 77.9 1
6.48 52.1 1
28.8 87.9 0
23.5 98.5 0
17.7 52.1 1
15.6 78.8 0
42.1 46.6 1
13.1 48.1 1
0.125 67.1 1
45.9 71.7 0
56.6 66.3 1
36.1 98.5 0
37.5 96.6 0
42.5 98.3 0
41.1 96.4 0
84.6 16.2 1
72.9 18.2 1
71.9 13.3 1
67.9 33.5 1
85.8 10.5 1
88.2 13.5 1
64.1 42 1
81.2 33.7 1
88.4 38.2 0
85 20.7 1
72.1 3.9 1
65.3 1.35 1
66.5 7.9 1
80.6 38.3 1
88.5 17.3 1
82.8 36.1 1
63.3 14.7 1
63 18.6 1
79.9 42.6 1
61.4 13.2 1
61.1 23 1
61.1 33.3 1
88.8 42.7 0
88.6 32.7 1
76.5 43.8 1
82.2 43.8 1
60.9 2.28 1
60.9 42.7 1
86.2 7.83 1
67.3 21.3 1
67.5 24.1 1
73.6 42 1
70.1 21.3 1
81.4 21.3 1
87.1 29.3 0
88.6 5.58 1
61.1 24.9 1
64.6 26.3 1
61.1 36.6 1
63.5 28.3 1
82.3 1.43 1
81.2 3.55 1
87.3 2.38 1
63.2 31.5 1
71.9 48.6 1
67.4 88.5 1
70.8 86.5 1
68.6 85.6 1
73.6 96.7 1
78.6 92.5 1
86.5 63.7 1
70.6 58.5 1
80.8 61.8 1
73 74.4 1
72 77.3 1
88.2 93.1 1
77.8 84.7 1
65 63.1 1
67.4 54.4 1
85.3 86.2 1
76.8 86.6 1
87 95.6 1
86.8 88.1 1
87.2 48.3 1
64.8 83.4 1
79.3 52.3 1
61.6 85.4 1
74.3 84.8 1
88.4 49.6 1
63.7 47.1 1
67.6 82.9 1
61.5 49.6 1
65.5 46.5 1
67.1 46.5 1
88.4 51.1 1
62.3 98.5 1
82.2 46.5 1
61.4 78.7 1
81.8 67 1
61.5 51.1 1
81.8 79.8 1
87.2 80 1
61.4 80.8 1
88.5 81.6 1
88.6 66.7 1
62.3 45.6 1
88.8 45.6 0
83.7 60.3 1
71.6 54.1 1
76.5 73.4 1
78.6 59.7 1
63.3 53.1 1
65 54.6 1
76.1 96.7 1
78.3 95.3 1
86.7 68.5 1
76.7 48.2 1
67.8 95.9 1
172 38.9 0
163 40.4 0
141 4.98 1
110 34 0
164 38.1 0
133 11.3 1
170 17.6 0
111 26.8 0
95.1 34.4 0
147 26.7 0
168 15.9 0
165 25.1 0
134 36.3 0
191 39.9 0
155 40 0
160 27.1 0
156 15.5 0
156 19 0
151 29 0
153 27.1 0
196 30.1 0
112 10.9 1
116 11 1
110 11.5 1
146 29 0
139 3.5 1
111 13.2 1
163 33.9 0
148 40.3 0
108 17.3 1
189 22.9 0
181 41.7 0
108 21 1
132 35.4 0
113 37.1 0
140 40.7 0
173 26.6 0
186 43.5 0
151 25.4 0
174 43.6 0
173 24.1 0
175 23.9 0
179 40.3 0
162 20 0
132 22.9 0
160 32.3 0
123 26.6 0
141 42.7 0
141 19.4 0
177 25.8 0
121 20.2 1
110 16.8 1
101 23.6 1
165 31.6 0
127 3.05 1
196 36.1 0
93.2 7.9 1
152 19.1 0
128 18.3 1
123 11.8 1
99.6 17.7 1
182 7.03 1
149 42.2 0
133 8.4 1
136 29.5 0
200 26.8 0
189 33.3 0
169 8.98 1
108 26.3 0
115 36.2 0
137 40.4 0
123 9.8 1
149 35.7 0
106 15.4 1
131 40.3 0
111 41.9 0
99.2 24.6 1
120 25.9 0
135 26 0
166 9.03 1
193 24.6 0
122 13.4 1
129 22.3 0
98 33.6 0
192 1.88 1
128 42.4 0
114 41.9 0
157 22 0
124 40 0
113 19.8 1
91.5 12.8 1
144 15.5 0
130 37.4 0
117 8.3 1
149 37.8 0
113 1.63 1
189 4.73 1
114 22.3 0
117 13.4 1
165 7.15 1
119 43.6 0
91.4 6.78 1
116 2.83 1
187 2.85 1
188 7.68 1
194 43.7 0
119 23.5 0
176 27.9 0
99.4 2.58 1
145 9.88 1
175 1.15 1
115 1.63 1
184 8.58 1
92.4 24.7 1
96 25 0
152 2.9 1
148 7.63 1
91.5 16.3 1
153 21.6 0
143 17.8 0
127 42.4 0
91.2 23 1
107 1.25 1
145 1.48 1
160 1.48 1
196 43.7 0
198 1.15 1
162 1.48 1
101 1.4 1
97.6 1.18 1
168 1.25 1
120 1.2 1
91 42.7 0
97.2 18.8 1
94.7 18.6 1
160 16.8 0
105 29.4 0
106 27.2 0
199 15.1 0
153 41.9 0
154 32.7 0
194 30.9 0
122 2.98 1
173 35.3 0
117 41.9 0
164 10.7 1
94.8 28.9 1
98.6 27.1 0
199 42.1 0
99.7 43.6 0
98.6 41.8 0
93.4 11.5 1
144 32 0
145 34.2 0
146 19.3 0
132 29.5 0
184 25.3 0
174 6.93 1
124 42.9 0
123 41.4 0
195 1.15 1
194 3.03 1
168 19.8 0
145 43.2 0
144 42 0
92.7 2.13 1
110 5.05 1
106 39.6 0
188 28.8 0
193 12.7 1
195 12.1 1
172 2.88 1
102 49.8 0
115 48.4 0
112 98 1
99.9 88 1
155 79 0
125 90.6 0
109 95 1
103 87.7 1
173 49.9 0
154 81.6 0
154 58.4 0
124 61.7 0
157 79 0
115 56.2 0
138 62.7 0
116 53.9 0
105 76.9 1
148 54.8 0
186 52.9 0
148 77.8 0
140 80.7 0
120 75.9 0
187 90 0
102 52.8 0
130 77.9 0
116 74.8 0
189 73.2 0
117 92 0
160 59.7 0
162 82.7 0
143 76.2 0
147 95.4 0
129 95.3 0
121 98.6 0
185 89 0
155 61.7 0
158 70.6 0
119 92.6 0
169 57 0
110 84.1 1
164 77.6 0
132 95 0
141 77.8 0
99.6 96.5 1
118 57.3 0
91.5 78.3 1
119 55 0
127 65.5 0
114 46.8 0
132 60.2 0
102 74.2 1
140 89 0
160 72.1 0
133 80 0
101 98 1
144 56.6 0
188 62 0
128 97.5 0
193 67 0
118 73.2 0
140 96.8 0
111 81.9 1
97.6 56.2 1
111 62.6 0
189 83.4 0
125 68.5 0
147 92.6 0
199 52.8 0
130 52.5 0
107 83.3 1
177 90.7 0
178 95.3 0
165 68.4 0
168 69.9 0
121 64.1 0
167 66.1 0
156 54.3 0
185 70 0
141 46.1 0
119 86.6 0
147 80.2 0
136 83 0
112 46.8 0
193 98.1 0
119 84.5 0
159 54 0
164 80.8 0
109 81.1 1
177 46.4 0
196 58.7 0
194 82.6 0
185 80.9 0
172 97.1 0
184 98.4 0
98.3 46.7 0
192 98.1 0
133 67.8 0
119 62.7 0
92.8 85.3 1
131 58 0
193 64.3 0
109 63.4 0
163 96.7 0
181 92.1 0
180 90.3 0
120 46.6 0
161 95.2 0
124 97.4 0
186 98.4 0
153 48.4 0
149 83.3 0
179 67.5 0
142 98.5 0
186 47.9 0
97.8 98.5 1
195 48.1 0
119 46.6 0
169 46.8 0
143 51 0
91.8 66.2 1
91.6 52.7 1
92.9 91.5 1
136 47.6 0
159 48 0
96.4 46.7 0
126 93.9 0
134 46.5 0
137 91.2 0
159 98.5 0
123 90.1 0
91.3 87.7 1
140 46.1 0
91 45.6 0
114 98 1
190 54.3 0
105 54.5 0
107 53.3 0
183 76.5 0
99.4 79.7 1
102 77.1 1
197 73.9 0
183 63.2 0
98.3 68.5 1
126 82.9 0
156 83 0
106 48.1 0
119 70.4 0
127 56.4 0
181 96.9 0
135 71.6 0
190 79.9 0
124 50.8 0
130 49.8 0
171 85.9 0
173 65.2 0
175 71.1 0
148 66.4 0
181 46.4 0
167 96.4 0
174 86.2 0
134 97.1 0
91.7 71.5 1
91 48.1 1
92.6 49.2 1
179 52.6 0
142 64.7 0
104 96.5 1
105 98.5 1
180 60 0
184 58.8 0
91.7 69.4 1
91.5 81.8 1
95.2 81.5 1
179 70.3 0
145 46.2 0
143 47.3 0
26.7 12.7 1
30.7 41.6 1
23.1 10.8 0
32.2 14.9 1
28.6 36.6 1
0.625 26.3 0
49.6 36 1
49.3 41.5 1
24 20.1 1
46.4 34.5 1
0.425 29.8 1
21.5 38.5 1
36.8 34.3 1
11.4 18.1 0
6.65 33.9 1
1.48 24.5 0
8.95 35.5 1
34 18.5 1
9.65 4.88 0
17 26.4 1
51.8 43.1 1
6.1 36.4 1
55.6 40.8 1
50.3 14.4 1
19.3 16.7 0
14 12.5 0
22.7 22.2 1
4.1 8.03 0
48.6 29.6 1
30.3 21.5 1
17.7 14.5 0
11.7 33.9 1
44 28.7 1
52.1 29.8 1
12.1 30.7 1
29.8 15.4 1
14.3 30.4 1
10.6 23 0
29 19.5 1
19.4 2.85 0
52 34.3 1
14.9 20.2 0
13.4 43.5 1
14.5 22.7 1
27.4 41.9 1
20.5 22.2 1
8.4 37.9 1
27.4 4.58 0
28.5 7.4 0
52.1 25.9 1
41.9 1.43 1
53.1 21 1
53.8 23.1 1
33.8 1.13 1
2.43 1.23 0
58.5 5.63 1
18.8 1 0
4.2 24.8 0
13.2 1.38 0
32.2 1.13 1
58.5 9.9 1
58.5 13.1 1
58.7 31.5 1
58.8 44.1 1
58.8 0.95 1
19.7 9.8 0
49.1 18.9 1
56.7 34.7 1
20.8 32.9 1
32.7 34.3 1
26.1 27 1
25.5 29.4 1
6.7 2.53 0
7.25 4.73 0
43.3 41.2 1
58.8 39.5 1
56.9 37.5 1
47.4 26 1
34.1 28 1
20.9 1.85 0
41.6 39.7 1
14.9 43.5 1
15.7 40.6 1
6.73 28.2 1
45 15.1 1
20.3 43.6 1
22.2 40.8 1
1.15 35.4 1
3.3 36.4 1
24.6 5.3 0
22.4 1.85 0
37.8 3.33 1
39.3 4.75 1
34.6 3.13 1
51.9 7.35 1
49.1 11.4 1
0.1 16.2 0
15.1 1.38 0
31.7 87.5 0
1.25 57.1 1
42.7 79.1 0
1.55 54.3 1
5.8 80.4 1
42.6 83.1 0
36.4 67.2 0
27.3 63.6 1
34.4 73.2 0
29.5 74.6 0
21.6 92.7 0
32.3 50 1
20.1 77.1 0
4.98 88.4 0
0.525 87.8 1
34.7 50.1 1
32 62.6 1
38.3 77.1 0
38.8 74.8 0
43.5 55.1 1
45.1 53 1
32.9 55.5 1
57.9 80.8 1
22.5 62.1 1
8.23 58.7 1
21.1 52.3 1
15.5 86.5 0
31.7 60.1 1
13 87.1 0
41.2 53.2 1
5.18 53.9 1
27.1 68.3 0
25.3 70.2 0
50 74.2 0
24.7 56.8 1
22.6 84.7 0
15.6 57.9 1
31.5 52.9 1
58.7 56.1 1
15.9 46.8 1
35.5 46.3 1
35 91.5 0
18.7 79.4 0
32.3 74.9 0
44.6 49.7 1
47.7 98.5 0
48.3 69.7 0
8.85 53.7 1
58.7 57.7 1
6.43 49.1 1
53.3 53.9 1
57.5 48.3 1
26.8 98.5 0
13.5 98 0
27.9 58.6 1
4.53 47.8 1
25.6 52.3 1
19.2 59.2 1
25.2 98.5 0
50.4 71.4 0
51.5 51.9 1
38.6 46.3 1
48.2 46.3 1
58.8 97.6 0
21 46.1 1
58.8 99.1 0
22.5 46.1 1
58.7 85.8 1
19.5 46.1 1
17.8 98.8 0
18 87.7 0
22.1 98.5 0
28.9 69.7 0
18.9 92.3 0
42.6 89.2 0
12.2 73.7 1
49.6 53.7 1
57.9 78.6 1
22.8 81 0
51.8 98.1 0
42.7 48.4 1
40.9 49.7 1
14.4 46.8 1
2.03 93.3 0
43.6 71.3 0
58.3 67.1 0
58.3 68.6 0
56.7 70.1 1
34 96.6 0
35.3 94.7 0
23.2 49.4 1
25.2 49.6 1
44 96.8 0
86.5 37.6 0
66.9 2.7 1
78.1 25.8 1
72.8 15.6 1
64.1 7.43 1
85.1 36.1 0
67.6 5.05 1
86.4 18.1 1
72.3 37.4 1
76.4 18.4 1
80.4 40.7 1
62.7 5.9 1
65.8 43.3 1
76.3 15.8 1
67.4 43.3 1
63.6 4.03 1
61.4 9.93 1
88.4 39.6 0
64.7 20.5 1
75.2 42 1
61.9 16.8 1
87.2 41.5 0
88.5 23.9 1
88.5 25.8 1
78.1 43.8 1
88.6 31.3 0
88.8 0.95 1
88.8 44.1 0
60.9 44.1 1
60.9 0.95 1
71.9 40.3 1
77.7 2.13 1
78.8 35.3 1
78.4 37.7 1
70.3 24.1 1
80.1 12.8 1
88.5 28.3 0
63.2 25.8 1
62.9 37.3 1
61.1 35.1 1
62.1 29 1
73.6 50 1
70.8 88.1 1
70 94.1 1
62.1 72.5 1
63.9 70.6 1
63.4 85.2 1
63.8 96.8 1
85 90.2 1
62.4 48.3 1
81.8 84.1 1
67.2 98.3 1
65.6 98.3 1
64.2 49.6 1
84.7 67.1 1
66 48.3 1
67.6 48.3 1
87.5 84.9 1
79.5 67.8 1
65 77.3 1
61.7 58 1
89 87.6 1
75.3 82.9 1
63.3 51.7 1
86.5 65.3 1
62.9 78.5 1
72.5 90.1 1
74.9 65.6 1
61.8 68.4 1
88.2 71.6 1
61.8 66.9 1
67.8 78.9 1
82 98.6 1
88.7 78.1 1
88.8 97.6 1
88.8 99.1 1
60.9 97.6 0
60.9 45.6 1
63.1 88.9 1
76.3 88.8 1
77.2 57.6 1
75.3 59.2 1
86.5 57.1 1
88.8 57.4 1
76.1 98.2 1
76.1 79.6 1
80.1 47.9 1
88.2 69.4 1
87.2 54.2 1
84.9 54.8 1
181 32.7 0
183 30.7 0
128 5.25 1
171 41.3 0
184 41.5 0
146 24.8 0
107 31.7 0
184 32.5 0
112 29.2 0
183 34.4 0
93.5 16.9 1
198 20 0
141 11.9 1
158 25.7 0
176 35.7 0
110 36.4 0
163 11.5 1
157 17 0
101 35.7 0
152 6.35 1
158 4.83 1
182 4.48 1
110 31.7 0
135 20.3 0
153 4.08 1
134 40.6 0
186 37.7 0
154 10.8 1
142 9.28 1
161 9.63 1
164 22.9 0
141 25.1 0
98.7 13.6 1
109 41.9 0
124 1.78 1
184 3.08 1
135 38.6 0
91.7 37.6 0
100 15.5 1
129 14 1
170 31.2 0
172 43.6 0
152 32.2 0
158 8.05 1
138 33.4 0
135 42.4 0
126 38.1 0
107 11.6 1
137 19.2 0
102 25.3 0
129 28.9 0
150 18.1 0
104 20.8 0
139 41.9 0
183 19.4 0
94.8 6.93 1
94.3 24.3 0
190 39.8 0
193 41.5 0
126 19.8 1
128 7.73 1
151 34.5 0
93.1 29.4 0
91.9 32.5 0
121 2.98 1
91.8 9.53 1
125 1.78 1
185 4.45 1
129 40.6 0
123 18.7 1
161 29.5 0
93.1 22.6 0
191 3.25 1
171 12.6 0
134 28 0
164 29.2 0
148 2.65 1
180 18.3 0
175 4.28 1
180 8.55 1
138 31 0
150 14 0
173 2.88 1
182 10.1 1
148 13.4 1
130 1.28 1
189 11.3 1
91.5 14.1 1
150 12.1 1
101 29.3 0
106 9.1 1
121 43.6 0
159 43.1 0
152 1.18 1
188 42 0
91.2 28.6 0
112 43.5 0
200 37.4 0
176 2.55 1
128 37.8 0
180 15.7 0
125 43.9 0
155 21 0
179 1.4 1
147 9.4 1
186 7.4 1
96.7 2.6 1
117 17.4 1
107 7.33 1
140 30.5 0
188 37.3 0
139 43.8 0
103 42.3 0
149 1.18 1
119 12.6 1
110 7.55 1
126 43.9 0
91.2 26.1 0
176 43.6 0
102 1.4 1
91.3 0.95 1
91 44.1 0
109 1.25 1
119 1.2 1
97.6 20.8 1
95.1 20.6 1
161 17.6 0
104 28.9 0
105 26.7 0
128 25.7 0
126 24.9 0
189 18.5 0
167 43.7 0
168 41.4 0
195 16.9 0
96.5 43.2 0
156 33.4 0
153 35 0
156 3.35 1
194 32.9 0
192 29 0
189 31 0
142 38.6 0
133 1.28 1
134 3.38 1
92.7 40.9 0
186 26.2 0
161 43.1 0
170 26.5 0
96.7 27.2 0
126 30.1 0
200 40.2 0
196 27.8 0
112 1.63 1
111 2.88 1
98.6 4 1
97.9 6.45 1
165 2.73 1
117 37.9 0
116 40.4 0
175 8.78 1
121 8.53 1
119 9.65 1
174 12.2 1
182 14.3 0
91.4 5.33 1
106 1.25 1
105 2.65 1
123 33.4 0
108 39.5 0
163 15.9 0
187 16.5 0
184 16.8 0
170 2.98 1
171 1.73 1
139 69.2 0
188 57.7 0
184 74.2 0
161 62.2 0
118 95.2 0
125 46.9 0
199 76 0
102 67 1
156 89.7 0
143 70.7 0
190 86.2 0
171 89.3 0
175 82.4 0
154 91.4 0
197 69.1 0
147 76 0
192 55.7 0
95.1 85 1
144 53 0
193 87.5 0
136 75 0
154 70.3 0
94.9 76.8 1
153 77 0
187 70.8 0
145 77.5 0
199 49.8 0
150 87.9 0
112 56.9 0
129 56.6 0
123 77.8 0
147 68.7 0
185 63.6 0
112 75 1
126 46.9 0
118 46.6 0
122 62.3 0
104 48.1 0
162 69.8 0
177 48.2 0
153 72.3 0
123 54.7 0
179 49.6 0
169 98.4 0
120 98.6 0
120 60.9 0
192 75.7 0
133 77.8 0
182 98.4 0
131 95.2 0
186 67.8 0
148 85.7 0
199 47.8 0
170 84.1 0
161 56.3 0
155 95 0
156 46.3 0
147 60.4 0
188 81.5 0
100 62.2 1
137 65.5 0
192 46.8 0
190 68.7 0
130 64.4 0
149 96.8 0
115 65 0
120 57.9 0
132 55.6 0
108 70.7 1
143 54.8 0
153 67.3 0
102 98 1
145 80.3 0
138 95.3 0
129 81.9 0
173 75.3 0
196 53.9 0
170 76 0
93.2 54.5 1
144 58.8 0
145 95.8 0
132 70.3 0
182 85 0
199 64 0
145 93 0
109 91.8 1
133 85.6 0
115 67.5 0
171 98.4 0
175 89.2 0
106 91.8 1
141 98.5 0
171 46.8 0
137 86.9 0
144 98.5 0
120 55.5 0
173 69 0
91.5 57.4 1
91.5 55.8 1
141 52.9 0
141 91.3 0
184 46.4 0
169 81.5 0
168 74.2 0
139 92.5 0
160 97.2 0
196 46.4 0
148 81.6 0
160 46.7 0
162 46.7 0
162 98.7 0
125 98.9 0
91.3 86.1 1
91.6 51.3 1
108 97 1
126 98.9 0
91.3 97.6 1
177 98.8 0
91.3 99.1 1
175 98.8 0
116 94.7 0
135 59.2 0
174 55.2 0
159 63.9 0
98.6 71.2 1
125 84.9 0
157 81.6 0
107 46.6 0
109 48.4 0
158 48 0
121 69.3 0
141 83.2 0
140 62.1 0
125 57 0
180 94.9 0
108 79 1
126 76.1 0
155 48.4 0
135 55.9 0
190 46.8 0
189 50.4 0
172 63.1 0
148 49.9 0
149 47.1 0
146 64.6 0
198 56.8 0
188 96.5 0
195 85.5 0
93.7 72.8 1
93.8 62.9 1
95.3 61.2 1
149 58.2 0
156 96.9 0
182 55.2 0
141 66.5 0
159 68.3 0
197 81.4 0
183 60.6 0
174 92.8 0
152 98.1 0
127 87.5 0
117 77.4 0
94.8 67.6 1
160 90 0
142 85.5 0
93.8 82.9 1
175 67 0
183 71.7 0
144 47.9 0
143 49 0
167 63.7 0
169 62.1 0
197 97.1 0
195 95.2 0
195 92.7 0
32.1 39.5 1
39.1 35.3 1
22.5 9.03 0
34.9 42.9 1
36.1 24.7 1
16.3 32.8 1
44.1 31.3 1
26.6 35.2 1
47.1 41.9 1
33.5 12.4 1
32.5 17.1 1
24.6 36.4 1
16.9 36.8 1
14.6 37.7 1
6.68 14 0
0.475 43.7 1
46.8 31.9 1
50.1 28.8 1
7.15 11.9 0
16.4 7.08 0
15.9 8.83 0
49.9 26.6 1
12.4 13.6 0
19.3 13.2 0
45.1 2.78 1
12.3 43.5 1
19.1 26.2 1
10 42.3 1
53.4 1.48 1
18 18.7 1
54.9 7.88 1
56.9 18.6 1
55.9 2.43 1
50.9 4.53 1
31.2 7.93 1
37.1 40.4 1
31.5 28.3 1
30 17.6 1
4.23 31 1
10.1 27.2 1
45.5 24.3 1
15.9 13.7 0
8.93 43.8 1
13.6 9.83 0
55.8 28.9 1
38.2 42.5 1
0.125 7.58 0
58.9 27 1
25.8 41.9 1
10.2 7.98 0
28.5 43.4 1
34.1 22.3 1
47 1.35 1
23.9 16.9 1
20.7 28.6 1
30.1 23.3 1
57.6 23.2 1
29.3 1.13 1
31 1.13 1
5.18 43.8 1
17.5 1 0
48.4 16.5 1
45.9 17.2 1
46.6 19.6 1
58.1 36.1 1
38.7 24.9 1
39.6 22.4 1
31.2 36 1
2.68 42.5 1
56.9 39 1
29.5 26 1
39.9 40.3 1
15 42 1
17.7 42.1 1
8.93 18.3 0
5.7 20 0
6.4 21.9 0
8.13 19.8 0
24.1 3.83 0
46 10.2 1
45 8.25 1
50.1 9.25 1
15.8 2.38 0
16 60.7 1
43.4 81.4 0
29.8 62.6 1
8 80.2 0
14.9 62.7 1
12.4 62.8 1
11.9 60.4 1
45.1 77 0
6.8 72.6 1
33.4 70.9 0
31.9 83.2 0
28.4 72.8 0
1.45 85.4 1
34 82.2 0
36.2 58.7 1
22.4 77.9 0
20.7 95.6 0
28.3 96.6 0
18.9 54.8 1
3.83 73.8 1
16.4 79.1 0
21.2 60.1 1
20.4 56.5 1
40.9 84.4 0
54.9 83.9 0
2.18 49 1
49.6 96.6 0
14.8 82 0
39.2 53.7 1
9.48 94.7 0
38.9 98.1 0
11 66.9 1
51.6 60.9 1
49.3 62.8 0
12.3 82.6 0
20.5 66.3 0
19.3 52.6 1
7.1 96.7 0
19.7 73.2 0
37.1 61.6 1
16 56 1
55.6 53.7 1
56.8 95.7 0
50.8 65.3 1
16.8 95.1 0
0.025 47.5 1
27.4 53.7 1
17.2 47.9 1
25.1 85.1 0
35.2 77.7 0
56.8 90 0
15.8 84.1 0
37.8 46.3 1
31.4 98.1 0
27.7 81.1 0
18.2 46.1 1
7.55 55.5 1
58.1 91.6 0
18 66.4 1
56.2 47.7 1
4.48 85.2 1
58.8 46.9 1
41.4 87.4 0
14.8 72.3 0
51.4 49.6 1
14.2 70 1
57 51.6 1
12.5 52.6 1
58.7 60.5 1
58.7 88.6 0
38 84.8 0
38.6 87.7 0
30.3 46.3 1
28.6 46.3 1
21.7 70.8 0
41.6 74 0
4.7 64.1 1
0 65.4 1
18.3 97.1 0
34.7 63.5 1
36.1 46.3 1
44.5 89.9 0
47.8 89.9 0
12.5 75.6 0
3.68 76.8 1
51.3 55.7 1
55 74.5 0
9.2 91 0
57 62.4 1
23.2 82.3 0
21.1 80.2 0
47 81.1 0
12.5 49.6 1
53.7 46.4 1
23.4 47.9 1
1.25 71.8 1
10.4 47.8 1
56.6 64.9 0
7.13 68 1
42.5 94.9 0
84.6 14.6 1
73.2 30.8 1
65 33.6 1
74.1 26.6 1
86.7 12.9 1
84.3 11.3 1
76.3 8.2 1
79.2 22.7 1
74.8 33.2 1
86.5 20.9 0
73.2 5.43 1
70.9 2.35 1
65.1 14 1
81.8 32.3 0
73.6 8.43 1
87.6 9.2 1
65.3 2.7 1
62.7 41 1
86.5 39.1 0
88.5 22.6 0
67.5 12.6 1
85.9 42.8 0
62.1 27.8 1
61.8 39.1 1
62.3 3.63 1
64.9 24.6 1
85.4 29.2 0
88.5 27 0
62.8 22.4 1
83.4 43.8 0
82.2 29.3 0
84.7 6.93 1
88.1 36.1 0
86.6 34.6 0
72.2 43.2 0
79.2 2.13 1
75.9 5.2 1
76.7 42 1
78.2 40.1 0
70.9 20.2 1
82.3 13 1
87.1 5.75 1
85.8 3.88 1
62.9 35.8 1
83.3 2.93 1
82.2 5.05 1
62.1 30.6 1
79.9 61.3 1
79.5 84.7 1
79.5 75.7 1
75.8 62.9 1
79.8 98.6 1
70.4 46.9 1
69.2 56 1
78.5 78.2 1
85.6 49.3 0
83.1 48 0
81.9 75.7 1
86.8 51.4 0
68.6 89.2 1
81.2 52.2 0
81 78.2 1
64.7 81.9 1
85.7 84.4 1
89 86 1
85.4 80.9 1
83.5 85.8 1
77.1 66 1
72 98.2 1
72.2 65.9 1
70.1 63.3 1
88.8 46.9 0
70.3 91.1 1
62.9 80.6 1
74.9 81.4 1
61.5 91.8 0
67.5 81.4 1
82.6 81.2 1
62.4 95.9 0
87 96.1 1
61.7 59.2 1
61.7 60.9 1
60.9 46.9 1
60.9 99.1 0
84.5 59.3 1
64.9 87.6 1
73.3 53.1 1
76.6 53.9 1
72.1 85.1 1
88.8 55.8 0
62.1 73.8 1
61.9 54.7 1
63.5 56.1 1
86.8 82.5 1
88 62.1 1
78.3 96.7 1
88.2 72.8 1
86.8 74.6 1
78.3 46.5 1
76.7 46.5 1
88.2 92.1 1
83.3 53.7 1
95.9 43.2 0
179 32 0
133 5.58 1
124 27.3 0
136 14.4 1
113 10.9 1
168 5.03 1
103 35.1 0
141 41.2 0
155 8.85 1
159 3.1 1
186 40.1 0
153 12.6 1
91.7 39 0
129 3.48 1
118 31.6 0
112 25.4 0
183 43.1 0
143 40.6 0
159 23.3 0
93.6 34.4 0
181 3 1
102 22.3 0
173 17.5 0
182 1.6 1
162 22.1 0
159 33.2 0
104 39.9 0
167 25.4 0
189 21.7 0
123 1.78 1
170 28.3 0
153 15 0
112 23.1 0
125 37 0
99.9 12.6 1
109 24.9 0
131 1.28 1
151 30.1 0
100 27 0
131 29.6 0
119 19.2 1
125 9.43 1
91.7 36.1 0
127 11.3 1
167 8.38 1
149 43.4 0
137 17.4 0
142 36.9 0
96.5 13.8 1
117 29.3 0
157 42 0
115 36.1 0
102 19.2 1
129 16.7 1
126 12.8 1
191 41.3 0
110 22.7 0
151 21.6 0
199 30.3 0
167 31.6 0
171 23.5 0
163 36.3 0
91.9 31.1 0
170 10.7 1
194 4.73 1
189 9.2 1
181 43.1 0
117 15.1 1
99.6 33.5 0
198 28 0
148 11.5 1
147 20.2 0
167 1.25 1
116 22.4 0
150 1.18 1
118 23 0
128 43.9 0
172 1.73 1
195 37 0
176 20.5 0
140 20.2 0
115 18.3 1
196 7.6 1
152 43.4 0
149 19.7 0
151 16 0
177 1.4 1
118 2.63 1
101 9.75 1
188 1.38 1
191 17.1 0
144 18.1 0
101 31 0
176 14.8 0
91.2 27.4 0
94.2 3.55 1
190 1.38 1
126 3.98 1
134 12.5 1
130 12.4 1
129 23.8 0
126 23 0
177 29.2 0
197 14.8 0
155 35.6 0
192 31.1 0
192 22.3 0
193 19.7 0
172 35.9 0
141 39.3 0
118 43.6 0
149 6.1 1
162 41.8 0
169 21.8 0
172 26 0
107 20.6 0
144 41.7 0
139 23 0
101 42.3 0
99.5 40.5 0
193 27.1 0
94.5 12.3 1
165 4.78 1
163 1.48 1
191 12.3 1
117 37.8 0
182 26.7 0
173 10.3 1
123 43.9 0
122 42.5 0
115 3.05 1
117 4.25 1
92.9 5.43 1
123 35.6 0
139 2.1 1
144 2.7 1
115 49.9 0
97.2 79 1
111 96.5 1
138 66.8 0
176 78.5 0
153 58.2 0
101 48.3 0
128 57.3 0
109 48.4 0
111 73.1 0
186 50.1 0
165 95.1 0
99.1 46.7 0
167 90.2 0
116 88.5 0
165 54.4 0
168 56.3 0
148 53 0
163 82.8 0
121 76.3 0
173 84.3 0
124 81 0
119 96.9 0
176 46.8 0
114 56.3 0
191 57.7 0
111 62.5 0
152 87.4 0
92.9 78 1
165 48.5 0
146 49.5 0
98.9 94.7 1
114 74.6 0
144 68.8 0
187 73.2 0
112 46.8 0
147 62.2 0
156 53.4 0
138 85.7 0
127 77.9 0
162 87.8 0
118 87.3 0
152 82.1 0
136 47.6 0
97.1 96.7 1
94.6 95.1 1
102 72.7 1
157 70.6 0
154 74.8 0
151 47.1 0
158 53 0
125 62 0
150 67.3 0
179 59.2 0
126 64.6 0
184 89 0
109 54.6 0
161 75.9 0
193 48.1 0
200 68.2 0
95.1 71.2 1
127 71.9 0
167 46.8 0
94.6 92.2 1
106 73.1 1
188 68.7 0
121 91.1 0
163 76.6 0
185 54.3 0
131 61.7 0
116 81.2 0
125 69.9 0
110 77.7 1
176 57 0
152 47.1 0
106 67.6 1
198 54.2 0
108 63.4 0
182 90.9 0
98.2 60.5 1
180 89.1 0
105 56.4 0
93.2 53.9 1
165 80.8 0
176 59.9 0
190 98.1 0
175 95.2 0
137 52.9 0
97.7 91.8 1
182 87.2 0
95.8 46.7 0
93.9 47.9 0
151 77.9 0
150 71.7 0
192 63.4 0
192 68.4 0
194 62.5 0
135 90.3 0
194 60 0
181 46.4 0
130 54.2 0
195 74.6 0
187 98.4 0
133 90.9 0
170 78.8 0
174 72.9 0
91.6 52.1 0
177 96.8 0
105 59.6 0
192 78.5 0
134 46.5 0
183 46.4 0
132 83.3 0
93.8 64.5 1
110 98.5 1
91 46.9 0
134 81.7 0
140 46.1 0
132 66.4 0
117 64 0
91.3 90.6 1
174 97.1 0
91.3 88.9 1
134 98.5 0
129 98.9 0
109 98.5 1
148 98.7 0
115 96.3 0
103 83.5 1
101 79.2 1
125 93.9 0
124 91.9 0
111 70.9 0
100 68.1 1
159 46.7 0
119 67.9 0
117 69 0
137 83.2 0
139 82 0
135 72.4 0
106 78.4 1
130 46.5 0
129 48.4 0
95.2 80.3 1
196 85.7 0
131 88.7 0
92 61.8 1
124 96 0
122 97.2 0
158 96.9 0
180 54.1 0
143 64.9 0
105 95 1
106 97 1
174 91 0
150 96.8 0
144 98.5 0
110 87.6 1
93 69 1
161 92.3 0
183 77.6 0
140 86.7 0
180 70.9 0
199 95.5 0
198 93 0
48.9 40 1
37.3 2 1
0.625 40 1
1.53 16.4 0
45.4 39.7 1
39.3 11.7 1
28.7 12.8 1
40.8 9.4 1
31 10.6 1
1.38 30.8 1
51.6 14 1
10 5.13 0
38.8 38.2 1
14.2 2.38 0
4.88 35.4 1
56.4 6 1
55.2 4.13 1
14.9 26.3 1
13.5 24.1 1
42.9 27.1 1
33.6 32.2 1
52.7 3.18 1
11.5 29.3 1
35.9 41.9 1
13.8 29 1
38.9 18.5 1
46.4 22.8 1
30.2 43.4 1
5.43 32.9 1
43.1 1.43 1
10.4 34.6 1
43.7 24.6 1
11 24.7 1
24.1 38.4 1
54.9 14.4 1
55.5 42.2 1
56.5 9.2 1
32.4 29.4 1
57.1 27.7 1
15.5 18.9 1
24.8 40.7 1
17.9 10.3 0
12.3 17.2 0
58.8 19.3 1
19.1 38.6 1
12.3 8.63 0
53 43.1 1
28.5 3.1 1
1.55 18.7 0
36.2 31.9 1
3.78 24.9 1
58.9 27 1
56.8 12.9 1
51.9 21.1 1
21.6 16.7 1
57.5 32 1
3.43 43.8 1
12.2 1.38 0
32.7 23.5 1
24.9 18.9 1
53.3 24.8 1
7.23 43.8 1
57.5 0.95 1
57.5 44.1 1
58.8 21.8 1
25.2 13.9 1
49 36.9 1
46.7 36.5 1
7.63 4.98 0
2.78 41 1
34.4 1.13 1
35.1 3.13 1
18.9 40.9 1
43.3 42.8 1
34.9 29.2 1
34.6 26 1
17.1 43.5 1
8.83 21.7 1
36.1 18.6 1
55.9 25.8 1
57.6 25.1 1
20.8 42.4 1
1.15 37 1
3.3 38 1
9.28 10.4 0
43.5 14.3 1
41 14.7 1
43.4 10 1
14.4 59.1 1
20.9 68.6 0
29.5 60.2 1
51.5 84.3 0
47.2 77.8 0
6.05 70.9 1
41.5 66.9 0
22.6 90.1 0
6.9 77.6 1
38.1 50.2 1
43.8 60.4 1
19.8 75.4 0
28.1 76.4 0
57.9 77.3 0
30.2 70.8 0
51.7 73.8 0
3.53 97.1 0
40.3 77.9 0
4.88 61.2 1
17.2 47.9 1
20.1 85.8 0
39.3 48.1 1
20.9 61.8 1
10.9 96.2 0
29.7 98.1 0
12.5 98 0
22.4 57.4 1
36.4 67.8 0
55.6 97.2 0
6.45 90.1 0
56.2 82.1 0
33.4 58.1 1
22.3 63.8 0
53.1 98.1 0
29.6 81.2 0
0.75 59.3 1
11.8 89.2 0
25.7 82.7 0
3.25 53.5 1
34.6 79.5 0
13.3 84.7 0
26.6 56.3 1
49.3 67.6 0
58.7 55.5 1
55.1 88.8 0
33.8 76 0
35.9 74.3 0
31.2 87.8 0
18.2 46.1 1
55.7 49.5 1
57.1 87.4 0
10 52.2 1
57.1 72.1 0
58.1 94.3 0
21.8 47.9 1
43.1 46.8 1
44 98.5 0
24.7 98.5 0
45 48.1 1
34.1 98.1 0
52.1 70.9 0
17.1 72.8 0
36.3 84.1 0
57.1 85.8 0
5.13 46.5 1
58.7 58.8 1
46.5 98.5 0
27.5 46.3 1
46.9 46.3 1
57.5 99.1 0
23.7 71 0
28.3 88.3 0
27.3 90.6 0
9.45 59.8 1
1.83 63.9 1
18.2 90.2 0
35.7 48.4 1
44.4 92 0
47.7 92 0
22.9 98.5 0
41.8 62.2 0
9.45 75.5 0
9.2 73.5 1
51.7 87.6 0
57.5 46.3 1
54.5 65 0
13.7 48.3 1
53.2 48.2 1
25.9 48.1 1
3.15 94.2 0
10.5 46.5 1
8.93 49.3 1
58.3 65.7 0
55.4 70.4 0
8.65 67.5 1
69.2 33.2 1
70.8 35.5 1
79.9 27.7 0
68.2 1.35 1
65.3 43.3 1
87.9 18.2 1
68.9 3.7 1
84.9 33.2 0
63.2 12.4 1
63.5 42.3 1
85.2 41 0
68.6 43.3 1
62.1 27.8 1
76.5 21 1
86.9 31.3 0
61.9 18.1 1
63.6 20 1
82.7 41.9 1
61.4 5.5 1
88.5 27 0
61.7 21.9 1
87.5 44.1 0
87.5 0.95 1
61.7 44.1 1
61.7 0.95 1
70 12.7 1
70.5 41.5 1
76.3 3.65 1
67 9.58 1
79.2 13.9 1
64.6 9.1 1
63.2 10.6 1
71.5 24.6 1
72.8 22.1 1
78.3 73.7 1
80 92 1
65.3 70.8 0
72 48.3 0
78 63.4 1
81 49.5 0
65.3 46.9 1
74.4 60.8 1
63.6 76.1 1
61.5 90.1 0
70.9 70.9 1
80.8 68.9 1
70.1 96.4 1
72.7 73.6 1
68.6 46.9 1
63.3 82.7 0
71.3 79 1
89 85.4 1
82.9 90.7 1
61.9 84.7 0
69 79.4 1
65 63.3 1
65 98.3 0
68.3 98.3 1
86.6 69.5 1
71.5 60.8 1
63.2 97.4 0
61.9 52.3 1
71.1 83.3 1
88.8 58.5 1
61.5 81.5 0
73.8 88.7 1
72.9 81.5 1
61.5 77.3 0
85.7 97.7 1
88.2 94.7 1
68.8 81.8 1
61.5 94.5 0
89 88.7 1
83.2 98.6 1
88.7 76.8 1
87.5 99.1 1
61.7 99.1 0
72.1 86.7 1
76.9 88.6 1
86.8 60.4 1
61.9 54.1 1
61.8 65.5 0
87.5 46.3 0
87.2 90.5 1
85.6 53.2 1
62.8 48.8 1
60.9 46.9 1
136 37.9 0
178 32.7 0
161 5.15 1
176 34.7 0
171 39.4 0
115 28.9 0
170 18 0
142 4.8 1
138 12.8 1
145 24.9 0
179 25.9 0
190 31.3 0
169 16.2 0
163 15.3 0
168 39.5 0
107 26.1 0
111 4.1 1
171 33.6 0
141 11.7 1
94 42.2 0
153 6.8 1
154 4.53 1
160 8.38 1
158 1.63 1
186 26.1 0
113 12.8 1
142 25.1 0
134 18.5 0
189 33.6 0
156 33.3 0
135 22.2 0
167 3.3 1
182 29 0
133 23.6 0
119 14.2 1
131 3.48 1
136 2.1 1
111 13.8 1
142 9.05 1
94.7 15.1 0
133 42 0
94.6 29 0
95 34.4 0
123 18 1
103 23.9 0
152 2.35 1
194 39.9 0
111 35 0
120 26.8 0
123 1.78 1
166 23.2 0
111 32.5 0
179 19.2 0
178 1.4 1
180 3 1
155 40.4 0
100 20.6 0
122 15.4 1
119 20.9 0
144 31.7 0
102 15.5 1
145 33.9 0
166 43.7 0
172 27.8 0
157 27 0
105 15.1 1
101 37.5 0
151 2.35 1
114 16.6 1
112 16.3 1
99.6 2.83 1
120 4.4 1
150 23.6 0
135 43.8 0
160 30.4 0
103 36.9 0
192 4.95 1
178 43.6 0
169 10.1 1
92.7 13.6 0
199 7.23 1
196 19.6 0
179 8.25 1
110 43.5 0
176 8.38 1
105 4.53 1
161 35.7 0
96.5 27.4 0
179 41.7 0
129 42.1 0
171 14.4 0
154 27.1 0
127 36.6 0
144 15.8 0
196 43.7 0
158 42 0
198 37.4 0
151 43.4 0
176 22.7 0
132 17 1
131 43.2 0
105 8.8 1
116 20.2 0
136 25.3 0
156 43.9 0
117 7.15 1
198 1.15 1
175 13.4 0
191 43.6 0
137 23.9 0
187 8.93 1
173 43.6 0
188 14 0
142 19 0
100 43.7 0
106 7.03 1
103 9.18 1
101 1.4 1
190 15 0
179 15.1 0
176 43.6 0
164 43.7 0
189 43.6 0
102 43.7 0
112 43.5 0
97.8 1.43 1
139 43.8 0
127 43.9 0
92.2 44.1 0
92 0.95 1
128 2.2 1
132 14 1
110 6.6 1
121 32.1 0
156 1.63 1
142 30.7 0
137 33.5 0
134 34.5 0
118 41.7 0
149 3.83 1
104 30.5 0
105 32.5 0
148 22.7 0
92 18 0
107 18.6 1
144 43.6 0
199 32.3 0
125 31.6 0
137 31.1 0
148 35.1 0
99.2 8.15 1
114 3.05 1
163 3.53 1
109 41.2 0
199 41.8 0
138 2.1 1
195 10.5 1
116 40.3 0
167 29.6 0
165 28.6 0
183 25.2 0
135 29.2 0
93 10.3 1
94.6 8.95 0
120 7.38 1
119 8.5 1
147 28.7 0
122 42.5 0
195 34.5 0
196 1.15 1
147 40.1 0
130 33.9 0
186 16.9 0
93.9 20.1 0
91.9 22.1 0
146 2.7 1
144 1.23 1
137 61.9 0
174 80.5 0
104 87.5 1
182 61.1 0
136 49.9 0
173 50.2 0
162 60.5 0
138 71.1 0
116 52.7 0
189 87.2 0
146 52.6 0
100 59 0
117 90.6 0
163 84.9 0
121 48.1 0
123 46.5 0
93.6 84.8 1
176 83.8 0
149 89.4 0
127 59.9 0
188 89.9 0
100 53.3 0
124 83 0
172 53.8 0
101 65.2 1
111 59.8 0
123 53.3 0
122 71 0
156 88 0
154 89.7 0
113 64.6 0
192 50.3 0
169 89.2 0
194 96.5 0
155 63 0
119 89.4 0
98.4 89.4 1
121 54.2 0
155 84.3 0
171 48.5 0
178 46.8 0
149 92 0
191 73.7 0
166 92.5 0
108 46.6 0
146 86.3 0
174 77 0
191 59.7 0
149 69.6 0
132 46.5 0
180 48.2 0
122 74.1 0
164 88.9 0
161 73.6 0
141 60.6 0
142 58.9 0
127 80.7 0
93 95.8 1
128 64.1 0
178 66.6 0
185 64.1 0
162 57 0
180 73.6 0
113 81.3 1
121 92.3 0
151 80.4 0
103 60.7 0
121 95.5 0
105 71.8 1
107 69.4 0
132 76.9 0
108 77.1 1
103 46.6 0
135 46.5 0
118 85.2 0
91.3 85.6 1
143 90 0
117 83.5 0
131 71.5 0
186 56.7 0
191 96.8 0
194 70.3 0
194 72.7 0
127 46.9 0
98.1 54.7 0
130 93.6 0
188 80.6 0
139 97.1 0
93 91.3 1
103 80.8 1
136 64.8 0
168 70.6 0
168 72.7 0
198 77.4 0
107 61.3 0
135 88 0
138 46.1 0
158 77.6 0
144 46.7 0
140 53.1 0
169 86.5 0
141 72.1 0
132 97.4 0
166 69.2 0
163 46.7 0
101 98 1
92.1 73.7 1
159 95.6 0
130 98.9 0
140 98.5 0
141 47.8 0
190 61.9 0
146 81.8 0
95.2 65.7 1
178 56.4 0
193 53.1 0
167 81.6 0
91.5 55.3 1
119 59.5 0
176 88 0
91.5 58.6 1
119 65.4 0
199 46.4 0
172 98.4 0
150 98.7 0
163 98.7 0
196 46.4 0
127 98.9 0
92 99.1 1
124 48.4 0
123 50 0
135 60.3 0
114 70.5 0
182 83.7 0
185 80 0
106 82.8 1
182 63.7 0
113 69 0
158 63.7 0
100 70.7 1
143 86.2 0
192 88.6 0
158 49.8 0
117 48.1 0
167 74.2 0
125 74.3 0
97.5 46.7 0
154 47.1 0
155 50.1 0
139 75.7 0
140 77.5 0
141 74.1 0
143 75.9 0
135 54.9 0
190 49 0
174 63.7 0
168 98.4 0
166 97.1 0
149 48.7 0
189 95.2 0
133 87.1 0
93.5 60.1 1
150 58.1 0
124 97.5 0
123 98.6 0
156 98.4 0
158 98.4 0
199 86.4 0
143 66.7 0
106 89.9 1
109 89.9 1
92.3 82.7 1
92.2 46.3 0
197 83.3 0
197 80 0
154 66.2 0
153 96.5 0
145 97.2 0
109 84.9 1
117 78.3 0
159 92.7 0
158 90.4 0
181 77.8 0
184 75.3 0
175 66.5 0
127 89.4 0
166 64.2 0
168 62.5 0
