118.392 48.1679 1
118.874 60.7335 1
104.443 66.2158 1
113.929 39.3952 1
100.113 70.7048 1
126.586 58.2188 1
122.302 51.7325 1
104.707 75.0577 1
22.4981 38.0033 1
119.434 42.9226 1
117.362 53.4636 1
114.661 43.6799 1
109.891 66.7939 1
109.963 43.4162 1
25.8316 38.8081 1
132.708 63.828 1
131.969 57.9621 1
109.023 61.1551 1
127.39 53.1872 1
139.144 62.2646 1
0 100 0
0 95.4545 0
0 90.9091 0
0 86.3636 0
0 81.8182 1
0 77.2727 1
0 72.7273 1
0 68.1818 1
0 63.6364 1
0 59.0909 1
0 54.5455 1
0 50 1
0 45.4545 1
0 40.9091 1
0 36.3636 1
0 31.8182 1
0 27.2727 1
0 22.7273 1
0 18.1818 0
0 13.6364 0
0 9.09091 0
0 4.54545 0
0 0 0
200 100 0
195.349 100 0
190.698 100 0
186.047 100 0
181.395 100 0
176.744 100 0
172.093 100 0
167.442 100 0
162.791 100 0
158.14 100 0
153.488 100 0
148.837 100 0
144.186 100 0
139.535 100 0
134.884 100 0
130.233 100 0
125.581 100 0
120.93 100 0
116.279 100 0
111.628 100 0
106.977 100 0
102.326 100 0
97.6744 100 0
93.0233 100 0
88.3721 100 0
83.7209 100 0
79.0698 100 0
74.4186 100 0
69.7674 100 0
65.1163 100 0
60.4651 100 0
55.814 100 0
51.1628 100 0
46.5116 100 0
41.8605 100 0
37.2093 100 0
32.5581 100 0
27.907 100 0
23.2558 100 0
18.6047 100 0
13.9535 100 0
9.30233 100 0
4.65116 100 0
200 0 0
200 4.54545 0
200 9.09091 0
200 13.6364 0
200 18.1818 0
200 22.7273 0
200 27.2727 0
200 31.8182 0
200 36.3636 0
200 40.9091 0
200 45.4545 0
200 50 0
200 54.5455 0
200 59.0909 0
200 63.6364 0
200 68.1818 0
200 72.7273 0
200 77.2727 0
200 81.8182 0
200 86.3636 0
200 90.9091 0
200 95.4545 0
4.65116 0 0
9.30233 0 0
13.9535 0 0
18.6047 0 0
23.2558 0 0
27.907 0 0
32.5581 0 0
37.2093 0 0
41.8605 0 0
46.5116 0 0
51.1628 0 0
55.814 0 0
60.4651 0 0
65.1163 0 0
69.7674 0 0
74.4186 0 0
79.0698 0 0
83.7209 0 0
88.3721 0 0
93.0233 0 0
97.6744 0 0
102.326 0 0
106.977 0 1
111.628 0 1
116.279 0 1
120.93 0 1
125.581 0 1
130.233 0 1
134.884 0 1
139.535 0 1
144.186 0 1
148.837 0 1
153.488 0 1
158.14 0 1
162.791 0 1
167.442 0 1
172.093 0 0
176.744 0 0
181.395 0 0
186.047 0 0
190.698 0 0
195.349 0 0
5.7 8.6 0
5.7 13.2 0
10.3 8.6 0
10.3 13.2 0
5.7 17.8 0
10.3 17.8 1
5.7 22.4 1
10.3 22.4 1
5.7 27 1
10.3 27 1
5.7 31.6 1
10.3 31.6 1
5.7 36.2 1
10.3 36.2 1
5.7 40.8 1
10.3 40.8 1
5.7 45.4 1
10.3 45.4 1
5.7 50 1
10.3 50 1
5.7 54.6 1
10.3 54.6 1
5.7 59.2 1
10.3 59.2 1
5.7 63.8 1
10.3 63.8 1
5.7 68.4 1
10.3 68.4 1
5.7 73 1
10.3 73 1
5.7 77.6 1
10.3 77.6 1
5.7 82.2 1
10.3 82.2 1
5.7 86.8 0
10.3 86.8 1
5.7 91.4 0
10.3 91.4 0
14.9 8.6 0
14.9 13.2 0
14.9 17.8 1
14.9 22.4 1
14.9 27 1
14.9 31.6 1
14.9 36.2 1
14.9 40.8 1
14.9 45.4 1
14.9 50 1
14.9 54.6 1
14.9 59.2 1
14.9 63.8 1
14.9 68.4 1
14.9 73 1
14.9 77.6 1
14.9 82.2 1
14.9 86.8 1
14.9 91.4 0
19.5 8.6 0
19.5 13.2 0
19.5 17.8 1
19.5 22.4 1
19.5 27 1
19.5 31.6 1
19.5 36.2 1
19.5 40.8 1
19.5 45.4 1
19.5 50 1
19.5 54.6 1
19.5 59.2 1
19.5 63.8 1
19.5 68.4 1
19.5 73 1
19.5 77.6 1
19.5 82.2 1
19.5 86.8 1
19.5 91.4 1
24.1 8.6 0
24.1 13.2 0
24.1 17.8 1
24.1 22.4 1
24.1 27 1
24.1 31.6 1
24.1 45.4 1
24.1 50 1
24.1 54.6 1
24.1 59.2 1
24.1 63.8 1
24.1 68.4 1
24.1 73 1
24.1 77.6 1
24.1 82.2 1
24.1 86.8 1
24.1 91.4 1
28.7 8.6 0
28.7 13.2 0
28.7 17.8 1
28.7 22.4 1
28.7 27 1
28.7 31.6 1
28.7 45.4 1
28.7 50 1
28.7 54.6 1
28.7 59.2 1
28.7 63.8 1
28.7 68.4 1
28.7 73 1
28.7 77.6 1
28.7 82.2 1
28.7 86.8 1
28.7 91.4 1
33.3 8.6 0
33.3 13.2 0
33.3 17.8 0
33.3 22.4 1
33.3 27 1
33.3 31.6 1
28.7 36.2 1
33.3 36.2 1
28.7 40.8 1
33.3 40.8 1
33.3 45.4 1
33.3 50 1
33.3 54.6 1
33.3 59.2 1
33.3 63.8 1
33.3 68.4 1
33.3 73 1
33.3 77.6 1
33.3 82.2 1
33.3 86.8 1
33.3 91.4 0
37.9 8.6 0
37.9 13.2 0
37.9 17.8 0
37.9 22.4 1
37.9 27 1
37.9 31.6 1
37.9 36.2 1
37.9 40.8 1
37.9 45.4 1
37.9 50 1
37.9 54.6 1
37.9 59.2 1
37.9 63.8 1
37.9 68.4 1
37.9 73 1
37.9 77.6 1
37.9 82.2 1
37.9 86.8 1
37.9 91.4 0
42.5 8.6 0
42.5 13.2 0
42.5 17.8 0
42.5 22.4 0
42.5 27 1
42.5 31.6 1
42.5 36.2 1
42.5 40.8 1
42.5 45.4 1
42.5 50 1
42.5 54.6 1
42.5 59.2 1
42.5 63.8 1
42.5 68.4 1
42.5 73 1
42.5 77.6 1
42.5 82.2 1
42.5 86.8 1
42.5 91.4 0
47.1 8.6 0
47.1 13.2 0
47.1 17.8 0
47.1 22.4 0
47.1 27 1
47.1 31.6 1
47.1 36.2 1
47.1 40.8 1
47.1 45.4 1
47.1 50 1
47.1 54.6 1
47.1 59.2 1
47.1 63.8 1
47.1 68.4 1
47.1 73 1
47.1 77.6 1
47.1 82.2 1
47.1 86.8 0
47.1 91.4 0
51.7 8.6 0
51.7 13.2 0
51.7 17.8 0
51.7 22.4 0
51.7 36.2 0
51.7 40.8 0
51.7 45.4 0
51.7 50 0
51.7 54.6 1
51.7 59.2 1
51.7 63.8 1
51.7 68.4 1
51.7 73 1
51.7 77.6 1
51.7 82.2 1
51.7 86.8 0
51.7 91.4 0
56.3 8.6 0
56.3 13.2 0
56.3 17.8 0
56.3 40.8 0
56.3 45.4 0
56.3 50 0
56.3 54.6 1
56.3 59.2 1
56.3 63.8 1
56.3 68.4 1
56.3 73 1
56.3 77.6 1
56.3 82.2 0
56.3 86.8 0
56.3 91.4 0
60.9 8.6 0
60.9 13.2 0
60.9 17.8 0
60.9 40.8 0
60.9 45.4 0
60.9 50 0
60.9 54.6 1
60.9 59.2 1
60.9 63.8 1
60.9 68.4 0
60.9 73 0
60.9 77.6 0
60.9 82.2 0
60.9 86.8 0
60.9 91.4 0
65.5 8.6 0
65.5 13.2 0
65.5 17.8 0
65.5 40.8 0
65.5 45.4 0
65.5 50 1
65.5 54.6 1
65.5 59.2 1
65.5 63.8 1
65.5 68.4 1
65.5 73 0
65.5 77.6 0
65.5 82.2 0
65.5 86.8 0
65.5 91.4 0
70.1 8.6 0
70.1 13.2 0
70.1 17.8 0
65.5 22.4 0
70.1 22.4 0
65.5 36.2 0
70.1 36.2 0
70.1 40.8 0
70.1 45.4 0
70.1 50 1
70.1 54.6 1
70.1 59.2 1
70.1 63.8 1
70.1 68.4 1
70.1 73 0
70.1 77.6 0
70.1 82.2 0
70.1 86.8 0
70.1 91.4 0
74.7 8.6 0
74.7 13.2 0
74.7 17.8 0
74.7 22.4 0
70.1 27 0
74.7 27 0
70.1 31.6 0
74.7 31.6 0
74.7 36.2 0
74.7 40.8 0
74.7 45.4 0
74.7 50 1
74.7 54.6 1
74.7 59.2 1
74.7 63.8 1
74.7 68.4 1
74.7 73 0
74.7 77.6 0
74.7 82.2 0
74.7 86.8 0
74.7 91.4 0
79.3 8.6 0
79.3 13.2 0
79.3 17.8 0
79.3 22.4 0
79.3 27 0
79.3 31.6 0
79.3 36.2 0
79.3 40.8 0
79.3 45.4 0
79.3 50 1
79.3 54.6 1
79.3 59.2 1
79.3 63.8 1
79.3 68.4 0
79.3 73 0
79.3 77.6 0
79.3 82.2 0
79.3 86.8 0
79.3 91.4 0
83.9 8.6 0
83.9 13.2 0
83.9 17.8 0
83.9 22.4 0
83.9 27 0
83.9 31.6 0
83.9 36.2 0
83.9 40.8 1
83.9 45.4 1
83.9 50 1
83.9 54.6 1
83.9 59.2 1
83.9 63.8 1
83.9 68.4 1
83.9 73 1
83.9 77.6 0
83.9 82.2 0
83.9 86.8 0
83.9 91.4 0
88.5 8.6 0
88.5 13.2 0
88.5 17.8 0
88.5 22.4 0
88.5 27 0
88.5 31.6 1
88.5 36.2 1
88.5 40.8 1
88.5 45.4 1
88.5 50 1
88.5 54.6 1
88.5 59.2 1
88.5 63.8 1
88.5 68.4 1
88.5 73 1
88.5 77.6 1
88.5 82.2 0
88.5 86.8 0
88.5 91.4 0
93.1 8.6 0
93.1 13.2 0
93.1 17.8 0
93.1 22.4 0
93.1 27 1
93.1 31.6 1
93.1 36.2 1
93.1 40.8 1
93.1 45.4 1
93.1 50 1
93.1 54.6 1
93.1 59.2 1
93.1 63.8 1
93.1 68.4 1
93.1 73 1
93.1 77.6 1
93.1 82.2 0
93.1 86.8 0
93.1 91.4 0
97.7 8.6 0
97.7 13.2 0
97.7 17.8 1
97.7 22.4 1
97.7 27 1
97.7 31.6 1
97.7 36.2 1
97.7 40.8 1
97.7 45.4 1
97.7 50 1
97.7 54.6 1
97.7 59.2 1
97.7 63.8 1
97.7 73 1
97.7 77.6 1
97.7 82.2 1
97.7 86.8 0
97.7 91.4 0
102.3 8.6 1
102.3 13.2 1
102.3 17.8 1
102.3 22.4 1
102.3 27 1
102.3 31.6 1
102.3 36.2 1
102.3 40.8 1
102.3 77.6 1
102.3 82.2 1
102.3 86.8 1
102.3 91.4 0
106.9 8.6 1
106.9 13.2 1
106.9 17.8 1
106.9 22.4 1
106.9 27 1
106.9 31.6 1
106.9 36.2 1
106.9 82.2 1
106.9 86.8 1
106.9 91.4 0
111.5 8.6 1
111.5 13.2 1
111.5 17.8 1
111.5 22.4 1
111.5 27 1
111.5 31.6 1
111.5 36.2 1
106.9 77.6 1
111.5 77.6 1
111.5 82.2 1
111.5 86.8 1
111.5 91.4 1
116.1 8.6 1
116.1 13.2 1
116.1 17.8 1
116.1 22.4 1
116.1 27 1
116.1 31.6 1
116.1 36.2 1
116.1 77.6 1
116.1 82.2 1
116.1 86.8 1
116.1 91.4 1
120.7 8.6 1
120.7 13.2 1
120.7 17.8 1
120.7 22.4 1
120.7 27 1
120.7 31.6 1
120.7 36.2 1
116.1 63.8 1
116.1 68.4 1
120.7 63.8 1
120.7 68.4 1
116.1 73 1
120.7 73 1
120.7 77.6 1
120.7 82.2 1
120.7 86.8 1
120.7 91.4 1
125.3 8.6 1
125.3 13.2 1
125.3 17.8 1
125.3 22.4 1
125.3 27 1
125.3 31.6 1
125.3 36.2 1
125.3 63.8 1
125.3 68.4 1
125.3 73 1
125.3 77.6 1
125.3 82.2 1
125.3 86.8 1
125.3 91.4 1
129.9 8.6 1
129.9 13.2 1
129.9 17.8 1
129.9 22.4 1
129.9 27 1
129.9 31.6 1
129.9 36.2 1
125.3 40.8 1
129.9 40.8 1
125.3 45.4 1
129.9 45.4 1
129.9 73 1
129.9 77.6 1
129.9 82.2 1
129.9 86.8 1
129.9 91.4 1
134.5 8.6 1
134.5 13.2 1
134.5 17.8 1
134.5 22.4 1
134.5 27 1
134.5 31.6 1
134.5 36.2 1
134.5 40.8 1
134.5 45.4 1
129.9 50 1
134.5 50 1
134.5 77.6 1
134.5 82.2 1
134.5 86.8 1
134.5 91.4 1
139.1 8.6 1
139.1 13.2 1
139.1 17.8 1
139.1 22.4 1
139.1 27 1
139.1 31.6 1
139.1 36.2 1
139.1 40.8 1
139.1 45.4 1
139.1 50 1
139.1 77.6 1
139.1 82.2 1
139.1 86.8 1
139.1 91.4 1
143.7 8.6 1
143.7 13.2 1
143.7 17.8 1
143.7 22.4 1
143.7 27 1
143.7 31.6 1
143.7 36.2 1
143.7 40.8 1
143.7 45.4 1
143.7 50 1
143.7 77.6 1
143.7 82.2 1
143.7 86.8 1
143.7 91.4 1
148.3 8.6 1
148.3 13.2 1
148.3 17.8 1
148.3 22.4 1
148.3 27 1
148.3 31.6 1
148.3 36.2 1
148.3 40.8 1
148.3 45.4 1
148.3 50 1
148.3 77.6 1
148.3 82.2 1
148.3 86.8 1
148.3 91.4 1
152.9 8.6 1
152.9 13.2 1
152.9 17.8 1
152.9 22.4 1
152.9 27 1
152.9 31.6 1
152.9 36.2 1
152.9 40.8 1
152.9 45.4 1
152.9 50 1
148.3 54.6 1
152.9 54.6 1
148.3 73 1
152.9 73 1
152.9 77.6 1
152.9 82.2 1
152.9 86.8 1
152.9 91.4 0
157.5 8.6 1
157.5 13.2 1
157.5 17.8 1
157.5 22.4 1
157.5 27 1
157.5 31.6 1
157.5 36.2 1
157.5 40.8 1
157.5 45.4 1
157.5 50 1
157.5 54.6 1
152.9 59.2 1
157.5 59.2 1
152.9 63.8 1
157.5 63.8 1
152.9 68.4 1
157.5 68.4 1
157.5 73 1
157.5 77.6 1
157.5 82.2 1
157.5 86.8 0
157.5 91.4 0
162.1 8.6 1
162.1 13.2 1
162.1 17.8 1
162.1 22.4 1
162.1 27 1
162.1 31.6 1
162.1 36.2 1
162.1 40.8 1
162.1 45.4 1
162.1 50 1
162.1 54.6 1
162.1 59.2 1
162.1 63.8 1
162.1 68.4 1
162.1 73 1
162.1 77.6 1
162.1 82.2 1
162.1 86.8 0
162.1 91.4 0
166.7 8.6 1
166.7 13.2 1
166.7 17.8 1
166.7 22.4 1
166.7 27 1
166.7 31.6 1
166.7 36.2 1
166.7 40.8 1
166.7 45.4 1
166.7 50 1
166.7 54.6 1
166.7 59.2 1
166.7 63.8 1
166.7 68.4 1
166.7 73 1
166.7 77.6 0
166.7 82.2 0
166.7 86.8 0
166.7 91.4 0
171.3 8.6 1
171.3 13.2 1
171.3 17.8 1
171.3 22.4 1
171.3 27 1
171.3 31.6 1
171.3 36.2 1
171.3 40.8 1
171.3 45.4 1
171.3 50 1
171.3 54.6 1
171.3 59.2 1
171.3 63.8 1
171.3 68.4 1
171.3 73 0
171.3 77.6 0
171.3 82.2 0
171.3 86.8 0
171.3 91.4 0
175.9 8.6 0
175.9 13.2 0
175.9 17.8 0
175.9 22.4 1
175.9 27 1
175.9 31.6 1
175.9 36.2 1
175.9 40.8 1
175.9 45.4 1
175.9 50 1
175.9 54.6 1
175.9 59.2 0
175.9 63.8 0
175.9 68.4 0
175.9 73 0
175.9 77.6 0
175.9 82.2 0
175.9 86.8 0
175.9 91.4 0
180.5 8.6 0
180.5 13.2 0
180.5 17.8 0
180.5 22.4 0
180.5 27 0
180.5 31.6 0
180.5 36.2 0
180.5 40.8 0
180.5 45.4 0
180.5 50 0
180.5 54.6 0
180.5 59.2 0
180.5 63.8 0
180.5 68.4 0
180.5 73 0
180.5 77.6 0
180.5 82.2 0
180.5 86.8 0
180.5 91.4 0
185.1 8.6 0
185.1 13.2 0
185.1 17.8 0
185.1 22.4 0
185.1 27 0
185.1 31.6 0
185.1 36.2 0
185.1 40.8 0
185.1 45.4 0
185.1 50 0
185.1 54.6 0
185.1 59.2 0
185.1 63.8 0
185.1 68.4 0
185.1 73 0
185.1 77.6 0
185.1 82.2 0
185.1 86.8 0
185.1 91.4 0
189.7 8.6 0
189.7 13.2 0
189.7 17.8 0
189.7 22.4 0
189.7 27 0
189.7 31.6 0
189.7 36.2 0
189.7 40.8 0
189.7 45.4 0
189.7 50 0
189.7 54.6 0
189.7 59.2 0
189.7 63.8 0
189.7 68.4 0
189.7 73 0
189.7 77.6 0
189.7 82.2 0
189.7 86.8 0
189.7 91.4 0
194.3 8.6 0
194.3 13.2 0
194.3 17.8 0
194.3 22.4 0
194.3 27 0
194.3 31.6 0
194.3 36.2 0
194.3 40.8 0
194.3 45.4 0
194.3 50 0
194.3 54.6 0
194.3 59.2 0
194.3 63.8 0
194.3 68.4 0
194.3 73 0
194.3 77.6 0
194.3 82.2 0
194.3 86.8 0
194.3 91.4 0
136.744 54.8923 1
104.19 54.7272 1
63.2351 24.1937 0
149.24 66.4378 1
55.0832 29.5893 0
58.3512 24.8371 0
53.8145 33.8133 0
3.06079 3.03583 0
54.8166 21.3522 0
112.83 74.6442 1
178.528 95.6977 0
127.742 95.6992 1
63.143 32.62 0
62.1539 20.8107 0
67.2219 25.3551 0
118.488 4.3006 1
21.3049 95.6975 0
95.3458 4.30076 0
54.3874 37.9563 0
49.9283 33.2516 1
35.2274 95.6988 0
62.1479 37.425 1
164.812 95.6992 0
25.7677 34.9069 1
146.634 95.6992 0
137.293 4.30104 1
76.4907 95.6989 0
71.7746 95.6988 0
119.647 57.2082 1
192.752 95.3997 0
136.352 66.0865 1
128.582 61.0768 1
49.8539 25.4862 0
178.12 4.30209 0
96.7318 66.1069 1
145.077 74.7901 1
53.4744 95.6989 0
106.753 51.3317 1
3.49822 94.1042 0
67.3504 30.0175 0
182.851 4.30951 0
109.606 4.30078 1
149.875 70.4559 1
16.4276 4.31019 0
30.7672 4.301 0
114.182 95.6994 0
196.559 5.92516 0
7.09562 4.43602 0
48.7279 95.6992 0
165.027 4.30067 1
81.1478 4.30098 0
67.2159 4.30082 0
112.752 70.8122 1
67.3943 33.6121 0
48.6891 4.3013 0
155.942 95.6994 0
63.5355 95.6991 0
58.5306 20.4806 0
136.296 60.5403 1
62.9312 4.30107 0
61.7679 27.4762 0
76.0888 4.30116 0
132.208 74.2826 1
155.498 4.30143 1
141.582 4.30083 1
119.181 95.6993 1
149.33 61.3983 1
58.1738 37.6811 0
50.4101 29.2499 1
81.4442 95.6993 0
187.881 95.6354 0
39.8625 95.6989 0
43.7156 4.30112 0
150.84 4.30121 1
132.29 95.6993 1
12.1697 95.667 0
38.9899 4.30119 0
22.0433 41.3957 1
197.097 88.856 0
105.169 4.30086 1
136.91 47.275 1
25.9631 95.699 0
2.87602 11.1706 0
58.1569 33.5527 1
141.715 43.3135 1
197.145 84.2944 0
2.85332 15.7084 0
197.149 79.7226 0
2.85032 20.2776 1
197.15 75.15 0
2.85001 24.85 1
2.84997 29.4227 1
2.84997 33.9955 1
2.84997 38.5682 1
2.84997 43.1409 1
2.84997 47.7136 1
2.84997 52.2864 1
2.84997 56.8591 1
2.84997 61.4318 1
2.84997 66.0045 1
2.84997 70.5773 1
2.85003 75.15 1
197.15 24.85 0
197.15 29.4227 0
197.15 33.9955 0
197.15 38.5682 0
197.15 43.1409 0
197.15 47.7136 0
197.15 52.2864 0
197.15 56.8591 0
197.15 61.4318 0
197.15 66.0045 0
197.15 70.5773 0
197.149 20.2774 0
2.85054 79.7226 1
146.165 4.30085 1
197.144 15.7059 0
2.85559 84.2936 1
86.1007 95.6994 0
141.567 95.699 1
173.98 95.699 0
102.453 64.294 1
197.098 11.1473 0
53.6142 4.30112 0
7.58492 95.416 0
2.90539 88.849 0
21.3452 4.30202 0
96.0844 61.2536 1
115.647 59.0782 1
133.031 4.30087 1
30.6273 34.3019 1
169.404 4.30081 1
109.349 95.6994 0
90.6882 95.6994 0
128.416 4.30068 1
128.208 70.4055 1
101.188 43.281 1
123.459 60.4914 1
11.695 4.3296 0
100.034 95.6989 0
120.321 48.0279 1
123.579 95.699 1
143.249 64.5544 1
151.259 95.6994 0
123.402 4.30069 1
123.236 39.1537 1
53.6913 25.8925 0
149.975 56.9588 1
106.896 45.689 1
58.7542 95.6992 0
160.381 4.30095 1
128.057 74.801 1
17.5105 34.3511 1
100.192 4.30079 0
196.555 94.0854 0
182.854 95.6923 0
146.095 43.7206 1
71.6768 4.3013 0
145.791 70.0883 1
112.185 55.3928 1
26.2343 4.30175 0
108.909 79.41 1
58.6022 4.30088 0
141.172 79.5261 1
118.176 65.9668 1
104.604 78.5454 1
91.0579 4.30071 0
109.028 75.2159 1
34.6341 4.30122 0
100.298 79.4118 1
108.628 38.9329 1
137.154 73.624 1
30.725 42.6925 1
120.142 52.6309 1
123.824 54.6422 1
127.335 38.7658 1
188.097 4.36244 0
95.1008 95.6987 0
95.8803 75.0229 1
123.272 70.2648 1
100.026 61.4301 1
86.3074 4.30105 0
95.7977 38.6015 1
17.7411 38.1403 1
118.224 34.0886 1
122.593 43.9664 1
104.268 39.6529 1
100.135 34.328 1
136.585 95.6991 1
95.7865 57.3124 1
112.86 66.6129 1
155.059 34.8424 1
3.12929 6.39971 0
192.77 4.63457 0
96.246 42.2898 1
113.936 4.30056 1
112.548 45.9645 1
21.3574 35.6759 1
163.843 51.6732 1
137.698 79.0206 1
105.002 95.6992 0
131.551 66.8119 1
16.7675 95.6923 0
160.276 95.6992 0
132.913 48.1332 1
163.937 38.7798 1
115.527 50.5194 1
173.915 4.30157 0
111.245 49.947 1
141.17 75.4973 1
67.7017 95.6988 0
101.576 47.6916 1
100.143 75.1362 1
44.462 95.6993 0
113.773 29.8969 1
30.6329 95.6991 0
104.143 34.9603 1
96.6529 47.2971 1
30.905 38.9108 1
126.824 42.345 1
169.352 95.6991 0
108.731 34.1462 1
151.142 42.7564 1
136.428 52.2926 1
122 34.6956 1
146.172 53.2368 1
146.744 39.4831 1
154.305 56.1455 1
18.0169 42.191 1
164.185 47.9229 1
159.489 43.7243 1
95.9806 52.6825 1
100.522 56.9358 1
151.163 34.3707 1
159.088 34.3491 1
160.134 52.1555 1
154.76 38.9014 1
132.292 52.7856 1
122.479 66.0634 1
155.081 47.1071 1
26.8951 41.6405 1
146.221 48.3342 1
101.123 68.847 1
96.9238 70.9898 1
124.269 48.8582 1
151.214 51.9107 1
150.424 47.0098 1
119.118 62.1994 1
117.309 45.253 1
108.486 69.798 1
156.001 52.0175 1
107.257 57.19 1
117.2 54.6614 1
99.9169 38.4656 1
118.565 38.8443 1
155.892 42.5979 1
110.946 62.4308 1
107.466 65.2247 1
159.388 38.7156 1
113.625 34.0733 1
150.913 38.0032 1
141.84 46.7011 1
100.399 51.7618 1
140.849 52.5005 1
163.245 43.1008 1
24 39 1
