22.5 18.4 1
21.9 29.2 1
12 33.6 1
7.3 2.93 0
36.7 42.3 1
22.3 15 1
27.8 36.2 1
4.7 23.4 0
24.4 38.3 1
38.5 43.6 1
32.3 3.6 1
3.93 25.7 0
5.18 1.55 0
58.4 37.3 1
9.23 1.38 0
58.4 38.8 1
58.6 22.6 1
5.4 43.6 1
47.5 1.53 1
33.1 43.7 1
53 43.7 1
59.1 1.93 1
17.8 0.9 0
42.3 43.6 1
22.4 1.38 0
26.9 43.8 1
47.3 43.7 1
30.1 15.5 1
23.7 32 1
21.2 35.8 1
37 1.93 1
25.8 1.38 0
19.7 2.28 0
57.8 43.9 1
56.2 42.6 1
44.2 42.4 1
16.9 41.9 1
38 80.2 1
26.2 89 1
36.1 63.9 1
27.8 53.9 1
51.8 89.9 1
4.5 71.3 1
0.35 69.6 1
0.275 85.7 1
23.7 89.5 1
48.5 53.3 1
49.9 87.8 1
47.9 89.8 1
30.3 55.9 1
49.7 91.9 1
48.2 55.8 1
24.4 56 1
53.4 70.5 1
11.6 56.2 1
24.1 91.7 1
7.8 47.9 1
8.18 51.9 1
33.5 55.2 1
1.13 46.7 0
29.8 60.9 1
35.8 52.3 1
46.6 98.2 1
37.9 53.7 1
58.1 51.8 1
41.9 53.6 1
35.6 56.6 1
53.4 73.6 1
43.8 47.7 1
43.8 56.7 1
6.78 89.4 1
44.9 98.2 1
55.9 47.5 1
42 46.5 1
58.3 93.6 1
4.63 46.7 1
22.9 98.7 1
57.6 74.9 1
26.3 98.7 1
58.6 67.2 1
59 72.9 1
32.8 46.5 1
58.6 77.5 1
52.8 98.6 1
52.7 46.3 1
47.1 46.2 1
37.7 98.7 1
12.3 46.2 1
3.13 85.4 1
3.03 82.6 1
26.6 91.2 1
18.3 70.4 1
42.7 96.8 1
41.4 98.7 1
31.4 84.5 1
34.3 98.7 1
32.2 80.6 1
21.3 70.5 1
57.8 46.3 1
57 63.8 1
56.1 97.6 1
10.7 76.4 1
22.7 67.2 1
27.9 46.5 1
67.6 32 1
72.2 30.7 1
75.1 17.7 1
74.4 20.1 1
70 20.8 1
88.6 17.4 1
61.7 8.83 1
88.4 7.83 1
88.4 22 1
88.4 20.4 1
87.5 3.35 1
88.4 6.28 1
61.5 20.8 1
87.7 42 1
82.9 1.43 1
61.5 22.3 1
89.1 43.1 1
89.1 1.93 1
61.7 1.1 1
61.7 43.9 1
70.8 40.9 1
74.1 38 1
74.4 43.6 1
70 7.33 1
73.8 1.75 1
68.1 3.43 1
62.2 32.8 1
63.4 31.1 1
69.7 26.8 1
73.8 70.2 1
83 48.2 1
80.7 55.9 1
68.8 52.8 1
61.3 85.9 1
64.2 89.9 1
88.6 55.9 1
88.3 93.6 1
73.1 46.6 1
66.3 98.9 1
61.2 93.9 1
82.9 98.6 1
88.5 72.8 1
61 46.9 1
61.3 82.5 1
61.2 77.4 1
78.2 46.2 1
61 98.3 1
62.2 97.2 1
84.7 47.1 1
74.1 98.7 1
61.2 71.8 1
66.4 85.8 1
72.5 63 1
61.6 57.9 1
88.6 85.6 1
87.8 46.3 1
86.1 97.6 1
61.6 62.7 1
138 27.3 0
108 27 1
136 29.4 0
187 26.2 0
127 32.6 0
106 27.4 1
174 8.9 1
199 14.8 1
162 15.9 1
174 37.5 0
171 10.8 1
138 9.03 1
198 19.1 0
193 37.1 0
176 14.3 1
93 38.2 1
97.3 11.1 1
176 36 0
99.2 12.8 1
102 17.6 1
119 43.9 0
145 15.7 1
91.7 36.6 1
165 14.9 1
129 36.7 0
142 10 1
173 33.4 0
131 35 0
165 1.53 1
146 18 1
171 34.9 0
102 10.1 1
141 8.3 1
97.5 40.6 1
117 36.4 1
164 43.4 0
163 43.4 0
142 20.8 1
168 1.6 1
134 43.3 0
113 1.68 1
187 1.43 1
179 1.65 1
130 41.8 0
163 1.53 1
168 43.3 0
142 3.18 1
144 43.6 0
144 1.65 1
141 43.6 0
151 1.33 1
92.2 42 1
140 1.53 1
130 2.68 1
91.4 22.2 1
127 43.6 0
200 1.35 1
133 1.2 1
91.4 8.23 1
127 1.48 1
91 43.1 1
91.4 6.68 1
158 43.6 0
158 1.2 1
162 26.2 0
162 28.6 0
127 35.2 0
135 35.4 0
110 35.4 1
138 37.1 0
154 8.65 1
131 29.3 0
154 2.53 1
129 69.9 0
144 76.7 0
132 75.5 0
133 72.9 0
156 70.1 0
113 71 0
102 92.2 0
165 46.8 0
121 65.1 0
162 46.5 0
119 63.4 0
182 90.3 0
154 82 0
117 56.4 0
119 53 0
197 75.7 0
124 63.3 0
194 52.1 0
141 68 0
188 81 0
106 69.5 1
194 76.9 0
186 82.6 0
167 54 0
108 77.4 1
182 63.9 0
152 66.6 0
92.9 48.1 1
145 81.2 0
185 75.4 0
149 77.7 0
155 60.9 0
192 82.2 0
91.7 75.1 1
91.9 51.7 1
91.5 71.9 1
152 75.5 0
102 65.7 1
181 70.4 0
105 72.2 1
186 64.7 0
125 47.3 0
191 84.6 0
108 75.4 1
188 62.5 0
165 98.4 0
91.1 62.4 1
105 54.5 1
150 80.5 0
101 54.8 1
130 98.3 0
168 46.6 0
114 98.8 0
149 93.3 0
121 49.1 0
154 98.1 0
145 46.8 0
134 98.4 0
151 46.4 0
162 98.8 0
91.1 57.5 1
91 46.9 1
130 47.6 0
91.5 67.9 1
123 46 0
127 46.4 0
91.2 87.4 1
117 98.8 0
142 85.1 0
137 51.3 0
91.3 78.5 1
175 68 0
180 98.5 0
99.3 82.9 1
91.2 92.3 1
92.6 94.8 1
191 75.2 0
121 56.3 0
121 54.2 0
169 69.4 0
143 48.9 0
141 47.1 0
110 90 0
188 69 0
122 69 0
136 66 0
106 49.6 1
200 98.3 0
179 47.9 0
186 49.6 0
153 46.4 0
192 62.8 0
114 46.5 1
