2.25 0.825 0
0.55 1.98 0
2.28 98.8 0
96.5 2 0
101 2.15 0
102 1.25 0
97.9 0.9 0
100 97.9 4
102 98.6 4
97.7 99.3 4
199 2.03 4
198 1.18 4
198 98.8 4
6.25 28.1 0
48.1 18.8 0
48.1 20 0
0.625 28.8 0
45.6 28.8 0
29.4 28.8 0
24.4 28.8 0
47.9 13.5 0
47.9 9.13 0
33.9 1.88 0
48.8 7.5 0
41.5 2.13 0
27.7 1.15 0
7.5 29.4 0
17.5 29.4 0
8.75 2.1 0
26.2 2.1 0
7.23 1.15 0
38.3 2.35 0
13.4 2.2 0
37.5 29.4 0
12.5 29.4 0
22.9 0.95 0
37 1.1 0
49.2 2.68 0
49.4 22.5 0
49.4 17.5 0
49.4 27.5 0
49.1 12.3 0
17.5 0.625 0
47.3 0.8 0
42.8 0.875 0
32.5 0.775 0
12.2 0.95 0
32.5 29.4 0
2.5 29.4 0
47.5 29.4 0
27.5 29.4 0
22.5 29.4 0
42.5 29.4 0
24.4 27.5 0
4.08 32 0
44.3 68.3 0
0.625 68.1 0
47.9 51.5 0
9.03 68.3 0
48.7 57.4 0
33.9 31.9 0
38.6 68 0
7.23 31.2 0
41.4 32 0
38.3 32.4 0
37 31.1 0
8.75 32.1 0
47.8 39.2 0
10.2 63.3 0
47.9 43.5 0
21.4 68 0
13.4 67.8 0
48.7 37.5 0
21.6 32.2 0
27.1 67.5 0
32.9 67.5 0
48.7 62.6 0
41.4 68 0
12.2 69 0
12.2 31 0
27.7 31.2 0
17.5 30.6 0
26.2 32.1 0
49.1 32.7 0
14.3 62 0
28.1 68.9 0
31.9 68.9 0
2.5 68.8 0
2.48 30.8 0
49.1 52.8 0
47.2 69.1 0
32.5 30.8 0
47.2 30.9 0
16.5 64.5 0
22.9 31 0
17.7 64.5 0
49.1 67.2 0
17.5 69.4 0
42.7 69.2 0
7.5 69.3 0
37.3 69.2 0
49.1 42.3 0
42.7 30.8 0
22.7 69.2 0
49.4 47.5 0
15.8 62.7 0
9 61.8 0
9.25 65.1 0
12 63.6 0
48.1 73.8 0
48.1 75 0
30.7 72.6 0
44.3 98.3 0
13.5 72.2 0
9.03 98.3 0
9.2 72.2 0
48.7 87.4 4
7.6 71.3 0
38.6 98 0
21.5 72.2 0
21.4 98 0
28.1 98.9 0
31.9 98.9 0
2.5 71.3 0
12.2 99 0
27.1 97.5 0
48.7 92.6 4
41.4 98 0
13.4 97.8 0
12.2 70.9 0
25.8 72.2 0
27.4 71.3 0
32.6 71.3 0
49.1 82.8 4
47.2 99.1 4
49.4 72.5 0
47.5 70.6 0
7.5 99.3 0
49.1 97.2 4
17.5 70.6 0
42.5 70.6 0
49.4 77.5 0
37.3 70.9 0
42.7 99.2 0
17.5 99.4 0
37.3 99.2 0
22.8 70.9 0
22.7 99.2 0
47.5 90.6 4
5.73 72.5 0
51.9 21.3 0
114 28.8 4
85.6 28.8 0
54.4 28.8 0
64.4 28.8 0
94.4 28.8 0
109 2.05 0
118 20.8 0
52 13.6 0
54.3 1.63 0
52 5.78 0
52 9.23 0
81.4 2.03 0
63 1.1 0
118 23.6 0
61.7 2.35 0
93 1.1 0
119 7.5 0
91.7 2.35 0
118 9.05 0
78.4 2.2 0
112 1.18 0
118 5.95 0
58.5 2.1 0
72.3 1.15 0
114 2.13 0
73.8 2.1 0
51.2 7.5 0
118 16.6 0
108 29.4 4
77.5 29.4 0
88.5 2.1 0
119 2.83 0
118 13.4 0
50.6 22.5 0
50.6 17.5 0
50.6 27.5 0
50.8 2.65 0
67.5 0.775 0
77.2 0.95 0
119 17.8 0
119 12.2 0
57.2 0.85 0
52.7 0.775 0
82.7 0.775 0
117 0.95 0
107 0.875 0
72.5 29.4 0
119 22.3 0
50.8 12.4 0
87.2 0.85 0
52.5 29.4 0
57.5 29.4 0
87.5 29.4 0
113 29.4 4
103 29.4 0
67.5 29.4 0
119 27.5 0
97.5 29.4 0
62.5 29.4 0
118 29.4 0
82.5 29.4 0
92.5 29.4 0
51.9 20 0
101 28.8 0
70.6 28.8 0
101 32.1 0
52.1 51.4 0
109 32.2 4
84.3 68.3 4
100 67.9 4
84.3 31.6 0
108 31.3 4
52 43.6 0
118 36.1 4
108 69.1 4
52 64.3 0
118 56.9 4
52 39.2 0
108 67.7 4
73.9 31.9 0
119 58.1 4
78.6 68 4
81.4 32 0
78.3 32.4 0
65.4 67.8 4
77 31.1 0
119 33 4
51.2 57.4 0
61.4 68 4
58.5 32.1 0
88.5 32.1 0
96 68.3 4
119 61.9 4
118 43.3 4
61.6 32.2 0
97.8 31.2 0
114 32 4
91.6 32.2 0
67.1 67.5 4
81.4 68 4
117 62.9 4
67.7 31.2 0
117 31.1 4
119 42 4
96.3 32.1 0
114 68.2 4
88.5 67.9 4
102 68.6 4
66.2 32.1 0
58.5 67.9 4
51.2 62.6 0
68.1 68.9 4
71.9 68.9 4
51.2 37.5 0
91.6 67.8 4
57.2 69.1 4
50.8 32.7 0
72.5 30.8 0
112 30.9 0
50.8 52.7 0
57.2 30.9 0
87.2 69.1 4
87.2 30.9 0
62.9 31 0
92.9 31 0
52.7 69.2 0
92.9 69 4
103 30.9 0
52.7 30.8 0
119 37.5 4
50.8 67.4 0
119 52.5 4
82.7 69.2 4
77.3 69.2 4
112 69.1 4
82.7 30.8 0
62.7 69.2 4
119 47.5 4
50.6 47.5 0
50.8 42.4 0
97.5 69.3 4
117 69.2 4
119 67.3 4
70.8 31.9 0
52.5 60.6 0
55 71.9 0
56.3 71.9 4
106 72.6 4
70.7 72.6 4
51.9 78.8 4
111 72.6 4
99.3 72.6 4
52.1 81.4 4
84.3 98.3 4
118 75.8 4
108 99.1 0
78.5 72.1 4
52 94.3 4
118 86.9 4
108 97.7 4
119 88.1 4
78.6 98 4
61.5 72.2 4
51.2 87.4 4
91.5 72.2 4
61.4 98 4
108 71.3 4
114 72.2 4
118 78.6 4
68.1 98.9 4
71.9 98.9 4
119 91.9 4
95.8 72.2 4
113 71.3 4
72.9 97.5 4
81.4 98 4
97.4 71.3 4
117 92.9 4
114 98.2 0
58.5 97.9 4
51.2 92.6 4
91.6 97.8 4
92.9 99 4
67.4 71.3 4
72.6 71.3 4
102 71.3 4
57.2 99.1 4
88.5 97.9 4
57.5 70.6 4
50.6 72.5 0
52.5 70.6 0
50.8 82.7 4
87.5 70.6 4
52.7 99.2 4
119 72.8 4
112 99.1 0
92.8 70.9 4
50.6 77.5 0
82.5 70.6 4
77.3 70.9 4
50.8 97.4 4
119 82.5 4
87.2 99.1 4
119 77.3 4
82.7 99.2 4
117 70.9 4
77.3 99.2 4
62.8 70.9 4
62.7 99.2 4
117 99.2 0
119 97.3 0
52.5 90.6 4
51.9 75 0
51.9 73.8 0
121 19.4 0
134 28.8 4
122 25 0
141 28.8 4
144 28.8 4
121 10.6 0
129 28.8 4
135 2.13 0
145 2.2 0
122 23.8 0
166 1.68 0
127 2.35 0
168 13.5 4
131 1.93 0
128 1.1 0
162 2.13 0
169 7.5 0
158 2.2 0
152 1.15 0
143 2.3 0
154 2.1 0
137 2.25 0
142 0.95 0
138 0.95 0
158 29.4 4
123 29.4 4
169 22.5 4
169 17.5 4
121 2.5 0
163 0.875 0
169 2.68 0
157 0.95 0
121 27.5 0
123 0.625 0
169 27.5 4
169 12.3 4
148 0.85 0
167 0.8 0
138 29.4 4
148 29.4 4
133 0.825 0
168 29.4 4
163 29.4 4
143 29.4 4
153 29.4 4
133 29.4 4
121 17.5 0
121 22.5 0
128 29.4 4
121 7.5 0
121 12.5 0
151 28.8 4
166 28.8 4
122 51.3 4
121 40.6 4
139 67.3 4
124 68.1 4
149 32 4
136 32 4
146 67.5 4
144 32 4
141 32 4
135 67.9 4
164 31.6 4
168 51.5 4
161 32 4
158 32.2 4
168 39.2 4
161 68 4
168 43.5 4
158 67.8 4
169 37.5 4
131 68.3 4
137 68.6 4
152 31.2 4
133 31.2 4
127 32.2 4
143 31.2 4
131 32.1 4
157 31 4
157 69 4
169 62.6 4
143 68.7 4
169 32.7 4
148 68.8 4
121 32.5 4
121 57.5 4
127 67.8 4
123 30.6 4
138 30.9 4
147 30.9 4
167 69.1 4
167 30.9 4
128 31 4
128 69 4
169 52.8 4
121 47.5 4
163 69.2 4
163 30.8 4
121 52.5 4
121 37.5 4
169 67.2 4
169 42.3 4
123 69.4 4
153 69.3 4
169 47.5 4
121 42.5 4
133 69.3 4
121 62.5 4
121 67.5 4
121 65.6 4
151 68.1 4
123 65.6 4
146 72.5 4
139 72.5 4
134 72.5 4
139 97.3 0
151 72.6 4
146 97.5 0
121 94.4 0
164 98.3 0
135 97.9 0
158 72.2 4
168 81.5 4
127 72.2 4
161 98 0
169 87.4 0
158 97.8 0
154 72.2 4
131 98.3 0
148 98.8 0
137 98.6 0
153 71.3 4
168 94.2 0
132 71.3 4
157 99 0
148 71.3 4
169 92.6 0
143 98.7 0
137 71.3 4
157 70.9 4
143 71.3 4
121 87.5 4
127 97.8 0
167 99.1 0
163 70.6 4
168 70.6 4
169 72.5 4
128 99 0
169 82.8 0
163 99.2 0
128 70.9 4
169 77.5 4
121 82.5 4
169 97.2 0
153 99.3 0
123 99.4 0
123 70.6 4
121 72.5 4
121 77.5 4
133 99.3 0
121 92.5 4
121 97.5 0
121 74.4 4
181 28.8 4
189 28.8 4
184 28.8 4
189 1.98 4
181 2.03 4
184 18.8 4
182 17.5 4
195 5.38 4
180 18.8 4
177 23.2 4
184 21.3 4
178 1.15 4
172 16.5 4
180 21.3 4
171 7.5 0
182 22.5 4
196 7.05 4
172 5.95 0
172 9.05 4
199 7.05 4
172 13.4 4
188 1.15 4
200 5.4 4
198 29.4 4
183 0.875 4
171 2.83 0
173 0.95 0
171 12.2 4
171 17.8 4
171 22.3 4
171 27.5 4
183 29.4 4
188 29.4 4
193 0.825 4
193 29.4 4
178 29.4 4
173 29.4 4
176 28.8 4
196 3.5 4
200 11.6 4
176 22.4 4
196 32.1 4
184 67.1 4
189 32 4
196 67.3 4
181 32.1 4
180 67.8 4
186 32 4
198 43.8 4
198 31.3 4
198 45.6 4
172 56.6 4
198 68.8 4
199 58.4 4
171 37.5 4
195 42.2 4
172 51.6 4
195 37.3 4
171 58.1 4
176 68.3 4
200 46.9 4
178 31.2 4
182 68.6 4
171 32.8 4
172 36 4
188 31.2 4
172 63.4 4
176 32.1 4
188 69.1 4
188 67.6 4
197 63.3 4
172 43.4 4
193 67.7 4
171 61.9 4
194 35.5 4
183 30.9 4
171 52.9 4
173 31 4
173 69 4
171 42.2 4
171 67.1 4
192 69.1 4
199 62.2 4
193 30.8 4
171 47.5 4
178 69.3 4
200 68 4
195 40.3 4
179 72.5 4
179 98 0
172 86.6 0
172 78.6 4
187 97.8 4
191 98.4 4
198 71.3 4
183 97.4 0
172 81.6 4
171 88.1 0
182 98.8 0
172 93.4 0
177 71.3 4
193 71.3 4
188 71.3 4
171 91.9 0
182 71.2 4
171 82.9 4
171 72.8 4
173 99 0
177 99.3 0
173 70.9 4
171 97.1 0
171 77.3 4
188 99.2 4
192 99.3 4
189 72.5 4
196 72.5 4
184 72.5 4
198 13.8 4
198 16.3 4
0.625 98.8 0
99.6 0.9 0
99.4 99.3 4
200 98.8 4
199 3.53 4
197 2.68 4
17.5 26.3 0
47.5 25 0
43.1 20.6 0
43.1 19.4 0
45.6 23.1 0
44.4 23.1 0
35.6 28.1 0
31.5 10.5 0
17.5 25 0
20 27.5 0
21.8 18.1 0
43.1 24.4 0
33.3 23.8 0
30.1 22.6 0
30.1 17.6 0
3.6 9.28 0
5.1 22.6 0
20.8 23 0
47.5 26.3 0
45.6 26.9 0
44.4 29.4 0
30.6 29.4 0
13.1 25.6 0
14.2 23 0
14.1 17.2 0
13.7 6.88 0
21.3 8.13 0
5.1 17.6 0
4.25 12.2 0
29.5 8.28 0
1.88 23.8 0
35 23 0
5.53 6.78 0
8.23 16.3 0
1.88 16.3 0
32 16.3 0
38.6 7.5 0
34.4 28.1 0
38.3 18 0
35.3 18 0
19.4 18.1 0
4.7 1.98 0
26.8 23.8 0
30.5 4.95 0
28.1 16.3 0
8.23 23.8 0
12.8 14.1 0
0.325 5 0
12.9 15.9 0
13 24.2 0
15.6 28.1 0
14.4 28.1 0
8.13 25.6 0
22 24.2 0
25.6 29.4 0
9.38 26.9 0
19.4 23.1 0
16.9 4.38 0
37 16.8 0
15.6 16.9 0
15.6 23.1 0
35.7 8.28 0
35.7 6.73 0
9.75 12 0
21 11.6 0
14 11.6 0
25.1 23 0
23.5 14.1 0
40.6 16.9 0
41.9 15.6 0
23.4 15.9 0
0.575 10 0
4.43 5 0
22.5 20.6 0
24.3 20.6 0
22.3 5.33 0
22.3 9.68 0
7.15 12.7 0
25.6 12.9 0
12.7 5.33 0
9.95 23 0
28.4 13.9 0
37.5 19.7 0
9.83 17.2 0
43.1 25.6 0
25.2 17.2 0
38.1 25.6 0
19.4 3.13 0
4.38 26.9 0
16.9 15.6 0
37.7 13.9 0
26.8 7.53 0
1.9 14.2 0
33.1 25.6 0
38.9 12.7 0
35.7 19.7 0
44.9 9.58 0
45.1 5.43 0
7.35 6.78 0
31.9 14.2 0
13.3 20.1 0
18.8 10 0
21.9 25.6 0
0 26.3 0
42.1 14.2 0
44.9 13.3 0
38 24.2 0
37.5 8.9 0
37.5 6.1 0
15.6 11.9 0
19.4 11.9 0
30.2 13.1 0
39.4 26.9 0
40.8 13 0
26.9 25.6 0
1.88 25.6 0
25.4 10.1 0
49.1 10.4 0
16.9 5.63 0
15.6 6.88 0
19.4 8.13 0
9.6 4.93 0
34.5 13.1 0
25.4 4.93 0
34.1 4.85 0
34.1 10.2 0
35.2 1.1 0
10.3 0.95 0
48.6 1.43 0
48.8 28.8 0
18.8 27.5 0
49.4 20.6 0
44.4 18.1 0
45.6 18.1 0
48.1 15.6 0
43.3 9.2 0
18.1 20.6 0
11.3 27.5 0
15.6 1.88 0
16.9 20.6 0
43.4 5.88 0
42.5 7.5 0
16.9 9.38 0
41.3 22.5 0
12.7 9.68 0
21 3.45 0
16.9 14.4 0
10.7 19.9 0
29.4 26.9 0
40.6 26.9 0
46.7 5.8 0
29.8 3.08 0
44.7 2.55 0
39.9 22.3 0
9.7 10.1 0
2.55 43.4 0
16.9 59.4 0
0.95 42.2 0
13.8 47.5 0
3.43 34.7 0
30.6 37.5 0
4.55 37.5 0
41.2 36.9 0
42.9 51.6 0
42.5 60 0
21.1 61.3 0
28.8 51.1 0
21.1 58.8 0
31.6 35.7 0
3.6 39.3 0
8.13 45.6 0
16.9 60.6 0
45 48.8 0
3.13 45.6 0
30 48.8 0
31.6 39.4 0
13.7 36.9 0
1.53 58.7 0
3.48 58.7 0
27.1 43.9 0
19.4 58.1 0
7.15 42.7 0
39.3 36.9 0
1.55 39.3 0
42 35.2 0
42 39.9 0
30.2 43.1 0
44.4 40.7 0
3.13 51.2 0
8.13 49.4 0
6.08 63.1 0
4.38 46.9 0
0.625 48.1 0
44.5 52.4 0
0.325 35 0
9.38 46.9 0
10.6 46.9 0
45.2 34.4 0
42.8 54.6 0
5.3 41.9 0
44.5 54.2 0
16.9 34.4 0
37.7 43.9 0
38.1 45.6 0
44.4 65.8 0
12.7 39.7 0
22.3 35.3 0
22.3 39.7 0
14.1 57.5 0
38.9 61.3 0
25.6 42.9 0
0 52 0
5 52 0
12.7 35.3 0
6.35 64.9 0
11.9 45.6 0
11.9 49.4 0
38.9 42.7 0
15.6 56.9 0
3.48 62.6 0
1.53 62.6 0
22.3 54.8 0
35.3 52.3 0
37.8 54.8 0
22.3 65.3 0
24.8 52.3 0
37.8 65.3 0
41.2 62 0
21 42.8 0
34.5 43.1 0
10.3 56.1 0
19.4 48.1 0
18.1 49.4 0
18.1 45.6 0
41.6 52.8 0
8.68 41.8 0
27.7 38.3 0
7.35 36.8 0
13.1 56 0
26.9 45.6 0
33.4 35.6 0
33.4 39.4 0
32.1 63.5 0
29 62.5 0
27.6 61.1 0
27.6 59 0
34.5 36.7 0
34.5 38.3 0
44.9 43.4 0
11.5 44.1 0
14 41.6 0
19.4 61.9 0
28.1 49.4 0
33.6 52.6 0
37.5 56.5 0
22.6 56.5 0
22.6 63.6 0
11.5 51 0
42 44.2 0
38.9 57.5 0
45.3 69.1 0
38.2 35.5 0
38.2 39.5 0
41.2 56.8 0
8.13 50.7 0
5.05 54.8 0
40.8 43 0
49.1 40.4 0
29 56.2 0
31.1 56.2 0
33.9 61.1 0
33.9 59 0
16.9 35.6 0
15.6 36.9 0
15.6 53.1 0
22.1 50.8 0
19.4 43.1 0
38.1 49.4 0
26.5 39.9 0
8.43 35.1 0
42 64.9 0
20.6 48.1 0
18.1 44.4 0
16.9 54.4 0
16.9 55.6 0
25.7 35.9 0
14 53.5 0
9.38 39.2 0
24.7 31 0
38 50.8 0
39.2 52.1 0
21.9 49.4 0
9.13 59.1 0
9.65 51.7 0
30 68.9 0
9.35 54.3 0
48.5 31.5 0
48.5 68.5 0
46.2 60.7 0
15.6 33.1 0
19.4 31.9 0
48.1 49.4 0
0.625 46.9 0
33.1 45.6 0
33.1 44.2 0
16.3 47.5 0
2.5 48.8 0
48.1 45.6 0
42.7 50.2 0
27.7 53.7 0
32.5 51.1 0
33.1 49.4 0
4.78 57.8 0
36.4 62.3 0
5 68.1 0
39.4 48.1 0
40.6 48.1 0
19.4 53.1 0
20.8 53.3 0
45.2 32.5 0
47.9 55.1 0
36.3 47.5 0
35.3 67.8 0
24.3 67 0
24.4 48.1 0
47.8 35.2 0
46.9 65.2 0
13.2 62.9 0
6.25 47.5 0
29.8 33.1 0
19.4 68.1 0
35 47.5 0
14 33.5 0
24.4 46.9 0
22.5 46.3 0
42.5 46.3 0
17.5 51.3 0
30 47.5 0
45 47.5 0
22.2 44.1 0
16.9 39.4 0
15.6 41.9 0
21.3 38.1 0
15.6 66.9 0
19.4 38.1 0
18.8 40 0
43.8 72.5 0
45 72.5 0
29.3 71.3 0
49.4 75.6 0
45.6 78.1 0
44.4 78.1 0
41.9 74.4 0
0.625 71.3 0
10.4 77.1 0
38.5 77.2 0
30.1 77.6 0
43.7 90.7 0
5.83 76.3 0
16.9 90.6 0
7.7 77.5 0
14.2 76.7 0
1.88 78.8 0
12.2 78.4 0
6.08 86.9 0
37.6 75.5 0
42.8 95.4 4
20.8 78 0
17.5 80 0
44.4 95.8 4
14.1 92.5 0
14.1 87.5 0
38.9 91.3 0
38.9 88.8 0
5 98.1 0
44.9 81.7 0
6.3 84.3 0
15.6 86.9 0
18.8 77.5 0
22.2 91.3 0
21.1 87.5 0
1.53 87.5 0
1.53 92.6 0
35.3 82.3 0
37.8 84.8 0
24.8 82.3 0
10.3 86.1 0
10.3 93.9 0
41.2 88 0
42.5 92.7 0
1.88 81.2 0
0.225 93.5 0
13.1 86 0
13.1 94 0
21.7 75.1 0
5 82 0
13.3 75.1 0
32.1 93.5 0
29 87.6 0
31.1 87.6 0
27.6 91.1 0
27.6 89 0
10.7 74.8 0
22.6 86.5 0
36.4 92.3 0
23.7 92.3 0
32.3 83.7 0
11.5 81 0
19.4 81.9 0
31.3 82.2 0
0 82 0
19.4 86.9 0
43.3 85.5 0
26.8 78.8 0
45.3 99.1 4
5.05 95.3 0
29 93.9 0
33.9 91.1 0
33.9 89 0
34.9 75.1 0
44.9 85.2 0
22 79.2 0
6.88 80.7 0
15.6 83.1 0
20.8 82.1 0
22.1 80.8 0
25.3 75.2 0
17.5 78.8 0
15.6 93.1 0
8.25 88.2 0
25.1 78 0
35 78 0
16.9 84.4 0
16.9 85.6 0
14 83.5 0
30 98.9 0
40.8 82 0
39.2 82.1 0
19.4 93.1 0
24.7 70.9 0
36.7 79.2 0
9.13 90.9 0
36.7 80.8 0
9.65 81.7 0
9.35 95.7 0
9.35 84.3 0
48.5 98.5 4
48.8 71.3 0
40.6 73.1 0
46.9 79.4 0
41.9 75.6 0
43.1 79.4 0
43.3 80.8 0
17.5 88.8 0
16.9 95.6 0
19.4 98.1 0
3.48 92.6 0
4.78 93.5 0
4.78 87.8 0
22.3 84.8 0
0.225 86.5 0
19.4 71.9 0
27.5 81.1 0
26.5 82.6 0
36.4 87.7 0
32 78.8 0
46.6 85.6 4
46.9 95.2 4
34.9 72.2 0
15.6 71.9 0
39.1 73.4 0
46.6 80.9 0
39.9 77.3 0
18.1 95.6 0
23.7 95.1 0
25 96.3 0
36.3 95.1 0
15.6 98.1 0
35.1 96.3 0
18.1 74.4 0
16.9 74.4 0
33.4 96 0
15.6 76.9 0
87.5 21.3 0
82.5 21.3 0
87.5 20 0
56.3 22.5 0
86.3 22.5 0
57.5 23.8 0
58.1 20.6 0
58.1 19.4 0
54.4 18.1 0
84.4 18.1 0
83.1 19.4 0
85.6 18.1 0
54.4 23.1 0
57.5 25 0
59.4 21.9 0
98.9 10.3 0
88.1 24.4 0
89.4 23.1 0
60.8 21.7 0
101 8.33 0
59.4 18.1 0
73.3 23.8 0
69.4 18.8 0
106 10.3 0
69.4 21.3 0
86.9 10.2 0
105 12.2 0
105 3 0
104 18.8 0
109 18.8 0
102 22.6 0
116 29.4 4
84.4 29.4 0
55.6 29.4 0
104 21.3 0
77.4 7.5 0
90.8 23 0
108 17.6 0
109 21.3 0
70.5 6.8 0
113 22.6 0
58.7 8.13 0
88.7 8.13 0
99.2 18.9 0
75 23 0
67.6 13.5 0
102 17.6 0
108 22.6 0
110 6.85 0
99.2 21.4 0
105 7.65 0
60.9 18.4 0
67.4 17.6 0
113 17.6 0
69.5 4.95 0
77.6 20.5 0
72 16.3 0
67.4 22.6 0
99 5.9 0
97.3 17.6 0
62 24.2 0
85.2 10.7 0
55.2 10.7 0
57.8 9.78 0
87.8 5.23 0
56.5 5.85 0
110 1.18 0
69.5 10.1 0
106 5.93 0
64.4 26.9 0
65.6 29.4 0
82.4 7.5 0
97.3 22.6 0
109 10 0
94.4 26.9 0
92 24.2 0
88.1 15.6 0
89.4 16.9 0
80.6 23.1 0
109 5.13 0
95.6 29.4 0
103 13.9 0
112 12.7 0
65.6 21.8 0
76.4 5.95 0
76.4 9.05 0
94.6 6.73 0
94.6 8.28 0
83.2 9.23 0
83.2 5.78 0
72 12.8 0
113 11.8 0
73.5 11.8 0
59.4 26.9 0
78.1 25.6 0
92.8 6.1 0
90.8 8.13 0
65.8 18.5 0
74.9 17.2 0
100 13 0
92.5 26.3 0
72.4 6.8 0
114 18.5 0
108 14.2 0
62.4 13.9 0
79.1 17.1 0
54.8 5.38 0
90.9 17.2 0
60.8 8.13 0
79.2 23 0
95.6 21.8 0
66.7 5.63 0
66.7 9.38 0
61.7 20.1 0
95.7 18.5 0
61.1 12.7 0
91.1 12.7 0
85.2 12.5 0
110 11.9 0
65.5 8.28 0
65.5 6.73 0
57.9 14.2 0
87.9 14.2 0
54.9 13.4 0
113 7.53 0
92.4 13.9 0
92.6 19.8 0
78 24.2 0
50.8 10.5 0
82 14.2 0
98.2 14.2 0
79 12.8 0
70.2 12 0
77.8 14.1 0
62.2 15.9 0
90.6 28.1 0
55.4 0.85 0
59.1 12.9 0
89.1 12.9 0
77.9 15.9 0
92.2 15.9 0
74.9 20.1 0
65.3 20.2 0
96.9 25.6 0
114 9.15 0
80.8 13 0
95.2 20.2 0
73.5 9.93 0
114 5.88 0
119 10.3 0
91.9 9.53 0
96.9 5.75 0
73.5 5.13 0
61.9 5.48 0
61.9 9.53 0
75.3 0.95 0
95.6 13.1 0
65.4 12 0
115 0.95 0
96.1 10.1 0
118 1.58 0
51.4 1.4 0
51.3 28.8 0
119 28.8 4
75.6 28.1 0
109 28.1 0
56.3 17.5 0
84.4 23.1 0
50.6 19.4 0
51.9 25.6 0
51.9 24.4 0
70.6 26.9 0
99.4 29.4 0
69.4 29.4 0
54.4 26.9 0
85.6 26.9 0
74.4 28.1 0
70.2 3.08 0
104 28.1 0
85.2 4.35 0
111 28.1 4
66.9 25.6 0
58.1 15.6 0
80.6 16.9 0
81.9 15.6 0
60.6 26.9 0
61.9 25.6 0
73.1 25.6 0
117 25.6 0
85.2 2.48 0
119 19.7 0
115 20.2 0
114 21.8 0
65.4 2.98 0
106 28.1 0
51.9 15.6 0
107 25.6 0
89.4 28.1 0
83.1 24.4 0
83.1 25.6 0
88.1 25.6 0
79.4 26.9 0
80.6 26.9 0
113 25.6 0
115 26.3 0
102 25.6 0
100 26.3 0
72.5 43.5 0
76.3 47.5 4
97.5 51.5 4
78.5 37.5 0
71.5 40.5 0
112 43.4 4
111 40.3 4
106 47.5 4
102 44.2 4
110 42.2 4
70.6 37.5 0
82.8 40.3 0
82.8 34.7 0
70.8 42.3 0
109 38.3 4
86.2 60.7 4
56.2 60.7 0
104 40.3 4
108 43.9 4
71.3 51.1 4
71.6 35.7 0
83.7 60.7 4
116 53.2 4
70.6 46.9 0
85 46.3 4
85 47.5 4
95.5 56.7 4
82.4 37.5 0
62.6 37.5 0
92.6 37.5 4
58.7 38.1 0
87.4 37.5 0
95.6 63.4 4
99.8 38.3 4
98.1 42.7 4
68 42.8 0
105 37.7 4
105 43 4
57 51.8 0
111 47.5 4
84.4 40.7 4
84.4 34.3 0
110 35.3 4
54.5 52.4 0
99.7 31.2 0
75.6 38.3 0
55.2 34.4 0
57.8 39.8 0
57.8 35.2 0
86.5 35.9 0
73.9 42.4 0
104 35.9 4
114 53.7 4
73.3 40.5 0
95.4 42 4
100 41.9 4
57.9 44.2 0
77.7 43.9 0
93.3 40 4
87.9 44.2 4
101 40 4
87.5 62.7 4
94.4 46.9 4
94.4 48.1 4
78.1 45.6 4
101 35.1 4
87.9 50.9 4
99.4 69.3 4
77.4 38.9 0
87.5 57.3 4
96.7 58.2 4
96 52.5 4
114 42.3 4
106 63.6 4
63.6 36 0
63.6 39.1 0
66.7 54 0
76 63.4 4
64 63.4 4
73.4 54 4
93.6 36 4
92.9 64.3 4
92.9 55.8 4
85.3 52.5 4
78.9 42.7 0
66.5 41.8 0
57.5 62.7 0
67.5 51.1 0
84.4 42.6 4
54.4 42.6 0
57.5 57.3 0
61 42.8 0
62.2 44.1 0
82.5 62.7 4
91 42.8 4
104 61.4 4
67.7 38.3 0
59.1 42.9 0
116 36.7 4
109 52.2 4
96.4 54.9 4
82.5 57.3 4
54.8 39.6 0
89.1 42.9 4
92.2 44.1 4
82.1 50.8 4
56.9 65.2 4
102 52.6 4
103 54.1 4
72.1 63.5 4
69 57.6 4
67.9 63.5 4
71.1 57.6 4
73.5 62.1 4
66.5 62.1 4
67.6 59 4
97.1 60.9 4
110 59.9 4
58.1 49.4 0
58.1 45.6 0
55.2 65.6 0
88.1 45.6 4
99.9 53.3 4
63.7 57.7 0
50.8 65.5 0
97.8 38.3 4
109 58.3 4
88.1 49.4 4
91.9 58.8 4
91.9 61.3 4
82 44.2 4
78.9 62.5 4
113 40.4 4
58.3 53 0
61.1 62.5 4
62.2 58.8 0
86.6 55.6 4
50.8 40.5 0
101 57.6 4
99.9 63.1 4
103 56.6 4
83.3 55.5 4
114 58.3 4
113 55.7 4
113 34.8 4
79.4 46.9 4
109 62.5 4
108 53.8 4
93.2 52 4
89.1 52.1 4
80.8 43 0
95.4 40.1 4
99.4 56.6 4
73.9 59 4
54.9 55.2 0
84.9 55.2 4
61.9 45.6 0
104 47.5 4
56.6 55.6 0
60.8 52.1 0
62.1 50.8 0
115 31.1 4
81.9 45.6 4
112 52.2 4
99.6 64.9 4
113 60.1 4
74.1 34.9 0
91.9 45.6 4
78.1 49.4 4
75.2 36 0
92 53.3 4
66.5 39.9 0
96.5 65.1 4
60.6 46.9 0
59.4 46.9 0
95.7 35.9 0
110 56.8 4
90.6 46.9 4
89.4 46.9 4
115 39.1 4
77.1 35.3 0
66.5 35.1 0
64.6 69.2 4
80.8 52 4
99.2 54.9 4
64.7 31 0
78 50.8 4
79.2 52.1 4
105 58.2 4
94.7 31 0
94.7 69 4
115 69.2 4
114 61.6 4
80.6 46.9 4
118 31.7 4
70 68.9 4
113 64.2 4
110 64.9 4
51.4 31.4 0
51.4 68.6 0
119 68.6 4
117 54.5 4
105 33 4
108 45.6 4
118 45.6 4
51.9 45.6 0
51.9 49.4 0
73.1 45.6 0
74.4 46.9 0
55.6 48.1 0
55.6 46.9 0
117 51.3 4
113 45.6 4
102 45.6 4
63.7 55 0
65 53.7 0
63.7 65.1 4
76.3 65.1 4
69.6 31.2 0
86.5 39.2 0
64.4 46.9 0
64.4 48.1 0
77.8 54.8 4
108 49.4 4
101 61.1 4
55.2 67.4 0
86.5 64.3 4
78.9 57.5 4
77.5 56.5 4
105 66 4
62.5 48.8 0
85.4 30.9 0
85.3 69.1 4
92.5 48.8 4
55.2 32.5 0
102 49.4 4
100 48.8 4
75.1 66.3 4
113 49.4 4
115 48.8 4
53.2 35.8 0
66.9 49.4 0
82.5 48.8 4
117 39.7 4
114 65.3 4
116 65 4
75.1 53.7 4
71.9 49.4 4
70 48.8 0
110 47.5 4
117 50 4
96.9 45.6 4
97.5 50.1 4
84.8 64.7 4
83.3 64.4 4
73.4 66 4
52 55 0
116 46.9 4
99.4 46.9 4
66.9 45.6 0
87.5 76.3 4
57.5 73.8 4
82.5 73.8 4
87.5 75 4
57.5 75 4
86.3 77.5 4
69.3 71.3 4
54.4 70.6 0
54.4 76.9 4
84.4 76.9 4
83.1 75.6 4
55.6 76.9 4
101 71.3 4
75.7 83.1 4
77 84.3 4
97.5 81.5 4
78.5 77.2 4
56.2 90.7 4
86.2 90.7 4
99 82.8 4
83.7 90.7 4
69.4 76.3 4
95.5 86.7 4
59.4 71.9 4
111 76.3 4
99.2 76.4 4
88.1 79.4 4
89.4 78.1 4
89.4 71.9 4
54.5 82.4 4
84.5 82.4 4
63.7 95.1 4
82.8 84.6 4
75.5 77.2 4
64.6 77.2 4
114 83.7 4
57.9 80.9 4
54.5 84.2 4
84.5 84.2 4
98.5 86.9 4
97.3 77.6 4
87.5 92.7 4
113 77.6 4
80.6 78.1 4
81.9 79.4 4
87.9 80.9 4
90.8 78 4
87.5 87.3 4
96.7 88.2 4
64.3 75.6 4
96 82.5 4
106 93.6 4
64 93.4 4
64 86.7 4
92.9 85.8 4
77.5 74.7 4
57.5 92.7 4
101 91.1 4
77.8 95.3 4
102 77.6 4
94.7 92.4 4
57.5 87.3 4
77.2 78.4 4
61.1 91.3 4
82.5 92.7 4
67.4 77.6 4
104 91.4 4
75.7 74.7 4
92.9 92.8 4
106 76.3 4
91 91.3 4
96.4 84.9 4
72.8 77.6 4
82.5 87.3 4
114 76.8 4
98.2 85.2 4
82.1 80.8 4
95.6 76.8 4
61.7 75.1 4
77.2 81.6 4
78.4 82.9 4
103 84.1 4
69 87.6 4
67.9 93.5 4
71.1 87.6 4
72.5 91.1 4
66.5 92.1 4
67.6 89 4
72.5 89 4
108 77.6 4
97.1 90.9 4
110 89.9 4
92.6 74.8 4
73.6 82.6 4
67.7 83.7 4
76.4 92.3 4
50.8 95.5 4
92 79.2 4
109 88.3 4
91 87.5 4
86.5 94.3 4
109 82.2 4
77.8 91.3 4
68.8 82.2 4
78.9 87.5 4
72.5 81.1 4
83.3 94.4 4
102 82.6 4
61.1 87.5 4
86.6 85.6 4
101 87.6 4
99.9 93.1 4
103 86.6 4
114 88.3 4
113 85.7 4
119 74.7 4
109 92.5 4
108 83.8 4
93.2 82 4
89.1 82.1 4
56.5 94.3 4
71.1 93.9 4
62 79.2 4
59.1 82.1 4
96 97.6 4
60.8 82.1 4
62.1 80.8 4
54.8 94.7 4
84.8 94.7 4
115 75.2 4
115 70.9 4
99.6 94.9 4
113 90.1 4
92 83.3 4
94.7 70.9 4
95.2 75.2 4
96.6 96 4
110 86.8 4
112 82.2 4
70 98.9 4
80.8 82 4
106 89.3 4
115 99.2 0
114 91.6 4
110 93.9 4
113 94.2 4
118 71.6 4
51.4 98.6 4
51.3 71.3 0
119 98.6 0
83.8 72.5 4
80.6 71.9 4
85 72.5 4
105 97.3 4
58.1 79.4 4
118 80.7 4
52 85 4
77.5 86.5 4
64.8 82.3 4
55.2 97.4 4
85.3 99.1 4
56.6 85.6 4
65 96.3 4
114 95.3 0
116 95 0
64.9 73.1 4
116 83.2 4
63.7 85 4
74.9 72.2 4
117 84.5 4
59.4 78.1 4
60.8 78 4
75.3 97.8 4
66.7 96 4
50.6 75.6 0
164 17.5 4
165 17.5 4
163 18.8 4
166 22.5 4
163 23.8 4
164 21.9 4
126 8.13 0
127 22.1 0
163 13.4 4
163 10.3 0
138 7.45 0
159 21.7 4
134 5.3 0
132 4.63 0
141 21.3 0
141 18.8 0
130 22.1 0
155 22.1 4
146 21.3 0
143 22.5 4
151 6.75 0
157 23.4 4
128 23.4 0
134 9.6 0
135 22.5 0
150 22.5 4
147 10.1 0
151 18.8 0
123 10.6 0
123 19.4 0
121 20.6 0
136 29.4 4
162 12.2 0
137 23.8 0
148 23.8 4
159 8.13 0
159 17.2 4
147 4.93 0
150 5.03 0
146 18.8 0
139 29.4 4
146 29.4 4
143 17.5 0
152 23.8 4
146 0.85 0
134 0.825 0
134 18.8 0
135 6.88 0
127 18.1 0
163 26.3 4
137 17.5 0
153 16.3 0
143 8.13 0
149 9.9 0
132 23.8 0
141 26.9 4
148 16.3 0
159 12.8 0
163 5.88 0
134 26.9 4
121 9.38 0
158 14.1 0
158 15.9 0
165 10.6 0
126 12.7 0
130 18.1 0
132 17.5 0
153 13.8 0
131 29.4 4
127 20.5 0
158 5.33 0
158 9.68 0
129 20.5 0
156 20.5 4
145 12.8 0
154 12.9 0
128 16.9 0
144 12.8 0
137 12.7 0
150 13 0
135 12.8 0
127 9.53 0
127 5.48 0
153 7.48 0
148 14.1 0
158 20.1 4
127 13.9 0
155 17.2 0
165 12.5 0
130 9.05 0
130 5.95 0
131 10.1 0
146 7.55 0
165 0.875 0
133 14.2 0
142 5.53 0
124 16.9 0
124 13.1 0
131 13.1 0
139 5.08 0
139 9.88 0
141 9.93 0
155 0.95 0
123 14.4 0
123 15.6 0
140 0.95 0
121 1.25 0
121 28.8 4
169 1.43 0
169 28.8 4
159 28.1 4
122 4.38 0
124 1.88 0
168 24.4 4
168 21.3 4
168 25.6 4
161 21.9 4
161 16.9 4
162 15.6 4
150 3.15 0
124 8.13 0
149 29.4 4
166 26.9 4
164 29.4 4
161 8.13 0
158 25.6 4
161 28.1 4
137 25.6 4
122 5.63 0
132 25.6 0
155 4.93 0
155 10.1 0
165 5.43 0
167 5.8 0
138 14.1 0
143 14.1 0
154 28.1 4
148 25.6 4
152 25.6 4
150 26.3 4
167 10.1 0
156 28.1 4
124 26.9 0
168 20 4
163 20 4
168 15.6 4
124 21.9 0
143 25.6 4
145 26.3 4
126 26.9 0
127 25.6 0
129 26.9 4
141 68.7 4
138 43.3 4
147 43.3 4
145 42.2 4
148 34.8 4
153 51.5 4
144 68.7 4
163 51.6 4
146 34.8 4
146 40.3 4
136 37.6 4
164 59.2 4
143 42.7 4
136 46.9 4
121 39.4 4
151 46.9 4
165 46.3 4
165 47.5 4
163 34.7 4
128 37.5 4
159 36.9 4
145 37.6 4
150 38.3 4
145 53.8 4
141 54 4
141 36.8 4
146 57.5 4
146 62.5 4
133 42.7 4
163 65.4 4
144 46.9 4
153 43.9 4
137 35.8 4
163 43.5 4
164 34.3 4
148 58.7 4
148 61.3 4
152 65.8 4
141 41.9 4
137 39.3 4
147 51.2 4
138 62.3 4
150 31.2 4
135 31.2 4
134 52.8 4
146 30.9 4
140 30.9 4
135 41.9 4
150 41.9 4
155 42 4
161 36.9 4
123 40.6 4
135 61.1 4
135 58.9 4
140 35.1 4
149 40 4
134 57 4
141 56.5 4
136 48.1 4
140 40 4
133 45.6 4
151 62.2 4
125 47.5 4
162 52.8 4
134 69.3 4
162 62.7 4
155 63.9 4
127 61.3 4
127 58.8 4
163 39.2 4
129 36 4
158 35.3 4
129 39.1 4
162 42.2 4
132 41.8 4
162 57.3 4
143 52.6 4
165 52.5 4
150 53.2 4
163 45.6 4
134 55.3 4
137 52.8 4
134 62.1 4
134 65.6 4
155 57.6 4
140 63.5 4
124 62.5 4
127 41.9 4
158 41.9 4
130 62.4 4
130 57.6 4
158 64 4
157 57.3 4
123 45.6 4
128 62.8 4
128 57.3 4
150 56.5 4
154 59.1 4
154 60.9 4
165 39.6 4
157 43.1 4
128 43.1 4
165 42.5 4
123 49.4 4
153 37.5 4
165 65.6 4
159 62.5 4
158 58.8 4
163 55.5 4
133 38.3 4
133 51.5 4
154 54.9 4
128 52 4
157 52 4
151 54.8 4
169 40.4 4
138 48.8 4
165 55.2 4
126 47.5 4
124 43.1 4
131 59.1 4
131 60.9 4
144 61.2 4
144 58.8 4
127 53.3 4
158 53.3 4
132 39.9 4
132 54.9 4
132 66 4
123 44.4 4
154 65.7 4
132 35.2 4
131 52.5 4
155 52.7 4
130 31 4
130 69 4
168 31.5 4
121 31.3 4
168 68.5 4
121 68.8 4
166 59.2 4
168 48.8 4
124 31.9 4
121 64.4 4
122 60.6 4
138 45.6 4
147 45.6 4
139 58.9 4
142 45.6 4
140 46.3 4
155 35 4
147 49.4 4
158 49.4 4
159 48.1 4
168 45.6 4
150 68.8 4
140 47.5 4
157 45.6 4
156 46.9 4
167 55.6 4
165 67.4 4
153 45.6 4
154 46.9 4
162 49.4 4
161 48.1 4
165 30.9 4
167 34.8 4
155 67.3 4
155 33.1 4
167 65.2 4
122 59.4 4
122 34.4 4
122 55.6 4
122 54.4 4
123 67.5 4
122 35.6 4
124 38.1 4
167 57.3 4
124 58.1 4
156 39.1 4
154 39.2 4
152 49.4 4
150 48.8 4
128 45.6 4
128 49.4 4
130 48.8 4
143 49.4 4
145 48.8 4
124 53.1 4
133 50.1 4
131 46.9 4
164 77.5 4
163 76.3 4
164 73.1 4
166 73.1 4
163 74.4 4
166 78.1 4
141 98.7 0
136 71.3 4
149 71.3 4
144 71.3 4
141 71.3 4
144 98.7 0
163 81.6 0
130 77.1 4
136 91.1 0
136 88.9 0
158 77.2 4
164 90.7 0
127 77.1 4
123 83.8 4
123 74.4 4
134 76.3 4
153 81.5 0
154 86.7 0
151 76.4 4
131 93.4 0
131 86.7 4
145 83.8 4
141 84 4
146 76.3 4
146 92.5 0
145 86.3 0
153 88.2 0
148 77.5 4
148 91.3 0
151 86.9 0
132 77.5 4
148 87.5 0
157 78.4 4
128 78.4 4
153 77.6 4
141 86.5 0
151 92.2 0
162 82.8 0
134 99.3 0
137 78.8 4
158 75.6 4
148 82.5 4
162 92.7 0
127 91.3 0
140 77.5 4
162 87.3 0
143 82.6 4
128 94.3 0
128 85.8 4
152 94.9 0
152 85.1 0
165 82.5 0
137 82.8 4
134 92.1 0
134 88 0
155 92.4 0
141 92.3 0
124 92.5 0
123 94.4 0
154 76.8 4
157 92.8 0
157 87.3 0
154 90.9 0
142 78.8 4
158 91.3 0
158 88.8 0
129 74.8 4
121 95.6 0
128 74.8 4
124 81.9 4
163 85.5 0
150 83.2 0
132 89.1 0
132 90.9 0
135 83.5 4
133 81.5 4
154 95.1 0
154 84.9 0
128 82 4
157 82 0
135 95 0
135 85.1 4
143 87.6 0
127 83.3 4
155 75.2 4
158 83.3 0
132 95.1 0
132 84.9 4
143 91.2 0
169 95.4 0
155 82.7 0
130 99 0
130 82.7 4
168 98.5 0
169 71.3 4
121 71.3 4
121 98.8 0
168 76.3 4
166 90.7 0
167 79.4 4
168 75 4
122 90.6 4
121 75.6 4
161 71.9 4
161 78.1 4
162 79.4 4
150 96.8 0
139 88.9 0
139 91.1 0
126 87.5 4
124 86.9 4
123 85.6 4
124 71.9 4
165 99.1 0
165 94.7 0
163 94.4 0
155 97.3 0
130 73.1 4
122 89.4 4
124 98.1 0
168 85.1 0
124 76.9 4
123 80.6 4
123 79.4 4
165 84.3 0
191 21.3 4
191 18.8 4
193 22.5 4
189 8.23 4
188 17.5 4
193 17.5 4
196 21.3 4
182 4.75 4
196 18.8 4
188 22.5 4
198 22.5 4
191 0.825 4
179 29.4 4
194 10.2 4
187 8.2 4
191 29.4 4
180 8.15 4
186 29.4 4
183 13.3 4
188 12.7 4
191 5.73 4
185 9.93 4
184 26.9 4
186 11.8 4
181 9.88 4
176 26.9 4
190 10 4
185 5.03 4
178 12.7 4
174 19.7 4
177 11.7 4
189 11.9 4
193 13.4 4
180 11.8 4
178 8.18 4
192 25.6 4
179 22 4
178 25.6 4
176 5.85 4
200 8.38 4
171 10.3 4
177 9.83 4
172 1.58 0
171 28.8 4
196 28.1 4
174 29.4 4
194 12.1 4
199 26.9 4
198 25.6 4
181 26.9 4
183 26.3 4
186 3.18 4
194 28.1 4
172 19.7 4
177 16.3 4
173 25.6 4
175 3.05 4
189 26.9 4
188 26.3 4
175 17.2 4
173 24.2 4
177 51.5 4
186 68.5 4
195 33.6 4
178 43.9 4
197 65.8 4
187 43.9 4
182 34.8 4
199 37 4
184 34.8 4
189 36.8 4
184 40.3 4
180 43 4
186 37.6 4
191 30.8 4
181 48.1 4
185 43 4
190 43 4
191 48.1 4
191 46.9 4
180 36.9 4
176 54 4
187 53.1 4
180 31.2 4
196 54 4
181 58.6 4
183 57.5 4
190 40 4
176 52.5 4
188 51.7 4
193 44.2 4
178 45.6 4
181 40 4
182 52.5 4
185 30.9 4
176 42.9 4
179 69.3 4
196 56.5 4
181 61 4
175 57.6 4
183 53.8 4
175 62.4 4
197 43 4
198 52.4 4
179 62 4
177 37.5 4
180 53.2 4
175 48.8 4
177 49.4 4
190 59.9 4
192 62.2 4
179 56.5 4
189 59.9 4
188 56.1 4
192 51.5 4
175 40.1 4
186 62.1 4
176 59.1 4
190 55.5 4
176 60.9 4
192 56 4
191 52.3 4
176 35.9 4
177 65.1 4
195 57.9 4
188 57.8 4
179 54.7 4
187 49.4 4
175 31 4
175 69 4
171 65.3 4
192 57.9 4
172 31.6 4
190 69.1 4
172 68.4 4
173 49.4 4
172 45.6 4
187 45.6 4
193 45.6 4
184 61.1 4
185 58.9 4
190 35 4
194 53.5 4
197 49.4 4
200 66.5 4
195 61.1 4
191 64.7 4
180 64.8 4
193 49.4 4
173 40 4
181 46.9 4
184 48.1 4
183 48.8 4
184 46.9 4
183 46.3 4
196 48.1 4
194 48.1 4
195 39 4
175 47.5 4
182 44.1 4
181 71.2 4
189 76.3 4
180 76.3 4
193 77.5 4
196 76.3 4
195 84.1 4
179 82.9 4
183 89 4
178 93.2 0
198 77.5 4
181 91.4 0
183 92.5 0
188 77.5 4
199 91.3 4
196 86.6 4
177 91.9 0
175 94 0
177 77.6 4
184 91.2 4
185 98.7 0
184 84.4 4
174 74.7 4
187 94.5 4
197 92.4 4
181 89 4
199 88.8 4
198 82.5 4
175 87.6 0
176 76.8 4
179 85.3 4
180 98.8 0
182 82.9 4
178 94.9 0
179 88 0
182 77.5 4
194 96.5 4
189 81.9 4
177 89.1 0
190 90.1 4
187 92.8 4
191 86.9 4
178 81.5 4
189 90.1 4
188 84 4
190 94.5 4
192 94 4
190 99.2 4
192 83.3 4
176 95.7 0
194 87.8 4
196 91.1 4
192 81.9 4
190 85.4 4
176 84.3 4
175 82.8 4
192 92.2 4
171 95.3 0
172 98.4 0
171 71.5 4
191 71.3 4
172 74.7 4
196 96 4
186 76.2 4
175 97.3 0
175 73 4
186 87.9 4
186 71.3 4
199 12.6 4
199 60.7 4
2.88 0.825 0
2.9 98.8 0
103 98.6 4
0.1 3.13 0
8.13 62.7 0
9.88 60.9 0
8.4 64.5 0
9.2 65.9 0
12 65.1 0
0.225 96.8 0
97.4 2.9 0
101 3.4 0
103 2.5 0
95.6 2.2 0
101 96.5 4
97.1 98.6 4
197 97.4 4
18.1 1.25 0
36.3 29.4 0
48.8 26.9 0
46.9 18.8 0
48.8 24.4 0
16.3 29.4 0
13.8 29.4 0
20.6 28.8 0
49.4 16.3 0
16.3 0.625 0
5.63 27.5 0
1.25 28.1 0
46.3 28.1 0
33.8 29.4 0
46.6 13.5 0
5.98 1.15 0
46.6 8.5 0
9.03 3.05 0
25.9 3.05 0
41.5 3.38 0
24.1 0.95 0
38.3 3.6 0
13.4 3.45 0
39.4 1.25 0
40.6 1.25 0
34 2.98 0
25.4 0.95 0
18.1 28.8 0
6.88 27.5 0
11.9 28.8 0
8.13 28.8 0
38.1 28.8 0
48.1 20 0
48.8 14.4 0
14.4 1.25 0
3.13 28.8 0
28.8 28.1 0
21.6 2.2 0
48.4 3.48 0
41.9 28.8 0
47.5 6.88 0
22.5 26.9 0
24.4 27.5 0
28.6 2.3 0
30.8 1.93 0
45.7 1.68 0
43.7 1.75 0
18.8 30.6 0
46.6 51.5 0
5.98 31.2 0
3.43 32.8 0
49.4 46.3 0
49.4 48.8 0
6.25 69.3 0
38.3 33.6 0
7.85 33.3 0
35.8 31.1 0
0 67.3 0
4.73 31.2 0
15.8 61.4 0
46.6 43.5 0
43.8 67.6 0
39.4 31.3 0
46.5 38.5 0
49.1 54 0
49.1 34 0
41.4 33.3 0
33.2 32.7 0
8.4 67.6 0
27.1 33.3 0
34.5 31.1 0
12.4 66.8 0
9.65 69 0
10.9 69 0
9.65 31 0
10.9 31 0
39.4 68.8 0
38.6 66.7 0
32.7 66 0
27.3 66 0
21.6 33.5 0
40.6 31.3 0
36.1 69.2 0
20.6 68.8 0
14.3 60.8 0
40.6 68.8 0
41.4 66.7 0
21.4 66.7 0
47.5 62 0
47.5 59.3 0
16.9 31.3 0
20.6 31.3 0
48.8 50.6 0
17.7 65.8 0
48.8 44.4 0
3.75 68.8 0
44.3 31.6 0
46.3 31.7 0
48.7 56.1 0
18.3 62.7 0
34.2 68.6 0
25.4 67.8 0
23.5 68.4 0
48.7 36.3 0
47.8 64.2 0
48.2 66.3 0
0.775 32 0
28.6 32.3 0
30.8 31.9 0
18.8 69.4 0
13.4 32.2 0
15.8 65.2 0
14.4 67.5 0
16.9 68.8 0
45.6 71.3 0
43.1 71.3 0
46.9 73.8 0
30 73.8 0
13.5 73.4 0
6.25 99.3 0
9.55 73.1 0
18.8 70.6 0
37.8 97.2 0
9.65 99 0
10.9 99 0
21.5 73.4 0
43.8 97.6 4
9.73 70.9 0
11 70.9 0
42.2 97.2 0
22.2 97.2 0
26.4 73.5 0
9.3 97.3 0
39.4 98.8 0
13.4 96.5 0
20.6 98.8 0
28.3 96.4 0
36 70.9 0
40.6 98.8 0
48.1 75 0
16.3 70.6 0
3.75 71.3 0
48.8 78.1 0
18.8 99.4 0
41.9 71.3 0
20.6 71.3 0
14.4 98.8 0
47.5 86.6 4
23.5 98.4 0
47.8 94.2 4
48.2 96.3 4
33.9 71.3 0
48.7 88.6 4
14.4 71.3 0
46.2 91.3 4
48.7 89.9 4
6.45 73.8 0
5 71.3 0
38.5 72.1 0
47.9 81.5 0
26 97.1 0
16.3 99.4 0
48.3 83.6 4
32.9 97.5 0
36.5 98.4 0
63.8 28.1 0
93.8 28.1 0
114 28.1 4
53.8 28.1 0
61.9 28.8 0
117 22.8 0
51.3 14.4 0
53.3 13.6 0
50.8 3.9 0
118 21.2 0
53.2 6.4 0
53.2 8.6 0
82.2 2.8 0
61.7 3.6 0
107 1.75 0
109 3.23 0
53.8 2.4 0
91.3 29.4 0
92.8 3.45 0
57.6 2.95 0
60.6 1.25 0
118 3.78 0
117 17.5 0
64.1 2.2 0
86.3 1.7 0
113 3.3 0
94.1 2.2 0
90.6 1.25 0
77.4 3.15 0
73 3.25 0
116 8.43 0
116 6.58 0
50.8 5.15 0
79.4 1.25 0
80.6 1.25 0
88.5 3.35 0
117 12.5 0
59.4 1.25 0
119 14.4 0
119 15.6 0
118 5.03 0
89.4 1.25 0
76.3 29.4 0
109 29.4 4
50.6 26.3 0
50.6 23.8 0
52.5 21.9 0
101 28.1 0
71.3 28.1 0
86.3 28.1 0
73.8 29.4 0
71.4 2.3 0
69.2 1.93 0
104 29.4 4
111 29.4 4
58.1 28.8 0
118 24.4 0
84.3 1.63 0
66.1 1.88 0
106 29.4 4
50.6 16.3 0
88.8 29.4 0
52.5 20.6 0
119 26.9 4
81.9 28.8 0
78.1 28.8 0
119 53.2 4
52.9 52.2 0
109 33.4 4
52.8 64.8 0
51.3 50.6 0
77.8 67.2 4
50.8 53.9 0
52.8 42.8 0
110 30.9 4
119 34.2 4
103 31.8 4
82.2 32.8 0
76.5 68.4 4
83.8 67.6 4
53.2 38.6 0
116 43.3 4
117 58.1 4
77.2 33.5 0
79.4 31.3 0
101 66.5 4
101 33.2 4
51.3 44.4 0
83.8 32.4 0
119 59.4 4
82.2 67.2 4
62.2 67.2 4
97.2 33.3 0
113 32.9 4
118 36.7 4
111 30.9 4
67.1 33.3 0
62.6 33.2 0
119 35.5 4
119 44.4 4
60.6 31.3 0
59.4 31.3 0
92.6 33.2 0
90.6 31.3 0
89.4 31.3 0
87.5 67 4
58.5 33.4 0
88.5 33.4 0
79.4 68.8 4
67.3 66 4
80.6 31.3 0
57.5 67 4
96.6 67.6 4
90.6 68.8 4
89.4 68.8 4
119 60.6 4
60.6 68.8 4
59.4 68.8 4
116 61.6 4
74 33 0
109 66.8 4
92.6 66.8 4
80.6 68.8 4
110 68.1 4
111 68.1 4
117 55.7 4
106 32.1 4
107 67.4 4
119 46.3 4
50.6 46.3 0
50.6 48.8 0
119 51.9 4
65.6 66.3 4
71.4 32.7 0
119 48.8 4
51.6 33.4 0
54.3 68.3 0
56.3 68.2 0
104 67.3 4
75.8 31.1 0
74.5 31.1 0
54.3 31.6 0
56.3 31.7 0
52.4 36.9 0
118 38.9 4
118 40.9 4
114 67.4 4
117 63.9 4
118 66.5 4
51.2 58.6 0
53.7 61.3 0
51.2 59.9 0
72.9 67.5 4
51.2 56.1 0
83.1 71.3 4
56.9 72.5 4
106 73.8 4
52.9 82.2 4
55 71.9 0
70 73.8 4
77.6 73 4
111 73.8 4
98.5 73.9 4
51.3 80.6 4
58.8 70.6 4
88.8 70.6 4
50.8 83.9 4
81.3 70.6 4
94.1 99 4
61.5 73.4 4
83.8 97.6 4
118 76.2 4
92.4 73.1 4
53.3 93.8 4
117 88.1 4
117 77.8 4
51.3 79.4 4
60.6 71.3 4
90.6 71.3 4
114 73.5 4
96.3 73.5 4
92.6 96.8 4
87.5 97 4
79.4 98.8 4
78.6 96.7 4
90.6 98.8 4
57.5 97 4
60.6 98.8 4
59.4 98.8 4
71.7 96.4 4
116 91.6 4
119 79.4 4
109 96.8 0
80.6 98.8 4
81.4 96.7 4
89.4 98.8 4
110 98.1 0
111 98.1 0
53.1 77.5 4
109 71.3 4
110 71.3 4
51.2 88.6 4
79.4 71.3 4
85.6 71.3 4
105 71.3 4
104 71.3 4
53.7 91.3 4
51.2 89.9 4
106 98.7 4
119 81.3 4
51.2 86.1 4
62.2 97.2 4
54.3 98.3 4
56.3 98.2 4
119 89.4 4
119 90.6 4
76 70.9 4
74.2 98.6 4
63.5 98.4 4
114 97.4 0
117 93.9 0
118 96.5 0
65.8 72.2 4
63.7 71.9 4
73.9 71.3 4
117 85.7 4
119 83.2 4
76.1 99.2 4
67.1 97.5 4
52.5 74.4 4
52.5 73.1 0
123 24.4 0
121 26.3 0
136 3.43 0
127 3.6 0
168 3.48 0
129 28.1 4
134 28.1 4
141 28.1 4
122 11.3 0
144 28.1 4
122 18.8 0
127 28.8 4
126 1.25 0
121 25 0
167 12.6 4
132 2.75 0
166 2.48 0
154 3.05 0
162 3 0
143 3.65 0
129 1.1 0
158 3.45 0
138 3.2 0
130 1.1 0
159 29.4 4
121 3.75 0
124 0.625 0
169 23.8 4
169 16.3 4
169 21.9 4
169 26.3 4
149 2 0
151 2.3 0
151 28.1 4
166 28.1 4
161 29.4 4
121 6.25 0
145 2.2 0
121 13.1 0
121 16.9 0
168 6.88 0
154 29.4 4
159 1.25 0
161 1.25 0
168 9.13 4
168 11.4 4
156 29.4 4
169 19.4 4
123 28.8 4
169 14.4 4
123 22.5 0
124 30.6 4
167 52.4 4
169 48.1 4
139 66 4
145 32.9 4
148 32.9 4
137 32.9 4
122 41.3 4
147 66.3 4
135 67.2 4
168 33.6 4
141 33.2 4
159 31.3 4
167 42.7 4
158 33.5 4
162 32.8 4
167 38.5 4
162 67.2 4
164 32.4 4
123 50.6 4
168 53.6 4
124 68.8 4
132 33.3 4
156 31.9 4
166 68.2 4
128 33.2 4
161 31.3 4
158 66.5 4
156 68 4
132 67.6 4
126 68.8 4
128 66.8 4
123 51.9 4
121 48.1 4
121 46.9 4
167 60.6 4
126 31.3 4
121 61.3 4
169 46.3 4
168 50.6 4
121 43.1 4
169 44.4 4
152 67.3 4
159 68.8 4
161 68.8 4
164 68.3 4
168 35.9 4
154 68.3 4
154 32.1 4
168 64.2 4
168 66.3 4
121 58.8 4
121 33.8 4
121 56.3 4
121 53.8 4
123 65.6 4
121 36.3 4
169 57.4 4
163 71.3 4
169 76.9 4
121 83.1 4
121 86.9 4
166 71.9 4
167 92 0
139 73.8 4
146 73.8 4
167 82.4 4
134 73.8 4
151 73.9 4
158 73.1 4
139 96 0
145 96.2 0
122 93.8 0
124 70.6 4
164 97.6 0
127 73.1 4
162 97.2 0
136 96.5 0
167 93.6 0
154 73.5 4
157 96.8 0
156 98 0
126 98.8 0
128 96.8 0
169 78.1 4
167 89.3 0
168 80.6 4
169 74.4 4
159 71.3 4
121 91.3 4
122 73.8 4
161 70.6 4
149 97.6 0
151 98.1 0
169 84 0
159 98.8 0
161 98.8 0
126 71.3 4
155 70.9 4
156 70.9 4
154 98.3 0
132 97.6 0
131 72.2 4
129 71.9 4
121 88.8 4
124 99.4 0
169 86.1 0
121 78.1 4
121 81.9 4
198 28.8 4
178 24.4 4
182 2.9 4
183 1.75 4
181 28.1 4
189 28.1 4
184 28.1 4
186 18.8 4
189 3.13 4
186 21.3 4
179 18.9 4
183 16.3 4
196 8.38 4
194 6.08 4
182 23.8 4
174 1.9 4
174 6.58 4
174 8.43 4
173 12.5 4
196 29.4 4
176 28.1 4
180 1.15 4
179 1.15 4
187 2.3 4
194 0.825 4
194 29.4 4
172 20.7 4
172 18.6 4
196 3.5 4
176 2.1 4
171 14.4 4
171 15.6 4
171 5.33 0
171 4.08 0
175 23.6 4
175 21.6 4
171 26.9 4
173 16.5 4
172 23.6 4
195 43.4 4
195 30.8 4
199 47.5 4
185 32.9 4
185 65.5 4
173 57.9 4
182 32.9 4
189 33.1 4
194 30.8 4
181 66.4 4
173 62.1 4
173 50.6 4
197 36.6 4
176 33.1 4
197 62.1 4
199 41.8 4
173 52.6 4
174 36.6 4
171 44.4 4
177 67.5 4
173 43.4 4
172 55.1 4
172 53.9 4
189 66.6 4
172 59.4 4
172 60.6 4
198 57.3 4
195 68.6 4
194 68.6 4
199 32.2 4
171 46.3 4
192 35.4 4
193 66.2 4
171 35.3 4
171 34.1 4
172 39.1 4
172 41.2 4
171 48.1 4
193 40.7 4
198 46.2 4
178 97.3 0
173 87.9 0
193 98.6 4
173 93.6 0
171 80.6 4
187 96.5 4
172 73.6 4
173 82.6 4
182 96.2 0
171 79.4 4
191 97.6 4
172 89.4 0
172 90.6 0
189 73.8 4
172 75.7 4
173 78.6 4
180 73.8 4
176 98.3 0
174 98 0
171 85.4 0
171 84.1 0
176 72.2 4
174 71.8 4
199 71.3 4
194 71.3 4
196 73.8 4
195 71.3 4
185 73.7 4
0.625 98.8 0
197 13.8 4
200 17.6 4
197 17.6 4
99.2 1.8 0
98.8 98.6 4
200 97.7 4
3.73 0.825 0
3.75 98.8 0
104 98.6 4
198 9 4
197 2.68 4
46.3 22.5 0
46.3 25 0
44.4 21.9 0
16.3 27.5 0
18.8 2.5 0
3.63 10.3 0
21.6 22.2 0
35.5 22.2 0
20 26.3 0
18.8 25 0
16.3 25 0
4.55 7.5 0
20.9 18.4 0
14.2 21.7 0
14.1 18.4 0
24.6 22.2 0
29.4 18.8 0
31.6 5.68 0
1.4 5.73 0
29.4 21.3 0
2.55 13.4 0
45 26.3 0
3.13 23.8 0
21.3 6.88 0
5.83 18.9 0
5.83 21.4 0
32 23.8 0
29.5 6.8 0
1.55 9.28 0
3.45 5.73 0
32.8 17.6 0
26.8 16.3 0
23.1 16.9 0
18.8 17.5 0
3.13 16.3 0
28.1 23.8 0
43.3 14.2 0
6.98 23.8 0
6.98 16.3 0
11.8 13.1 0
22 11.9 0
14.4 26.9 0
30.8 12.3 0
23.2 13.1 0
14 12.8 0
34.4 26.9 0
36.4 13.9 0
30.5 10.1 0
23.3 5.03 0
23.3 9.98 0
33.3 10.5 0
25.3 12 0
35.8 20.6 0
18.1 9.38 0
0.625 26.9 0
11.8 5.03 0
18.1 4.38 0
45.3 10.6 0
44.7 4.43 0
38.9 11.4 0
17.5 16.3 0
36.7 24.2 0
23.3 24.2 0
11.6 15.9 0
7.95 13.9 0
11.7 24.2 0
27.1 13.9 0
33.1 14.2 0
5.05 3.13 0
38.4 20.1 0
18.8 12.5 0
34.4 18.4 0
8.2 7.5 0
39.3 6.88 0
8.68 11.8 0
27.7 8.28 0
39.1 17.1 0
33.4 5.63 0
0.3 13 0
40.8 11.7 0
5.3 11.9 0
12.4 19.8 0
45.3 12.5 0
22.6 19.8 0
37.9 15.9 0
3.13 25.6 0
35.3 9.05 0
35.3 5.95 0
25.7 9.18 0
8.43 5.13 0
10.6 1.9 0
25.7 5.85 0
38.2 9.53 0
38.2 5.48 0
34.7 12 0
35.3 2.2 0
47.7 2.23 0
48.1 28.1 0
49.4 29.4 0
49.4 0.625 0
7.5 26.3 0
8.75 27.5 0
38.8 27.5 0
49.4 20.6 0
47.5 21.3 0
42.5 21.3 0
42.5 18.8 0
41.3 17.5 0
36.3 27.5 0
37.5 26.3 0
42.5 16.3 0
43.8 17.5 0
0 28.8 0
25 28.8 0
45 28.8 0
42.1 9.83 0
18.8 22.5 0
18.8 20 0
12.5 26.3 0
10.6 26.9 0
15.6 3.13 0
16.3 22.5 0
42.2 5.25 0
41.3 6.88 0
3.75 27.5 0
25 26.3 0
16.3 10 0
16.3 7.5 0
42.5 23.8 0
13.7 8.13 0
41.9 25.6 0
17.5 13.8 0
15.6 13.1 0
24.9 18.1 0
24.4 19.8 0
10.2 18.2 0
27.5 26.3 0
17.5 6.25 0
18.8 7.5 0
41.3 27.5 0
47.1 4.73 0
49.1 10.4 0
30 28.8 0
16.3 17.5 0
16.9 19.4 0
29.6 1.15 0
32.5 26.3 0
30.6 26.9 0
44.7 0.875 0
46.3 17.5 0
47.5 16.3 0
39.9 23.6 0
39.9 21.1 0
11.8 9.98 0
9.38 9.15 0
10.8 20.6 0
10.4 22.2 0
18.1 59.4 0
17.5 48.8 0
3.15 44.2 0
12.5 46.3 0
12.5 48.8 0
1.38 34.7 0
4.25 42.2 0
35.7 53.1 0
37 54.3 0
37 65.7 0
1.58 40.3 0
28.4 43.9 0
16.3 52.5 0
0.45 37.5 0
42.8 40.3 0
41.2 38.1 0
36.4 43.9 0
15.6 58.1 0
43.7 60.7 0
14.1 58.8 0
18.1 60.6 0
13.7 38.1 0
0.3 43 0
3.48 61.3 0
1.53 61.3 0
29.5 38.3 0
7.95 43.9 0
5.53 36.8 0
39.3 38.1 0
3.45 35.7 0
1.88 51.2 0
38.9 41.4 0
30.5 35 0
19.4 46.9 0
4.68 40 0
35.6 36.7 0
35.6 38.3 0
43.3 44.2 0
42.8 65.4 0
33.9 42.4 0
30.5 40.1 0
33.3 34.5 0
43.2 35.8 0
23.3 40 0
33.3 40.5 0
9.38 48.1 0
10.6 48.1 0
21 41.6 0
37.4 36.1 0
37.4 38.9 0
11.4 39.1 0
23.6 36 0
38.9 58.8 0
24 63.4 0
24 56.7 0
12.1 55.8 0
6.3 65.8 0
44.9 51.7 0
6.35 55.1 0
29.9 42 0
26.5 41.8 0
21.1 62.5 0
21.1 57.5 0
0.55 58.7 0
9.48 42.9 0
26.8 37.5 0
8.2 37.5 0
44.4 42.6 0
13.1 41.9 0
41.2 58 0
45.3 54.3 0
40.8 41.7 0
14.4 46.9 0
11.8 43.1 0
4.78 63.5 0
0.225 63.5 0
44.8 39.6 0
44.8 35.4 0
32.1 56.5 0
33.5 62.1 0
29 57.6 0
27.9 63.5 0
26.5 57.9 0
33.5 57.9 0
31.1 62.5 0
26.5 62.1 0
17.5 43.8 0
10.3 57.6 0
32.3 53.7 0
36.4 57.7 0
4.38 53.2 0
6.88 50.7 0
11.8 52 0
41.2 63.2 0
25.4 40.1 0
12.2 61.6 0
13.1 53.3 0
24.5 31.9 0
42 55 0
23.3 50.8 0
26.5 35.1 0
40.8 52 0
8.63 39.9 0
18.1 54.4 0
26.9 49.4 0
36.7 50.8 0
39.2 53.3 0
8.5 54.9 0
7.93 59.1 0
47.6 32.3 0
9.93 52.7 0
30 67.8 0
47.5 67.6 0
49.4 30.6 0
49.4 69.4 0
16.3 32.5 0
7.5 48.8 0
46.9 49.4 0
37.5 46.3 0
0 46.3 0
2.5 46.3 0
27.5 46.3 0
31.9 44.2 0
23.1 54.3 0
24.3 53.1 0
23.1 65.7 0
17.5 46.3 0
15.6 46.9 0
17.5 33.8 0
18.8 32.5 0
3.75 47.5 0
3.13 49.4 0
47 54.8 0
11.8 35 0
9.6 34.9 0
43.9 50.2 0
41.4 50.2 0
28.8 52.2 0
26.5 52.6 0
31.3 51.1 0
31.9 49.4 0
3.8 56.5 0
5.75 59.1 0
5.63 67.3 0
45.3 69.1 0
37.8 61.3 0
37.5 63.6 0
18.8 57.5 0
17.5 56.3 0
21.3 47.5 0
39.4 46.9 0
46.9 34.8 0
20.8 52.1 0
45.4 30.9 0
45.2 65.6 0
35.7 67 0
37.5 48.8 0
24.6 69.2 0
22.5 48.8 0
25 48.8 0
49.1 40.4 0
49.1 65.4 0
14.1 64.1 0
7.5 46.3 0
5.63 46.9 0
0 48.8 0
29.6 31.2 0
18.8 67.5 0
35 46.3 0
35 48.8 0
32.5 46.3 0
25 46.3 0
47.5 46.3 0
41.3 47.5 0
41.9 45.6 0
18.8 52.5 0
18.1 50.6 0
28.8 47.5 0
31.3 47.5 0
17.5 36.3 0
16.3 37.5 0
43.8 47.5 0
46.3 47.5 0
21.9 45.6 0
23.5 44.1 0
16.3 42.5 0
16.3 40 0
21.3 36.9 0
19.4 41.9 0
16.3 67.5 0
18.8 37.5 0
18.1 39.4 0
45 73.8 0
46.3 77.5 0
43.8 77.5 0
42.5 73.8 0
28.6 72.6 0
44.4 70.6 0
49.4 75.6 0
1.25 72.5 0
35.7 83.1 0
37 84.3 0
24.3 83.1 0
20.8 76.7 0
42.5 90 0
5.1 77.5 0
29.4 76.3 0
14.1 91.3 0
14.1 88.8 0
13.5 77.1 0
18.8 80 0
6.98 78.8 0
3.13 78.8 0
16.3 80 0
44.5 82.4 0
35.8 75.6 0
44.5 84.2 0
9.43 86.7 0
9.43 76.7 0
22.5 75.6 0
24.3 75.6 0
10.8 75.5 0
24 86.7 0
12.1 94.3 0
12.1 85.8 0
38.4 75.1 0
6.35 85.1 0
6.35 94.9 0
5.63 82.7 0
21.1 92.5 0
22.2 88.8 0
0.55 88.7 0
0.55 91.3 0
3.13 81.2 0
41.2 92 0
28.1 78.8 0
15.6 91.9 0
37.2 78.4 0
42.5 87.3 0
33.5 92.1 0
29 92.5 0
26.5 87.9 0
32.5 89 0
19.4 78.1 0
10.3 92.4 0
45.2 95.6 4
12.4 74.8 0
15.6 81.9 0
11.7 79.2 0
33.6 82.6 0
37.8 91.3 0
25.6 76.8 0
43.3 94.4 4
4.38 96.8 0
11.8 82 0
34.5 76.8 0
29 86.2 0
31.1 86.2 0
31.1 93.9 0
26.2 91.1 0
8.13 80.7 0
13.1 83.3 0
23.3 79.2 0
42 85 0
23.3 80.8 0
38 80.8 0
18.1 85.6 0
40.8 83.3 0
9.13 89.1 0
39.2 83.3 0
8.5 95.1 0
8.45 84 0
7.93 90.9 0
9.93 82.7 0
30 97.8 0
47.5 97.6 4
49.4 99.4 4
49.4 70.6 0
47.5 72.5 0
47.5 76.3 0
18.8 87.5 0
42.5 76.3 0
41.9 79.4 0
42.1 80.8 0
16.3 87.5 0
16.9 89.4 0
16.3 95 0
17.5 91.3 0
18.8 92.5 0
47.5 78.8 0
24 93.4 0
36 93.4 0
41.3 72.5 0
4.45 91.3 0
5.75 92.2 0
3.8 86.5 0
5.75 89.1 0
23.1 84.3 0
20.8 83.3 0
45.3 99.1 4
28.8 82.2 0
27.7 83.7 0
37.8 88.8 0
37.5 86.5 0
31.3 81.1 0
33.3 78.8 0
18.8 82.5 0
17.5 83.8 0
24.6 99.2 0
49.1 95.4 4
24.7 70.9 0
34.4 73.4 0
1.3 98.8 0
39.9 76.1 0
39.9 78.6 0
18.8 95 0
18.8 97.5 0
23.1 95.7 0
24.3 97 0
37 95.7 0
16.3 97.5 0
0.625 83.2 0
18.8 72.5 0
47 84.8 4
16.3 72.5 0
18.1 75.6 0
35.7 97 0
16.3 77.5 0
16.3 75 0
57.5 21.3 0
83.8 17.5 0
82.5 18.8 0
88.8 20 0
86.3 20 0
86.3 17.5 0
58.8 22.5 0
87.5 23.8 0
88.8 22.5 0
87.5 16.3 0
81.3 22.5 0
83.1 20.6 0
56.3 25 0
55.6 23.1 0
85.6 23.1 0
77.5 26.3 0
91.6 22.2 0
58.8 25 0
100 7.6 0
89.4 18.1 0
78.5 22.2 0
108 10.3 0
91.7 7.5 0
64.6 22.2 0
62.8 23.4 0
70.1 22.6 0
68.5 5.68 0
70.1 17.6 0
56.9 10.2 0
56.9 4.83 0
102 23.8 0
106 18.8 0
60.8 23 0
92.8 23.4 0
100 18.9 0
55 28.8 0
85 28.8 0
111 18.8 0
82.8 10.3 0
82.8 4.68 0
68.4 9.35 0
100 21.4 0
106 4.9 0
78.7 6.88 0
106 21.3 0
107 23.8 0
72 23.8 0
70.5 8.28 0
94.6 22.2 0
100 10 0
88.7 6.88 0
57.4 7.5 0
108 16.3 0
111 21.3 0
99.6 12.2 0
110 8.28 0
103 16.3 0
78.3 18 0
73.3 16.3 0
82.8 13.5 0
107 13.3 0
87 13.3 0
54.4 4.28 0
56.6 14.2 0
66.8 23.8 0
100 5.28 0
104 8.35 0
112 16.3 0
91.8 18.1 0
68.1 16.3 0
104 3.38 0
108 5.85 0
106 9.3 0
69.2 12.3 0
98 16.3 0
64.9 18.1 0
87.8 9.78 0
76.8 5.03 0
76.8 9.98 0
115 12 0
74.7 12 0
75.8 20.6 0
81.2 6.88 0
74.5 21.8 0
94.8 18.2 0
115 18.1 0
96.8 23.8 0
105 13 0
51.6 11 0
76.7 24.2 0
112 13.9 0
92.5 20.6 0
88.2 12.1 0
63.1 16.9 0
81.6 12.2 0
71.6 13.9 0
77.5 19.7 0
102 13.9 0
61.1 11.4 0
91.1 11.4 0
93.1 16.9 0
92.8 8.9 0
84.4 12.6 0
78.1 11.9 0
76.8 13.1 0
72.4 8.28 0
93.6 13.9 0
66.2 12.4 0
111 2.35 0
74.4 18.4 0
63.5 12.8 0
110 13 0
84.8 9.63 0
54.8 9.63 0
60.9 17.2 0
60.8 6.88 0
55.2 12.5 0
64.4 19.8 0
62.6 19.8 0
91.3 27.5 0
68.2 14.2 0
76.6 15.9 0
112 6.83 0
59.1 11.7 0
94.4 19.9 0
95 26.3 0
91.9 25.6 0
96.9 10.4 0
97 14.2 0
97.1 4.78 0
55.4 0.85 0
85.4 0.85 0
95.7 6.73 0
65.9 4.85 0
65.9 10.2 0
74.3 9.18 0
64.8 9.05 0
64.8 5.95 0
113 9.88 0
75.6 1.9 0
116 1.9 0
74.3 5.85 0
113 5.18 0
94.9 9.05 0
93 5.33 0
63 9.68 0
63 5.33 0
95.4 12 0
117 2.53 0
52.2 2.18 0
118 28.1 4
51.9 28.1 0
50.6 29.4 0
50.6 0.625 0
119 0.625 0
119 29.4 4
76.3 27.5 0
109 27.5 4
53.8 17.5 0
57.5 18.8 0
55.6 18.1 0
83.8 22.5 0
53.1 24.4 0
53.8 22.5 0
95 28.8 0
65 28.8 0
115 28.8 4
100 28.8 0
70 28.8 0
55 26.3 0
52.5 26.3 0
85 26.3 0
70.4 1.15 0
104 27.5 4
86.9 4.83 0
84.8 5.38 0
111 27.5 4
65 26.3 0
57.5 16.3 0
59.4 16.9 0
81.3 17.5 0
82.5 16.3 0
58.8 27.5 0
61.3 27.5 0
62.5 26.3 0
72.5 26.3 0
74.4 26.9 0
113 23.8 0
116 20.6 0
115 22.2 0
119 10.3 0
52.5 16.3 0
108 26.3 4
106 26.9 4
119 19.7 0
81.9 24.4 0
81.9 25.6 0
53.8 20 0
98.1 25.6 0
70 26.3 0
68.1 25.6 0
118 26.3 0
87.5 26.3 0
89.4 26.9 0
113 26.3 4
114 26.9 0
81.3 27.5 0
78.8 27.5 0
103 26.3 0
101 26.9 0
51.3 20 0
77.5 46.3 4
116 52.6 4
71.5 34.6 0
73.1 44.2 0
99 52.8 4
113 44.2 4
109 37 4
56.6 44.2 0
87 43.3 4
81.2 36.9 0
82.9 51.6 4
111 34.9 4
102 40.3 4
105 42.2 4
87 51.8 4
68.8 51.1 0
86.2 59.2 4
56.2 59.2 0
56.9 34.8 0
100 43 4
77.5 48.8 4
83.7 59.2 4
103 44.2 4
83.8 47.5 4
86.3 47.5 4
71.6 39.4 0
104 34.9 4
98.8 68.6 4
69.5 38.3 0
110 40 4
58.7 36.9 0
88.7 36.9 4
107 43.9 4
91.3 36.9 4
61.3 38.1 0
75.6 46.9 4
109 51.1 4
99.8 36.9 4
79.3 36.9 0
88.2 42.1 4
110 43 4
82.8 43.5 4
102 51.3 4
54.4 40.7 0
57.5 48.8 0
57.5 46.3 0
51.6 66 0
107 38.4 4
86.9 45.6 4
84.5 52.4 4
102 35.9 4
104 39.3 4
96.5 54.1 4
62 41.9 0
63.2 43.1 0
87.5 48.8 4
75.6 36.7 0
82.8 54.6 4
56.5 39.2 0
87.8 35.2 0
114 57.1 4
92 41.9 4
83.2 39.2 4
83.2 35.8 0
57.9 50.9 0
63.3 35 0
81.6 42.2 4
65.3 42 0
54.5 54.2 0
63.3 40 0
61.6 52.9 0
62.9 51.6 0
98.5 56.9 4
93.2 43.1 4
76.6 42.8 0
93.3 35 0
51.6 41 0
101 58.8 4
88.7 62 4
94.7 56.1 4
77.4 36.1 0
88.7 58 4
54.4 65.8 0
94.7 63.9 4
88.3 53 4
59.1 41.7 0
64 56.7 4
96.6 41.8 4
93.6 39.1 4
87 54.8 4
62.5 46.3 0
96.8 61.9 4
55.3 52.5 0
77.8 41.6 0
69.9 42 0
83.1 45.6 4
98.5 64.7 4
112 59.7 4
99.1 62 4
71.3 52.2 4
114 43.1 4
81.6 52.8 4
92.5 46.3 4
85.3 54.3 4
67.6 36.8 0
92.9 62.8 4
92.9 57.3 4
116 38.3 4
105 54.4 4
99.3 32.4 4
106 46.9 4
91 58.8 4
91 61.3 4
54.8 35.4 0
84.8 35.4 0
98.2 55.2 4
57 54.8 0
73.4 35.6 0
106 62.5 4
85.2 42.5 4
77.2 51.6 4
97 59.1 4
67.9 56.5 4
72.1 56.5 4
69 62.5 4
71.1 62.5 4
67.6 61.1 4
72.5 59 4
54.9 43.4 0
107 54.2 4
96.9 37.5 4
110 60.9 4
66.5 52.6 4
77.5 63.6 4
62.6 63.6 4
72.3 53.7 4
113 51.1 4
92.2 51 4
77.8 61.3 4
58.7 63.2 4
104 56.9 4
62.2 61.3 4
59.4 48.1 0
79.4 48.1 4
81.2 63.2 4
81.2 56.8 4
56.5 64.3 4
112 56.5 4
73.9 61.1 4
66.2 59 4
89.4 48.1 4
91 52.3 4
59.1 52.1 0
113 53.5 4
108 63.1 4
74.7 42 0
74.1 40.2 0
65.7 39.2 0
75.2 39.1 0
96.6 39.9 4
96.6 66 4
64.5 31.9 0
114 62.6 4
94.5 31.9 0
108 57.8 4
65.7 35.9 0
115 36 4
104 46.9 4
77.1 39.7 0
96.6 35.2 4
95.1 52.8 4
106 59.3 4
114 40.1 4
114 35 4
115 32.2 4
116 68.4 4
117 32.8 4
110 63.9 4
52.2 32.2 0
110 55.8 4
70 67.8 4
52.2 67.8 0
112 64.7 4
50.6 30.6 0
118 67.7 4
119 30.6 4
50.6 69.4 0
119 69.4 4
117 53.8 4
108 46.3 4
70 46.3 0
72.5 46.3 4
73.8 47.5 0
113 46.3 4
103 46.3 4
63.1 54.3 0
64.3 53.1 0
63.1 65.7 4
77 65.7 4
69.6 31.2 0
86.9 40.2 4
84.8 39.6 4
95 46.3 4
95 48.8 4
79.2 53.3 4
108 48.8 4
103 61.2 4
101 62.2 4
55.3 69.1 0
86.9 65.2 4
77.8 58.8 4
76.4 57.7 4
61.1 58.8 0
58.7 58 0
61.3 47.5 0
61.9 49.4 0
91.3 47.5 4
91.9 49.4 4
85.4 30.9 0
55.4 30.9 0
103 48.8 4
75.7 67 4
113 48.8 4
52.8 34.7 0
65 48.8 0
81.3 47.5 4
81.9 49.4 4
64.6 69.2 4
94.7 69 4
119 40.2 4
115 65.9 4
117 65.6 4
119 65.4 4
68.1 49.4 0
75.7 53.1 4
76.3 55 4
72.5 48.8 4
70.6 48.1 0
85.3 69.1 4
53.3 55.5 0
110 46.3 4
110 48.8 4
55 48.8 0
53.1 49.4 0
55 46.3 0
53.1 45.6 0
119 50 4
116 50 4
116 48.1 4
99.4 48.1 4
65 46.3 0
97.2 43.9 4
96.3 50.1 4
98.8 50.1 4
84.4 65.8 4
82.8 65.4 4
118 46.3 4
115 46.3 4
100 46.3 4
97.5 46.3 4
68.1 45.6 0
67.1 43.9 0
53.8 72.5 0
82.5 76.3 4
83.8 77.5 4
86.3 75 4
88.8 75 4
56.3 75 4
58.8 75 4
56.3 77.5 4
87.5 78.8 4
88.8 77.5 4
58.8 72.5 4
81.3 77.5 4
82.5 78.8 4
68.6 72.6 4
54.4 70.6 0
84.4 70.6 4
83.1 74.4 4
85.6 76.9 4
101 72.6 4
91.6 77.2 4
77 95.7 4
57 81.8 4
89.4 73.1 4
82.9 81.6 4
87 81.8 4
56.2 89.2 4
86.2 89.2 4
83.7 89.2 4
70.8 76.3 4
100 76.4 4
109 76.3 4
92.8 78.4 4
94.6 77.2 4
115 77.2 4
51.6 96 4
77.6 75.5 4
103 91.2 4
96.5 84.1 4
98.3 84.4 4
114 87.1 4
62.8 78.4 4
75.8 75.6 4
61.6 82.9 4
96.8 78.8 4
101 88.8 4
92.5 75.6 4
88.7 92 4
94.7 86.1 4
103 87.8 4
62.5 75.6 4
84.4 95.8 4
116 75.6 4
94.7 93.9 4
88.3 83 4
78.9 91.3 4
68.8 81.1 4
73.4 84 4
92.9 94.3 4
87 84.8 4
86.9 95.2 4
55.3 82.5 4
85.3 82.5 4
58.3 83 4
112 89.7 4
99.1 92 4
98.5 95.6 4
75.3 82.3 4
81.2 92 4
68.1 78.8 4
113 78.8 4
58.7 92 4
81.6 82.8 4
61.1 88.8 4
88.7 86.8 4
104 76.3 4
96.9 80.8 4
91.9 86 4
105 84.4 4
91 88.8 4
79.2 78 4
56.9 95.2 4
106 92.5 4
97 89.1 4
72.1 86.5 4
71.1 92.5 4
66.5 87.9 4
73.5 87.9 4
67.6 91.1 4
107 84.2 4
55.2 95.6 4
64.4 74.8 4
110 90.9 4
66.5 82.6 4
62.6 86.5 4
77.5 93.6 4
94.4 74.9 4
91.9 91.3 4
92.2 81 4
77.8 88.8 4
71.3 82.2 4
65.6 76.8 4
58.7 86.8 4
83.3 85.5 4
74.5 76.8 4
119 74.7 4
99.9 83.3 4
73.3 78.8 4
81.2 86.8 4
113 81.1 4
112 86.5 4
99.4 86.6 4
95.4 98.3 4
104 89.2 4
69 86.2 4
69 93.9 4
73.9 91.1 4
91 82.3 4
84.9 85.2 4
101 92.2 4
95.9 90.9 4
113 83.5 4
103 81.3 4
108 93.1 4
103 78.8 4
82 94.9 4
108 88.9 4
114 92.6 4
95.1 82.8 4
78 79.2 4
78 80.8 4
79.2 82.1 4
95.7 95.7 4
116 98.4 0
51.9 71.9 0
110 85.8 4
112 93.7 4
70 97.8 4
110 94.9 4
52.2 97.8 4
118 72.5 4
118 97.7 0
50.6 99.4 4
50.6 70.6 0
119 99.4 0
119 70.6 4
81.3 72.5 4
85 73.8 4
52.8 84.6 4
105 96 4
57.5 78.8 4
117 81.3 4
77.8 84.8 4
76 86.7 4
63.3 80.8 4
63.1 95.7 4
55.3 99.1 4
109 81.1 4
108 78.8 4
62.2 91.3 4
63.7 92.3 4
57 84.8 4
54.9 85.2 4
64.3 97 4
64.6 99.2 4
115 70.9 4
94.7 70.9 4
115 95.9 0
117 95.6 0
119 95.4 0
64.7 70.9 4
75.3 73 4
116 82.6 4
63.1 84.3 4
65 83.7 4
85.3 99.1 4
53.8 75 4
59.4 76.9 4
60.8 76.7 4
117 83.8 4
75.7 97 4
51.3 75 4
165 18.8 4
164 22.5 4
165 16.3 4
133 4.83 0
166 21.9 4
133 9.08 0
148 4.73 0
148 10.2 0
126 6.88 0
158 22.1 4
146 12 0
124 25 0
162 24.4 4
159 18.4 4
144 21.3 0
131 8.28 0
131 6.73 0
126 11.4 0
139 21.3 0
139 18.8 0
132 9.33 0
143 23.8 4
151 8.18 0
137 22.5 0
148 22.5 0
150 17.5 0
134 21.3 0
151 21.3 4
140 28.8 4
122 28.1 4
122 1.88 0
159 6.88 0
162 14.2 4
163 4.88 0
144 18.8 0
135 18.8 0
165 10.7 0
137 6.88 0
133 23.8 0
153 17.5 4
148 17.5 0
135 11.5 0
153 23.8 4
135 7.98 0
143 7.03 0
155 11.9 0
158 24.2 4
161 13 0
152 13.8 0
155 18.1 4
162 25.6 4
159 11.6 0
146 9.08 0
158 20.5 4
130 22.9 0
155 22.9 4
146 5.95 0
139 6 0
165 12.5 4
124 17.5 0
124 12.5 0
157 14.1 0
150 11.8 0
138 11.8 0
157 15.9 4
139 8.95 0
129 13.9 0
152 6.75 0
142 11.8 0
133 16.3 0
131 18.4 0
126 17.2 0
129 19.8 0
156 19.8 4
128 19.8 0
131 4.9 0
147 14.1 0
132 14.2 0
145 8.13 0
142 9.58 0
127 15.9 0
128 9.68 0
128 5.33 0
156 1.9 0
141 5.13 0
130 12 0
168 2.23 0
140 1.9 0
168 28.1 4
121 29.4 4
121 0.625 0
169 29.4 4
169 0.625 0
123 3.75 0
124 2.5 0
168 23.8 4
169 20.6 4
168 26.3 4
161 22.5 4
161 17.5 4
163 16.3 4
150 1.15 0
130 28.8 4
135 28.8 4
121 10 0
124 10 0
124 7.5 0
145 28.8 4
121 20 0
150 28.8 4
164 26.9 4
165 28.8 4
162 9.83 0
163 7.5 0
158 26.3 4
159 26.9 4
161 27.5 4
135 26.3 4
123 6.25 0
133 26.3 4
126 21.7 0
134 0.825 0
146 3.05 0
146 0.85 0
157 5.03 0
154 5.85 0
157 9.98 0
154 9.13 0
123 13.8 0
123 16.3 0
166 4.35 0
167 4.73 0
139 14.1 0
137 16.3 0
141 14.1 0
143 16.3 0
154 27.5 4
165 0.875 0
153 26.3 4
151 26.9 4
169 10.4 4
156 27.5 4
166 20 4
164 20 4
161 20 4
124 27.5 4
167 15.6 4
124 20 0
140 26.3 4
138 25.6 4
147 25.6 4
143 26.3 4
144 26.9 4
126 27.5 4
127 24.2 0
130 26.3 4
128 26.3 0
141 67.4 4
140 42.2 4
136 42.2 4
149 42.2 4
133 43.9 4
151 52.7 4
142 43.9 4
137 34.8 4
144 67.4 4
138 44.2 4
147 44.2 4
148 40.3 4
136 58.9 4
164 60.7 4
121 40 4
135 46.3 4
122 31.9 4
164 47.5 4
166 47.5 4
163 40.3 4
149 61.3 4
146 31.7 4
139 31.7 4
154 56.7 4
125 46.3 4
134 68.6 4
135 38.3 4
131 56.7 4
150 36.9 4
163 54.6 4
141 38.3 4
144 36.8 4
152 42.7 4
145 56.3 4
125 48.8 4
145 52.5 4
146 63.8 4
144 41.9 4
151 63.1 4
164 52.4 4
148 52.5 4
148 57.5 4
139 35.8 4
146 35.8 4
165 40.7 4
165 34.4 4
163 44.2 4
139 54.1 4
139 39.3 4
146 39.3 4
130 42 4
149 35.1 4
162 37.5 4
153 60.9 4
153 59.1 4
128 35 4
134 63 4
128 40 4
136 40 4
141 63.5 4
151 57.8 4
162 50.8 4
161 58 4
162 35.2 4
164 65.8 4
130 63.9 4
154 42.9 4
157 64.3 4
157 55.8 4
128 64.3 4
128 55.8 4
138 51.4 4
152 64.9 4
152 55.1 4
159 58.8 4
153 66 4
163 46.3 4
134 64.8 4
124 42.5 4
132 58.2 4
134 58 4
155 62.4 4
141 57.7 4
134 54.4 4
164 42.6 4
123 64.4 4
126 42.8 4
165 54.3 4
161 63.2 4
151 32.4 4
134 32.4 4
163 64.4 4
154 52.5 4
159 41.6 4
136 62.3 4
158 61.3 4
132 60.9 4
152 38.3 4
133 36.8 4
158 51 4
135 53.5 4
157 44.1 4
161 52 4
165 69.1 4
161 41.7 4
159 52.3 4
131 39.2 4
143 62.4 4
143 57.6 4
131 35.9 4
129 31.9 4
132 54 4
154 54.3 4
138 49.4 4
131 65.7 4
168 32.3 4
130 52.7 4
168 67.6 4
121 30.6 4
169 30.6 4
121 69.4 4
169 69.4 4
123 48.8 4
123 46.3 4
124 32.5 4
121 65 4
123 61.3 4
138 46.3 4
145 46.3 4
167 49.4 4
123 43.8 4
138 58.9 4
139 61.1 4
143 46.3 4
135 48.8 4
126 61.3 4
124 61.9 4
126 58.8 4
157 35 4
154 35.9 4
157 37.5 4
158 48.8 4
159 47.5 4
167 45.6 4
139 47.5 4
141 47.5 4
158 46.3 4
156 47.5 4
167 54.8 4
153 46.3 4
154 47.5 4
163 48.8 4
161 47.5 4
152 50.7 4
126 38.1 4
165 30.9 4
128 44.1 4
128 51 4
169 40.4 4
143 51.3 4
130 69 4
169 65.4 4
123 33.8 4
123 56.3 4
123 67.5 4
150 46.3 4
148 45.6 4
148 49.4 4
123 36.3 4
124 40 4
124 37.5 4
150 68.8 4
126 53.5 4
124 57.5 4
123 59.4 4
157 40 4
155 40.1 4
153 48.8 4
151 48.1 4
128 46.3 4
128 48.8 4
143 48.8 4
144 48.1 4
124 52.5 4
123 54.4 4
131 50.1 4
134 50.1 4
131 48.1 4
133 46.3 4
130 46.3 4
164 72.5 4
163 73.8 4
166 77.5 4
141 97.4 0
169 75.6 4
164 70.6 4
163 75.6 4
164 78.1 4
141 72.5 4
144 72.5 4
136 72.5 4
149 72.5 4
124 82.5 4
144 97.4 0
126 91.3 0
164 89.2 0
150 76.3 4
151 82.7 0
155 77.2 4
149 91.3 0
135 77.5 4
154 93.4 0
134 98.6 0
163 84.6 0
145 93.7 0
146 83.8 0
148 88.7 0
139 76.3 4
146 86.3 0
151 93.1 0
164 82.4 0
134 82.8 4
145 77.5 4
132 78.8 4
139 84.1 4
137 81.4 4
153 78.8 4
135 91.1 0
135 88.9 0
153 90.9 0
147 78.8 4
162 80.8 4
159 78 4
131 76.7 4
147 81.2 0
127 75.5 4
129 75.5 4
130 93.9 0
130 86.1 4
156 75.6 4
157 94.3 0
157 85.8 0
134 94.8 0
134 85.3 4
132 91.9 0
132 88.2 0
155 87.6 0
140 93.5 0
141 87.7 0
124 91.9 0
143 78.8 4
138 78.8 4
128 92.8 0
150 86.5 0
154 89.1 0
142 81.3 4
154 82.5 0
157 74.8 4
153 80.7 0
158 79.2 4
127 79.2 4
127 81 4
158 81 0
135 93.2 0
135 86.8 0
161 82 0
151 95.3 0
151 84.8 0
159 82.3 0
126 82.3 4
144 91.2 0
132 80.7 4
123 84.4 4
154 95.7 0
154 84.3 0
143 88.8 0
131 82.5 4
131 84.3 4
168 97.6 0
122 98.1 0
122 71.9 4
121 99.4 0
121 70.6 4
169 99.4 0
169 70.6 4
168 72.5 4
168 78.8 4
166 75 4
121 95 0
123 91.3 0
124 75 4
121 75 4
161 72.5 4
161 77.5 4
163 78.8 4
150 98.8 0
138 88.9 0
138 91.1 0
127 88.8 4
127 86 4
124 87.5 4
123 86.3 4
124 72.5 4
159 91.3 0
161 92 0
159 88.8 0
161 88 0
164 95.8 0
163 95.4 0
132 96 0
130 70.9 4
169 95.4 0
123 88.8 4
124 95 0
124 96.9 0
165 99.1 0
124 78.1 4
126 76.7 4
123 78.8 4
130 99 0
123 81.3 4
167 84.8 0
165 85.2 0
182 10.2 4
184 10.2 4
187 16.3 4
190 7.5 4
194 21.3 4
194 18.8 4
185 12.1 4
189 21.3 4
189 18.8 4
192 23.8 4
193 16.3 4
184 4.75 4
198 23.8 4
188 23.8 4
191 1.65 4
200 21.3 4
180 28.8 4
185 28.8 4
187 6.75 4
180 6.73 4
195 9.8 4
181 12.1 4
191 10.3 4
187 13.9 4
174 20.6 4
190 5 4
191 12.2 4
175 11.9 4
181 5.03 4
177 13.8 4
183 14.1 4
193 26.3 4
177 7.48 4
178 26.3 4
193 14.2 4
173 2.53 4
175 4.93 4
176 9.13 4
180 23.2 4
178 20.8 4
199 11.3 4
172 28.1 4
171 0.625 0
171 29.4 4
196 27.5 4
175 26.3 4
190 28.8 4
175 28.8 4
199 27.5 4
198 26.3 4
195 12.9 4
180 26.3 4
182 25.6 4
185 2.9 4
195 2 4
194 27.5 4
171 19.6 4
177 17.6 4
186 26.9 4
171 10.3 4
190 26.3 4
188 25.6 4
173 26.3 4
175 18 4
186 67 4
196 65.6 4
179 52.7 4
188 43.9 4
185 42.1 4
189 38.2 4
182 40.3 4
197 34.1 4
175 56.6 4
187 36.8 4
191 31.7 4
200 39.9 4
180 38.3 4
176 63.4 4
179 68.5 4
177 43.9 4
190 48.8 4
184 53.9 4
178 54.2 4
192 44.2 4
184 31.8 4
200 35.3 4
184 35.8 4
177 50.7 4
184 39.3 4
189 41.9 4
175 42 4
180 41.8 4
188 55 4
181 35.1 4
186 53.6 4
178 46.3 4
197 44.2 4
197 53.8 4
192 63.2 4
179 57.8 4
191 54.3 4
197 51.2 4
176 54.8 4
179 32.4 4
180 61 4
196 39.7 4
177 59.1 4
177 60.9 4
188 60.5 4
198 41.8 4
178 36.8 4
188 49.4 4
181 57.4 4
182 56.3 4
191 60.5 4
187 50.9 4
190 52.4 4
176 39.2 4
175 35 4
187 58.4 4
174 31.9 4
186 63.1 4
177 65.9 4
175 52.7 4
193 50.7 4
193 57.3 4
174 68 4
172 65.5 4
173 32.5 4
198 60.7 4
190 68.2 4
173 67.4 4
171 30.6 4
171 69.4 4
195 32.4 4
178 48.8 4
179 48.1 4
193 46.3 4
183 61 4
184 58.8 4
194 52.9 4
193 55.5 4
198 48.8 4
200 67.8 4
194 61.2 4
196 59 4
191 65.2 4
179 64.7 4
180 63.1 4
193 48.8 4
171 40.3 4
173 48.8 4
180 46.3 4
190 46.3 4
188 45.6 4
173 46.3 4
185 48.8 4
185 46.3 4
194 46.9 4
191 40.3 4
194 39.3 4
176 47.5 4
174 47.5 4
182 49.4 4
181 51.2 4
182 45.6 4
183 44.1 4
196 47.5 4
191 76.3 4
200 76.3 4
175 93.4 0
185 97.3 0
194 76.3 4
179 76.3 4
192 78.8 4
178 95.7 0
198 78.8 4
197 87.7 4
198 81.3 4
188 78.8 4
189 80.9 4
197 83.9 4
190 95.6 4
177 78.8 4
180 91.3 0
175 86.1 0
179 87.1 4
196 93.5 4
192 86.8 4
179 92.2 0
185 92.3 4
186 84.5 4
175 78 4
179 84.5 4
194 97.2 4
176 95.2 0
199 92.7 4
180 89 0
183 81.4 4
177 91 0
180 83.6 4
193 94.5 4
182 93.8 0
171 74.6 4
199 87.5 4
193 83.8 4
190 88.6 4
188 83.4 4
191 80.9 4
175 75.1 4
188 93.9 4
189 98.3 4
183 78.8 4
176 89.1 0
195 88.9 4
177 80.8 4
177 84.9 4
195 92.2 4
188 92.2 4
176 82.5 4
191 84.8 4
193 92.7 4
172 95.5 0
172 72.4 4
173 97.4 0
171 99.4 0
171 70.6 4
181 72.5 4
180 98.8 0
188 89.5 4
184 76.3 4
175 99 0
175 70.9 4
191 72.5 4
184 88.9 4
184 86.9 4
186 72.5 4
1.93 98.8 0
0.85 97.6 0
2.23 1.65 0
103 1.25 0
96.3 1.1 0
102 97.2 4
97.1 99.3 4
197 1.18 4
196 98.6 4
1.15 2.8 0
100 3.05 0
96.4 3.1 0
99.6 97.2 4
198 96.3 4
36.9 28.8 0
16.9 28.8 0
16.9 1.25 0
13.1 28.8 0
47.5 23.1 0
47.5 18.1 0
48.8 16.9 0
47.5 24.4 0
49.4 26.3 0
18.8 29.4 0
20.6 27.5 0
5.63 28.8 0
18.8 0.625 0
33.1 28.8 0
49.4 25 0
20 29.4 0
22.6 3.15 0
47 12.6 0
46.1 2.48 0
33.2 2.65 0
42.4 3 0
20.6 1.25 0
23.8 1.9 0
6.33 2.3 0
7.85 3.25 0
27.1 3.25 0
39.4 2.5 0
40.6 2.5 0
12.4 3.15 0
37.2 3.45 0
25.1 1.9 0
6.25 26.9 0
11.3 29.4 0
8.75 29.4 0
38.8 29.4 0
48.8 21.9 0
47.5 19.4 0
47.5 14.4 0
26.3 28.1 0
43.8 28.1 0
14.4 2.5 0
31.4 2.7 0
3.75 29.4 0
49.2 3.93 0
41.3 29.4 0
48.8 6.25 0
47.9 9.13 0
48.2 11.4 0
31.3 28.1 0
22.5 26.9 0
18.1 31.3 0
46.2 58.6 0
48.8 46.9 0
48.8 48.1 0
47 52.4 0
6.88 68.6 0
6.33 32.3 0
37.8 67.2 0
39.4 32.5 0
48.2 33.6 0
12.4 33.2 0
42.2 32.8 0
36.5 68.4 0
47 42.7 0
48.3 53.6 0
37.2 33.5 0
43.8 32.4 0
42.2 67.2 0
25.9 33.1 0
1.25 66.8 0
22.2 67.2 0
40.6 32.5 0
35.9 32.2 0
11.2 31.9 0
22.6 33.2 0
11.2 68 0
39.4 67.5 0
31.7 66.4 0
28.3 66.4 0
20.6 67.5 0
40.6 67.5 0
13.3 60.8 0
9 61.8 0
8.35 65.3 0
10.1 65.6 0
48.7 60.1 0
48.7 61.3 0
14.4 31.3 0
16.3 30.6 0
20.6 32.5 0
47.5 50.6 0
1.38 32.8 0
18.3 65.2 0
25.6 66.3 0
31.4 32.7 0
4.08 32 0
47.5 56.6 0
17.1 61.4 0
47.5 44.4 0
3.13 67.6 0
44.3 68.3 0
46.3 68.2 0
8.75 32.1 0
47.4 36.9 0
46.5 63.6 0
34 67.1 0
9.03 68.3 0
19 63.3 0
33.9 31.9 0
47.8 39.2 0
48.2 41.4 0
13 64.9 0
18.1 68.8 0
16.5 65.8 0
14.4 68.8 0
13.4 66.5 0
16.3 69.4 0
45.6 72.5 0
48.8 76.9 0
31.4 73.8 0
37.6 73 0
47 82.4 4
12.6 73.1 0
6.88 98.6 0
18.1 71.3 0
8.68 73.4 0
10.1 71.9 0
11.3 71.9 0
22.4 73.1 0
8.4 97.6 0
9.93 98 0
11.2 98 0
36.4 71.8 0
46.5 93.6 4
12.4 96.8 0
27.3 96 0
31.7 96.4 0
47.5 74.4 0
47.5 87.9 4
39.4 71.3 0
48.8 80.6 4
16.9 71.3 0
3.13 72.5 0
49.4 78.8 4
41.3 70.6 0
18.1 98.8 0
20.6 72.5 0
44.3 98.3 4
46.3 98.2 4
14.4 97.5 0
48.7 86.1 4
38.6 98 0
21.4 98 0
41.4 98 4
25.8 72.2 0
23.7 71.9 0
33.4 72.6 0
14.4 72.5 0
47.5 90.6 4
5.73 72.5 0
25.4 97.8 0
16.9 98.8 0
49.1 84 4
34.2 98.6 0
36.1 99.2 0
51.6 3.43 0
56.3 28.1 0
83.8 28.1 0
52.8 9.7 0
52.5 14.4 0
108 2.93 0
52.8 12.8 0
64.2 1.1 0
94.2 1.1 0
91.9 28.8 0
60.6 2.5 0
117 23.6 0
83.8 2.4 0
61.3 29.4 0
66.8 2.65 0
62.8 3.45 0
114 3.08 0
87.6 2.95 0
74.1 3.05 0
117 5.65 0
56.3 1.7 0
119 4.08 0
65.5 1.1 0
89.4 2.5 0
106 0.875 0
119 5.33 0
76.9 28.8 0
108 28.8 4
51.3 26.9 0
51.3 23.1 0
98.8 28.1 0
96.3 28.1 0
68.8 28.1 0
66.3 28.1 0
116 28.1 4
73.1 28.8 0
68.6 2.7 0
103 28.8 0
112 28.8 4
58.8 29.4 0
91.7 2.35 0
52 5.78 0
119 24.4 0
54.3 1.63 0
78.4 2.2 0
81.4 2.03 0
58.5 2.1 0
118 13.4 0
118 16.6 0
118 9.05 0
118 11.2 0
107 28.8 4
51.3 16.9 0
88.1 28.8 0
118 20.8 0
118 18.7 0
119 26.3 4
81.3 29.4 0
78.8 29.4 0
52.5 19.4 0
52.5 18.1 0
106 33.4 4
51.6 53.4 0
116 56.9 4
52.8 39.7 0
105 30.9 4
99.8 67.2 4
102 32.9 4
103 65.9 4
119 53.8 4
53.8 67.6 0
118 44.4 4
53.3 63.8 0
53.8 32.4 0
111 31.8 4
104 30.9 4
73.2 32.7 0
96 33.1 4
57.6 33 0
87.6 33 0
65.9 33.1 0
118 34.1 4
118 38.3 4
117 42.2 4
108 66.4 4
116 62.7 4
59.4 32.5 0
89.4 32.5 0
76.1 69.2 4
71.7 66.4 4
68.3 66.4 4
118 59.3 4
114 33.1 4
110 69.1 4
118 60.6 4
111 69.1 4
52.1 51.4 0
119 55.7 4
106 68.7 4
105 68.7 4
119 46.9 4
51.3 46.9 0
51.3 48.1 0
109 32.2 4
119 51.3 4
52 43.6 0
78.3 32.4 0
68.6 32.3 0
70.8 31.9 0
50.8 33.9 0
81.4 32 0
75.9 32.2 0
74.7 32.2 0
84.3 31.6 0
86.3 31.7 0
61.6 32.2 0
91.6 32.2 0
78.6 68 4
118 36.1 4
74.2 68.6 4
65.4 67.8 4
63.5 68.4 4
91.6 67.8 4
88.5 67.9 4
96 68.3 4
93.8 68 4
61.4 68 4
58.5 67.9 4
81.4 68 4
113 67.3 4
118 64.6 4
119 48.1 4
84.3 68.3 4
86.3 68.2 4
51.2 36.3 0
52.5 60.6 0
51.2 57.4 0
53.1 71.3 0
86.9 72.5 4
81.9 71.3 4
88.1 71.3 4
58.1 71.3 4
56.3 71.9 4
71.4 73.8 4
51.6 83.4 4
99.9 73.9 4
116 86.9 4
52.8 94.8 4
77.8 97.2 4
53.8 97.6 4
62.4 73.1 4
60.6 72.5 4
82.2 97.2 4
93.8 98 4
66.4 73.5 4
118 73.7 4
116 92.7 4
110 99.1 0
79.4 97.5 4
68.3 96.4 4
111 99.1 0
80.6 97.5 4
53.1 77.5 4
108 72.6 4
85.6 72.5 4
51.9 78.8 4
52.1 81.4 4
103 72.6 4
106 72.6 4
52.5 90.6 4
111 72.6 4
119 81.9 4
91.5 72.2 4
118 75.8 4
91.6 97.8 4
108 97.7 0
118 89.3 4
118 90.6 4
76.4 71.8 4
65.4 97.8 4
118 78.6 4
88.5 97.9 4
61.4 98 4
58.5 97.9 4
114 72.2 4
116 71.9 4
95.8 72.2 4
93.7 71.9 4
113 97.3 0
118 94.6 0
73.4 72.6 4
84.3 98.3 4
86.3 98.2 4
78.5 72.1 4
51.2 87.4 4
52.5 75.6 4
119 85.7 4
119 83.8 4
72.9 97.5 4
76.5 98.4 4
121 26.9 4
168 18.1 4
149 2.85 0
121 24.4 0
126 2.5 0
139 28.1 4
128 3.45 0
169 3.93 0
167 8.5 4
126 29.4 4
153 3.25 0
157 3.15 0
137 3.55 0
129 2.2 0
142 3.25 0
158 28.8 4
121 3.13 0
123 1.25 0
169 23.1 4
169 16.9 4
169 26.9 4
131 28.1 4
136 28.1 4
122 8.75 0
149 28.1 4
146 28.1 4
164 28.1 4
162 28.8 4
121 6.88 0
135 2.13 0
133 1.65 0
144 2.7 0
147 1.7 0
121 13.8 0
121 16.3 0
153 28.8 4
166 1.68 0
164 1.75 0
159 2.5 0
169 6.25 0
131 1.93 0
157 28.8 4
168 19.4 4
124 29.4 4
123 22.5 0
123 20.6 0
162 2.13 0
168 13.5 4
123 31.3 4
140 66 4
167 51.5 4
140 32.9 4
145 66.2 4
122 63.8 4
122 38.8 4
169 48.8 4
144 33.2 4
157 33.2 4
164 67.6 4
149 33.2 4
136 33.2 4
159 32.5 4
153 67.6 4
167 36.5 4
136 66.5 4
169 34 4
121 50.6 4
131 33.1 4
153 33.3 4
167 63.6 4
157 66.8 4
156 31 4
156 69 4
169 54 4
169 35.2 4
155 31 4
155 69 4
123 51.3 4
121 48.8 4
121 46.3 4
169 58.6 4
166 61.3 4
169 59.9 4
121 61.9 4
169 46.9 4
169 50.6 4
121 43.8 4
124 68.1 4
159 67.5 4
164 31.6 4
166 31.7 4
161 32 4
169 56.1 4
168 39.2 4
168 41.4 4
127 67.8 4
131 68.3 4
129 68 4
121 58.1 4
121 33.1 4
121 56.9 4
121 53.1 4
121 36.9 4
149 67.6 4
151 68.1 4
127 32.2 4
168 43.5 4
161 68 4
166 88.6 0
169 90.1 0
165 71.9 4
169 91.3 0
140 73.8 4
145 73.8 4
140 96 0
135 73.8 4
150 73.8 4
167 81.5 4
123 71.3 4
147 96.3 0
121 83.8 4
121 86.3 4
135 97.2 0
153 97.6 0
131 73.4 4
156 99 0
155 99 0
169 78.8 4
168 74.4 4
122 96.3 0
121 91.9 0
122 76.3 4
162 71.3 4
152 97.3 0
168 83.6 0
156 71.9 4
127 97.8 0
154 72.2 4
168 94.2 0
168 96.3 0
121 88.1 4
169 80.6 4
123 98.8 0
164 98.3 0
166 98.2 0
167 86.6 0
158 72.2 4
127 72.2 4
158 97.8 0
161 98 0
121 78.8 4
131 98.3 0
129 98 0
121 81.3 4
177 24.4 4
199 29.4 4
174 28.1 4
179 28.1 4
186 28.1 4
184 0.875 4
190 2.8 4
185 17.6 4
172 21.2 4
177 3.25 4
173 22.8 4
185 22.6 4
180 17.6 4
182 16.3 4
195 7.75 4
183 23.8 4
175 0.95 4
174 0.95 4
197 28.8 4
191 28.1 4
179 2.3 4
193 1.65 4
193 28.8 4
195 5.38 4
186 1.15 4
171 24.4 4
173 15.6 4
172 3.78 4
172 5.95 4
172 9.05 4
172 11.2 4
175 22.8 4
176 21.2 4
171 26.3 4
181 2.03 4
173 17.4 4
172 13.4 4
194 42.6 4
199 33.4 4
184 65.6 4
173 56.4 4
180 67.1 4
190 32.8 4
193 31.7 4
200 30.9 4
187 33.2 4
173 63.6 4
181 33.2 4
171 50.6 4
192 34.4 4
200 48.1 4
173 51.6 4
197 38 4
196 63.1 4
177 33.3 4
173 44.4 4
174 38.4 4
173 42.5 4
176 67.3 4
171 55.4 4
171 54.1 4
171 59.4 4
188 66 4
171 60.6 4
197 58.6 4
198 56 4
193 33.2 4
195 67.2 4
194 67.2 4
190 37.2 4
192 66.7 4
172 33.8 4
172 36 4
171 48.8 4
171 46.9 4
192 39 4
197 45.6 4
177 97.5 0
172 76.2 4
188 97 4
183 96.1 0
173 92.1 0
194 99.3 4
176 73.4 4
173 79.4 4
191 97.7 4
171 89.4 0
171 90.6 0
184 73.8 4
172 81.6 4
179 98 0
181 97.6 0
173 77.8 4
178 73.8 4
172 83.9 4
190 73.8 4
198 72.5 4
193 72.5 4
196 72.5 4
172 86.6 0
197 16.3 4
197 12.6 4
199 18.9 4
1.53 97.6 0
99.6 0.9 0
99.4 99.3 4
200 98.8 4
2.15 97.6 0
3.08 1.65 0
3.13 97.6 0
95.5 1.1 0
104 1.25 0
103 97.2 4
96.3 99.3 4
199 3.53 4
196 1.18 4
196 98.6 4
43.8 22.5 0
45.6 21.9 0
17.5 3.75 0
13.8 27.5 0
31.5 4.58 0
1.38 4.68 0
13.5 22.2 0
42.9 10.3 0
17.5 25 0
1.58 10.3 0
3.43 4.68 0
30.6 7.53 0
20.8 21.7 0
0.45 7.5 0
4.05 2.8 0
22.8 23.4 0
0.525 18.8 0
38.5 22.2 0
0.525 21.3 0
13.2 18.1 0
30.8 18.8 0
4.48 18.8 0
4.48 21.3 0
12.2 23.4 0
33.3 16.3 0
30.8 21.3 0
32.5 13.5 0
37.2 23.4 0
20.9 17.2 0
44.4 26.9 0
31.6 9.35 0
2.5 22.5 0
43.1 4.88 0
42.9 13.4 0
22.6 7.5 0
2.5 17.5 0
0.95 12.2 0
5.63 8.23 0
32.8 22.6 0
33.8 27.5 0
39.1 18.4 0
44.5 10.7 0
45.5 4.35 0
27.4 17.6 0
12 16.9 0
7.7 17.6 0
27.4 22.6 0
37.6 20.5 0
4.68 10 0
21 12.8 0
15.6 26.9 0
41.7 12.2 0
22.2 14.1 0
13.1 11.9 0
22.2 15.9 0
33.3 4.53 0
25.6 26.9 0
7.7 22.6 0
16.9 10.6 0
18.1 10.6 0
34.5 21.8 0
19.4 16.9 0
34.9 17.2 0
17.5 23.8 0
11.5 14.1 0
12.6 20.6 0
25.6 21.8 0
23.6 5.95 0
23.6 9.05 0
11.4 5.95 0
28 12.8 0
26.5 11.8 0
33.9 12.4 0
44.5 12.5 0
6.7 13.9 0
36.6 12.8 0
9.48 12.9 0
18.1 14.4 0
18.1 15.6 0
36.6 15.9 0
39.3 8.13 0
37.8 11.6 0
27.6 6.8 0
7.45 8.23 0
2.5 26.3 0
3.15 14.2 0
34.6 8.28 0
34.6 6.73 0
33.4 9.38 0
21.7 20.1 0
19.4 13.1 0
4.85 13 0
19.4 1.88 0
29.9 12 0
34.9 20.1 0
9.28 5.85 0
26.5 9.93 0
26.5 5.13 0
35.2 1.1 0
8.63 9.88 0
10.3 0.95 0
37.1 9.68 0
37.1 5.33 0
48.6 1.43 0
48.8 28.8 0
6.88 25.6 0
10.6 28.1 0
9.38 28.1 0
39.4 28.1 0
16.3 2.5 0
46.9 20.6 0
41.9 20.6 0
41.9 19.4 0
40.6 18.1 0
35.6 26.9 0
36.9 25.6 0
43.1 15.6 0
44.4 16.9 0
0.625 29.4 0
24.4 29.4 0
45.6 29.4 0
18.1 19.4 0
41.3 8.13 0
19.4 21.9 0
11.9 25.6 0
15.6 21.9 0
29.6 1.15 0
4.38 28.1 0
23.1 25.6 0
15.6 8.13 0
41.9 24.4 0
12.4 7.5 0
42.5 26.3 0
16.3 12.5 0
25.8 18.5 0
25.3 20.2 0
9.3 18.5 0
44.7 0.875 0
28.1 25.6 0
18.1 5.63 0
19.4 6.88 0
40.6 28.1 0
47.9 5.18 0
47 10.1 0
29.4 29.4 0
15.6 18.1 0
16.3 20 0
31.9 25.6 0
30 26.3 0
45.6 16.9 0
46.9 15.6 0
39.9 22.3 0
11.4 9.05 0
9.78 20.2 0
9.43 21.8 0
17.5 58.8 0
18.8 47.5 0
16.3 57.5 0
32.5 43.5 0
8.75 47.5 0
11.3 47.5 0
1.9 44.2 0
31.5 34.6 0
3.63 40.3 0
38.5 37.5 0
31.5 40.5 0
38.8 47.5 0
6.7 43.9 0
42.8 34.7 0
30.8 42.3 0
1.4 35.7 0
4.85 43 0
43.7 59.2 0
17.5 53.8 0
22.6 37.5 0
12.4 37.5 0
42.4 37.5 0
29.5 36.8 0
5.63 38.2 0
28 42.8 0
42.8 43.5 0
44.4 34.3 0
6.08 56.9 0
22 41.9 0
35.1 53.7 0
36.3 55 0
36.3 65.1 0
23.2 43.1 0
45.2 40.7 0
11.8 40 0
23.3 35 0
43.2 39.2 0
41.6 42.2 0
25.3 42 0
16.9 49.4 0
16.9 50.6 0
9.43 56.7 0
21.6 52.9 0
22.9 51.6 0
36.6 42.8 0
15.6 48.1 0
14.4 48.1 0
5.63 52.7 0
4.43 35 0
0.575 40 0
13.1 45.6 0
23.6 39.1 0
13.1 58.8 0
9.75 42 0
26.7 54 0
36 63.4 0
33.4 54 0
36 56.7 0
6.3 54.3 0
45.3 52.5 0
37.8 41.6 0
13.1 49.4 0
42.5 48.8 0
22.2 61.3 0
22.2 58.8 0
31.3 52.2 0
1.53 57.5 0
4.45 61.3 0
0.55 61.3 0
2.5 52.5 0
14 42.8 0
42.5 62.7 0
27.6 36.8 0
7.45 38.2 0
0.225 56.5 0
5.75 62.2 0
1.88 49.4 0
12.1 57.3 0
12.8 44.1 0
42.5 57.3 0
45.2 42.5 0
37.2 51.6 0
38.4 52.9 0
27.9 56.5 0
32.5 61.1 0
31.1 57.6 0
32.5 59 0
32.5 48.8 0
33.8 47.5 0
27.5 48.8 0
15.6 51.9 0
23.7 62.3 0
23.7 57.7 0
12.8 51 0
37.8 58.8 0
43.3 64.4 0
7.5 51.5 0
0.625 53.2 0
16.9 44.4 0
43.3 55.5 0
45.4 30.9 0
5.05 65.3 0
29 63.9 0
31.1 63.9 0
26.2 61.1 0
26.2 59 0
14 52.3 0
49.1 65.4 0
44.9 55.2 0
15.6 43.1 0
25.4 34.9 0
34.7 42 0
34.1 34.9 0
34.1 40.2 0
25.7 39.2 0
35.2 36 0
35.2 39.1 0
9.7 40.1 0
8.25 58.2 0
37.1 35.3 0
37.1 39.7 0
24.6 69.2 0
24.7 31 0
40.8 53.3 0
8.45 54 0
9.03 52.5 0
7.93 60.9 0
30 68.9 0
48.5 31.5 0
48.5 68.5 0
15.6 31.9 0
47.5 48.8 0
5.63 48.1 0
6.88 49.4 0
36.9 45.6 0
1.88 45.6 0
28.1 45.6 0
23.7 55 0
25 53.7 0
23.7 65.1 0
29.6 31.2 0
16.9 45.6 0
5.05 33.1 0
25.6 46.9 0
25.6 48.1 0
18.1 34.4 0
19.4 33.1 0
4.38 48.1 0
46.6 55.6 0
11.4 36 0
9.28 35.9 0
42.7 50.2 0
43.1 45.6 0
27.5 51.1 0
4.78 57.8 0
19.4 66.9 0
4.38 66.8 0
45.2 67.4 0
38.9 62.5 0
19.4 56.9 0
18.1 55.6 0
20.6 46.9 0
9.65 33.1 0
46.5 35.9 0
44.8 64.7 0
35.1 66.3 0
9.93 67.3 0
36.9 49.4 0
34.7 33 0
23.1 49.4 0
46.9 40.2 0
13.2 62.9 0
6.88 45.6 0
35 47.5 0
31.9 45.6 0
30 46.3 0
46.9 45.6 0
45 46.3 0
40.6 46.9 0
19.4 51.9 0
30 47.5 0
18.1 35.6 0
15.6 38.1 0
45 47.5 0
23.1 45.6 0
16.9 40.6 0
19.4 36.9 0
18.1 40.6 0
18.8 42.5 0
15.6 68.1 0
17.5 81.3 0
42.5 78.8 0
29.3 71.3 0
44.4 70.6 0
43.1 75.6 0
45.6 76.9 0
44.4 76.9 0
43.1 74.4 0
0.625 71.3 0
16.3 82.5 0
21.6 77.2 0
17.5 80 0
4.48 76.3 0
42.9 81.6 0
21.1 91.3 0
21.1 88.8 0
0.525 76.2 0
43.7 89.2 4
30.8 76.3 0
17.5 86.3 0
3.48 91.3 0
1.53 88.7 0
1.53 91.3 0
3.48 88.7 0
2.5 77.5 0
8.23 78.8 0
19.4 76.9 0
6.08 93.1 0
23.7 85 0
35.1 83.7 0
36.3 85 0
25 83.7 0
35.5 77.2 0
42.8 84.6 0
24.6 77.2 0
22.8 78.4 0
22.9 81.6 0
9.43 93.4 0
9.95 77.9 0
5.63 97.3 4
14.2 77.9 0
12.6 75.5 0
13.1 91.3 0
13.1 88.8 0
28.8 81.1 0
26.7 84 0
33.4 84 0
36 86.7 0
6.3 95.8 0
45.3 82.5 0
37.5 74.7 0
16.3 92.5 0
16.9 94.4 0
41.6 82.8 0
27.4 77.6 0
35.7 74.7 0
45.3 84.3 4
12.1 92.8 0
12.1 87.3 0
32.8 77.6 0
37.2 81.6 0
38.4 82.9 0
27.9 86.5 0
32.1 86.5 0
27.9 93.5 0
33.5 87.9 0
31.1 92.5 0
32.5 91.1 0
26.5 92.1 0
10.3 87.6 0
24.4 74.8 0
22.6 74.8 0
18.1 94.4 0
13 79.2 0
23.7 87.7 0
12.8 81 0
15.6 78.1 0
38.9 92.5 0
2.5 82.5 0
41.2 93.2 0
41.2 86.8 0
5.05 84.8 0
7.5 81.5 0
4.38 83.2 0
26.2 89 0
14 82.3 0
49.1 95.4 4
9.78 75.1 0
44.8 94.7 4
8.25 91.9 0
42 94.9 4
30 98.9 0
24.6 99.2 0
38 79.2 0
8.45 96 4
8.5 84.9 0
9.03 82.5 0
7.93 89.1 0
48.5 98.5 4
48.8 71.3 0
47.5 72.5 0
46.9 75.6 0
46.2 89.2 4
18.1 89.4 0
19.4 88.1 0
41.3 77.5 0
4.48 73.8 0
15.6 88.1 0
18.1 90.6 0
19.4 91.9 0
48.1 79.4 0
22.3 95.3 0
22.6 93.6 0
37.8 95.3 0
37.5 93.6 0
40.6 71.9 0
4.78 87.8 0
21.6 82.9 0
45.2 97.4 4
38.9 87.5 0
32.5 81.1 0
19.4 83.1 0
18.1 84.4 0
15.6 96.9 0
39.2 96.7 4
35.3 73 0
20.8 96.7 0
40.8 96.7 4
24.9 73.1 0
39.9 77.3 0
19.4 96.9 0
19.4 73.1 0
18.8 75 0
47.9 85.1 4
15.6 73.1 0
35.3 97.8 0
16.9 75.6 0
87.5 18.8 0
87.5 20 0
88.8 17.5 0
56.9 20.6 0
81.9 19.4 0
81.9 20.6 0
84.4 16.9 0
54.4 21.9 0
84.4 21.9 0
55.6 21.9 0
85.6 21.9 0
55.6 16.9 0
85.6 16.9 0
57.5 25 0
86.9 24.4 0
89.4 21.9 0
68.5 4.58 0
61.6 22.2 0
75.6 26.9 0
68.5 10.5 0
75.5 22.2 0
59.4 23.1 0
69.4 7.53 0
101 6.98 0
90.8 21.7 0
56.9 15.6 0
86.9 15.6 0
80.6 18.1 0
80.6 21.9 0
83.1 15.6 0
99.2 4.93 0
70.8 18.8 0
109 7.58 0
103 23.8 0
70.8 21.3 0
108 4.83 0
105 17.6 0
77.2 23.4 0
105 22.6 0
99.9 22.6 0
101 29.4 4
70.6 29.4 0
85.6 29.4 0
55.6 26.9 0
54.4 29.4 0
61.5 7.5 0
110 17.6 0
110 22.6 0
78.7 8.13 0
107 16.3 0
98.8 9.28 0
58.7 6.88 0
87.4 7.5 0
108 23.8 4
99.9 17.6 0
115 23 0
72.8 22.6 0
66.8 16.3 0
79.2 21.7 0
79.1 18.4 0
76.9 25.6 0
104 7 0
90.9 18.4 0
57 13.3 0
54.4 10.7 0
84.4 10.7 0
84.4 4.28 0
57.5 26.3 0
109 12.2 0
68.1 23.8 0
86.6 14.2 0
108 25.6 4
109 26.9 4
102 16.3 0
61.8 18.1 0
86.9 25.6 0
72.8 17.6 0
113 16.3 0
108 9.3 0
110 1.18 0
96.8 16.3 0
98 23.8 0
75.3 18 0
64.4 8.28 0
64.4 6.73 0
55.2 4.35 0
83.3 14.2 0
56.5 9.15 0
86.5 9.15 0
57.8 5.23 0
66.7 4.53 0
66.7 10.5 0
81.2 8.13 0
105 10 0
105 5.28 0
104 11.9 0
97.7 13.4 0
65.1 23 0
63.3 24.2 0
95.6 26.9 0
102 12.7 0
72.9 13.9 0
62.5 20.6 0
82 9.85 0
82 5.15 0
58.2 12.1 0
64.3 20.6 0
113 13.9 0
77.7 5.33 0
77.7 9.68 0
63.6 13.9 0
74.4 12.9 0
77 16.8 0
114 12.9 0
78.4 20.1 0
101 11.9 0
94.2 20.6 0
65.2 17.2 0
73.2 7.53 0
54.4 12.6 0
90.8 6.88 0
93.3 24.2 0
107 14.2 0
75.7 19.7 0
105 2.13 0
62.6 6.1 0
62.6 8.9 0
66.9 14.2 0
91.7 20.1 0
95.1 23 0
115 17.2 0
62.2 11.6 0
92.2 11.6 0
95.2 17.2 0
84.9 13.4 0
79 11.6 0
116 19.8 0
93.5 12.8 0
63.4 15.9 0
76.5 14.1 0
112 8.25 0
71.9 25.6 0
50.8 10.5 0
103 25.6 4
89.1 11.7 0
63.1 25.6 0
111 26.9 4
96.3 12.3 0
60.6 28.1 0
93.4 15.9 0
69.8 13.1 0
80.8 11.7 0
90.6 26.9 0
85.4 0.85 0
115 10.1 0
74.6 10.1 0
93.1 25.6 0
115 4.95 0
74.7 4.93 0
95.7 8.28 0
65.5 13.1 0
96.8 9.33 0
91.9 5.48 0
94.9 5.95 0
75.3 0.95 0
93 9.68 0
96.2 4.98 0
115 0.95 0
118 1.58 0
51.4 1.4 0
119 28.8 4
51.3 28.8 0
54.4 16.9 0
56.9 19.4 0
82.5 23.8 0
52.5 23.8 0
53.1 15.6 0
94.4 29.4 0
64.4 29.4 0
114 29.4 4
53.1 25.6 0
84.4 26.9 0
82.5 26.3 0
104 26.9 4
116 26.9 4
70.4 1.15 0
86.5 5.85 0
65.6 26.9 0
58.8 17.5 0
59.4 28.1 0
91.1 3.6 0
73.8 27.5 0
52.8 4.68 0
112 25.6 4
112 23.8 0
55.2 2.48 0
79 3.45 0
80.8 3.28 0
59.1 3.35 0
117 14.1 0
117 15.9 0
117 9.98 0
106 27.5 4
117 19.8 0
99.4 26.9 0
97.5 26.3 0
69.4 26.9 0
67.5 26.3 0
118 25.6 4
88.8 27.5 0
80.6 28.1 0
79.4 28.1 0
50.6 20.6 0
71.9 44.2 0
103 43.3 4
78.8 47.5 4
56.6 50.9 0
101 42.2 4
57 43.3 0
110 37.6 4
86.6 44.2 4
81.2 38.1 0
76.9 45.6 4
76.4 43.9 4
86.6 50.9 4
82.5 60 4
57.5 60 0
87.5 60 4
56.9 40.2 0
86.9 34.8 4
101 37.6 4
102 34.8 4
107 45.6 4
71.9 45.6 0
85 48.8 4
85 47.5 4
112 44.2 4
69.5 36.8 0
111 39.3 4
57.4 37.5 0
88.7 38.1 4
61.3 36.9 0
91.3 38.1 4
58.2 42.1 0
79.3 38.1 0
82 35.2 0
82 39.9 4
70.2 43.1 0
83.3 50.8 4
106 37 4
54.4 34.3 0
56.9 49.4 0
99.6 52 4
56.9 45.6 0
78.9 41.4 4
70.5 35 0
87.5 46.3 4
102 39.3 4
111 35.9 4
99.7 31.2 4
108 42.7 4
98.3 54.4 4
86.9 49.4 4
55.2 40.7 0
85.2 34.4 0
83.3 44.2 4
87.8 39.8 4
56.5 35.9 0
70.5 40.1 0
73.3 34.5 0
106 41.9 4
84.5 54.2 4
105 40 4
105 35.3 4
112 45.6 4
113 57.9 4
58.8 47.5 0
98.8 63 4
109 41.9 4
103 45.6 4
63.5 44.1 0
99.4 69.3 4
61 41.6 0
103 57.8 4
91 41.6 4
116 51.9 4
78.9 61.3 4
78.9 58.8 4
65.6 42.9 0
76 56.7 4
88.8 47.5 4
62.3 35.3 0
62.3 39.7 0
89.1 41.7 4
95.7 42.9 4
100 58.8 4
54.9 51.7 0
84.9 51.7 4
92.3 35.3 4
92.3 39.7 4
111 51.1 4
82.5 46.3 4
83.1 49.4 4
98.5 65.6 4
68.8 52.2 4
72.5 51.1 4
93.5 44.1 4
75.3 52.3 4
62.3 54.8 0
64.8 52.3 0
62.3 65.3 4
77.8 65.3 4
66.8 37.5 0
94.7 57.6 4
112 60.7 4
81.2 62 4
58.7 62 4
74.5 43.1 0
88.7 63.2 4
98.8 57.9 4
94.7 62.4 4
81.2 58 4
61.1 61.3 4
88.7 56.8 4
55.3 54.3 0
80.8 41.7 4
91.9 64 4
91.9 56 4
100 61.1 4
73.4 39.4 0
50.8 65.5 0
55.2 42.5 0
66.5 57.9 4
73.5 57.9 4
72.5 61.1 4
74.5 36.7 0
74.5 38.3 0
93.5 51 4
84.9 43.4 4
104 63.5 4
114 52.4 4
73.6 52.6 4
67.7 53.7 4
62.6 56.5 4
76.4 62.3 4
63.7 62.3 4
97.8 36.8 4
108 51.1 4
91 57.5 4
91 62.5 4
75.6 48.1 4
63.1 45.6 0
112 49.4 4
50.8 40.5 0
103 51.3 4
104 52.8 4
55.3 69.1 4
78.2 35.5 0
78.2 39.5 0
55.4 30.9 0
107 52.7 4
65.4 40.1 0
104 59.2 4
69 56.2 4
69 63.9 4
71.1 56.2 4
71.1 63.9 4
66.2 61.1 4
113 62.2 4
87.8 64.8 4
89.1 53.4 4
93.1 45.6 4
95.8 59.1 4
95.9 60.9 4
119 40.2 4
115 31.1 4
87.9 55.1 4
54.8 64.7 0
91 53.5 4
114 38.3 4
114 36.7 4
93.1 49.4 4
115 42 4
95.8 39.2 4
95.4 35 4
65.4 34.9 0
109 60.4 4
95.6 54.3 4
82 64.9 4
108 58.9 4
59.1 53.4 0
82 55 4
60.8 53.3 0
63.3 50.8 0
113 39.3 4
95.4 51.8 4
113 35.8 4
57.8 64.8 4
108 62 4
76.9 49.4 4
64.7 31 0
57.9 55.1 0
107 49.4 4
106 48.1 4
94.7 31 4
73.1 49.4 4
74.4 48.1 4
115 69.2 4
80.8 53.3 4
76.7 50.8 4
95.7 65.7 4
63.1 49.4 0
118 31.7 4
108 56.3 4
70 68.9 4
112 55.6 4
109 64.5 4
103 49.4 4
119 65.4 4
112 63.7 4
104 48.1 4
51.4 31.4 0
51.4 68.6 0
119 68.6 4
53.7 59.2 0
53.3 50.8 0
52.8 54.6 0
118 54.4 4
110 33.1 4
69.4 46.9 0
53.3 44.2 0
78.9 33.6 0
69.8 33.1 0
85.2 40.7 4
95.6 46.9 4
95.6 48.1 4
97.5 48.8 4
78.4 52.9 4
109 47.5 4
103 62.3 4
85.2 65.6 4
80.8 33.3 0
61.1 57.5 4
58.7 56.8 0
60.6 48.1 0
90.6 48.1 4
85.2 32.5 0
61 33.5 0
91 33.5 0
79.2 66.7 4
65.6 48.1 0
80.6 48.1 4
117 35.3 4
75.3 67.8 4
64.3 67 4
91 66.5 4
89.1 66.6 4
95.1 67.3 4
60.8 66.7 4
59.1 66.6 4
80.8 66.7 4
113 65.8 4
69.4 48.1 4
67.5 48.8 0
77 54.3 4
118 48.8 4
85.2 67.4 4
52 35.2 0
52.5 57.3 0
110 47.5 4
54.4 48.1 0
52.5 48.8 0
54.4 46.9 0
52.5 46.3 0
117 50 4
114 46.9 4
114 48.1 4
101 46.9 4
101 48.1 4
65.6 46.9 0
67.5 46.3 0
98.4 43.9 4
97.5 50.1 4
117 45.6 4
98.1 45.6 4
68.4 43.9 0
57.5 76.3 4
87.5 73.8 4
87.5 75 4
57.5 75 4
88.8 72.5 4
69.3 71.3 4
84.4 70.6 4
54.4 73.1 4
81.9 74.4 4
81.9 75.6 4
55.6 73.1 4
54.4 78.1 4
84.4 78.1 4
55.6 78.1 4
85.6 78.1 4
56.9 79.4 4
61.6 77.2 4
101 71.3 4
86.9 79.4 4
89.4 76.9 4
56.6 80.9 4
59.4 73.1 4
80.6 76.9 4
83.1 79.4 4
90.8 76.7 4
86.6 80.9 4
82.5 90 4
70.1 77.6 4
57.5 90 4
87.5 90 4
99.9 77.6 4
110 77.6 4
95.6 93.4 4
79.2 76.7 4
83.3 80.8 4
75.1 83.7 4
76.3 95.1 4
98 78.8 4
82.8 95.4 4
112 78.8 4
113 87.9 4
98.8 93 4
88.7 88 4
54.4 95.8 4
116 81.9 4
78.9 88.8 4
71.3 81.1 4
66.7 84 4
76 93.4 4
98.1 80.8 4
100 88.8 4
78.4 75.1 4
54.9 81.7 4
84.9 81.7 4
96.8 91.9 4
94.2 75.6 4
102 81.3 4
98.5 94.7 4
102 78.8 4
62.3 84.8 4
94.7 87.6 4
112 90.7 4
88.7 93.2 4
98.8 87.9 4
99.6 82 4
58.7 88 4
72 78.8 4
81.2 88 4
85.3 84.3 4
104 95.9 4
91.9 94 4
92.9 87.3 4
100 91.1 4
91.7 75.1 4
93.3 79.2 4
103 92.3 4
95.1 78 4
50.8 95.5 4
67.9 86.5 4
72.1 93.5 4
69 92.5 4
73.5 92.1 4
93.5 81 4
85.2 95.6 4
116 74.8 4
62.6 74.8 4
104 93.5 4
111 81.1 4
114 82.4 4
72.3 83.7 4
76.4 87.7 4
63.7 87.7 4
91.9 88.8 4
91 92.5 4
78.9 92.5 4
67.5 81.1 4
115 78 4
58.7 93.2 4
104 86.9 4
62.2 88.8 4
104 82.8 4
81.2 93.2 4
66.8 78.8 4
55.3 99.1 4
107 82.7 4
71.1 86.2 4
66.2 91.1 4
73.9 89 4
66.2 89 4
113 92.2 4
87.8 94.8 4
89.1 83.4 4
74.9 75.1 4
95.8 89.1 4
87.9 85.1 4
65.3 75.2 4
91 83.5 4
109 90.4 4
95.6 84.3 4
105 77.6 4
96.5 95.1 4
65.1 78 4
59.1 83.4 4
63.3 79.2 4
75 78 4
82 85 4
60.8 83.3 4
108 87.8 4
95.4 81.8 4
57.8 94.8 4
70 98.9 4
64.6 99.2 4
108 92 4
57.9 85.1 4
95.1 97.3 4
99.2 84.9 4
105 88.2 4
64.7 70.9 4
76.7 79.2 4
80.8 83.3 4
76.7 80.8 4
79.2 83.3 4
108 86.3 4
112 85.6 4
109 94.5 4
115 99.2 0
119 95.4 0
112 94.7 0
118 71.6 4
51.4 98.6 4
119 98.6 0
51.3 71.3 0
80.6 73.1 4
53.7 89.2 4
50.6 74.4 0
53.1 79.4 4
53.3 80.8 4
104 73.8 4
53.3 85.5 4
109 73.8 4
117 80.7 4
58.8 77.5 4
76.3 85 4
90.9 73.4 4
62.9 81.6 4
62.3 95.3 4
117 74.8 4
108 81.1 4
107 78.8 4
61.1 92.5 4
62.6 93.6 4
91 96.5 4
55.3 84.3 4
108 96.4 0
75.1 96.3 4
117 79.2 4
89.1 96.6 4
60.8 96.7 4
59.1 96.6 4
115 73.1 4
94.8 73.2 4
113 95.8 0
74.4 73.4 4
64.3 83.1 4
85.2 97.4 4
79.1 73.4 4
52.5 87.3 4
118 84.4 4
73.4 96 4
165 17.5 4
166 17.5 4
127 7.5 0
169 20.6 4
164 23.1 4
166 23.1 4
133 5.88 0
133 10.1 0
123 26.3 4
167 24.4 4
161 18.1 4
163 24.4 4
163 15.6 4
123 4.38 0
134 12 0
134 7.45 0
161 23.1 4
149 7.48 0
163 14.2 4
132 10.4 0
124 3.13 0
129 8.28 0
129 6.73 0
142 7.55 0
132 5.68 0
158 18.1 4
140 22.5 4
145 22.5 4
140 17.5 0
149 12.1 0
142 23.8 4
150 18.8 0
135 21.3 0
150 21.3 4
148 5.75 0
138 23.8 4
147 23.8 4
151 29.4 4
124 6.88 0
165 26.3 4
148 13.3 0
157 7.5 0
148 9.2 0
159 22.9 4
123 25 0
161 6.88 0
150 1.15 0
141 29.4 4
145 11.5 0
133 13.4 0
126 18.4 0
167 25.6 4
163 25.6 4
152 16.3 0
143 11.5 0
137 11.4 0
132 22.5 0
153 22.5 4
137 7.98 0
157 16.9 4
158 11.9 0
128 8.9 0
128 6.1 0
157 25.6 4
145 17.5 0
123 5.63 0
157 13.1 0
165 4.43 0
127 11.6 0
152 12.7 0
162 5.25 0
135 17.5 0
147 16.3 0
132 16.3 0
146 9.65 0
131 21.7 0
154 21.7 4
154 11.7 0
161 11.7 0
131 12.3 0
124 18.1 0
124 11.9 0
141 9 0
157 24.2 4
146 5.43 0
141 6.05 0
165 9.58 0
152 8.18 0
127 20.1 0
154 18.4 4
139 13.1 0
165 13.3 4
130 17.2 0
128 12.8 0
157 19.8 4
141 13.1 0
142 25.6 4
138 5.43 0
128 15.9 0
145 7.03 0
161 26.9 4
138 9.48 0
130 20.1 0
155 20.1 4
133 25.6 4
169 10.4 4
153 25.6 4
154 9.83 0
154 5.13 0
155 0.95 0
140 0.95 0
121 1.25 0
121 28.8 4
169 1.43 0
169 28.8 4
163 21.3 4
168 16.3 4
129 29.4 4
134 29.4 4
121 10.6 0
123 9.38 0
144 29.4 4
121 19.4 0
166 29.4 4
126 28.1 4
163 9.2 0
159 27.5 4
136 26.9 4
131 26.9 4
124 23.1 0
126 22.9 0
134 2.95 0
145 3.55 0
156 5.95 0
156 9.05 0
156 26.9 4
154 26.9 4
122 14.4 0
122 15.6 0
138 16.3 0
142 16.3 0
165 2.55 0
149 26.9 4
168 5.18 0
130 3.03 0
163 20 4
124 28.1 4
139 26.9 4
138 26.3 4
146 26.9 4
148 26.3 4
161 3.38 0
167 14.1 4
128 24.2 0
128 25.6 4
124 47.5 4
141 68.7 4
137 44.2 4
148 44.2 4
152 43.9 4
143 43.9 4
137 40.3 4
148 51.2 4
125 47.5 4
144 68.7 4
163 50.8 4
136 61.1 4
162 60 4
139 34.8 4
139 40.3 4
135 43 4
150 43 4
149 37.6 4
145 43 4
140 43 4
134 46.9 4
121 40.6 4
165 48.8 4
165 47.5 4
149 58.7 4
140 37.6 4
154 63.4 4
150 52 4
131 63.4 4
135 36.9 4
137 45.6 4
144 38.3 4
132 43.9 4
145 63.7 4
148 35.8 4
153 61.9 4
153 58.2 4
146 53.8 4
164 40.7 4
152 54.3 4
146 56.3 4
148 39.3 4
151 56.9 4
138 57.8 4
150 31.2 4
135 31.2 4
148 62.6 4
140 52.7 4
163 49.4 4
146 30.9 4
140 30.9 4
136 35.1 4
164 54.2 4
161 38.1 4
137 51.4 4
143 45.6 4
145 35.1 4
159 46.9 4
157 49.4 4
145 40 4
152 45.6 4
126 41.6 4
161 62 4
134 69.3 4
162 39.9 4
155 56.1 4
130 56.1 4
163 35.8 4
127 35.3 4
127 39.7 4
162 44.2 4
158 45.6 4
153 41.8 4
131 42.9 4
165 51.7 4
159 61.3 4
153 54 4
135 52.1 4
132 61.9 4
140 56.6 4
141 62.3 4
159 42.8 4
158 56 4
157 62.8 4
127 56 4
127 64 4
161 56.8 4
150 63.5 4
165 35.4 4
158 44.1 4
157 51 4
165 43.4 4
132 37.5 4
136 57.8 4
159 57.5 4
121 65.6 4
162 45.6 4
132 59.1 4
152 36.8 4
161 43 4
154 65.1 4
162 64.9 4
124 41.9 4
162 55 4
135 63.2 4
135 56.8 4
165 69.1 4
161 53.3 4
151 65.3 4
130 40.1 4
161 46.9 4
159 53.5 4
165 64.7 4
130 35 4
135 65 4
135 55.1 4
124 65 4
153 39.9 4
140 48.8 4
132 65.1 4
153 35.2 4
143 61.2 4
143 58.8 4
169 65.4 4
137 49.4 4
155 51.7 4
130 31 4
131 54.3 4
130 51.7 4
168 31.5 4
121 31.3 4
168 68.5 4
121 68.8 4
122 49.4 4
122 45.6 4
124 33.1 4
123 60.6 4
123 34.4 4
146 46.9 4
168 49.4 4
122 44.4 4
168 46.3 4
138 61.1 4
123 35.6 4
134 48.1 4
126 62.5 4
124 63.1 4
126 57.5 4
124 56.9 4
124 66.9 4
156 36 4
158 39.7 4
159 38.1 4
146 48.1 4
156 48.1 4
154 48.1 4
140 47.5 4
153 49.4 4
153 50.7 4
124 36.9 4
126 36.9 4
165 32.5 4
127 45.6 4
127 44.1 4
127 49.4 4
127 51 4
123 55.6 4
161 33.3 4
168 55.1 4
167 40.2 4
142 49.4 4
142 51.3 4
126 66.5 4
130 67.3 4
149 46.9 4
148 46.3 4
149 48.1 4
148 48.8 4
123 39.4 4
150 66.8 4
124 51.9 4
126 52.3 4
126 33.5 4
133 48.8 4
123 58.8 4
167 44.2 4
161 66.7 4
123 53.8 4
133 50.1 4
129 46.9 4
129 48.1 4
132 45.6 4
169 75.6 4
164 70.6 4
164 76.9 4
166 76.9 4
162 75.6 4
162 74.4 4
141 98.7 0
136 71.3 4
149 71.3 4
161 76.9 4
163 79.4 4
144 71.3 4
141 71.3 4
144 98.7 0
163 80.8 4
159 76.7 4
162 90 0
124 88.1 4
126 88.8 0
150 77.6 4
135 76.3 4
149 88.7 0
144 76.3 4
146 87.5 0
148 78.8 4
153 91.9 0
145 82.5 0
141 76.3 4
152 95.8 0
152 84.3 0
146 93.8 0
148 81.2 0
138 87.8 0
138 92.3 0
152 78.8 0
148 92.6 0
140 82.7 0
133 78.8 4
164 84.2 0
137 77.5 4
153 89.1 0
134 93 0
134 87 0
141 93.5 0
143 77.5 4
151 87.8 0
134 99.3 0
155 93.9 0
155 86.1 0
126 92.5 0
130 77.9 4
138 81.4 4
165 81.7 0
153 96 0
153 84 0
150 82 0
135 82.1 4
134 95.6 0
143 81.3 0
140 86.6 0
134 84.4 4
130 92.4 0
130 87.6 4
158 86 0
158 94 0
155 78 4
157 79.2 4
127 94 0
152 80.7 0
128 79.2 4
150 93.5 0
158 75.1 4
128 81 4
157 81 0
127 75.1 4
136 92.3 0
136 87.8 0
165 95.6 0
156 74.9 4
124 83.1 4
162 94.9 0
162 85 0
161 83.3 0
159 83.5 0
130 75.1 4
126 83.5 4
131 89.1 0
131 90.9 0
144 88.8 0
143 92.4 0
124 93.1 0
130 70.9 4
133 80.7 4
132 84 4
122 84.4 4
122 85.6 4
155 81.7 0
130 81.7 4
168 98.5 0
169 71.3 4
121 71.3 4
121 98.8 0
168 72.5 4
123 89.4 4
123 90.6 0
161 73.1 4
121 94.4 0
121 74.4 4
123 75.6 4
124 77.5 4
150 98.8 0
128 87.3 4
124 73.1 4
159 92.5 0
161 93.2 0
159 87.5 0
161 86.8 0
126 96.5 0
131 95.7 0
155 73.2 4
167 95.2 0
168 79.4 4
123 95.6 0
124 97.5 0
165 97.4 0
159 73.4 4
126 77.9 4
126 73.4 4
159 96.5 0
161 96.7 0
122 79.4 4
130 97.3 0
122 80.6 4
167 85.6 0
195 22.5 4
190 17.5 4
193 23.8 4
188 16.3 4
190 22.5 4
189 6.78 4
192 16.3 4
195 17.5 4
197 23.8 4
186 7.45 4
181 7.43 4
191 0.825 4
187 23.8 4
181 29.4 4
191 4.68 4
196 26.9 4
199 28.1 4
197 25.6 4
184 29.4 4
182 9.15 4
194 9.18 4
188 13.9 4
184 9.18 4
185 13 4
182 5.73 4
184 5.73 4
191 26.9 4
178 16.3 4
179 26.9 4
191 9.28 4
176 29.4 4
178 13.8 4
190 13 4
176 12.9 4
180 13 4
182 14.1 4
192 14.2 4
178 6.75 4
193 25.6 4
171 19.6 4
175 20.1 4
183 25.6 4
179 22 4
175 10.1 4
177 25.6 4
177 5.13 4
200 8.38 4
172 1.58 4
171 28.8 4
174 26.9 4
189 29.4 4
196 11.7 4
194 2.83 4
194 26.9 4
194 4.7 4
176 18.4 4
185 2.03 4
187 25.6 4
185 26.3 4
173 5.03 4
173 9.98 4
172 25.6 4
180 3.18 4
173 14.1 4
186 68.5 4
183 43.3 4
197 65.8 4
181 42.1 4
178 50.7 4
199 38.3 4
181 37.6 4
179 46.9 4
188 42.7 4
191 30.8 4
187 38.3 4
191 42.2 4
189 48.1 4
180 52 4
178 42.7 4
182 35.9 4
193 43.4 4
199 51.2 4
186 41.8 4
178 56.8 4
180 31.2 4
182 39.3 4
192 45.6 4
185 35.1 4
198 49.4 4
183 56.4 4
185 40 4
190 54.4 4
195 40 4
177 58.1 4
175 56.1 4
188 50.9 4
180 58.7 4
175 63.9 4
185 30.9 4
197 43 4
177 41.8 4
187 55.5 4
179 69.3 4
196 52.6 4
185 57.7 4
177 61.9 4
184 52.6 4
179 65.5 4
178 55.1 4
188 48.8 4
192 49.4 4
183 62.1 4
178 38.3 4
177 45.6 4
186 52.2 4
187 57.2 4
191 63.1 4
199 67.2 4
192 50.7 4
190 61.5 4
194 52.1 4
188 61.4 4
181 62.1 4
190 51.6 4
184 63.2 4
177 39.9 4
176 54.3 4
194 62.2 4
175 51.7 4
171 40.3 4
177 35.2 4
190 64.6 4
175 31 4
175 69 4
176 65.7 4
171 65.3 4
193 58.5 4
190 69.1 4
172 31.6 4
172 68.4 4
196 32.8 4
178 49.4 4
180 48.8 4
186 48.1 4
186 46.9 4
192 54.8 4
195 59 4
179 62.9 4
194 47.5 4
173 35 4
172 49.4 4
189 46.9 4
188 46.3 4
173 45.6 4
175 46.3 4
175 47.5 4
183 49.4 4
183 51.2 4
183 45.6 4
196 46.9 4
190 77.5 4
175 77.2 4
176 86.7 0
176 96 0
180 77.6 4
174 75.6 4
188 95 4
183 93.6 0
196 82.7 4
200 91.3 4
182 81.4 4
185 98.7 0
193 78.8 4
195 77.5 4
178 78.8 4
185 83 4
197 78.8 4
177 88.2 0
175 92.5 0
180 82.2 4
200 88.8 4
191 95.8 4
197 81.3 4
197 86.4 4
192 95.2 4
182 78.8 4
187 78.8 4
188 80.9 4
181 92.6 0
185 77.5 4
198 93.8 4
171 74.6 4
185 91.2 4
192 87.9 4
179 93.5 0
191 89.5 4
187 82.5 4
176 91 0
194 97.9 4
180 86.9 4
181 87.9 4
194 82.4 4
191 85.3 4
187 91.7 4
190 99.2 4
180 85.2 4
193 80.9 4
178 80.8 4
177 84.1 4
179 95.3 0
175 99 0
194 88.8 4
175 81.8 4
195 91 4
171 95.3 0
193 91.6 4
172 98.4 0
171 71.5 4
181 71.3 4
186 71.3 4
173 81 4
180 96.8 0
188 88.6 4
186 87 4
175 70.9 4
191 71.3 4
183 87.9 4
200 73.8 4
194 73.8 4
173 85.8 0
1.28 0.825 0
100 0.9 0
98.9 0.9 0
98.7 99.3 4
100 99.3 4
200 11.7 4
200 0.85 4
199 60.7 4
199 98.8 4
1.9 0.825 0
102 1.25 0
98.3 0.9 0
102 98.6 4
98.1 99.3 4
198 1.18 4
199 98.8 4
0.55 1.98 0
101 2.15 0
101 97.9 4
199 2.03 4
97.2 2 0
197 97.4 4
10.2 63.3 0
9.25 65.1 0
12 63.6 0
6.25 28.1 0
48.1 23.8 0
48.1 18.8 0
48.1 25 0
20 28.1 0
21.3 28.1 0
45.7 1.68 0
47.9 13.5 0
21.6 2.2 0
33.9 1.88 0
48.8 7.5 0
41.5 2.13 0
27.7 1.15 0
7.5 29.4 0
8.75 2.1 0
26.2 2.1 0
38.3 2.35 0
7.23 1.15 0
37.5 29.4 0
13.4 2.2 0
37 1.1 0
22.9 0.95 0
49.4 22.5 0
49.4 17.5 0
12.5 29.4 0
49.2 2.68 0
49.1 12.3 0
17.5 29.4 0
17.5 0.625 0
32.5 0.775 0
42.8 0.875 0
49.4 27.5 0
12.2 0.95 0
32.5 29.4 0
2.5 29.4 0
47.3 0.8 0
27.5 29.4 0
47.5 29.4 0
42.5 29.4 0
22.5 29.4 0
25.6 28.8 0
44.4 28.8 0
30.8 1.93 0
30.6 28.8 0
47.5 59.3 0
47.9 51.5 0
0.625 68.1 0
44.3 31.6 0
47.9 43.5 0
48.7 57.4 0
38.6 68 0
7.23 31.2 0
41.4 32 0
38.3 32.4 0
25.4 67.8 0
37 31.1 0
13.4 32.2 0
47.8 64.2 0
48.7 37.5 0
48.7 62.6 0
27.1 67.5 0
32.9 67.5 0
41.4 68 0
21.4 68 0
27.7 31.2 0
26.2 32.1 0
14.3 62 0
49.1 52.8 0
28.1 68.9 0
31.9 68.9 0
21.6 32.2 0
12.2 69 0
12.2 31 0
2.5 68.8 0
2.48 30.8 0
49.1 32.7 0
32.5 30.8 0
16.5 64.5 0
17.7 64.5 0
49.4 47.5 0
49.1 42.3 0
17.5 30.6 0
47.2 69.1 0
47.2 30.9 0
22.9 31 0
49.1 67.2 0
42.7 69.2 0
37.3 69.2 0
7.5 69.3 0
42.7 30.8 0
17.5 69.4 0
22.7 69.2 0
15.8 62.7 0
0.775 32 0
30.8 31.9 0
17.1 61.4 0
18.3 62.7 0
13.4 67.8 0
46.3 71.9 0
45 71.9 0
48.1 73.8 0
30.7 72.6 0
47.9 81.5 4
9.03 98.3 4
38.5 72.1 0
13.5 72.2 0
9.2 72.2 0
48.7 87.4 4
7.6 71.3 0
25.4 97.8 0
47.8 94.2 4
21.5 72.2 0
28.1 98.9 0
31.9 98.9 0
48.7 92.6 4
2.5 71.3 0
27.1 97.5 0
32.9 97.5 0
12.2 99 0
13.4 97.8 0
49.1 82.8 4
27.4 71.3 0
32.6 71.3 0
12.2 70.9 0
49.4 77.5 4
7.5 99.3 4
47.2 99.1 4
49.4 72.5 0
47.5 70.6 0
42.5 70.6 0
37.3 70.9 0
49.1 97.2 4
42.7 99.2 4
37.3 99.2 0
22.8 70.9 0
17.5 99.4 0
17.5 70.6 0
22.7 99.2 0
99.4 28.8 4
69.4 28.8 0
84.4 28.8 0
55.6 28.8 0
109 2.05 0
52 13.6 0
84.3 1.63 0
52 9.23 0
66.1 1.88 0
63 1.1 0
93 1.1 0
118 23.6 0
61.7 2.35 0
119 7.5 0
118 5.95 0
72.3 1.15 0
88.5 2.1 0
73.8 2.1 0
51.2 7.5 0
112 1.18 0
108 29.4 4
77.5 29.4 0
119 2.83 0
114 2.13 0
50.6 22.5 0
50.6 17.5 0
67.5 0.775 0
50.8 2.65 0
119 17.8 0
119 12.2 0
50.6 27.5 0
57.2 0.85 0
87.2 0.85 0
77.2 0.95 0
72.5 29.4 0
119 22.3 0
50.8 12.4 0
107 0.875 0
52.7 0.775 0
82.7 0.775 0
117 0.95 0
113 29.4 4
103 29.4 4
67.5 29.4 0
119 27.5 4
97.5 29.4 4
57.5 29.4 0
87.5 29.4 0
118 29.4 4
52.5 29.4 0
82.5 29.4 0
62.5 29.4 0
92.5 29.4 0
95.6 28.8 0
65.6 28.8 0
116 28.8 4
69.2 1.93 0
51.9 20 0
51.9 18.8 0
106 32.1 4
101 32.1 4
54.3 68.3 4
104 67.3 4
100 67.9 4
54.3 31.6 0
108 31.3 4
52 64.3 0
118 38.9 4
108 69.1 4
118 56.9 4
52 39.2 0
108 67.7 4
73.9 31.9 0
119 58.1 4
77 31.1 0
119 33 4
119 61.9 4
118 43.3 4
97.8 31.2 4
114 32 4
67.1 67.5 4
72.9 67.5 4
117 62.9 4
67.7 31.2 0
58.5 32.1 0
88.5 32.1 0
117 31.1 4
119 42 4
96.3 32.1 4
118 64.6 4
114 68.2 4
66.2 32.1 0
102 68.6 4
51.2 62.6 0
68.1 68.9 4
71.9 68.9 4
50.8 52.7 0
51.2 37.5 0
72.5 30.8 0
112 30.9 4
50.6 47.5 0
103 30.9 4
57.2 69.1 4
87.2 69.1 4
119 37.5 4
50.8 32.7 0
57.2 30.9 0
87.2 30.9 0
62.9 31 0
92.9 69 4
92.9 31 4
119 52.5 4
52.7 69.2 0
82.7 69.2 4
77.3 69.2 4
112 69.1 4
50.8 42.4 0
52.7 30.8 0
82.7 30.8 0
50.8 67.4 0
119 47.5 4
62.7 69.2 4
117 69.2 4
97.5 69.3 4
119 67.3 4
85 71.9 4
86.3 71.9 4
51.9 76.3 4
70.7 72.6 4
99.3 72.6 4
54.3 98.3 4
108 99.1 0
52 94.3 4
118 86.9 4
119 88.1 4
78.6 98 4
65.4 97.8 4
108 71.3 4
61.5 72.2 4
68.1 98.9 4
71.9 98.9 4
119 91.9 0
113 71.3 4
67.1 97.5 4
81.4 98 4
92.9 99 4
117 92.9 0
97.4 71.3 4
118 94.6 0
51.2 92.6 4
65.8 72.2 4
50.8 82.7 4
67.4 71.3 4
72.6 71.3 4
114 98.2 0
102 71.3 4
50.6 77.5 4
57.2 99.1 4
87.2 99.1 4
119 72.8 4
57.5 70.6 4
87.5 70.6 4
50.6 72.5 0
52.5 70.6 0
82.5 70.6 4
77.3 70.9 4
119 82.5 4
119 77.3 4
52.7 99.2 4
82.7 99.2 4
117 70.9 4
77.3 99.2 4
92.8 70.9 4
112 99.1 0
50.8 97.4 4
62.8 70.9 4
62.7 99.2 4
117 99.2 0
119 97.3 0
51.9 75 4
168 18.8 4
168 20 4
149 2 0
149 28.8 4
139 28.8 4
127 2.35 0
168 9.13 4
128 1.1 0
169 7.5 4
152 1.15 0
143 2.3 0
154 2.1 0
137 2.25 0
142 0.95 0
158 2.2 0
138 0.95 0
169 22.5 4
169 17.5 4
121 2.5 0
158 29.4 4
169 2.68 0
121 27.5 4
123 29.4 4
123 0.625 0
169 12.3 4
163 0.875 0
148 0.85 0
157 0.95 0
167 0.8 0
169 27.5 4
138 29.4 4
148 29.4 4
133 0.825 0
143 29.4 4
153 29.4 4
133 29.4 4
168 29.4 4
121 17.5 0
121 22.5 0
163 29.4 4
121 7.5 0
121 12.5 0
128 29.4 4
131 28.8 4
136 28.8 4
121 9.38 0
146 28.8 4
121 20.6 0
164 28.8 4
123 20.6 0
122 51.3 4
121 39.4 4
139 67.3 4
149 32 4
136 32 4
146 67.5 4
121 64.4 4
164 68.3 4
144 32 4
141 32 4
168 51.5 4
135 67.9 4
168 35.9 4
154 68.3 4
169 57.4 4
158 32.2 4
169 37.5 4
137 68.6 4
152 31.2 4
133 31.2 4
143 31.2 4
168 64.2 4
158 67.8 4
154 32.1 4
131 32.1 4
169 62.6 4
143 68.7 4
148 68.8 4
121 32.5 4
157 31 4
157 69 4
121 57.5 4
169 52.8 4
169 32.7 4
138 30.9 4
147 30.9 4
121 47.5 4
123 30.6 4
167 69.1 4
169 42.3 4
169 47.5 4
167 30.9 4
128 69 4
121 52.5 4
128 31 4
121 37.5 4
163 69.2 4
163 30.8 4
169 67.2 4
123 69.4 4
153 69.3 4
121 42.5 4
121 62.5 4
133 69.3 4
121 67.5 4
167 60.6 4
167 89.3 0
168 73.8 4
166 71.9 4
168 75 4
165 71.9 4
146 72.5 4
139 72.5 4
134 72.5 4
139 97.3 0
151 72.6 4
146 97.5 0
168 81.5 4
135 97.9 0
154 98.3 0
169 87.4 0
131 72.2 4
148 98.8 0
137 98.6 0
153 71.3 4
132 71.3 4
148 71.3 4
169 92.6 0
143 98.7 0
137 71.3 4
143 71.3 4
157 99 0
121 87.5 4
157 70.9 4
169 82.8 0
169 77.5 4
167 99.1 0
168 70.6 4
169 72.5 4
163 70.6 4
121 82.5 4
128 99 0
163 99.2 0
153 99.3 0
128 70.9 4
169 97.2 0
123 99.4 0
123 70.6 4
121 72.5 4
121 77.5 4
121 92.5 0
133 99.3 0
121 97.5 0
121 95.6 0
121 75.6 4
151 98.1 0
179 28.8 4
186 28.8 4
189 1.98 4
174 28.8 4
172 20.7 4
184 18.8 4
182 17.5 4
172 23.6 4
177 23.2 4
180 18.8 4
178 1.15 4
176 2.1 4
184 21.3 4
172 16.5 4
180 21.3 4
171 7.5 4
182 22.5 4
196 7.05 4
183 0.875 4
199 7.05 4
188 1.15 4
200 5.4 4
198 29.4 4
171 2.83 4
173 0.95 4
171 12.2 4
171 17.8 4
171 22.3 4
171 27.5 4
183 29.4 4
188 29.4 4
193 29.4 4
193 0.825 4
178 29.4 4
173 29.4 4
191 28.8 4
176 22.4 4
184 67.1 4
189 32 4
196 67.3 4
181 32.1 4
199 32.2 4
194 38.9 4
198 43.8 4
180 67.8 4
186 32 4
198 45.6 4
198 31.3 4
192 35.4 4
172 56.6 4
195 42.2 4
198 68.8 4
172 51.6 4
199 58.4 4
200 46.9 4
171 37.5 4
195 37.3 4
171 58.1 4
176 68.3 4
178 31.2 4
182 68.6 4
172 39.1 4
172 43.4 4
188 31.2 4
172 63.4 4
176 32.1 4
188 69.1 4
188 67.6 4
197 63.3 4
171 32.8 4
171 52.9 4
193 67.7 4
171 61.9 4
194 35.5 4
183 30.9 4
171 42.2 4
171 47.5 4
173 69 4
173 31 4
199 62.2 4
192 69.1 4
193 30.8 4
171 67.1 4
178 69.3 4
198 57.3 4
195 33.6 4
190 37.2 4
192 39 4
179 72.6 4
172 75.7 4
176 98.3 0
172 78.6 4
187 97.8 4
191 98.4 4
198 71.3 4
176 72.2 4
183 97.4 0
171 88.1 0
182 98.8 0
172 93.4 0
177 71.3 4
193 71.3 4
188 71.3 4
182 71.3 4
171 82.9 4
171 91.9 0
171 77.4 4
177 99.3 0
171 72.8 4
173 99 0
188 99.2 4
171 97.1 0
173 70.9 4
192 99.3 4
184 72.5 4
189 72.5 4
0.875 0.825 0
0.9 98.8 0
99.9 0.9 0
99.3 0.9 0
99.1 99.3 4
99.7 99.3 4
198 16.3 4
198 13.8 4
200 12.9 4
200 17.6 4
200 98.8 4
1.5 0.825 0
1.53 98.8 0
102 1.25 0
98.7 0.9 0
101 98.6 4
98.5 99.3 4
198 1.18 4
199 98.8 4
0.15 1.98 0
0 98.1 4
100 2.15 0
100 97.9 4
200 2.03 4
2.48 0.825 0
2.5 98.8 4
96.3 2 0
97.7 0.9 0
103 1.25 0
97.5 99.3 4
102 98.6 4
198 1.18 4
197 97.4 4
198 98.8 4
