0.875 0.825 1
1.5 0.825 1
0.15 1.98 1
2.48 0.825 1
0.9 98.8 1
1.53 98.8 1
0 98.1 1
2.5 98.8 1
102 1.25 1
99.9 0.9 1
100 2.15 1
200 2.75 0
96.3 2 1
99.3 0.9 1
98.7 0.9 1
97.7 0.9 1
103 1.25 1
198 1.18 0
101 98.6 1
199 98.8 0
99.1 99.3 1
98.5 99.3 1
198 98.8 0
102 98.6 1
97.5 99.3 1
100 97.9 1
99.7 99.3 1
18.1 26.3 1
16.3 28.1 1
19.4 27.5 1
17.5 0.625 1
17.5 29.4 1
18.1 48.8 1
18.1 46.3 1
16.3 78.1 0
19.4 47.5 1
17.5 30.6 1
17.5 79.4 0
16.3 81.9 0
16.3 98.1 0
17.5 80.6 0
17.5 99.4 0
21.9 26.3 1
20.6 27.5 1
59.4 27.5 1
21.9 46.3 1
21.9 48.8 1
20.6 47.5 1
59.4 47.5 0
61.9 26.3 1
89.4 27.5 0
60.6 27.5 1
61.9 48.8 0
61.9 46.3 0
89.4 47.5 0
60.6 47.5 0
91.9 26.3 0
118 26.3 0
116 27.5 0
116 28.8 0
112 1.18 0
96.3 2 1
114 2.13 0
97.7 0.9 1
119 27.5 0
90.6 27.5 0
117 29.4 0
91.9 48.8 0
91.9 46.3 0
118 32.4 0
117 31.1 0
117 79.2 0
90.6 47.5 0
119 47.5 0
116 78 0
114 98.2 0
112 99.1 0
117 80.7 0
97.5 99.3 1
121 27.5 0
123 29.4 0
123 0.625 0
169 27.5 0
122 48.8 0
122 46.3 0
124 78.1 0
121 47.5 0
123 30.6 0
123 79.4 0
169 47.5 0
122 50 0
124 81.9 0
124 98.1 1
123 80.6 0
123 99.4 0
172 26.3 0
172 2.2 0
173 0.95 0
171 27.5 0
172 46.3 0
172 48.8 0
171 47.5 0
6.25 28.1 1
7.5 29.4 1
5.73 77.5 1
9.33 77.9 1
8.75 32.1 1
7.6 78.8 1
7.23 31.2 1
19.4 52.6 1
18.1 83.9 0
9.03 81.7 1
19.4 82.6 0
7.5 80.7 1
57.9 51.6 0
22.1 51.5 1
59.1 52.8 0
20.8 52.7 1
58.1 50.1 0
59.1 82.9 0
20.8 82.8 0
87.9 51.6 0
62.1 51.5 0
89.1 52.8 0
60.8 52.7 0
89.1 82.9 1
60.8 82.8 0
99.4 28.8 0
99.4 27.5 0
91.9 2.35 1
93.2 1.1 1
117 0.95 0
97.5 29.4 0
99.3 77.6 1
118 53.9 0
92.2 51.7 0
96.3 32.1 0
97.4 78.8 1
97.8 31.2 0
91 52.9 0
119 52.7 0
99.8 32.1 0
118 83.9 0
96 81.8 1
92.2 81.7 1
94.9 98.3 1
93.1 99 1
97.5 80.8 1
91 83 1
119 82.6 0
117 99.2 0
134 28.8 0
131 1.93 0
154 2.1 0
152 1.15 0
133 0.825 0
153 29.4 0
133 29.4 0
131 27.5 0
131 28.8 0
151 77.6 0
135 32 0
134 77.5 0
154 78 0
122 55.1 0
122 53.9 0
131 77.9 0
168 51.6 0
154 32.1 0
153 78.8 0
152 31.2 0
131 32.1 0
132 78.8 0
133 31.2 0
121 52.6 0
169 52.8 0
122 85.1 0
122 83.9 0
153 99.3 1
153 80.7 0
121 82.6 0
169 82.8 0
133 99.3 1
133 80.7 0
134 97.9 1
151 98.1 1
177 29.4 0
192 29.4 0
179 77.6 0
176 78 0
178 31.2 0
176 32.1 0
172 51.7 0
177 78.8 0
171 52.9 0
192 30.8 0
194 32.1 0
191 32 0
180 32.1 0
179 82 0
176 98.3 0
172 81.7 0
171 82.9 0
178 99.3 0
177 80.7 0
8.63 2.1 1
7.1 1.15 1
19.4 22.3 1
17.5 65.5 1
18.8 65.5 1
19.4 77.3 0
19.4 67.3 1
17.5 75.5 0
18.8 75.5 0
5.5 98.1 1
17.5 95.5 0
18.8 95.5 0
7.38 99.3 0
19.4 97.3 0
48.4 2.05 1
22 23.4 1
24.6 27.5 1
24.6 28.8 1
36.1 28.1 1
45.5 1.68 1
38.1 2.35 1
54.4 1.63 1
59.4 22.3 1
47.1 0.8 1
36.9 1.1 1
20.8 22.2 1
52.8 0.775 1
23 0.95 1
52.7 29.4 1
42.7 29.4 1
37.3 29.4 1
22.7 29.4 1
58.1 21.1 1
57.8 68.3 0
35.4 78 0
22.1 68.4 1
38.1 32.4 1
44.4 31.6 1
42.7 79.4 0
52.7 79.4 0
59.4 77.3 0
36.9 31.1 1
20.8 77.2 0
52.8 30.8 1
23 31 1
42.8 30.8 1
59.1 67.1 0
37.2 79.2 0
20.8 67.2 1
58.1 76.1 0
53.9 78.1 0
43.9 78.1 0
58.1 74.8 0
22 78.4 0
24.3 82.3 0
57.8 95.3 0
38.4 82.1 0
51.6 98 0
41.6 98 0
44.5 81.7 0
54.5 81.7 0
54.4 98.3 0
42.9 99.2 0
52.9 99.2 0
42.9 80.8 0
52.9 80.8 0
59.1 97.1 0
37.2 80.8 0
37.2 99.2 0
22.9 80.8 0
22.9 99.2 0
20.8 97.2 0
22.3 95.7 0
40 98 0
62 23.4 1
78.2 2.2 1
64.6 27.5 1
64.6 28.8 1
76.1 28.1 0
84.4 1.63 1
89.4 22.3 0
63.2 1.1 1
60.8 22.2 1
82.8 0.775 1
77 0.95 1
82.7 29.4 0
77.3 29.4 0
62.7 29.4 1
88.1 21.1 0
64.6 78 0
87.8 68.3 0
75.4 78 0
62.1 68.4 0
78.1 32.4 0
84.4 31.6 0
89.4 77.3 0
82.7 79.4 0
76.9 31.1 0
60.8 77.2 0
63 31 1
82.8 30.8 0
89.1 67.1 0
62.8 79.2 0
77.2 79.2 0
60.8 67.2 0
88.1 76.1 0
83.9 78.1 0
88.1 74.8 0
64.3 82.3 0
87.8 95.3 1
81.6 98 0
84.5 81.7 0
82.9 99.2 0
82.9 80.8 0
89.1 97.1 1
77.2 80.8 0
77.2 99.2 0
62.9 80.8 0
62.9 99.2 0
60.8 97.2 0
75.7 82.3 0
75.7 97.8 0
92 23.4 0
118 23.4 0
118 20.6 0
119 22.2 0
90.8 22.2 0
118 68.4 0
92.2 68.2 0
118 75.6 0
119 77.2 0
90.8 77.2 0
91 67 0
119 67.1 0
91 97 1
119 97.1 0
167 0.8 0
169 22.3 0
121 22.3 0
163 29.4 0
168 65.3 0
168 68.3 0
164 31.6 0
163 79.4 0
169 77.3 0
163 30.8 0
121 77.3 0
169 67.1 0
121 67.3 0
168 76.1 0
164 78.1 0
168 74.8 0
121 75.5 0
123 75.5 0
168 95.3 1
162 82 0
162 98 1
123 95.5 0
121 95.5 0
164 98.3 1
163 99.2 1
163 80.8 0
169 97.1 1
121 97.3 0
194 2 0
172 23.4 0
190 28.8 0
190 27.5 0
171 22.2 0
193 0.825 0
188 29.4 0
172 75.6 0
172 68.2 0
188 31.2 0
171 77.2 0
171 67 0
171 97 1
17.5 19.6 1
18.8 19.6 1
19.4 17.8 1
16.9 17.8 1
18.1 16.5 1
19.4 72.8 0
58.1 19 1
41.8 2.13 1
55.4 27.5 1
55.4 28.8 1
21.7 19.8 1
20.9 18.1 1
59.4 17.8 1
43 0.875 1
57 0.85 1
47.3 29.4 1
57.3 29.4 1
46 78.1 0
56 78.1 0
48.2 32.1 1
22.2 71.8 0
21.7 74.8 0
47.3 79.4 0
57.3 79.4 0
59.4 72.8 0
20.9 73.1 0
47 30.9 1
57 30.9 1
55.3 31.6 1
48.3 82.1 0
48.2 97.9 0
45.3 98.3 0
47 99.1 0
57 99.1 0
47 80.9 0
57 80.9 0
88.1 19 0
85.4 28.8 0
85.4 27.5 0
62.2 16.8 1
89.4 17.8 0
60.9 18.1 1
87 0.85 1
87.3 29.4 0
61.7 19.8 1
86 78.1 0
62.2 71.8 0
61.7 74.8 0
87.3 79.4 0
89.4 72.8 0
60.9 73.1 0
87 30.9 0
85.3 98.3 1
87 99.1 1
87 80.9 0
118 16.8 0
92.2 16.8 0
119 18.1 0
90.9 18.1 0
91.7 19.8 0
92.2 71.8 0
118 71.8 0
119 73.1 0
90.9 73.1 0
91.7 74.8 0
168 19 0
168 20.3 0
162 2.13 0
123 19.6 0
121 19.6 0
165 28.8 0
165 27.5 0
163 0.875 0
169 17.8 0
121 17.8 0
167 29.4 0
165 1.68 0
166 78.1 0
167 79.4 0
169 72.8 0
167 30.9 0
121 72.8 0
165 81.7 0
167 99.1 1
167 80.9 0
171 18 0
172 19.7 0
172 16.8 0
188 78.8 0
190 77.5 0
192 78.8 0
171 73 0
189 80.9 0
192 80.7 0
190 81.6 0
18.1 4.08 1
9.65 28.1 1
10.9 28.1 1
17.5 10.3 1
18.8 10.3 1
19.4 2.83 1
12.2 29.4 1
19.4 12.2 1
18.1 34.1 1
17.5 40.3 1
18.8 40.3 1
19.4 32.8 1
11.8 31 1
12 79.2 1
19.4 42.2 1
11.8 81 1
57.8 10.1 1
57.8 4.93 1
22.3 9.98 1
22.3 5.03 1
21 11.9 1
21 3.15 1
59.1 12 1
59.1 3.05 1
57.8 40.1 1
57.8 34.9 1
22.3 40 1
22.2 43.1 1
21 41.9 1
21 33.2 1
59.1 42 1
59.1 33.1 1
87.8 10.1 1
87.8 4.93 1
62.4 13 1
61.9 9.83 1
61.9 5.18 1
61.1 11.7 1
61.1 3.3 1
89.1 12 1
89.1 3.05 1
87.8 40.1 0
87.8 34.9 0
62.3 35 1
62.2 43.1 1
61 41.9 1
61 33.2 1
89.1 42 0
89.1 33.1 0
92.4 13 1
100 2.15 1
94.7 27.5 0
94.7 28.8 0
102 1.25 1
91.9 9.83 1
91.9 5.18 1
91.1 11.7 1
119 11.9 0
119 3.15 0
92.9 29.4 0
118 5.03 0
118 43 0
118 39.8 0
119 41.7 0
91 41.9 0
91 33.2 0
93 79.2 0
93.2 31 0
94.8 78 0
100 97.9 1
102 98.6 1
162 20.5 0
162 19.2 0
136 11.5 0
135 8.13 0
158 20 0
168 4.88 0
168 10.1 0
135 11.6 0
134 9.75 0
122 4.08 0
156 28.1 0
127 2.35 0
123 10.3 0
121 10.3 0
155 28.1 0
128 1.1 0
161 18 0
159 18.3 0
157 0.95 0
157 29.4 0
169 3 0
169 11.9 0
121 2.83 0
121 12.2 0
128 29.4 0
159 21.5 0
161 21.7 0
134 6.55 0
168 40.1 0
168 34.9 0
122 34.1 0
123 40.3 0
121 40.3 0
157 79.2 0
128 31 0
157 31 0
128 79.2 0
169 42 0
169 33.1 0
121 32.8 0
121 42.2 0
127 82.3 0
127 97.8 1
158 97.8 1
127 86.6 0
126 88.1 0
155 98.3 1
155 81.7 0
157 99 1
124 87.5 0
128 99 1
157 81 0
128 81 0
130 98.3 1
130 81.7 0
123 90 0
123 88.7 0
124 91.2 1
126 90.6 0
172 13.1 0
175 27.5 0
175 28.8 0
171 11.9 0
173 29.4 0
171 41.9 0
171 33.2 0
173 31 0
173 79.2 0
193 97.7 0
198 98.8 0
173 99 1
175 81.7 0
192 99.1 0
4.45 18.1 1
0.5 18.1 1
2.5 14.8 1
2.48 16.8 1
11.7 0.95 1
8.03 46.4 1
8.03 48.9 1
8.03 50.2 1
18.1 59.4 1
18.1 60.6 1
19.4 58.1 1
10.5 47.6 1
9.28 47.6 1
19.4 61.9 1
6.78 47.6 1
9.55 51.2 1
18.1 89.4 0
18.1 90.6 0
19.4 88.1 0
11.7 99 0
19.4 91.9 0
9.83 98.3 0
38.6 23 1
42.4 20.3 1
42.4 19 1
41.1 17.8 1
28.4 1.15 1
30 28.8 1
30.2 1.93 1
30 27.5 1
31.9 0.775 1
28.1 29.4 1
31.9 29.4 1
37.5 25.6 1
37.4 24.2 1
51.3 73.2 0
53.8 73.2 0
55.1 73.2 0
31.3 40.8 1
33.1 40.8 1
30.6 42.7 1
32.3 45.2 1
32.3 43.8 1
57.5 60 0
33.7 42.7 1
30.1 77.6 0
52.6 74.4 0
52.6 75.7 0
21.1 61.3 1
21.1 58.8 1
42.5 75.8 0
42.5 74.5 0
28.4 31.2 1
58.7 62 0
58.7 58 0
30.2 31.9 1
28.1 78.8 0
32 78.8 0
31.9 30.8 1
52.6 71.9 0
50.1 76.9 0
51.3 76.9 0
27.7 82.6 0
57.5 90 0
28.8 98.9 0
21.1 91.3 0
21.1 88.8 0
31.3 98.9 0
28.8 81.1 0
31.3 81.1 0
58.7 92 0
58.7 88 0
22.6 92.3 0
32.3 82.6 0
71.7 1.15 1
70 28.8 1
69.8 1.93 1
70 27.5 1
68.2 0.775 1
68.1 29.4 1
71.9 29.4 1
79.9 73.3 0
83.9 73.1 0
85.1 73.1 0
81.4 73.1 0
87.5 60 0
70.1 77.6 0
82.6 74.3 0
82.6 75.6 0
68.4 31.2 1
61.1 61.3 0
61.1 58.8 0
88.7 62 0
88.7 58 0
70.2 31.9 1
68.1 78.8 0
72 78.8 0
71.9 30.8 1
82.6 71.8 0
62.6 62.3 0
67.7 82.6 0
87.5 90 1
68.8 98.9 0
71.3 98.9 0
68.8 81.1 0
71.3 81.1 0
61.1 91.3 0
61.1 88.8 0
88.7 92 1
88.7 88 1
72.3 82.6 0
110 2.05 0
108 29.4 0
110 28.1 0
108 0.875 0
111 28.1 0
112 29.4 0
118 57.5 0
117 62.3 0
119 61.2 0
108 31.3 0
110 77.6 0
110 32.2 0
119 58.7 0
108 78.8 0
102 48.8 0
100 46.9 0
100 48.2 0
91 58.8 0
91 61.3 0
112 78.8 0
112 30.9 0
91.9 57.3 0
118 87.5 0
109 81.1 1
109 99.1 0
119 91.2 0
119 88.7 0
91 88.8 1
91 91.3 1
108 97.7 0
112 81.1 0
91.9 87.3 1
127 26 0
123 26 0
124 27.3 0
123 24.8 0
125 27.3 0
167 60 0
122 59.4 0
169 62 0
169 58 0
122 60.6 0
121 58.1 0
121 61.9 0
138 91.6 1
134 94.3 1
136 89.4 1
167 90 0
169 92 0
169 88 0
121 88.1 0
136 91.6 1
135 92.6 1
121 91.9 0
190 1.98 0
180 2.03 0
198 1.18 0
182 0.875 0
178 1.15 0
188 1.15 0
186 2.03 0
197 45 0
193 45 0
193 43.6 0
182 46.2 0
194 40.5 0
187 52.6 0
182 48.7 0
197 43.2 0
180 46.8 0
180 48 0
190 51.9 0
188 51.2 0
171 61.3 0
171 58.8 0
195 42.4 0
183 44.7 0
184 48 0
184 46.8 0
172 62.8 0
172 57.3 0
188 49.7 0
188 99.1 0
171 91.3 0
171 88.8 0
188 97.6 0
172 92.8 0
172 87.3 0
17.5 27.5 1
3.4 10.2 1
1.35 10.2 1
15.6 1.88 1
0.725 12 1
14 2.2 1
14.4 28.1 1
18.1 14.4 1
2.63 0.825 1
2.5 29.4 1
18.8 28.8 1
2.5 26.9 1
4.23 1.98 1
3.75 28.1 1
18.1 24.4 1
0.325 47.8 1
0.325 49 1
4.53 57.2 1
3.23 58.1 1
15.5 47.7 1
14.3 47.7 1
15.6 31.9 1
14.2 77.9 1
14 32.2 1
2.2 49.6 1
2.5 78.8 1
0.325 52.2 1
2.2 51.5 1
1.28 58.1 1
18.1 69.4 1
18.1 70.6 1
2.48 30.8 1
13 48.9 1
12.7 50.5 1
0.775 32 1
18.1 50.6 1
18.1 44.4 1
0.625 82 1
14 97.8 0
14 82.3 0
2.65 98.8 1
2.5 81.2 1
4.38 82 1
46.7 24.3 1
45.4 23.1 1
44.2 23.1 1
46.7 25.6 1
42.9 24.3 1
48.1 6.83 1
50.6 28.1 1
49.4 28.1 1
50.8 2.03 1
42.9 25.6 1
45.7 4.75 1
57.9 14.2 1
39.4 28.1 1
54.7 17.6 1
55.9 17.6 1
47.3 5.13 1
22.2 14.1 1
40.6 28.1 1
22.2 15.9 1
58.1 24.4 1
58.1 25.6 1
44.8 26.2 1
44.8 27.5 1
58.1 15.6 1
54.8 51.3 0
53.2 50.4 0
53 49 0
54.9 47.1 0
54.9 48.4 0
42.6 70.4 0
40.6 78.1 0
58.1 70.6 0
28.9 51.7 1
32.5 53.1 1
50.8 32 1
31.4 51.7 1
39.2 78 0
57.9 44.2 0
32.1 49.9 1
42.8 69 0
58.1 45.6 0
53 46.5 1
51.7 47.7 0
40.8 32 1
40.8 82 0
50.8 82 0
88.1 15.6 0
87.9 14.2 1
79.4 28.1 0
80.8 2.03 1
80.6 28.1 0
88.1 24.4 0
88.1 25.6 0
71.9 44.9 0
71.9 46.3 0
71.9 48.8 0
68.1 48.8 0
80.6 78.1 0
88.1 70.6 0
87.9 44.2 0
79.2 78 0
80.8 32 0
70 46.9 0
70 48.1 0
64.9 48.1 0
64.9 46.9 0
78.4 76.3 0
73.1 47.5 0
88.1 45.6 0
88.1 49.4 0
80.8 82 0
79.2 82.1 0
79.2 98 0
113 25.1 0
118 14.1 0
113 23.2 0
115 20.9 0
100 12.2 0
115 22.4 0
102 57.3 0
98.7 55.6 0
97.1 58.6 0
92.2 44.1 0
118 50.7 0
100 58.3 0
98.9 57.4 0
118 45.6 0
118 49.4 0
100 60.6 0
142 9.9 0
148 10.1 0
147 13.2 0
143 13.1 0
144 11.8 0
135 2.13 0
168 24.4 0
168 15.6 0
159 28.1 0
168 14.1 0
159 2.2 0
124 1.88 0
168 25.6 0
146 9.98 0
145 11.9 0
161 28.1 0
137 2.25 0
122 14.4 0
122 15.6 0
138 0.95 0
148 29.4 0
121 28.8 0
123 16.9 0
143 8.45 0
145 8.45 0
149 12 0
150 28.8 0
153 50.5 0
131 55.1 0
135 58.1 0
139 40.1 0
153 49.2 0
157 49.2 0
137 43.1 0
134 57.2 0
130 56.8 0
127 46.3 0
136 37.1 0
139 35.3 0
161 78.1 0
168 70.6 0
149 32 0
124 31.9 0
132 58.3 0
168 44.2 0
159 78 0
126 77.9 0
159 32.2 0
126 32.2 0
156 47.9 0
161 32 0
156 63.3 0
136 41.9 0
137 40.1 0
168 45.6 0
157 38.8 0
137 35.3 0
148 78.8 0
168 49.4 0
158 37.2 0
127 56.6 0
122 69.4 0
122 70.6 0
155 47.9 0
158 62.1 0
126 58.1 0
157 63.6 0
124 47.6 0
157 35.7 0
148 30.9 0
124 57.5 0
126 47.6 0
133 55.4 0
140 37.1 0
139 41.9 0
122 44.4 0
155 51.5 0
157 50.8 0
150 82 0
148 98.8 1
148 81.2 0
159 82.3 0
185 6.25 0
182 9.68 0
186 7.98 0
185 11.6 0
199 28.1 0
180 28.8 0
180 27.5 0
185 9.7 0
198 29.4 0
182 29.4 0
182 6.25 0
181 7.95 0
182 57 0
176 57 0
198 50.9 0
178 55.5 0
198 49.1 0
199 47.8 0
200 32.2 0
177 58.5 0
180 58.1 0
172 44.1 0
198 78.8 4
198 31.3 0
172 70.9 0
179 57.2 0
182 30.9 0
200 38.7 0
177 55.2 0
200 77.5 4
197 82.6 4
198 81.2 4
0.225 5.18 1
19.4 7.5 1
16.9 7.5 1
18.1 6.25 1
16.9 37.5 1
8.4 43.3 1
8.53 67.7 1
7.95 66.2 1
12.3 45.1 1
9.88 40.5 1
9.93 42.3 1
13.2 42.2 1
3.25 68.2 1
12 43.5 1
7 68.7 1
5.8 65.9 1
5.13 67.5 1
19.4 37.5 1
11.9 40.4 1
14.8 42.6 1
18.1 36.3 1
17.5 82.6 0
18.8 81.4 0
48.5 17.5 1
47 14.8 1
51.8 12.3 1
47.3 18.8 1
47.3 16.3 1
53 13.5 1
37.7 6.53 1
53 10.4 1
46 17.5 1
44.8 17.5 1
26.3 17.6 1
28.2 14.2 1
35.9 8.7 1
38.4 11.2 1
54.6 10.8 1
29.9 17.9 1
54.6 12.7 1
26.9 25 1
38.8 7.93 1
27.9 16.6 1
21.3 7.5 1
58.7 7.5 1
24.8 20.8 1
26.9 23.2 1
25.1 22.4 1
37.7 9.33 1
40.4 11.5 1
35.9 7.15 1
54.1 40.8 1
54.2 42.6 1
27.2 38.6 1
52.5 40.4 1
26.9 72.4 0
52.6 43.5 1
46.9 38.6 1
49.7 42.2 1
38.8 51.8 1
44 40.7 1
49.2 48.3 1
42.5 43.4 1
51.3 42.2 1
47.8 37 1
37.2 70.4 0
39 47.9 1
42.4 40.3 1
47.7 51 1
45.2 34.9 1
50.6 52.2 0
52 61.9 0
47.9 49.5 1
25.3 73.3 0
38.5 67.5 0
21.3 37.5 1
58.7 37.5 1
27.5 43.1 1
40.2 47.9 1
52 58 0
46.9 35.3 1
37.6 50.6 1
37.7 49.2 1
48.9 52.3 0
53.2 59.9 0
26 40.2 1
37.2 68.7 0
41.2 42.1 1
25.2 76.6 0
26 42.1 1
24.8 75 0
22.3 36 1
37 66 0
37.7 46.7 1
36.5 47.9 1
44.1 42.5 1
35.8 67.3 0
40.1 67.5 0
83.2 24.1 0
83.2 25.4 0
88.7 7.5 1
84.5 22.9 0
85.7 22.9 0
60.8 7.5 1
88.7 37.5 0
61.3 37.5 1
62.3 39.1 1
118 9.05 0
119 7.5 0
95.1 1.1 1
90.8 7.5 1
102 29.4 0
119 28.8 0
102 26.9 0
117 27.5 0
103 28.1 0
109 46.9 0
110 46.9 0
106 46.9 0
97.2 43.2 0
92.3 39.1 0
92.3 36 0
105 46.9 0
91.3 37.5 0
95.8 40.3 0
114 32 0
95.7 42.2 0
102 78.8 1
108 43.9 0
108 45.6 0
119 37.5 0
102 30.9 0
108 48.1 0
118 36.1 0
104 86.7 1
104 84.2 1
116 81.9 0
105 88 1
114 82.4 0
107 87.6 1
95.8 99.3 1
99.9 82 1
108 86.1 1
102 81.3 1
107 84 1
148 25 0
150 19.4 0
141 27.5 0
141 28.8 0
144 27.5 0
144 28.8 0
148 23.1 0
152 23.1 0
169 7.5 0
150 21.9 0
142 0.95 0
121 7.5 0
143 29.4 0
123 7.5 0
143 26.9 0
122 6.25 0
150 25.6 0
152 25 0
145 65.8 0
155 54.5 0
145 37 0
134 47.3 0
134 48.6 0
156 56.3 0
149 37.1 0
144 77.5 0
146 40.4 0
148 40.4 0
145 63.3 0
141 32 0
145 42.3 0
158 57.4 0
141 63.1 0
144 32 0
149 42.3 0
130 48.6 0
162 61.8 0
157 55.9 0
130 47.3 0
147 43.4 0
148 35.3 0
146 35.3 0
169 37.5 0
158 45.2 0
160 42.5 0
162 57.9 0
158 53.4 0
163 59.8 0
143 78.8 0
143 62 0
132 50.5 0
132 49.2 0
143 31.2 0
159 42.4 0
157 43.6 0
121 37.5 0
132 46.7 0
122 36.3 0
140 61.9 0
159 46.4 0
131 51.5 0
123 82.6 0
141 97.3 1
132 84.5 1
134 86.7 1
135 83.3 1
134 84.9 1
143 81.3 0
143 98.7 1
121 81.4 0
145 97.5 1
195 10.4 0
199 12.2 0
176 2.1 0
172 5.95 0
172 9.05 0
185 28.8 0
171 7.5 0
197 13.1 0
195 12.2 0
185 32 0
172 39.1 0
172 36 0
171 37.5 0
9.9 21.2 1
5.95 22.3 1
12.6 15.3 1
7.73 25.4 1
9.55 22.8 1
7.83 23.6 1
12.6 13.4 1
13.8 12.2 1
15.4 12.5 1
9.65 59.1 1
17.5 77.3 0
10.8 57.6 1
10.8 62.4 1
4.08 38.8 1
15.2 58.1 1
12.7 57.3 1
12.7 62.8 1
15.2 61.9 1
1.88 35.2 1
13.6 58.8 1
13.6 61.3 1
6.2 54.3 1
5.03 37 1
8.35 54.1 1
12.6 68.4 1
13.9 67.1 1
3.93 35.2 1
15.5 67.5 1
18.8 78.6 0
9.65 60.9 1
5.53 52.7 1
4.55 33.3 1
18.1 55.8 1
18.1 54.6 1
17.5 97.3 0
18.8 98.6 0
18.1 85.8 0
22.7 27.5 1
37.2 19.7 1
33.7 10.7 1
42.7 8.78 1
29.2 7.45 1
26.1 5.78 1
36.2 13.4 1
26.2 9.1 1
36.8 16.7 1
33.4 17.1 1
32.9 13.7 1
35.5 19.7 1
41.9 7.08 1
27.3 7.45 1
25.8 2.1 1
42.8 5.45 1
35 18 1
34.3 12.6 1
21.4 28.8 1
32 10.7 1
31.3 12.6 1
38 18 1
34.2 28.1 1
34.3 1.88 1
43.7 55.5 0
46.6 59.2 0
31 73.2 0
45.1 47.7 1
45.1 46.4 1
46.7 44.3 1
35.1 74.5 0
41.1 37 1
45.5 65 0
47 45.8 1
45.3 55.1 0
22.3 55 1
22.6 56.7 1
22.6 63.4 1
39.2 37 1
57.9 55.3 0
25.8 32.1 1
38.1 35.6 1
47.9 57.2 0
48.1 62.9 0
32.7 66.8 0
33 71.9 0
31.6 68.2 0
47.2 64.5 0
47 55.6 0
34.6 72.8 0
44.1 59.2 0
42.9 57.2 0
41.9 35.3 1
22.3 65.1 1
43.2 45.8 1
34.3 31.9 1
57.8 64.6 0
53.2 91.1 0
35.1 97.8 0
22.3 85 0
52.4 87 0
33.4 97.5 0
22.6 86.7 0
56.6 85.3 0
52 93.1 0
54.4 95.2 0
53.2 85.2 0
52.8 94.8 0
54.9 84.9 0
35.1 82.3 0
62.7 27.5 1
84.2 4.93 1
74.2 2.1 1
81.9 7.05 1
82.6 5.33 1
61.4 28.8 1
65.7 1.88 1
74.2 28.1 1
76 67 0
77.5 38.6 0
77.4 70.2 0
75.6 37.9 0
78.4 57.1 0
77.3 65.8 0
78.6 37.2 0
77 56 0
77.3 54.3 0
62.3 55 0
80.3 52.8 0
75.6 36.4 0
77.5 51.6 0
77.5 68.5 0
80.3 67.3 0
87.9 55.3 0
65.8 32.1 1
78.7 52.9 0
78.7 67.2 0
77.5 35.8 0
74.3 66.7 0
81.6 51.6 0
62.3 65.1 0
74.3 31.9 0
87.8 64.6 0
76 53.1 0
62.6 56.7 0
73.9 92 0
73.8 88 0
83.2 88.8 0
62.3 85 0
65 97.8 0
62.3 95.1 0
73.4 97.5 0
62.6 86.7 0
66.7 97.5 0
62.6 93.4 0
87.9 85.3 1
76.6 85.1 0
76.7 94.9 0
77.8 87.8 0
77.9 92.2 0
84.4 84.8 0
82 93.1 0
84.3 95.2 1
82 86.9 0
76.4 93.2 0
76.3 86.8 0
82.8 94.8 0
82.8 85.2 0
101 23.5 0
109 13.4 0
105 5.4 1
99.3 22.3 0
110 17.9 0
103 7.13 1
106 17.9 0
95.7 22.7 0
108 25.3 0
100 5.4 1
97.4 23.5 0
110 22.2 0
107 14.5 0
97.5 25.3 0
114 10.2 0
114 12.1 0
108 16.7 0
108 23.5 0
115 0.95 0
104 3.5 1
101 7.1 1
100 8.78 1
97.1 46.3 0
95.2 48.2 0
118 65 0
95.2 46.9 0
119 78.4 0
93.8 93.5 1
91.9 93.8 1
118 95 0
115 99.2 0
119 81.4 0
96.1 96.7 1
117 93.3 0
139 22.2 0
157 14.6 0
133 23.4 0
155 19.4 0
166 17.6 0
135 22.2 0
137 23.4 0
155 5.5 0
157 8.7 0
158 7.15 0
155 17.7 0
157 5.6 0
148 0.85 0
137 29.4 0
157 16.5 0
149 2 0
164 17.6 0
163 16.4 0
137 25.3 0
135 25.9 0
133 25.3 0
164 73 0
165 73 0
140 54.6 0
131 73.1 0
143 58.3 0
152 70.8 0
134 63.5 0
131 63.8 0
161 71.8 0
149 68.3 0
153 66.2 0
159 72.1 0
136 72.2 0
162 70.6 0
133 72.2 0
158 70.9 0
163 75.5 0
163 74.3 0
154 67.8 0
151 66 0
158 69 0
162 69.2 0
131 67.2 0
142 72.4 0
140 76.1 0
139 58.3 0
134 73.4 0
159 67.7 0
168 55.3 0
133 65.2 0
161 67.9 0
140 57.1 0
125 37.6 0
152 68.8 0
127 37.6 0
128 36 0
140 73.6 0
151 67.6 0
128 39.1 0
137 78.8 0
131 65.6 0
137 30.9 0
121 78.6 0
131 74.8 0
132 62.3 0
133 70.2 0
123 77.3 0
158 92.3 1
160 87.7 0
157 93.8 1
123 97.3 1
154 92 1
154 95.3 1
155 93.5 1
148 87.7 1
144 87.8 1
146 84 0
164 84.8 0
168 85.3 0
146 86.5 1
162 86.9 0
137 98.6 1
137 81.4 0
163 85.2 0
121 98.6 0
175 19 0
179 21.9 0
191 22.2 0
194 22.2 0
177 25 0
175 20.7 0
192 23.5 0
192 25.4 0
177 23.1 0
175 22.3 0
196 28.1 0
194 28.1 0
186 43.1 0
186 39.2 0
190 39.2 0
190 35.7 0
188 44 0
177 46.2 0
195 77.5 4
182 38.8 0
189 37.5 0
187 37.5 0
181 37.1 0
188 45.7 0
182 35.3 0
175 48.1 0
175 46.9 0
182 78.8 0
190 41.1 0
189 46.4 0
189 47.6 0
186 35.8 0
177 48.7 0
194 82.1 0
180 97.8 0
183 82.6 0
182 98.6 0
182 81.2 0
14 19 1
9.93 5.5 1
13 24.9 1
9.03 12.9 1
9.38 17.2 1
7.78 16.3 1
13.2 20.7 1
7.5 13.8 1
12.9 23.5 1
12.1 8.7 1
13.1 7.15 1
14.1 22.2 1
12.1 5.6 1
15.5 22.4 1
5.65 13 1
9.53 74.9 1
12.8 37.2 1
1.83 72.3 1
0.225 63 1
1.53 62.1 1
11.8 35.6 1
4.25 42.4 1
9.05 73.2 1
7.45 72.3 1
5.58 73.5 1
9.65 35.5 1
3.48 62.1 1
4.78 63 1
2.53 45 1
2.55 43.6 1
8.58 37.2 1
0.2 92.2 1
8.15 84.9 1
7.9 88.2 1
9.7 95.2 0
6 85.1 1
15 92.9 0
4.43 87.8 1
5.73 86.9 1
10.6 93.4 0
13.4 92.2 0
12.5 93.7 0
9.08 86.7 1
52.8 23.7 1
52.8 20 1
52.8 21.2 1
52.8 25 1
54.1 22.5 1
55.3 22.5 1
58.5 28.8 1
51.6 22.5 1
32.2 57.4 1
46 72.8 0
44.7 72.8 0
47.2 75.3 0
47.2 74.1 0
37.5 58.6 0
36.1 57.6 1
33.6 58.8 1
33.6 60.9 0
24.9 67.1 1
27.7 68.3 0
26.6 66.8 0
43.8 94.7 0
33.9 88 0
34.4 92 0
46.8 91 0
45.4 95 0
30.5 93.5 0
27 92.1 0
36.7 85 0
37.2 95 0
48 93 0
37.9 87.8 0
38.3 92.2 0
28.4 93.5 0
36.4 86.7 0
36.9 93.3 0
47.1 94.6 0
21.6 81.5 0
25.4 96.3 0
27.1 96 0
43 93 0
44.3 91 0
81.5 17.6 1
82.7 16.4 1
82.7 20.1 0
82.7 18.9 0
77.8 12.6 1
65.8 6.43 1
68.7 9.05 1
76.7 15.7 1
66.9 5.33 1
68.7 5.38 1
72.9 13.7 1
69.7 7.23 1
84 17.6 1
85.2 17.6 0
74.4 12.8 1
76.6 13.9 1
88.5 28.8 0
66.9 9.08 1
65.8 7.98 1
74.9 17 1
73.3 16.1 1
80 17.9 1
79.4 42 0
67.9 55.8 0
84.2 42.7 0
69.1 73.3 0
83.2 68.5 0
71.6 55.8 0
69.4 42.6 0
82.6 43.5 0
84.6 52.8 0
82.9 38.8 0
71.1 39.1 0
82.2 56.6 0
65 74.6 0
81.3 42.3 0
72.9 35.4 0
84.8 65.8 0
70.1 37.3 0
67.3 45.1 0
71.1 35.4 1
83 54.9 0
84.8 67.6 0
84.6 54.5 0
82.1 37.1 0
67.7 51.8 0
65 53 0
71.8 51.9 0
67.6 43.4 0
67.1 72 0
84.5 34.9 0
66.7 53.3 0
72.8 53.3 0
66.1 42.4 0
82.9 35.3 0
65.5 72.9 0
83.4 58.6 0
72.9 39.1 0
84.5 39.2 0
68.3 93.4 0
66.9 92 0
61.6 81.5 0
70.4 93.4 0
97.3 14.8 0
95 19.6 0
97.1 17 0
106 28.1 0
113 16.9 0
95.5 17.9 0
115 17.8 0
113 14.5 0
115 39.4 0
113 57.9 0
104 38.9 0
95.8 52.4 0
108 61.5 0
101 37.2 0
98.8 52.6 0
105 59.8 0
105 37.3 0
114 40.5 0
113 44.9 0
105 67 0
113 43.5 0
105 77.6 1
102 35.5 0
105 32.1 0
110 73.7 0
108 72.5 0
109 59.9 0
114 42.4 0
104 35.6 0
104 61.8 0
108 58.4 0
105 63 0
109 56.8 0
113 68.4 0
108 68.7 0
108 67.4 0
114 66.1 0
114 67.6 0
111 56.6 0
97.3 51.4 0
112 59.7 0
112 40.4 0
102 38.9 0
111 42.3 0
97.3 50 0
113 65 0
105 97.3 0
91.8 98.2 1
118 98.4 0
127 7.43 0
164 12.7 0
165 9.35 0
128 8.83 0
128 6.03 0
133 14.4 0
163 8.98 0
145 3.7 0
137 16.5 0
159 12.2 0
131 5.6 0
135 17.7 0
133 16.5 0
165 5.2 0
161 12.3 0
130 8.2 0
162 7.28 0
130 6.65 0
146 5.58 0
163 5.65 0
169 28.8 0
162 13.6 0
131 9.25 0
142 5.68 0
137 14.3 0
143 3.8 0
149 48 0
149 46.8 0
147 52.1 0
145 55.9 0
127 68.2 0
127 74.7 0
148 48.7 0
125 52.5 0
146 48 0
146 46.8 0
128 51.6 0
143 52.2 0
127 71.8 0
145 53.4 0
126 73.1 0
125 72.8 0
126 67 0
126 52.8 0
124 67.3 0
127 50 0
148 46.2 0
124 65.5 0
122 65.5 0
151 95 1
128 93.8 1
140 84.2 1
131 91.9 1
150 93.2 1
130 93.4 1
131 95.2 1
139 87.9 1
148 92.3 1
146 93.5 1
140 86.7 1
168 81.6 0
179 17.2 0
178 16 0
197 23.8 0
197 25.7 0
180 12.7 0
176 12.6 0
178 13.5 0
182 13.8 0
181 15.9 0
196 56.1 4
191 61.2 4
178 64.5 0
175 75 0
195 65.5 4
193 65.9 4
195 57.5 4
193 71.8 4
192 62.8 4
179 62.8 0
191 64.3 4
186 77.5 0
176 63.2 0
196 63 4
179 43.2 0
179 73.6 0
193 56.9 4
197 71.8 4
196 53.6 4
177 61.7 0
193 55.1 4
194 61.8 4
195 73.1 4
181 42.3 0
194 53.1 0
193 69.6 4
197 69.3 4
180 61.8 0
176 65 0
176 73.2 0
177 72.4 0
195 93.3 0
189 91.4 0
194 92.1 0
196 97.3 0
191 91.4 0
185 95.3 0
187 82.2 0
194 88.1 0
191 85.1 0
192 93 0
191 94.6 0
184 91.8 0
192 85.7 0
185 92.9 0
193 87.5 0
182 91.8 0
19.4 20.7 1
18.8 1.58 1
12.5 71.8 1
13 74.8 1
15.3 72.8 1
13.7 73.1 1
18.8 31.6 1
19.4 74.5 0
0.025 87.9 1
7.8 91.9 1
5.9 95 1
4.33 92.3 1
5.63 93.2 1
49 22.6 1
40.9 22.3 1
30.5 22.2 1
34.2 22.7 1
54.3 29.4 1
32.5 23.5 1
32.4 25.3 1
20.8 20.5 1
44.7 0.875 1
55.3 0.85 1
44.4 13 1
47.7 21.4 1
42.8 13.9 1
42.6 15.3 1
58.8 20.1 1
30.6 37.3 1
57.3 77.3 0
34.5 38.1 1
31.5 35.5 1
34.5 36.5 1
41.6 52.3 1
44.5 51.9 1
33.3 35.4 1
47.7 70.4 0
42.9 51.1 1
42.7 49.7 1
47.4 68.9 0
48.7 67.6 0
20.8 75.5 0
45.3 30.9 1
58.5 78.6 0
54.5 30.8 1
51.7 69 0
50.4 67.7 0
49 71.6 0
45.7 68.1 0
54.9 78.8 0
44.9 78.8 0
59.4 74.5 0
22.1 79.2 0
46.2 85.4 0
42.1 87 0
44.5 84.9 0
44.5 99.2 0
45.3 80.9 0
55.3 80.9 0
42.9 85.3 0
55.3 99.1 0
58.3 81.6 0
21.6 98.4 0
78.1 25.5 0
81.7 12.1 1
83 13.4 1
77.9 24.1 0
82.9 10.3 1
80.6 23 0
79.2 22.9 0
84.5 10.7 1
84.6 12.5 1
67.1 13.5 1
84.3 29.4 0
85.3 0.85 1
65.7 12.4 1
60.8 20.5 1
88.8 20.1 0
68.7 12.4 1
81.7 47.6 0
87.3 77.3 0
82.9 46.3 0
82.9 48.8 0
73.5 59.4 0
77.5 61.7 0
72.1 62.9 0
76 62.7 0
84.8 48.2 0
84.8 47 0
73.5 61.5 0
65.2 67.1 0
68 68.3 0
66.9 66.8 0
60.8 75.5 0
85.3 30.9 0
88.5 78.6 0
61.6 78.4 0
84.9 78.8 0
89.4 74.5 0
68.1 86.7 0
66.7 88.1 0
84.5 99.2 1
85.3 80.9 0
88.3 81.6 0
61.6 98.4 0
70.2 86.7 0
108 9.93 0
92.9 27.5 0
109 5.65 0
113 5.7 0
100 18 0
110 7.38 0
105 11.8 0
105 9.93 0
112 7.35 0
102 14.3 0
102 16.7 0
119 19.8 0
91.6 28.8 0
90.8 20.5 0
95.5 68.7 0
113 35.5 0
98.2 64.7 0
113 48.8 0
98.5 62.9 0
96.3 65.1 0
100 73.7 0
95.3 63.3 0
94.8 74.4 0
97 69.7 0
96.5 61.8 0
110 37.4 0
115 47 0
115 48.2 0
111 35.7 0
104 73.6 0
113 72.3 0
96.9 71.8 0
101 42.4 0
102 72.4 0
102 43.5 0
95.3 72.7 0
115 74.9 0
115 73.2 0
118 33.3 0
119 74.8 0
119 32.2 0
114 36.5 0
104 42.4 0
90.8 75.5 0
93.5 63.7 0
102 45 0
96.5 85.1 1
98.3 85.4 1
99.9 88 1
105 92.2 1
97.3 91.9 1
98.6 87.1 1
106 93.4 1
96.8 88.3 1
101 92 1
99.1 94.7 1
99.3 93 1
108 92.8 0
109 94.3 0
95.6 86.8 1
129 22.2 0
126 18.9 0
129 20.6 0
125 12.7 0
128 15.5 0
139 8.58 0
149 5.53 0
153 12.5 0
130 12.6 0
138 7.08 0
127 23.4 0
150 7.25 0
127 12.2 0
127 20.6 0
152 13.5 0
169 20.7 0
128 13.4 0
152 7.25 0
126 22.2 0
139 5.63 0
125 22.4 0
164 29.4 0
121 20.7 0
121 1.58 0
153 8.9 0
152 15.9 0
166 0.8 0
149 59.5 0
167 77.3 0
141 68.1 0
131 35.4 0
133 37.1 0
154 42.6 0
136 67.3 0
131 40.3 0
152 45.3 0
152 43.5 0
133 43.1 0
149 62 0
139 66.7 0
142 45.1 0
131 42.2 0
150 63 0
142 43.4 0
137 68 0
165 30.9 0
121 31.6 0
169 78.6 0
165 78.8 0
169 74.5 0
121 74.5 0
163 90.8 0
165 94.9 1
162 92.8 1
163 94.5 1
164 80.8 0
165 99.1 1
187 25.3 0
187 23.5 0
183 25.3 0
183 23.4 0
185 22.2 0
193 17 0
173 27.5 0
178 7.05 0
189 7.1 0
190 5.33 0
197 17 0
195 18.2 0
172 3.15 0
171 2.2 0
191 29.4 0
172 28.8 0
177 5.43 0
185 26 0
171 20.5 0
188 69.8 0
177 51.3 0
176 52.3 0
193 48.9 0
189 73.2 0
179 52.6 0
185 58 0
195 47.6 0
188 55.9 0
194 47.6 0
187 57.5 0
186 73.2 0
188 71.9 0
177 68.9 0
171 74.7 0
175 67.9 0
188 68.2 4
190 31.2 0
193 50.2 0
189 55.2 0
180 87.8 0
178 86.9 0
178 85.1 0
176 84.9 0
175 86.7 0
177 88.2 0
9.03 29.4 1
4.4 47.3 1
10.1 79.2 1
9.93 31 1
0.6 39 1
15.4 87.2 0
12.8 86.3 0
13.8 87.8 0
9.93 81 1
45.2 10.2 1
54.4 4.98 1
25.7 12.7 1
52.8 5.38 1
52.1 7.1 1
51 17.3 1
46.9 9.7 1
52.2 16.1 1
54.3 34.9 1
54.5 54.5 0
54.7 67.3 0
52.9 54.9 0
51.9 37 1
52.7 35.3 1
37.4 63.1 0
38.9 62.1 0
25.4 48.1 1
25.4 46.9 1
54.7 65.5 0
42 64.5 0
53.1 65.1 0
38.1 42 1
41.2 62.8 0
36.9 43.2 1
34 47.5 1
24.8 53.1 1
26.5 53.4 1
27.3 46.2 1
29.2 46.9 1
37.4 40.1 1
29.2 48.1 1
27.3 48.7 1
28.3 86.8 0
26.9 88.2 0
58.2 98.3 0
30.4 86.8 0
77.7 7.33 1
76.7 8.88 1
76.7 5.78 1
65.2 19.7 1
69.3 18.3 1
74.6 9 1
73.1 23 1
74.6 5.68 1
76.9 20.5 1
67.3 17.1 1
65.7 18 1
74.8 22.2 1
75.2 20.6 1
73.5 7.35 1
73 24.8 1
77.2 46.4 0
75 74.8 0
72.9 72.2 0
74.6 73.1 0
76 47.6 0
77.2 48.9 0
78.5 47.6 0
88.2 98.3 1
95.5 8.1 1
95.5 6.55 1
96.8 5.58 1
111 1.18 0
91.9 3.3 1
90.8 2.2 1
96 29.4 0
99.2 0.9 1
118 1.9 0
96.7 9.15 1
96.2 35.7 0
115 52.8 0
97.4 37.4 0
108 51.5 0
112 51.9 0
107 53.1 0
113 53.2 0
104 53.3 0
95.1 31 0
95.9 78.8 0
103 51.7 0
92.2 80.7 0
99 99.3 1
93.2 81.7 1
95.1 81 1
111 99.1 0
165 22.7 0
164 22.7 0
157 25.4 0
163 23.9 0
157 23.9 0
163 25.2 0
168 1.75 0
122 26.6 0
130 1.1 0
154 29.4 0
124 28.5 0
155 0.95 0
155 22.7 0
130 28.1 0
130 29.4 0
152 57.6 0
139 47.7 0
139 46.5 0
164 39.5 0
149 73.4 0
127 43.6 0
126 42.3 0
125 42.6 0
151 54.2 0
154 39 0
153 60.7 0
164 35.2 0
163 39.1 0
151 52.7 0
153 58.8 0
147 72.1 0
145 73.4 0
163 35.6 0
162 37.3 0
137 45.8 0
152 37.4 0
155 79.2 0
130 79.2 0
155 31 0
130 31 0
154 35.7 0
152 85.2 0
151 87 0
154 85 0
155 86.8 0
153 88.3 1
154 99.3 1
154 80.7 0
168 98.3 1
131 99.3 1
131 80.7 0
156 86.5 0
187 16.6 0
190 12.5 0
185 17.8 0
192 13.7 0
176 29.4 0
191 10.6 0
187 14.2 0
185 65.4 0
184 61.9 0
185 63 0
175 79.2 0
175 31 0
187 61.3 0
178 94.6 0
184 86.8 0
179 92.8 0
175 93.3 0
188 85.9 0
185 88.1 0
176 95 0
177 91.8 0
200 92.3 0
187 87.6 0
175 99 0
176 80.7 0
173 81.7 0
172 80.7 0
4.18 5.65 1
7.1 7.43 1
5.28 7.43 1
8.28 9.08 1
16.8 47 1
16.8 48.3 1
13.8 53 1
15.4 52.6 1
31.9 5.23 1
33.7 5.18 1
21.8 1.9 1
58.2 1.8 1
56.5 51.2 0
36.8 54.3 1
21.8 31.9 1
58.2 31.8 1
35.6 53.1 1
56.7 49.7 0
43.3 77 0
61.9 2.05 1
88.2 1.8 1
76.3 43.2 0
65.7 35.6 1
74.4 42.4 0
63.1 48.1 0
63.1 46.9 0
61.8 31.9 1
88.2 31.8 0
65.7 38.9 1
66.9 37.3 1
91.8 78.4 0
114 92.7 0
112 94.2 0
114 95.3 0
143 23.3 0
145 22.1 0
157 74.9 0
165 46.3 0
165 47.6 0
155 74.9 0
165 43.4 0
165 68.2 0
165 54 0
163 51.4 0
164 65.3 0
126 61.9 0
165 52.2 0
123 46.9 0
123 48.2 0
163 44.3 0
127 63.4 0
155 73.2 0
137 51.9 0
163 45.7 0
163 65 0
135 52.7 0
168 31.8 0
162 46.9 0
163 48.2 0
163 54.4 0
137 49.9 0
162 52.6 0
123 49.4 0
125 62.5 0
141 93 1
143 91.9 1
123 85.7 0
134 95.9 1
195 5.5 0
200 5.53 0
196 7.18 0
199 7.18 0
176 9.43 0
195 35.7 0
182 51.5 0
196 37.5 0
184 52.9 0
172 78.4 0
197 86.5 4
172 98.2 1
16.3 0.625 1
0.625 28.1 1
0.625 29.4 1
15.6 28.8 1
9.7 0.95 1
5 28.8 1
18.8 25.6 1
4.38 78.8 1
16.3 30.6 1
19.4 51.3 1
15.6 78.8 0
18.8 49.4 1
18.8 45.6 1
15.6 98.8 0
15.6 81.3 0
8.8 99.3 0
5.63 80.7 1
48.7 12.6 1
36.7 26.9 1
21.3 25.6 1
59.4 26.3 1
38.1 74.7 0
40.4 72.7 0
38.9 73 0
53.4 76.9 0
59.4 48.8 0
59.4 46.3 0
21.3 45.6 1
21.3 49.4 1
21.3 50.7 1
59.4 50.1 0
56.3 74.9 0
52.1 78.2 0
61.3 25.6 1
89.4 26.3 0
66.9 61.2 0
88.8 50.7 0
61.3 49.4 0
61.3 45.6 0
61.3 50.7 0
83.4 76.8 0
86.4 74.8 0
68.3 62.6 0
89.4 46.3 0
89.4 48.8 0
66.9 59.1 0
95.5 12.2 1
115 29.4 0
91.3 25.6 0
119 25.6 0
115 28.1 0
91.3 49.4 0
91.3 45.6 0
91.3 50.7 0
116 31.1 0
119 46.3 0
119 48.8 0
115 78.8 0
116 80.7 0
143 16.5 0
147 16.5 0
145 17.7 0
124 0.625 0
134 0.825 0
169 26.3 0
122 24 0
151 29.4 0
124 30.6 0
150 78.8 0
123 55.8 0
169 46.3 0
124 78.8 0
151 31.2 0
169 48.8 0
169 50.7 0
121 50 0
121 45.6 0
131 88.3 1
151 80.7 0
130 86.8 1
124 81.3 0
124 98.8 1
150 98.8 1
196 1.18 0
179 29.4 0
191 0.825 0
174 0.95 0
171 25.6 0
176 39.1 0
176 35.8 0
177 37.4 0
171 45.6 0
171 49.4 0
171 50.7 0
180 30.9 0
2.65 23 1
19.4 23.6 1
5.38 1.15 1
19.4 68.6 1
4.4 98.8 1
47.8 3.25 1
51.6 0.775 1
49.2 1.25 1
59.4 23.6 1
39.2 1.25 1
51.4 29.4 1
21.3 24.2 1
38.6 29.4 1
41.4 29.4 1
46.2 2.88 1
43.7 28.1 1
51.6 30.8 1
38.4 79.2 0
58.8 69.2 0
41.4 79.4 0
39.2 31.3 1
21.3 69.2 1
41.6 30.8 1
48.7 87.6 0
41.6 80.8 0
51.6 80.8 0
38.4 99.2 0
50.8 98.8 0
39.2 81.3 0
40 99.2 0
81.6 0.775 1
89.4 23.6 0
79.2 1.25 1
61.3 24.2 1
78.6 29.4 0
81.4 29.4 0
78.4 79.2 0
88.8 69.2 0
81.6 30.8 0
81.4 79.4 0
79.2 31.3 0
61.3 69.2 0
81.6 80.8 0
78.4 80.8 0
78.4 99.2 0
80.8 98.8 0
117 21.3 0
100 29.4 0
117 22.9 0
91.3 24.2 0
119 24.2 0
100 28.1 0
93.3 48.2 0
93.3 46.9 0
114 61.9 0
100 78.8 1
119 51.4 0
91.3 69.2 0
119 69.2 0
92 31.9 0
100 30.9 0
117 82.7 1
99 80.8 1
169 23.6 0
161 29.4 0
130 18.2 0
135 33.4 0
162 30.8 0
121 51.4 0
169 69.2 0
161 79.4 0
121 68.6 0
127 84.1 0
134 81.9 0
161 81.3 0
161 98.8 1
199 1.18 0
171 24.2 0
176 42.3 0
171 69.2 0
172 31.9 0
182 68.1 0
182 70.8 0
180 67.4 0
18.8 15.9 1
19.4 71.5 0
5.83 32.5 1
19.4 54 1
37.6 4.65 1
57.2 18.4 1
23.3 22.8 1
40.9 1.25 1
48.5 29.4 1
59.4 16.5 1
20.9 16.8 1
57.3 26.9 1
25.2 26.3 1
45.8 28.1 1
25.9 35.6 1
28.6 57.7 1
28.6 62.6 1
27.2 59.1 1
27.2 61.2 1
44.8 33 1
20.8 54.2 1
59.1 54.3 0
49.1 31.3 1
21.3 70.9 0
48.5 79.4 0
59.4 71.5 0
30.7 62.6 0
23.4 77 0
54 97 0
52.4 96.6 0
49.1 81.3 0
49.1 98.8 0
65.6 22.8 1
67.3 23.6 1
67.4 25.5 1
87 22.1 0
61.3 15.9 1
89.4 16.5 0
69.3 22.4 1
87.3 26.9 0
81.6 62.6 0
60.8 54.2 0
89.1 54.3 0
61.3 70.9 0
89.4 71.5 0
82.4 64.3 0
84 83 0
98.1 26.6 0
91.3 15.9 0
119 15.9 0
95 57 0
91 54.4 0
91.3 70.9 0
119 70.9 0
109 64.4 0
95.9 55.2 0
112 89.7 0
113 87.9 1
112 86.5 1
110 89.9 1
95.1 98.3 1
128 27.3 0
154 3.63 0
167 26.9 0
161 1.25 0
135 29.4 0
169 16.5 0
121 16.5 0
122 17.8 0
151 1.15 0
126 28.5 0
135 27.2 0
133 26.6 0
163 76.8 0
135 78.8 0
136 30.9 0
169 54.3 0
169 71.5 0
121 71.5 0
136 61.3 0
166 74.7 0
169 84.3 0
135 98.6 1
122 90 1
122 88.7 0
194 29.4 0
171 15.9 0
173 48.1 0
173 46.9 0
171 71.8 0
171 54.4 0
195 31.3 0
179 99.3 0
171 84.4 0
190 99.1 0
7.1 26.6 1
16.9 2.83 1
1.18 0.825 1
13.4 29.4 1
19.4 13.4 1
6.2 76 1
16.9 32.8 1
18.1 64.6 1
16.7 66.7 1
13.1 31 1
19.4 64.6 1
13.3 79.2 1
19.4 43.4 1
8.55 76.5 1
8.1 83.3 1
1.2 98.8 1
13.1 81 1
19.4 94.6 0
18.1 94.6 0
18.8 84.7 0
23 20.4 1
24.5 0.95 1
21 13.1 1
59.1 13.2 1
25.4 29.4 1
35.3 28.8 1
35.4 1.1 1
56.6 21.7 1
35.2 76.1 0
47.4 33.5 1
38 33.7 1
23.5 72.9 0
24.5 31 1
34.8 78.8 0
59.1 43.2 1
21.3 44.1 1
23 74.6 0
20.8 65.7 1
35.4 31.1 1
59.1 65.6 0
35.7 99.2 0
24.3 99.2 0
20.8 84.2 0
25 81.5 0
57.8 84.3 0
58.7 94.7 0
54.4 83.1 0
21.5 95.1 0
23.1 83.7 0
56.1 95.2 0
39.4 96.4 0
35.7 80.8 0
83.8 3.05 1
65.4 28.1 1
75.5 0.95 1
89.1 13.2 1
61.3 14.1 1
65.4 29.4 1
84.8 26.6 0
64.6 1.1 1
75.3 28.8 0
86.3 52.7 0
63.5 52.2 0
64.5 31 1
77.4 33.9 0
65.3 78.8 0
74.8 78.8 0
89.1 43.2 0
61.3 44.1 0
60.8 65.7 0
75.4 31.1 0
89.1 65.6 0
64.3 99.2 0
60.8 95.7 0
60.8 84.2 0
65 81.5 0
82.3 96.6 0
89.1 84.3 1
88.7 94.7 1
63.1 83.7 0
86 95.1 1
75.8 83.8 0
75.1 81.5 0
75.9 96.2 0
75.1 98.6 0
93.9 23.1 0
119 13.1 0
91.3 14.1 1
93.9 52.3 0
119 54.7 0
119 65.7 0
91 43.1 0
119 44.1 0
115 76.5 0
119 84.7 1
119 95.7 0
91 95.5 1
91 84.4 1
131 3.73 0
123 2.83 0
158 0.95 0
169 13.2 0
126 1.25 0
158 29.4 0
121 13.4 0
134 75.9 0
123 32.8 0
169 64.7 0
121 55.3 0
158 31 0
127 31 0
169 43.2 0
127 79.2 0
158 79.2 0
121 43.4 0
142 49.2 0
132 76.4 0
162 83.5 0
122 94.6 1
169 94.7 1
121 85.3 1
158 81 0
126 81.3 0
126 98.8 1
159 98.8 1
121 94.6 0
151 96.6 1
173 22.8 0
171 14.1 0
187 29.4 0
174 52.3 0
180 78.8 0
171 65.5 0
187 31.2 0
171 43.1 0
190 33.8 0
180 33.4 0
171 95.5 1
180 81.2 0
18.1 9.05 1
1.68 13.8 1
13 0.95 1
19.4 9.05 1
18.8 5.33 1
9.08 33.6 1
18.1 39.1 1
19.4 39.1 1
11.7 48.4 1
16.1 41.6 1
11.3 50 1
18.8 35.3 1
13 99 0
43.4 21.5 1
56.3 10.6 1
42.4 3.58 1
58.7 9.05 1
21.3 9.05 1
58.7 5.95 1
21.3 5.95 1
54.4 26.2 1
55.9 40.6 1
23.6 48.1 1
23.6 46.9 1
23.9 40.4 1
23.5 67.8 1
23.9 42.3 1
41.2 77 0
58.7 39.1 1
21.3 39.1 1
58.7 36 1
21 35 1
37.4 83.6 0
43.4 96.5 0
24.2 95.5 0
88.7 9.05 1
88.7 5.95 1
60.8 9.05 1
60.8 5.95 1
86.4 71.8 0
64.9 76.2 0
86.5 67.6 0
84.1 33.1 0
81.4 76.8 0
66.8 48.1 0
88.7 39.1 0
88.7 36 0
61.3 36 1
61 40 1
79.9 75.8 0
84.7 97 1
113 3.83 0
112 26.3 0
119 9.98 0
90.8 9.05 1
90.8 5.95 1
119 5.95 0
105 21.5 0
117 67.7 0
91 40 0
91 35 0
119 39.1 0
99.7 76.2 1
119 35.2 0
101 33.6 0
167 18.5 0
164 3.33 0
122 9.05 0
163 3.78 0
169 9.05 0
169 5.95 0
121 9.05 0
167 19.8 0
121 5.33 0
140 18.3 0
132 33.5 0
123 53.2 0
169 39.1 0
169 36 0
123 58.8 0
121 39.1 0
151 77.6 0
154 78 0
122 66.5 0
121 35.3 0
123 74.5 0
131 82.9 1
165 83.1 0
173 20.3 0
171 5.03 0
171 9.98 0
191 26.6 0
174 18.6 0
173 75.4 0
179 76.1 0
171 40 0
171 35 0
193 78.8 4
176 76.6 0
174 58 0
193 80.7 0
9.23 3.63 1
16.7 11.5 1
16.1 18.9 1
9.25 26.6 1
16.8 20.8 1
9.1 45.2 1
11 45.8 1
0.7 54.1 1
16.5 74.5 0
5.73 96.6 1
24 5.58 1
44 18.4 1
24 9.28 1
28.2 26.3 1
41.7 26.8 1
38.8 26.9 1
47.9 26.8 1
57.2 16.3 1
56.3 71.9 0
46.3 76.6 0
56.7 46.5 0
29.2 42.6 1
55.7 59.9 0
23.4 52.4 1
50.1 78.2 0
26.9 77.4 0
45.8 96.8 0
44.1 83.1 0
47.5 96.4 0
77.3 26.8 0
86 5.1 1
86.5 18.5 0
63.2 74.2 0
63.8 67.8 0
63.7 72.5 0
96.8 3.7 1
93.7 17.5 0
116 17.4 0
101 3.53 1
113 29.4 0
93.2 19.2 0
103 2.63 1
96 26.6 0
96.7 33.9 0
93.6 68.7 0
116 53.5 0
116 42.2 0
104 47.6 0
117 75.4 0
113 78.8 1
113 30.9 0
117 40.4 0
92.6 65.4 0
96.6 83.5 1
113 81.1 1
108 82.5 1
166 9.2 0
166 5.28 0
122 27.9 0
163 18.7 0
162 17.5 0
166 52.1 0
129 57.1 0
166 59.8 0
124 39.1 0
153 33.8 0
157 96.3 1
164 96.7 1
163 96.3 1
155 96.8 1
135 88.1 1
166 94.9 1
188 26.6 0
174 12.8 0
177 1.15 0
176 26.2 0
198 46 0
198 42.5 0
188 78.8 0
174 67.9 0
178 83.6 0
191 83.2 0
188 80.9 0
176 96.6 0
18.1 26.9 1
0.15 8.55 1
19.4 29.4 1
5.3 20.4 1
12 26.2 1
13.5 45.8 1
16.5 59.4 1
7.3 51 1
16.5 60.6 1
19.4 57.1 1
19.4 62.9 1
16.1 43.8 1
8.83 52 1
19.4 87.1 0
19.4 92.9 0
54 3.1 1
27.3 1.15 1
32.9 0.775 1
27.1 29.4 1
32.9 29.4 1
56.4 67.2 0
31 75.7 0
51.7 50.5 0
21.1 57.7 1
21.1 62.3 1
58.7 63 0
58.7 57 0
27.3 31.2 1
33.1 78.8 0
32.9 30.8 1
52.9 45.1 1
50.9 48.5 0
46.6 83.6 0
55.7 91.1 0
26.7 81.5 0
32.3 98.9 0
21.1 87.7 0
58.7 93 0
21.5 93.4 0
57.4 87 0
33.4 81.5 0
86.3 10.5 1
72.7 1.15 1
67.1 0.775 1
67.1 29.4 1
72.9 29.4 1
77.2 3.9 1
63.9 5.5 1
72.2 68.2 0
75.1 76.4 0
86.2 35.1 0
63.9 42.6 0
88.7 63 0
88.7 57 0
67 78.8 0
67.3 31.2 1
73.1 78.8 0
72.9 30.8 1
86.2 39 0
61.5 63.4 0
61.1 57.7 0
85.7 88.8 1
66.7 81.5 0
72.3 98.9 0
61.1 87.7 0
67.7 98.9 0
61.1 92.3 0
88.7 93 1
88.7 87 1
73.4 81.5 0
109 26.6 0
119 29.4 0
118 26.9 0
114 26.3 0
99.8 67.4 0
98.5 47 0
93.5 72.3 0
116 72.8 0
119 56.5 0
119 63.3 0
93.5 43.4 0
102 68.2 0
93 74 0
91 56.2 0
119 86.5 1
91 92.3 1
119 92.3 0
91 86.2 1
114 96.8 0
124 11.7 0
157 19.3 0
128 4.15 0
146 29.4 0
140 0.95 0
121 29.4 0
158 17.6 0
132 9.15 0
124 20.7 0
150 26.9 0
132 7.05 0
164 33.3 0
140 33.4 0
129 47.4 0
146 78.8 0
136 38.6 0
148 33.4 0
160 62 0
157 46.2 0
146 30.9 0
158 33.8 0
169 63 0
169 57 0
121 57.1 0
121 62.9 0
139 38.6 0
155 52.7 0
157 52 0
158 47.5 0
131 53.3 0
128 96.3 1
130 96.8 1
169 93 0
169 87 0
121 87.1 1
121 92.9 1
146 98.8 1
127 91.6 1
190 18.6 0
195 3.63 0
190 75.7 0
179 46.8 0
195 33.9 0
184 44.8 0
186 46.3 0
171 63.8 0
171 56.2 0
179 48 0
197 98.8 0
194 98.6 0
192 96.1 0
171 93.8 0
171 86.2 0
5.88 16.9 1
4.55 14.7 1
16.9 78 0
1.88 33.3 1
19.4 79.2 0
3.98 52.2 1
3.58 32.2 1
16.9 82 0
10.5 96.8 0
19.4 80.7 0
16.3 91.6 0
44.6 5.4 1
37.5 21.3 1
39.4 18 1
56.3 13.5 1
55.9 43.4 0
44.9 39 1
44.1 74.2 0
54.7 33 1
41.6 46.8 1
40.8 68.5 0
40.7 33.4 1
24.5 92.1 0
28.2 97.4 0
63.9 17.6 1
69.4 3.5 1
87 24.1 0
63.8 12.2 1
63.4 19.3 1
63.3 10.4 1
69.1 75.8 0
70.4 33.6 1
85.9 58.6 0
78.1 83.6 0
81.5 83.4 0
112 22.9 0
116 13.2 0
107 0.875 1
107 29.4 0
116 5.48 0
100 9.85 1
94.9 76 0
93.6 39.6 0
110 76.2 1
107 31.3 0
107 78.8 1
98.8 49.4 0
117 81.4 1
103 82.6 1
103 98.6 0
99.9 96.3 1
107 98.7 0
109 96.2 0
119 80.7 1
137 9.25 0
134 13.2 0
136 7.75 0
164 26.4 0
136 13.1 0
135 6.18 0
167 68.2 0
123 41.7 0
146 38.9 0
137 57.6 0
148 38.9 0
127 34.1 0
161 76.8 0
154 65.3 0
145 33.4 0
160 57.3 0
158 66.1 0
158 40.2 0
121 79.2 0
166 65.3 0
132 60.7 0
133 94.2 1
123 82 0
133 92.4 1
121 80.7 0
200 3.65 0
197 29.4 0
183 0.875 0
183 29.4 0
179 26.2 0
185 0.875 0
192 39.8 0
197 31.3 0
184 30.9 0
191 41.7 0
191 45.1 0
181 44 0
174 62.3 0
188 48.6 0
176 83.4 0
186 96.8 0
189 96 0
16.7 13.7 1
4.83 12 1
1.6 46.5 1
4.7 55.4 1
1.28 60.2 1
3.23 60.2 1
16.7 68.7 1
1.2 77.3 1
16.9 98 0
19.4 99.2 0
4.7 83.6 1
51.6 26.2 1
54.3 19.4 1
41 9.2 1
56.2 5.15 1
26.4 19.5 1
56.6 23.7 1
37 11.9 1
35.3 23.9 1
22.1 26.9 1
40.1 7.5 1
31.1 26.6 1
59.1 29.4 1
20.8 29.4 1
35.2 10 1
58.5 27.5 1
48.8 39.8 1
49.1 75.4 0
56 35.1 1
32.4 55.5 1
31.4 39.5 1
48.5 43.6 1
48 47.2 1
33.1 39.5 1
46.8 48.4 1
30.9 33.6 1
41.6 38.7 1
33.2 45.8 1
50.1 62.2 0
35.6 71 0
49.9 57.9 0
51.5 71.1 0
29.1 73 0
50.3 72.3 0
43.5 35.4 1
30.2 45.8 1
44.6 43.5 1
43 44.3 1
44.3 77.6 0
52 83.5 0
62.1 26.9 1
81.4 3.45 1
89.1 29.4 0
60.8 29.4 1
88.5 27.5 0
85.9 43.5 0
86.1 76.7 0
68.6 45.7 0
67.7 50.1 0
71.8 50.1 0
66 45.7 0
69.8 44.3 0
84.4 77.5 0
87.6 74.4 0
68.1 84.2 0
78.2 96.4 0
70.2 84.2 0
110 3.75 0
95.2 1.1 1
116 9.48 0
115 19.8 0
101 26 0
93.6 5.63 1
103 59.2 0
96.5 45 0
98.6 54.6 0
110 33.8 0
119 79.2 0
102 61.2 0
92.5 62.2 0
90.8 99.2 1
96 99.3 1
93.8 87.8 1
156 26.6 0
169 27.5 0
167 16.4 0
126 24.6 0
158 3.73 0
139 29.4 0
125 24 0
169 29.4 0
144 7.5 0
145 7.5 0
155 26.6 0
139 26.6 0
152 48.4 0
166 39.3 0
163 71.7 0
156 68.5 0
161 73 0
166 35.4 0
142 60.2 0
125 50.6 0
139 30.9 0
141 77.4 0
123 68.6 0
126 54.7 0
126 49.4 0
124 36.9 0
140 60.2 0
139 89.6 1
166 90.8 0
139 98.6 1
155 83.4 0
138 88.4 1
123 98 1
144 82.8 0
147 82.7 0
136 82.6 0
121 99.2 1
199 23.8 0
181 11.3 0
198 26.9 0
189 3.45 0
180 3.48 0
183 12.5 0
187 3.5 0
177 33.9 0
194 45.8 0
187 54.3 0
177 60.2 0
196 78.8 4
179 60.2 0
195 45.8 0
191 50.6 0
189 53.6 0
196 81.4 4
174 87.6 0
17.5 1.58 1
14.3 26.2 1
13.4 3.73 1
16.8 23.7 1
19.4 0.95 1
15.6 7.15 1
15.3 37.2 1
6.55 42.7 1
17.5 31.6 1
10.2 67.8 1
9.93 39.2 1
2.58 70.5 1
13.1 33.7 1
13.9 76.3 1
16.5 71.5 1
19.4 31 1
12 39.1 1
6.18 47.4 1
16.6 88.5 0
13.4 96.2 0
47.5 23.8 1
46.2 22.6 1
41.9 23.5 1
41.4 20.7 1
39.6 22.9 1
32 17.5 1
47.5 20.2 1
30.5 13.7 1
41.8 16.2 1
36.2 15.3 1
33.7 15.3 1
44.7 28.7 1
57.8 19.5 1
54.4 52.4 0
47.2 60.9 0
44.2 71.4 0
56.1 76.8 0
54.4 77.6 0
32.9 49.3 1
34.8 42.8 1
48.1 54 0
32.6 70 0
20.8 79.2 0
44.9 68.8 0
26.5 70.5 0
34.4 67.4 0
57.6 74.5 0
30 49.3 1
28.1 49.9 1
28.3 84.3 0
59.1 80.7 0
20.8 99.2 0
20.8 80.7 0
53.2 89.4 0
30.4 84.3 0
79.3 26.8 0
86.5 16.4 0
86.3 13.3 1
80.6 26.8 0
63.8 23.2 1
71.7 26.1 1
63.6 35.4 1
81.7 33.5 0
60.8 79.2 0
74.1 47.6 0
86.7 46.3 0
86.7 48.8 0
82.7 90.7 0
76.7 90 0
86.1 85.5 0
79.7 93.3 0
79.6 86.7 0
89.1 80.7 0
60.8 99.2 0
60.8 80.7 0
74.2 90 0
115 0.95 0
98.4 14 0
109 20.1 0
101 13.5 0
104 28.8 0
113 33.6 0
111 44.9 0
104 78.8 1
104 30.9 0
110 43.1 0
101 45.7 0
103 49.9 0
119 99.2 0
94.2 96 1
115 99.2 0
123 1.58 0
124 13.9 0
149 8.88 0
138 3.75 0
121 0.95 0
136 3.63 0
161 22.5 0
124 18 0
158 22.5 0
163 21.3 0
166 13.5 0
150 12.5 0
141 8.95 0
146 2.35 0
143 2.45 0
123 31.6 0
126 76.3 0
134 42 0
154 46.3 0
139 77.4 0
123 71.5 0
121 31 0
132 45.3 0
140 42.3 0
129 49.8 0
147 44.8 0
132 69.1 0
129 51.4 0
141 82.9 0
169 80.7 0
146 96 1
182 26.6 0
200 10.6 0
187 7.6 0
186 5.88 0
177 3.55 0
181 5.85 0
180 7.55 0
194 26.6 0
183 57.5 0
197 51.9 4
196 48.6 0
178 54.5 0
177 54.3 0
186 33.9 0
174 72 0
174 92.3 0
8.98 19.5 1
10.9 15.3 1
10.9 13.4 1
4.1 40 1
16.5 57.1 1
16.5 62.9 1
13.4 64.6 1
6.85 70.5 1
4.55 64.9 1
3.48 48.8 1
9.8 55.8 1
7.23 36.6 1
13.8 83.8 0
31.2 3.35 1
30.4 20.1 1
26.3 3.9 1
51.6 3.5 1
28.6 22.9 1
50.2 6.43 1
45.2 14.5 1
30.6 9.5 1
47.1 8.03 1
41.1 12.5 1
44.2 16 1
45.4 2.08 1
53.7 16.8 1
41 74.1 0
40.4 51.3 1
41.1 49.4 1
29.3 67.6 0
27.8 52.5 1
59.1 79.2 0
23.7 65.7 1
35.5 47.9 1
23.4 77.8 0
32.4 93 0
31.5 96 0
35.7 96.2 0
50.1 93.4 0
41.7 83.5 0
59.1 99.2 0
25.4 97.7 0
84 21.1 0
81.9 24 0
81.9 25.3 0
78.7 39.7 0
81.5 67.8 0
63.7 54.4 0
74.1 36.1 0
89.1 79.2 0
74.1 37.7 0
76.8 76 0
73.3 33.5 1
86.5 65.2 0
74.8 53 0
89.1 99.2 1
63.7 96.3 0
107 26.6 0
96 20.9 0
92.2 26.9 0
104 8.4 0
111 17.3 0
93.5 12.1 1
118 20.5 0
91 29.4 0
90.8 0.95 1
119 0.95 0
111 14.9 0
114 13.7 0
93.1 10.2 1
105 2.25 1
111 47.6 0
103 55.3 0
116 51.5 0
117 32.1 0
96.9 60.4 0
98.9 42.5 0
116 65.6 0
119 31 0
116 36.5 0
117 46.3 0
117 48.8 0
98.9 61.5 0
96.3 49.4 0
106 89.9 1
93.2 98.2 1
99.3 83.8 1
159 9.93 0
160 6.93 0
141 12.4 0
151 17.8 0
163 15.1 0
142 66.3 0
142 54.2 0
143 56.7 0
152 51.2 0
155 38 0
126 45.2 0
129 67.1 0
150 36.9 0
161 33.7 0
138 73.3 0
146 62.8 0
140 65 0
150 42.8 0
160 37 0
144 42.6 0
151 65 0
169 79.2 0
134 36.6 0
123 43.9 0
156 32.5 0
155 36.1 0
122 64.6 0
124 61.2 0
123 76.3 0
151 83.7 0
152 94.8 1
148 90 1
152 93 1
139 92.3 1
166 85.5 0
138 82.9 1
128 87 1
169 99.2 1
157 84 0
177 17.8 0
196 26.9 0
173 1.9 0
197 15 0
172 26.9 0
171 0.95 0
171 29.4 0
178 19.1 0
185 27.2 0
186 12.8 0
187 41.2 0
184 38 0
178 45 0
183 49.6 0
195 39.4 0
186 52 0
181 40 0
184 78.8 0
188 42 0
184 36 0
185 48.9 0
186 50 0
183 96.9 0
193 83.7 0
185 81.4 0
171 80.7 0
13.8 17.1 1
11.6 21.7 1
4.33 3.78 1
4.1 9.03 1
11.2 23.2 1
13.2 9.93 1
3.55 73.3 1
13.2 70.3 1
16.6 51.4 1
13.7 51.3 1
0.475 43 1
16.3 93.9 0
34.3 21 1
53 8.9 1
22.1 21.2 1
23.5 13.8 1
20.8 0.95 1
49.5 17.4 1
50.5 22.6 1
23.5 15.7 1
33.4 26.6 1
43.3 54 1
29 38.4 1
44 48.6 1
36.2 36 1
44.9 53.6 0
58 47.1 0
46 51.3 1
51.5 33.4 1
51.5 53.3 0
58 48.4 0
52.8 56.6 0
39.7 42.2 1
45.7 32.2 1
53 63.3 0
48 66.1 0
22.1 75.4 0
20.8 31 1
37.6 45.4 1
27.1 44.8 1
34.1 52.8 1
46.3 66.6 0
21.6 83 0
56.5 97 0
37.3 90 0
54.8 97.8 0
57 83.1 0
23.1 98.4 0
34.8 90 0
41.2 93.2 0
35.3 83.8 0
66.5 3.45 1
82.8 8.7 1
60.8 0.95 1
84.4 27.9 0
69.5 55.1 0
77 58.7 0
80.5 55.7 0
75.5 57.7 0
82.2 40 0
73 44.2 0
76.6 64.5 0
80.2 36.7 0
86.3 55.2 0
81.3 54 0
69.5 52.6 0
62.4 48.8 0
62.4 46.3 0
60.8 31 1
74.1 64.7 0
69.7 40.5 0
83.8 40.4 0
82.5 52.7 0
81.8 50.3 0
64.4 61.2 0
84 97.9 0
84.8 82.3 0
67.2 95.9 0
64.2 87 0
64.4 93.1 0
71.4 95.9 0
71.9 92.9 0
61.6 83 0
63.1 98.4 0
88.3 83.1 0
71.5 87.2 0
108 12.2 0
107 5.85 0
99.7 20.2 0
106 13.3 0
104 17.1 0
113 9.1 0
94 36.4 0
117 76.9 0
105 65.1 0
96.5 39.3 0
111 68.1 0
91 79.2 0
114 38.4 0
105 43.2 0
111 39.1 0
107 49.2 0
104 45 0
102 86.9 1
95.2 92.9 1
91 80.7 0
97.5 96.1 1
117 98.4 0
131 22.7 0
164 10.6 0
158 26.6 0
166 23.9 0
158 14 0
135 19.9 0
162 10.2 0
161 26.4 0
154 6.2 0
121 26 0
124 29.1 0
169 0.95 0
155 7.85 0
154 22.9 0
141 5.83 0
153 24.8 0
150 3.65 0
130 72.7 0
141 70.5 0
167 48.2 0
130 36.2 0
166 44.2 0
161 40.5 0
166 76.6 0
167 45.7 0
155 61.6 0
167 70.5 0
145 75.9 0
135 46.9 0
126 60 0
126 70.1 0
164 77.4 0
137 70.3 0
129 39.6 0
137 44.1 0
155 43.3 0
135 66.2 0
158 76.4 0
129 74.4 0
134 54.4 0
157 60.6 0
135 69.6 0
168 74.4 0
132 81.9 1
143 86.8 1
124 83.8 1
168 83 0
124 91.6 1
189 23.2 0
181 22.8 0
193 11.1 0
195 23.5 0
195 20.5 0
172 21.1 0
194 13 0
191 27.9 0
193 58.7 4
195 59.3 4
195 75.6 4
199 72.8 4
171 79.2 0
194 67.8 4
196 67.5 4
189 33 0
198 38.6 0
191 47.7 0
182 54.8 0
177 50 0
187 92.7 0
194 90.1 0
179 96.2 0
195 95.8 0
192 89.5 0
171 99.2 1
2.03 5.83 1
16.9 27.5 1
10.9 74.5 1
1.1 67.6 1
10.5 72.9 1
17.4 46.4 1
0.95 36 1
17.4 48.9 1
2.05 37.8 1
1.95 87 1
2.03 93.2 1
7.45 90.1 1
8.4 94.7 1
5.28 90.1 1
9.33 92.9 1
16.6 86.2 0
47.8 14.5 1
25.8 16.1 1
44.2 8.73 1
27 14 1
59.1 0.95 1
54 27.5 1
35.1 6.7 1
52.6 14.8 1
56.2 55.2 0
52.5 38.8 1
37.9 52.6 1
46.8 71.3 0
33.7 33.6 1
43.8 64.2 0
41.1 71.2 0
49.9 36.5 1
36.6 51.4 1
23.6 54.6 1
42 78.3 0
59.1 31 1
48.1 72.6 0
37.8 65.1 0
58 49.7 0
39 76.3 0
40 65.8 0
56.4 64.8 0
38.4 38.8 1
42.8 60.7 0
51.5 78.8 0
45 97.7 0
24.4 87.1 0
55.3 82.3 0
43.9 89.2 0
79.7 12.7 1
79.6 6.88 1
81.4 21.3 0
83 14.9 1
74.5 3.8 1
84.7 2.28 1
89.1 0.95 1
66.5 10.2 1
65.4 9.13 1
74 26.1 1
68.3 10.2 1
70.6 13 1
78.7 16.4 1
72.6 57.6 0
63.1 76.6 0
82.8 45 0
62.3 75 0
75.8 71.1 0
67 70.1 0
82.2 78.1 0
89.1 31 0
64 65.7 0
63.6 38.2 1
77.3 50.3 0
86.4 96.9 1
67.1 90.1 0
117 1.9 0
93.3 2.05 1
98.7 5.85 1
98.8 17.4 0
104 13 0
96.6 27.8 0
98.6 7.88 1
107 61.5 0
107 37 0
105 76.1 1
106 59.4 0
114 45.6 0
105 33.7 0
113 70.4 0
116 61.3 0
111 73.5 0
106 73.5 0
108 70.9 0
116 59.1 0
103 93 1
105 95.7 0
154 14.2 0
148 5.88 0
128 10.2 0
147 24.6 0
146 14.3 0
165 2.45 0
155 2.48 0
147 22.7 0
121 24.6 0
168 20.2 0
131 13.9 0
143 25.8 0
130 10.7 0
144 14.3 0
145 26.5 0
154 16.4 0
153 54.2 0
150 71.7 0
158 73.1 0
127 40.5 0
154 71.8 0
143 36.7 0
148 70.4 0
155 57.5 0
144 45.7 0
157 71.9 0
161 43.8 0
144 73.2 0
134 51.1 0
163 63.1 0
122 46.3 0
169 31 0
169 47.5 0
157 58.4 0
147 50.2 0
163 56 0
141 36.7 0
135 49.7 0
160 53 0
122 49.4 0
160 45.9 0
160 93.2 1
141 95.5 1
163 89 0
154 90.3 1
150 86.9 1
164 82.2 0
158 86.9 0
196 9.05 0
173 6.88 0
173 8.73 0
176 27.5 0
198 62.2 4
186 75.7 0
194 51.2 0
184 84.3 0
198 84 4
172 83.1 0
2.65 25.5 1
8.63 27.9 1
18 21.2 1
13.4 55.5 1
3.8 45.5 1
17.8 74.1 0
16.6 54.1 1
13.2 90.1 0
10.7 86.7 1
9 82.6 1
50.6 12.8 1
51.9 19.2 1
23.2 1.9 1
26.2 10.8 1
42.5 28.1 1
48.6 2.45 1
38 28.1 1
57.6 72.8 0
23.2 31.9 1
38.1 71.2 0
36 61.7 0
37.5 60.7 0
27.3 90.3 0
39.8 86.8 0
31.8 87.2 0
76.8 10.6 1
74.7 10.7 1
63.4 2.05 1
68.6 26.7 1
71.8 7.05 1
74.7 18.7 1
71.3 16.9 1
78.5 19.6 1
87.1 19.6 0
87.6 72.7 0
70.7 72.9 0
65.9 33.7 1
85 32.3 0
63.2 31.9 1
80.1 47.7 0
109 8.73 0
92.3 19.9 0
117 27.5 0
104 40.2 0
95.8 67.1 0
99.4 37 0
98.6 72.8 0
118 74.5 0
91 31 0
112 55.3 0
92.1 74.7 0
102 40.2 0
93.2 57.9 0
101 52.3 0
99.6 90.2 1
97.4 90.2 1
92 83.2 1
116 88.3 1
141 23 0
127 17.2 0
148 18.4 0
155 20.7 0
167 3.4 0
130 2.9 0
165 20.9 0
122 21.2 0
151 27.5 0
165 71.7 0
129 42.8 0
138 53.9 0
132 38.9 0
164 69.1 0
166 54.7 0
151 45.8 0
129 63.5 0
162 66.7 0
131 77.6 0
122 74.1 0
154 97.8 1
144 89.7 1
133 87 1
131 97.8 1
122 85.9 1
131 85.5 1
135 96.6 1
199 17.7 0
183 16.3 0
193 36.3 0
173 74.5 0
191 72.5 4
174 38.3 0
174 36.5 0
174 43.4 0
171 31 0
189 62 4
191 70.3 4
176 66.2 0
191 55.4 4
177 70.8 0
189 89.6 0
197 93.2 0
187 83.9 0
189 86.1 0
172 96.8 1
180 92.7 0
181 89.9 0
8.5 6.35 1
9.68 8 1
7.88 10.9 1
8.38 65.4 1
10.3 32.5 1
11 77.6 1
4.85 31.4 1
54.9 2.33 1
47 28.1 1
30.5 6.25 1
58.4 17.2 1
22.6 23.6 1
44.7 11.7 1
34 3.3 1
36.6 74 0
36.3 55.9 1
52.7 67.9 0
51.5 66.7 0
35.5 39.3 1
44.9 82.4 0
76.5 23.3 1
77.7 22.1 1
86.4 3.23 1
66.9 15.1 1
78 42.5 0
82.3 71.6 0
80.2 72.4 0
73.3 40.3 0
66.1 40.3 1
68.3 37 1
64.4 58.1 0
111 2.88 0
118 23.7 0
96.2 58 0
113 50.3 0
96 76.8 0
108 55.2 0
92.7 48.8 0
92.7 46.3 0
97.2 56.2 0
113 84.5 1
116 94.8 0
98.9 97.7 1
95.6 81 1
116 93.1 0
131 28.8 0
152 10.4 0
139 13.6 0
151 59.2 0
140 45.3 0
165 32.6 0
131 32.4 0
153 40.5 0
152 61.4 0
148 52.8 0
126 65.1 0
136 32.3 0
150 75.9 0
155 79.2 0
155 76.5 0
135 59.5 0
125 64.2 0
133 95.8 1
167 96.7 1
165 97.5 1
131 90.2 1
145 92.9 1
126 83.1 1
193 5.8 0
185 20 0
193 15.2 0
176 11 0
178 27.5 0
190 9.18 0
174 77 0
173 46.2 0
173 48.7 0
182 62.7 0
175 77.8 0
182 87 0
196 87 4
177 90 0
185 90 0
4.75 22.8 1
0.85 22.8 1
5.85 27.3 1
10.3 63.4 1
9.15 61.9 1
17.5 83.4 0
5.95 82.3 1
23.4 25.7 1
22.2 18.7 1
35.9 27.5 1
56.2 20.5 1
26.6 37.5 1
39.1 32.6 1
22.6 72 0
53.9 32.2 1
23.8 36.3 1
41.5 32.2 1
51.6 97.4 0
82.2 2.2 1
88.2 23.3 0
62.5 20.1 1
86.7 33.2 0
62.7 51.4 0
87.9 47 0
87.9 48.2 0
67.2 57.3 0
77.3 82.4 0
82.3 82.2 0
81.5 97.4 0
93.1 23.9 0
99 27.2 0
98.4 2.6 1
95.6 32.7 0
110 52.4 0
93.1 76.4 0
93 51.3 0
117 83.5 1
110 86.6 1
109 88.1 1
111 94.2 0
164 27.7 0
126 29.1 0
162 78 0
122 56 0
125 77.1 0
138 62.1 0
154 82.4 0
123 93.3 1
135 81.2 1
161 82.7 0
150 97.3 1
177 8.08 0
191 2.3 0
173 23.6 0
176 6.45 0
188 13.7 0
180 52.1 0
185 60.1 0
179 36.9 0
186 67.5 4
187 59.6 0
181 32.3 0
177 82.4 0
175 97.3 1
10.3 2.48 1
0.625 2.15 1
17.3 15.2 1
6.45 62.7 1
4.85 77.3 1
18 67.9 1
17.3 42.9 1
7.78 97.8 1
17.5 96.5 0
52.4 27.5 1
39.3 5 1
56.6 3.28 1
39.8 2.7 1
57.8 22.9 1
44.3 3.53 1
41.5 2.7 1
56.1 52.3 0
43.1 33.5 1
26.1 33.7 1
22.9 48.7 1
22.9 46.2 1
45.1 76.1 0
48.3 32.6 1
22.7 68.6 1
31 64.4 0
51.2 87.3 0
52.8 82.2 0
37.8 97.7 0
48 89.8 0
39.4 97.7 0
63.5 27.5 1
66.3 26.7 1
86.7 26 0
76.4 45 0
87.4 68.5 0
78.5 32.8 0
87.2 51.8 0
67.5 64.5 0
70.4 62 0
77.4 97.6 0
95.9 14 1
118 33.9 0
114 58.7 0
117 68.5 0
92.3 42.4 0
113 60.5 0
118 47 0
118 48.2 0
115 77.3 1
101 32.4 0
113 63.7 0
168 17.3 0
123 23.2 0
135 2.33 0
124 7.03 0
154 27.9 0
136 27.8 0
164 41.4 0
152 55.8 0
166 33.5 0
135 77.2 0
124 54.5 0
122 67.8 0
157 32.5 0
150 78.8 0
163 49.4 0
122 52 0
134 62.7 0
123 96.5 1
172 3.78 0
193 27.9 0
173 17.7 0
173 51.3 0
177 42.6 0
180 71.9 0
179 65.7 0
18 22.9 1
17.9 12.8 1
16.7 40.4 1
12.1 46.6 1
15.9 76.4 0
0.5 97.2 1
4.63 97.3 1
47.7 11.3 1
56.3 25.6 1
57.2 9.6 1
40.4 26.2 1
57.6 12.5 1
44.4 20.3 1
25.4 27.5 1
56.8 39.6 1
56.5 33.2 1
30.8 58.6 1
57.2 42.5 1
27.5 64.4 1
36.6 32.5 1
34.5 76.9 0
22.9 39.5 1
22.9 43.2 1
22.6 51.6 1
24.8 78.6 0
31.8 61 1
24.7 62.2 1
24.7 58 1
47 86.6 0
42.5 82.3 0
58.7 84.9 0
38.2 82.8 0
48.4 97.3 0
57 94.6 0
78.5 28 0
81.4 28 0
62.3 53.7 0
82.5 32.2 0
62.8 71.6 0
79 70.5 0
80.7 65.4 0
83.6 64.8 0
87 94.6 1
75.2 83 0
113 27.6 0
94.1 26 0
92.8 16.5 0
116 19.4 0
118 12.3 0
117 16.5 0
93.7 33.6 0
92.6 69.7 0
92.7 53.7 0
92.3 40.5 0
109 66 0
95.8 54.3 0
101 77.4 1
111 65.1 0
92.4 96.8 1
97.6 97.7 1
109 91.2 1
112 97.6 0
129 19.9 0
162 2.9 0
122 28.5 0
132 17.5 0
129 16.5 0
164 67 0
134 34 0
151 32.9 0
124 34.1 0
127 32.9 0
122 72.4 0
138 48.9 0
155 34.2 0
152 82.4 0
122 87.7 1
174 25.6 0
199 44.6 0
188 33 0
184 71.5 0
178 68.5 0
199 87 4
190 97.5 0
17.3 10.3 1
19.4 28.1 1
15.4 45.2 1
17.8 72.4 1
7.4 34 1
17.3 65.9 1
17.9 52.1 1
52.4 2.25 1
23.1 6.5 1
23.1 8.35 1
57.3 68.1 0
52.3 32.2 1
47.6 77.8 0
22.2 66.3 1
47.5 82.7 0
36.4 97.7 0
42 95.7 0
24.2 96.9 0
23.4 94.8 0
23.7 82.9 0
82.7 26.5 0
87.7 17.2 0
86.9 6.13 1
78.2 2.95 1
85.9 20.9 0
87.1 42.5 0
65.6 77 0
87.6 54.1 0
76 32.6 0
63 68.6 0
82.5 59.9 0
82.8 69.7 0
76.9 77.7 0
78.9 62.3 0
87.8 66.2 0
62.3 97 0
86.5 83.7 0
63.7 82.9 0
75.3 97 0
102 22.4 0
94.2 21.3 0
114 2.65 0
118 10.4 0
111 25.4 0
107 22.4 0
106 19.4 0
94.8 9.13 1
95.9 10.2 1
109 62.5 0
118 52.2 0
118 66.3 0
117 43.3 0
92.6 71.3 0
117 71.9 0
118 39.6 0
98.4 82.5 1
118 96.9 1
133 27.2 0
126 6.95 0
145 19.8 0
167 8.2 0
127 3.05 0
127 25.9 0
167 6.35 0
157 2.48 0
123 18.9 0
167 12.5 0
151 2.8 0
139 20.4 0
162 32.5 0
167 51.3 0
122 57.7 0
122 38.5 0
121 65.7 0
123 36 0
152 96.3 1
158 97.3 1
127 97.3 1
162 97.1 1
166 83.8 0
196 2.8 0
173 13.8 0
199 2.8 0
176 32.7 0
173 53.7 0
180 77.4 0
173 68.9 0
183 66.5 0
173 72.8 0
173 56.9 0
5.48 2.95 1
13.3 27.4 1
15.6 3.73 1
16.9 5.6 1
15.9 17 1
3.73 13.7 1
16.6 35.6 1
15.3 33.7 1
12.1 32.5 1
12.9 77.6 1
9.95 76.1 1
12.3 97.5 0
18.1 80.7 0
56.3 15 1
27.4 56.1 1
57.5 54.1 0
55.4 45.1 1
29.1 75.5 0
43.5 72.7 0
22.1 53.8 1
35.9 82.3 0
66.1 21.1 1
87.2 9.45 1
87.6 12.4 1
63 16.7 1
62.7 13.3 1
76.4 27.4 1
68.5 20.7 1
71.1 22.8 1
62.8 6.28 1
87.1 38 0
87.1 36.1 0
66.4 49.5 0
63 43.5 1
62.7 40.7 1
96.1 2.8 1
119 28.1 0
116 25.7 0
97.9 45.6 0
123 10.5 0
168 23.1 0
122 13 0
162 27.7 0
153 4.33 0
133 4.13 0
153 26 0
138 17.2 0
168 69.1 0
127 77.6 0
167 61.6 0
146 32.2 0
167 58.1 0
143 50.7 0
144 48.4 0
145 66.5 0
122 80.7 1
189 25.7 0
187 27.8 0
175 60.2 0
178 97.6 0
179 82.9 0
12.3 2.48 1
3.1 54.1 1
18.1 79.2 0
5.25 58 1
17.9 53.5 1
12.8 82.6 1
18.1 99.2 0
36.1 4.83 1
24.2 3.7 1
27.1 27.5 1
20.8 28.1 1
51.5 46.5 1
49.1 76.6 0
57 61.7 0
32.8 76.9 0
57 58.2 0
42.1 57.5 0
38.2 77.5 0
41.4 45.3 1
57.7 65.8 0
26.5 78.6 0
55.7 89.4 0
57 92.9 0
64.6 3.63 1
75.8 2.65 1
60.8 28.1 1
62.2 9.58 1
74.4 77.2 0
67.3 46.4 0
74.2 67.5 0
62.5 66.3 0
63.9 50.1 0
85.2 90.7 1
87 92.9 1
87 87.1 1
73.5 83 0
117 6.4 0
103 1.38 1
92.7 35.5 0
117 54.3 0
112 32.5 0
99.1 34.4 0
91.6 64.9 0
98 75.3 1
113 91.2 1
118 80.7 1
114 97.8 0
166 25.8 0
166 21.4 0
168 53.6 0
168 71.4 0
122 42.9 0
128 55.2 0
139 32.3 0
147 67.8 0
158 91.1 1
159 88.9 0
128 84.5 1
122 99.2 1
156 82.7 0
167 94.3 1
191 20.8 0
178 2.6 0
200 26.3 0
176 40.3 0
174 33.7 0
172 66.4 0
195 33 0
198 68.8 4
196 46.7 0
192 82.3 0
6.73 19.1 1
16.1 25.5 1
11 25.3 1
17.7 58.3 1
17.7 61.7 1
42.4 21.9 1
57.1 6.18 1
40.7 24.1 1
29.3 25.3 1
27.8 2.95 1
22.3 12.9 1
59.1 28.1 1
46 21.4 1
48.1 25.7 1
43.5 16.9 1
39 58.1 0
56.9 36.1 1
43.2 37.5 1
24 70.5 0
30.5 97.4 0
23.4 93.1 0
58.7 86.7 0
27.1 98.5 0
89.1 28.1 0
68.8 32.8 1
71.9 32.4 1
67.3 77 0
64.1 45.1 0
85.6 40.2 0
79.6 84.2 0
115 3.6 0
108 27.8 0
92.5 6.4 1
93.9 67.1 0
94 45 0
113 77.3 1
104 67.8 0
97.7 48.8 0
96.5 82.8 1
93.7 82.5 1
107 81.4 1
165 10.4 0
159 16 0
157 27.9 0
169 28.1 0
162 16.2 0
140 48.1 0
146 56.6 0
167 72.6 0
157 77.7 0
129 34.3 0
156 66.9 0
167 43.3 0
124 40.5 0
167 38.3 0
167 36.4 0
129 76 0
167 64.8 0
123 50.6 0
128 49.2 0
130 53.1 0
137 87.1 1
167 87.1 0
146 81.5 0
147 97.3 1
192 34.4 0
197 56.6 4
180 45.5 0
183 32.3 0
190 42.6 0
191 76.9 4
183 44.1 0
185 98.3 0
193 97 0
190 82.5 0
18.1 0.95 1
14.5 39.1 1
7.88 45.6 1
18.1 31 1
8.2 58.6 1
12.3 50.8 1
17.5 92.7 0
35.5 22.2 1
32.2 27.8 1
35.1 2.53 1
36.6 75.7 0
29.8 40.5 1
49.2 45.8 1
28.7 44.3 1
22.1 77.8 0
50.1 95.9 0
33.6 83 0
67.9 2.35 1
63 24 1
71 2.73 1
70.1 67.6 0
87.2 56.8 0
62.6 36.3 1
67 83.1 0
68.3 97.4 0
62.7 88.1 0
62.9 92 0
79.7 95.8 0
70.4 97.4 0
71.5 84.7 0
94.2 3.75 1
113 21 0
116 14.8 0
91 28.1 0
115 34.6 0
98.9 65.8 0
98.2 69.3 0
118 31 0
102 70.6 0
99.4 44.4 0
103 45.7 0
102 97 0
92.2 99.2 1
160 4.43 0
139 2.45 0
122 0.95 0
131 10.6 0
145 1.5 0
138 27.8 0
134 6.68 0
148 59 0
140 78.6 0
122 31 0
128 46.2 0
135 38.1 0
124 45.2 0
124 60 0
123 90.4 1
192 18 0
193 3.93 0
175 16.6 0
183 27.8 0
197 28.2 0
172 9.65 0
172 0.95 0
171 28.1 0
179 34.3 0
188 76.9 0
199 58.4 4
190 48.7 0
173 63.3 0
179 49.2 0
188 95.2 0
174 84.1 0
174 95.9 1
7.8 4.48 1
2.93 75.8 1
15.9 50.3 1
9.15 96.3 0
17.9 87.4 0
15.6 95.8 0
10.6 84.2 1
29.8 11.7 1
39.6 19.7 1
28.4 20.7 1
24 10.9 1
50.2 3.93 1
38.5 21.3 1
34.7 25.9 1
32.3 15.6 1
52.6 51.6 0
41.7 72.6 0
49.2 60.1 0
32.3 32.5 1
34.4 69.5 0
49.4 73.3 0
45.5 67.2 0
40.3 76 0
27.2 83.2 0
20.8 82.2 0
22.9 88.2 0
72.8 27.3 1
73.1 70.3 0
69.5 50.9 0
72.7 77.2 0
80.2 34.2 0
63.8 33.5 1
60.8 82.2 0
64.6 90.1 0
108 2.58 0
92.4 13.2 1
102 9.45 0
99.5 3.98 1
92 9.45 1
109 32.9 0
105 48.6 0
112 76 1
108 77.5 1
94.4 50 0
91.6 63.2 0
104 81.4 1
107 97.1 0
118 99.2 1
92.8 90.3 1
92.9 86.7 1
129 26.7 0
142 17.2 0
142 7.65 0
157 20.6 0
123 29.1 0
121 27.3 0
163 20.2 0
165 15.1 0
132 12.7 0
154 52.4 0
156 39.4 0
149 38.7 0
153 64.6 0
146 77.1 0
128 59.2 0
150 34.3 0
160 34.5 0
137 75.8 0
155 45.3 0
165 89 0
140 81.6 0
131 83.9 1
167 92.6 1
137 84.1 1
169 82.1 0
188 17.7 0
180 25.3 0
180 9.85 0
182 2.33 0
186 2.35 0
175 55 0
173 35.6 0
172 42.5 0
198 40.5 0
196 76.8 4
191 65.2 4
192 45.9 0
192 51.6 4
185 34.1 0
173 93.4 0
173 86.6 0
2.18 3.95 1
15.4 9 1
1.85 7.75 1
9.18 69.8 1
4.3 71.5 1
10.5 52 1
15.7 64.2 1
0.95 34.1 1
6.7 49.4 1
15.7 70.3 1
18.7 47.7 1
2.18 95.7 1
15.4 90.1 0
50.5 25.1 1
55.5 8.28 1
39.3 16.8 1
32.5 19.6 1
23.5 17.6 1
54.1 15.4 1
42.4 48.3 1
39.3 44.5 1
45.7 49.3 1
34.3 64.7 0
45.7 70.5 0
49.9 34 1
24.6 44.8 1
58.6 47.7 0
22.5 35.4 1
40.8 66.8 0
22.3 99.2 0
24.8 90.3 0
57.8 82.2 0
31.8 84.7 0
85.3 8.08 1
85.3 45 0
70.7 75.4 0
73.3 49.6 0
61.2 47.5 0
62.3 99.2 0
89.1 82.2 0
115 8.38 0
99.4 15.3 0
111 19.5 0
92.2 0.95 1
112 14 0
105 58.8 0
94.3 38.5 0
116 45 0
103 32.4 0
116 70.4 0
116 38.4 0
101 50.5 0
101 84.4 1
148 25.8 0
138 9.93 0
147 7.8 0
141 3.95 0
146 27.7 0
137 12.4 0
159 51.5 0
133 52.8 0
160 39.1 0
161 63.3 0
124 70.1 0
121 47.6 0
168 46.9 0
155 77.7 0
159 60.5 0
140 38.3 0
159 46.9 0
160 95.7 1
138 94.8 1
133 88.4 1
143 84.3 1
174 11.2 0
184 6.18 0
198 22 0
174 50 0
199 75.3 4
195 50.2 4
189 67.7 4
172 40.6 0
190 53.8 4
185 47.8 0
198 97.3 0
18.1 28.8 1
2.88 47 1
4.63 50.2 1
1.95 84.5 1
16 84.3 0
53.4 18.6 1
42.5 9.15 1
38 13.1 1
29.8 4.38 1
32.6 2.2 1
45.2 6.98 1
25.9 18 1
55 38.2 1
55 71.8 0
50.4 38.3 1
34.2 40.7 1
43.3 65.8 0
55.3 56.8 0
46.4 53 0
39.6 39.9 1
34.2 44.5 1
50.8 56.5 0
51.2 63.6 0
39.7 70.1 0
49.8 54.2 0
31.1 46.4 1
33.4 95.5 0
39.8 84.3 0
64.3 8.35 1
85.5 14.9 1
79.6 4.38 1
64.5 70.1 0
85.7 50.6 0
74.5 34.3 0
63.3 62.3 0
62.9 59.1 0
72.9 95.4 0
64.7 95.6 0
110 12.2 0
102 12.2 0
118 0.95 0
118 28.8 0
99.1 8.95 1
107 39.5 0
110 41 0
112 45.6 0
100 54.3 0
103 77.4 1
119 78 1
100 62.1 0
112 83.2 1
91 82.2 1
95.6 95.4 1
117 92.1 1
125 16.3 0
160 8.78 0
157 11.7 0
152 18.3 0
166 41.2 0
128 69 0
145 38.6 0
134 39.7 0
166 67 0
152 46.9 0
136 55.6 0
130 61.3 0
141 34.1 0
161 55.4 0
144 34.1 0
143 75.7 0
138 71.4 0
146 44.3 0
160 65.9 0
160 75.9 0
130 70.7 0
159 58.3 0
134 68.5 0
122 62.3 0
121 78 1
149 84.4 0
128 89.5 1
159 84.4 0
195 26 0
200 20.2 0
173 5 0
183 13.7 0
185 41.7 0
199 52.9 4
183 39.2 0
193 38.6 0
197 33 0
187 48.9 0
174 70.8 0
174 90 0
171 82.1 0
12.1 17 1
11.5 11.2 1
10.6 19.9 1
5.53 10.9 1
1.45 20.9 1
4.1 20.9 1
6.13 44.3 1
27.5 12.1 1
41.1 15.7 1
22.3 0.95 1
34.7 8.8 1
24 33.5 1
33.9 55.2 1
57.3 76.8 0
58.2 75.2 0
35.5 34.2 1
55.5 63.1 0
22.3 31 1
26.9 50.8 1
54.3 78.8 0
44.3 78.9 0
30.9 48.7 1
82.7 22.2 0
62.3 0.95 1
74.6 55.9 0
80.8 38.5 0
87.4 76.7 0
88.2 75.1 0
62.3 31 1
84.4 78.7 0
70.9 43.6 0
84.8 71.6 0
80.2 74.9 0
64.5 84.5 0
106 3.95 0
98.1 19.6 0
105 56.1 0
105 41 0
117 62.4 0
91.4 47.5 0
117 58 0
110 84.5 1
110 96.1 0
123 5.48 0
150 10.4 0
124 3.6 0
148 4 0
154 20.9 0
155 12 0
160 22.9 0
141 25.5 0
141 10.2 0
160 73.3 0
151 49.8 0
156 70.5 0
165 56.2 0
165 62.9 0
163 71 0
135 43.4 0
149 44.5 0
149 77.1 0
130 44.8 0
155 31.6 0
140 96.8 1
132 90.7 1
140 90.3 1
123 84 1
122 92.1 1
126 92 1
196 21.8 0
188 9.68 0
181 50.2 0
186 53.7 0
181 61.1 0
196 82.9 4
171 97.8 1
0.85 25.3 1
4.75 25.3 1
0.425 69.8 1
11.2 71.3 1
1.73 65.9 1
2.08 39 1
8.98 91.1 1
49 19.4 1
42.6 11.2 1
49.2 7.63 1
37.1 28.8 1
45.7 1.2 1
44.7 28.7 1
40.2 13.3 1
37.3 15.4 1
59 19.5 1
27.6 32.7 1
36.4 63.7 0
36.6 71.8 0
35.9 46 1
24.3 50.2 1
59.1 78 0
44.7 61.7 0
39.2 89 0
24.7 84.6 0
42.1 90.9 0
64.3 21.5 1
80.6 14.7 1
67.6 28 1
64.4 15.1 1
73.9 45.7 0
75.3 51 0
60.8 78 0
89.1 78 0
82.7 51.4 0
64 39.5 1
106 7.5 0
111 9.75 0
105 14.6 0
119 20.8 0
111 49 0
112 70 0
107 34.4 0
98.1 40.5 0
116 50.3 0
106 71.9 0
92.2 56.9 0
117 87.3 1
131 25.2 0
153 62.3 0
128 41 0
130 38.2 0
134 45.5 0
151 40.7 0
139 43.6 0
169 78 0
150 89.2 1
152 91.3 1
144 95.4 1
132 81.2 1
192 9.63 0
199 15.8 0
199 9.35 0
195 14.5 0
187 12.3 0
180 54.1 0
183 59.5 0
182 75.5 0
199 34.7 0
185 77 0
174 65.5 0
171 47.5 0
192 75 4
200 37.7 0
184 55.3 0
181 95.2 0
8.68 28.5 1
15.6 56 1
11.4 55 1
0.15 40.9 1
11 89.2 1
18.8 97.8 0
18.8 82.2 0
21.3 20.8 1
32 8.3 1
22.3 28.8 1
39.5 52.1 1
24.5 38.3 1
50 65.9 0
45.3 31.4 1
21.3 75 0
23.2 59.1 1
33.9 50.8 1
23.2 61.2 1
36.5 38 1
51.2 84.8 0
57.9 99.2 0
80.6 8.53 1
72.7 9.48 1
85 28.5 0
75.8 25.4 1
72.5 4.43 1
62.3 28.8 1
70.2 10.8 1
77.3 40.3 0
80.6 45.7 0
67.6 34.4 1
88.5 47.6 0
86.6 62.4 0
74.5 38.9 0
79.6 49.7 0
87.9 99.2 1
97 13.2 0
93.9 14.8 1
96.5 28.5 0
109 50 0
106 76 1
110 71.9 0
119 47.6 0
103 95.5 1
98.4 98.4 1
119 82.2 1
94.6 84.2 1
95.2 91.2 1
116 96.3 1
160 25.6 0
148 13.9 0
155 1.53 0
168 0.95 0
154 9.35 0
136 58.9 0
161 49.2 0
141 40.1 0
155 41.2 0
132 78.4 0
128 65.2 0
133 60.9 0
122 76.4 0
126 95.2 1
146 90.7 1
124 95.2 1
154 98.6 1
168 99.2 1
121 97.8 1
121 82.2 1
194 8.03 0
176 28.1 0
184 3.8 0
176 4.58 0
191 57.9 4
174 45 0
190 88.7 0
197 95.7 0
185 83.1 0
9.28 9.85 1
10 66.3 1
9.4 31.5 1
8.15 81.6 1
50.8 20.5 1
50.8 9.48 1
57.9 0.95 1
46 14.2 1
23.6 26.9 1
30.9 56.6 1
29.3 34.4 1
57 51.4 0
21.7 47.5 1
23.6 78.6 0
42.6 78.9 0
52.1 71.6 0
35.8 50 1
57.9 31 1
54.4 98.7 0
54.9 81.5 0
51.9 89.7 0
56.1 97.9 0
78.7 10.7 1
79.3 21.1 1
64.5 26.1 1
84.3 1.43 1
87.9 0.95 1
77.3 18.1 1
69.1 71 0
62.3 76.2 0
67.9 39.1 1
87.9 31 0
85 59.9 0
71.1 40.9 0
64.7 56.3 0
84.4 81.4 0
84.4 98.6 0
86.1 97.8 1
97.7 1.7 1
112 1.7 0
100 39 0
93.8 60.3 0
91 78 0
118 76.5 1
97.1 55.3 0
115 84.8 1
149 16.7 0
151 28.1 0
131 1.8 0
169 19.6 0
143 13.6 0
140 53.4 0
154 55.7 0
162 41.8 0
143 40.4 0
166 49.4 0
167 76.6 0
168 75 0
164 78.7 0
168 31 0
148 50.9 0
139 60.4 0
124 64 0
142 88.7 1
131 98.5 1
164 81.4 0
134 98 1
171 20.7 0
171 78 0
187 91 0
182 84.6 0
195 84.5 4
189 84.2 0
179 90.7 0
18.6 20.6 1
6.23 64.7 1
12 64.4 1
18.6 67.1 1
5.53 31.4 1
0.95 46.4 1
9.95 78.4 1
50.9 14.5 1
49.6 11.5 1
49 15.9 1
54.6 28.1 1
47.6 39.7 1
44.7 42.1 1
45 39.6 1
37.7 31.4 1
52.7 78.8 0
29.5 72.2 0
48.3 84.8 0
50 91.7 0
45.5 98.5 0
21.5 97.8 0
22.3 81.5 0
58.7 83.6 0
69.4 14.9 1
70.3 25.3 1
72.3 18.6 1
88.3 19.6 0
68.8 56.6 0
61.5 74.6 0
88.5 53.3 0
61.5 52.9 0
84.6 31.4 0
77.1 31.5 0
82.8 78.7 0
85.3 69.7 0
61.5 97.8 0
62.3 81.5 0
76.6 81.6 0
76.7 98.4 0
91.5 19.5 0
97.2 10.5 1
91.7 52.7 0
96 78 1
116 64.2 0
118 78.8 1
119 97.8 1
91.4 97.8 1
165 1.65 0
121 23.4 0
152 72.7 0
132 31.4 0
122 74.7 0
123 54.7 0
135 48.7 0
122 78.8 1
133 96.5 1
178 28.1 0
178 9.65 0
191 28.5 0
172 52.7 0
177 44.3 0
172 74.9 0
179 38.9 0
177 78.6 0
179 31.4 0
189 60.2 4
182 89.1 0
200 84.5 4
176 81.6 0
6.53 28.5 1
6.78 41.5 1
18.4 74.8 0
6.15 78.5 1
6 81.6 1
43.1 28.7 1
47.4 1.2 1
47.3 42.2 1
28.6 55.2 1
55.4 69.5 0
58.2 73.5 0
28.9 65.2 0
58.4 53.3 0
31 70.4 0
21.4 67.1 1
32.2 62.9 0
25 64.1 1
27.4 70.9 0
36.7 81.5 0
37.2 98.5 0
44.5 81.5 0
86 2.38 1
78.2 44.3 0
70.9 58.8 0
88.2 73.4 0
88.7 67.1 0
65 64.1 0
102 24.9 0
98.3 28.5 0
119 22.4 0
93.7 8.35 1
96.4 31.7 0
93.9 55 0
109 54.5 0
96 59.8 0
91.4 74.3 0
119 67.1 0
119 74.9 0
115 90.6 1
113 98.6 0
108 89.5 1
133 19.7 0
154 28.5 0
147 20.4 0
126 4.45 0
166 2.6 0
122 20.6 0
163 67.9 0
122 52.8 0
121 67 0
138 64 0
135 32.8 0
151 98.5 1
154 81.7 0
165 98.4 1
134 81.2 1
190 31.8 0
176 98.3 1
