18.8 1.88 1
16.3 1.88 1
16.3 48.1 1
18.8 48.1 1
38.1 26.3 1
38.1 28.8 1
38.1 46.3 1
38.2 6.1 1
17.5 49.4 1
39.4 27.5 1
39.4 47.5 1
17.5 0.625 1
39.3 37.5 1
39.3 7.5 1
36.9 27.5 1
38.2 8.9 1
16.3 51.9 1
18.8 51.9 1
18.8 98.1 1
17.5 50.6 1
17.5 99.4 1
41.9 46.3 1
78.1 26.3 1
78.1 46.3 0
42.2 5.88 1
41.3 7.5 1
78.7 7.5 1
41.2 37.5 1
79.4 27.5 1
79.4 47.5 0
79.3 37.5 0
40.6 27.5 1
40.6 47.5 1
42.1 9.2 1
77.7 9.05 1
41.9 28.8 1
41.9 26.3 1
81.9 28.8 1
81.9 46.3 0
118 46.3 0
118 28.8 0
82 35.8 0
82 39.2 0
82 9.23 1
119 7.5 0
118 9.05 0
81.2 37.5 0
81.2 7.5 1
119 37.5 0
119 27.5 0
119 47.5 0
80.6 27.5 1
80.6 47.5 0
82 30.2 1
124 1.88 1
122 26.3 0
168 26.3 0
168 46.3 0
168 5.8 0
168 35.9 0
168 9.13 0
169 37.5 0
169 7.5 0
121 27.5 0
121 47.5 0
123 49.4 0
123 0.625 1
121 37.5 0
169 27.5 0
169 47.5 0
121 7.5 0
123 37.5 0
123 39.4 0
121 39.4 0
122 36.3 0
124 51.9 0
124 98.1 1
123 50.6 0
123 99.4 1
172 26.3 0
172 46.3 0
172 28.8 0
171 7.5 0
171 37.5 0
172 9.05 0
172 39.1 0
171 27.5 0
171 47.5 0
174 28.1 0
174 26.9 0
30.6 47.5 1
30.6 48.8 1
5.23 1.98 1
29.6 1.93 1
38 23.4 1
38.4 19.7 1
7.13 1.15 1
26.2 2.1 1
27.8 1.15 1
39.1 18 1
39.2 22.2 1
2.5 49.4 1
32.5 49.4 1
3.75 48.1 1
4.38 52 1
38 78.4 0
32.9 97.5 0
32.9 52.6 1
37.5 57.1 1
37.5 87.1 0
31.9 98.9 0
31.9 51.1 1
38.4 74.7 0
2.5 51.2 1
38.9 58.2 1
38.9 88.2 0
39.1 73 0
7.4 99.3 1
39.2 77.2 0
38 80 0
70.6 47.5 0
70.6 48.8 0
41.9 19 1
51.6 2.03 1
48.4 2.05 1
78 23.4 1
45.4 48.8 1
55.4 47.5 1
55.4 48.8 1
78.4 19.7 1
55.2 1.63 1
44.7 1.68 1
40.6 17.8 1
79.1 18 1
43.1 0.875 1
57 0.85 1
40.6 22.4 1
47.2 0.8 1
79.2 22.2 1
67.6 0.775 1
52.8 0.775 1
57.2 49.4 0
47.2 49.4 1
42.7 49.4 1
52.7 49.4 1
72.5 49.4 0
41.9 21.1 1
42.5 59.4 0
42.5 89.4 0
41.9 74 0
51.6 98 0
58.2 97.9 0
48.2 97.9 0
78 78.4 0
51.6 52 1
42 85.7 0
42 55.7 1
72.9 97.5 0
72.9 52.6 0
77.5 57.1 0
71.9 98.9 0
71.9 51.1 0
45.3 51.7 1
78.4 74.7 0
55.3 51.7 0
45.2 98.3 0
55.2 98.3 0
78.9 58.2 0
78.9 88.2 0
46.9 99.1 0
56.9 99.1 0
41.2 87.4 0
41.2 57.4 1
40.6 72.8 0
47 50.9 1
79.1 73 0
57 50.9 0
52.8 99.2 0
40.6 77.4 0
42.8 99.2 0
42.8 50.8 1
79.2 77.2 0
52.8 50.8 1
41.9 76.1 0
81.9 19 1
88.2 2.1 1
85.4 48.8 0
85.2 1.63 1
91.9 2.35 1
118 19.8 0
93.2 1.1 0
80.6 17.8 1
119 18.1 0
87 0.85 1
80.6 22.4 1
97.9 0.9 0
119 22.2 0
82.8 0.775 1
87.2 49.4 0
82.7 49.4 0
81.9 21.1 1
95.2 2 0
82.5 59.4 0
81.9 74 0
118 71.8 0
88.2 97.9 0
118 78.4 1
94.9 98.3 1
118 56.9 0
118 86.9 1
85.3 51.7 0
119 58.1 0
119 88.1 1
118 74.8 1
85.2 98.3 0
91.8 97.8 1
86.9 99.1 0
81.2 87.4 0
81.2 57.4 0
93 99 1
80.6 72.8 0
119 73.1 0
87 50.9 0
80.6 77.4 0
119 77.2 1
82.8 99.2 0
82.8 50.8 0
97.7 99.3 1
88.2 52.1 0
81.9 76.1 0
99.4 97.9 1
126 43 0
127 44.3 0
124 43.4 0
127 45.9 0
146 2.2 0
168 19 0
162 2.13 0
146 47.5 0
146 48.8 0
140 48.8 0
165 48.8 0
165 47.5 0
137 2.25 1
165 1.68 0
123 45.9 0
124 47.1 0
138 0.95 1
169 22.4 0
169 17.8 0
163 0.875 0
125 47.1 0
123 44.6 0
167 0.8 0
147 0.85 0
121 17.8 0
167 49.4 0
147 49.4 0
121 22.4 0
163 49.4 0
138 49.4 0
121 20.5 0
168 21.1 0
122 58.8 0
167 89.4 0
139 97.3 1
139 52.7 0
168 74 0
168 75.3 0
146 97.5 0
162 98 0
162 52 0
121 74.7 1
148 98.8 0
148 51.2 0
168 55.8 0
137 98.6 1
137 51.4 0
165 98.3 0
169 87.4 0
169 57.4 0
169 72.8 0
167 99.1 0
167 50.9 0
163 99.2 0
169 77.4 0
121 57.5 0
121 87.5 1
163 50.8 0
121 72.8 0
121 77.4 1
164 51.7 0
122 60 0
191 47.5 4
191 48.8 4
172 23.4 0
194 48.1 4
176 2.1 0
172 19.7 0
178 1.15 0
171 18 0
171 22.2 0
193 49.4 4
193 46.9 4
184 97.1 0
194 52.1 4
172 78.4 0
191 51.6 4
172 74.7 0
182 98.6 0
172 86.7 0
172 56.7 0
193 97.7 4
171 73 0
171 88.2 0
171 58.2 0
192 99.1 4
171 77.2 0
192 50.7 4
28.1 28.5 1
31.9 26 1
9.65 48.1 1
10.9 48.1 1
30 27.9 1
24.7 47.5 1
24.7 48.8 1
30 26.7 1
34.8 1.88 1
36.7 1.1 1
12.2 49.4 1
22.9 49.4 1
32 24.2 1
30 23 1
12.2 46.9 1
13.4 48.1 1
28 24.2 1
28.1 26 1
24.5 97.8 0
24.5 52.3 1
37.8 95.5 0
37.8 65.5 0
13.1 52.3 1
9.93 51.7 1
11.8 51 1
23 99.2 0
23 50.8 1
39.2 97 0
39.2 67 0
54.9 22.1 1
56.1 22.1 1
47.9 16.6 1
47.9 20.4 1
47.9 19.1 1
49.1 17.9 1
50.4 17.9 1
57.4 20.8 1
57.4 19.6 1
64.7 47.5 0
64.7 48.8 0
76.8 0.95 1
62.9 49.4 0
49.1 21.6 1
50.4 21.6 1
46.6 17.9 1
51.6 20.4 1
51.6 19.1 1
64.5 97.8 0
64.5 52.3 0
77.8 95.5 0
77.8 65.5 0
42 95.2 0
42 65.2 0
63 99.2 0
40.8 97 0
40.8 67 0
63 50.8 0
79.2 97 0
79.2 67 0
110 48.1 0
111 48.1 0
94.7 47.5 0
94.7 48.8 0
104 48.1 0
92.9 49.4 0
112 49.4 0
103 49.4 0
93.9 71.3 0
95.8 68.7 0
99.1 73 0
118 95.5 1
118 65.5 0
104 52.8 0
82 95.2 0
82 65.2 0
92 52.3 0
97.3 69.7 0
97.2 71.7 0
113 52.4 0
95.6 72.6 0
95.1 51.8 0
102 51.3 0
112 51.1 0
93.2 51 0
80.8 97 0
80.8 67 0
119 97 1
119 67 0
93.9 69.4 0
158 2.2 0
127 2.35 1
156 48.1 0
130 47.5 0
130 48.8 0
130 1.93 1
128 1.1 1
157 0.95 0
157 49.4 0
128 49.4 0
155 2.1 0
131 53.3 0
168 95.1 0
168 65.1 0
127 97.8 1
127 52.3 0
123 95.3 1
121 95.3 1
121 65.3 0
155 98.3 0
155 51.7 0
128 99 1
157 99 0
130 98.3 1
130 51.7 0
128 51 0
157 51 0
169 96.9 0
169 66.9 0
121 67.2 0
121 97.2 1
154 96.7 0
131 96.7 1
185 48.8 4
175 47.5 0
175 48.8 0
186 2.03 0
187 1.15 0
173 49.4 0
183 49.4 0
172 68 4
184 52.6 4
175 51.7 0
182 51.2 4
175 98.3 0
173 99 0
173 51 0
171 96.8 0
171 66.8 0
37.7 12.9 1
37.7 42.9 1
38.9 41.7 1
38.9 11.7 1
38.2 39.8 1
60.6 7.95 1
61.7 9.35 1
58.6 7.95 1
61 11.2 1
57.7 9.6 1
59 11.5 1
77.7 42.9 0
78.2 39.8 0
78.9 41.7 0
79 11.8 1
40.8 12 1
40.8 42 1
57.7 6.3 1
42 40.1 1
51 72.1 0
51.2 68.2 0
52.3 70.9 0
52.5 69.5 0
110 17.2 0
108 10.8 0
106 12.7 0
108 15.9 0
109 12.7 0
118 42.9 0
112 1.18 0
110 2.05 0
119 41.7 0
118 39.8 0
108 0.875 0
119 11.8 0
107 13.8 0
80.8 42 0
80.8 12 1
111 15.9 0
111 13.5 0
106 10.8 0
84.9 68.7 0
87 76.3 0
86.6 69.5 0
86.9 71 0
87 78.8 0
109 99.1 1
84.5 77.6 0
85.8 77.6 0
84.4 72.2 0
85.6 72.2 0
108 97.7 1
111 99.1 1
85.1 81.1 0
86.8 80.3 0
88.3 77.6 0
146 6.38 0
127 13.1 0
129 17.6 0
127 19.3 0
128 14.4 0
148 9.63 0
146 11.4 0
123 30.4 0
123 29.2 0
123 10.3 0
145 7.98 0
125 17.3 0
121 10.3 0
126 17.6 0
124 27.9 0
146 9.5 0
128 16.4 0
125 27.9 0
169 11.9 0
169 41.9 0
121 42.2 0
121 12.2 0
125 21.1 0
126 20.9 0
144 11.3 0
129 19.3 0
142 9.43 0
143 7.98 0
124 19.2 0
168 40.1 0
124 31.7 0
126 91.1 1
124 61.2 0
129 56.9 0
151 87.5 0
155 87.3 0
127 56.6 0
153 90.6 0
126 88.6 1
126 58.1 0
153 88.8 0
124 88 1
124 57.5 0
150 88.4 0
126 60.6 0
127 92.6 1
152 85.7 0
154 85.5 0
150 91 0
151 91.9 0
199 33.1 0
197 32.2 0
196 36.6 0
195 33 0
195 34.9 0
171 11.8 0
171 41.8 0
198 36.6 0
199 34.9 0
179 77.6 4
176 81.8 4
177 78.9 4
177 80.8 4
33.2 30.5 1
30.7 39.2 1
4.38 35.8 1
12.4 17.2 1
30.6 35.5 1
16.8 28.7 1
26.7 39 1
15.1 18.1 1
13.7 21.7 1
5.98 48.1 1
16.2 43.2 1
11.1 20.2 1
13.6 18.4 1
29.7 37.4 1
37.7 32.2 1
2.33 44.3 1
14.3 27.4 1
15.5 27.4 1
5.48 37.6 1
35.1 21.8 1
38.9 33.5 1
38.9 3.45 1
7.23 49.4 1
27.8 37.4 1
2.3 45.7 1
35.8 48.1 1
7.3 37.6 1
11.7 0.95 1
32.3 0.775 1
12.8 20.1 1
35.5 20.2 1
23.3 0.95 1
37 49.4 1
17.4 45.7 1
34.5 48.1 1
27.7 49.4 1
34.5 27.9 1
17.4 44.5 1
9.55 2.1 1
34.6 31.6 1
12.5 23 1
33.3 29.1 1
10.7 21.8 1
10.6 18.5 1
38.2 35.3 1
14.6 42.9 1
13 28.7 1
8.38 35.9 1
30 33.6 1
13 26.2 1
11.8 27.4 1
3.15 88.5 1
27.3 97.5 0
27.3 52.6 1
37.5 92.7 0
37.5 62.7 1
28.4 98.9 0
28.4 51.1 1
1.2 88.5 1
38.9 91.7 0
38.9 61.7 0
11.7 99 1
9.83 98.3 1
36.9 50.8 1
36.9 99.2 0
39.2 83.2 0
39.2 53.2 1
7.23 50.7 1
1.2 91.1 1
35.4 97.8 0
37.8 54.6 1
35.4 52.3 1
37.8 84.6 0
3.15 91.1 1
65 39.4 1
43.6 34.6 1
54 35 1
52.4 38.9 1
47.5 7.08 1
50.1 43 1
69.7 6.83 1
59.3 37.7 1
52 15.1 1
48 13.6 1
45.5 43.4 1
61.9 19.6 1
69.4 3.1 1
55.2 31.7 1
62.4 16.7 1
61.1 17.9 1
46.7 5.38 1
52.4 35.4 1
51.6 37.1 1
52.2 13.7 1
57.2 14.1 1
57.4 15.6 1
48.5 42.9 1
73.6 2.1 1
77.7 32.2 1
68.7 4.98 1
66.9 4.93 1
62.9 36.2 1
61.9 37.7 1
78.9 33.5 1
62.9 39.3 1
56.9 30.9 1
61.5 32.6 1
72.1 1.15 1
45.1 5 1
49.3 12.4 1
75.8 48.1 0
57.2 29.5 1
63.5 1.1 1
79 3.3 1
40.9 3.23 1
47.2 44.2 1
40.8 33.1 1
62.4 29.8 1
65.4 1.88 1
62.7 31.4 1
77 49.4 0
50.9 12.5 1
74.5 48.1 0
47.5 45.7 1
67.7 49.4 0
45 9.15 1
55.4 13.4 1
46.6 8.7 1
53.6 30.9 1
53.4 29.5 1
59.6 32.5 1
55.3 28.8 1
59.6 17.6 1
42 35 1
45.6 46.3 1
78.2 35.3 1
77.7 5.18 1
52.1 10.6 1
58.4 72.7 0
51.8 76.3 0
57.2 71.4 0
48.2 81.5 0
48.1 78.8 0
57.2 73.9 0
52.2 80 0
54.7 72.7 0
55.9 72.7 0
44.4 77.5 0
52.3 81.4 0
67.3 97.5 0
67.3 52.6 0
77.5 92.7 0
77.5 62.7 0
68.4 98.9 0
68.4 51.1 0
78.9 91.7 0
78.9 61.7 0
49.3 77.5 0
50.6 77.5 0
41.2 92.4 0
41.2 62.4 0
49.4 82.7 0
40.8 53.1 1
40.8 83.1 0
76.9 50.8 0
76.9 99.2 0
79.2 83.2 0
79.2 53.2 0
51.1 82.6 0
53.4 73.9 0
75.4 97.8 0
77.8 54.6 0
75.4 52.3 0
45.6 77.5 0
85.2 17.9 1
86.5 17.9 1
86.8 23.8 1
86.8 25 1
104 6.98 0
92.6 15.2 1
89.6 12.2 1
85.5 43.4 0
113 25.8 0
90.5 18.2 1
105 3.35 0
94.8 12.4 1
92.4 10.1 1
84.3 22.5 1
85.6 22.5 1
89 17.9 1
108 5.18 0
87.7 19.2 1
87.7 20.4 1
101 2.15 0
118 32.2 0
88.5 42.9 0
115 2.13 1
119 33.5 0
115 47.5 0
106 5.25 0
102 1.25 0
115 48.8 0
91.6 12 1
92.8 13.2 1
119 3.3 1
87.2 44.2 0
115 27.7 0
115 26.4 0
80.8 33.1 1
117 0.95 1
80.8 3.13 1
87.5 45.7 0
117 49.4 0
91.3 8.68 1
87.7 16.7 1
91.2 45.7 0
90.3 42.8 0
91.6 44.1 0
118 5.18 1
90 46.9 0
88.7 46.9 0
85.6 46.3 0
82 5 1
117 25.8 0
118 35.3 0
117 24.4 0
83.7 54.5 0
99.3 77.3 1
95.7 77.7 1
99.1 81.7 1
116 51.9 0
114 96.8 1
118 84.3 1
118 54.3 0
117 62.7 0
117 92.7 1
119 91.6 1
119 61.6 0
97.5 78.5 1
115 98.2 1
102 98.6 1
81.2 92.4 0
81.2 62.4 0
117 50.7 0
97.6 80.5 1
119 83 1
119 53 0
80.8 83.1 0
80.8 53.1 0
117 99.2 1
95.4 76.1 0
82.5 90.4 0
82 54.9 0
82 84.9 0
159 42.6 0
163 30.3 0
159 27.2 0
163 28.9 0
157 27.2 0
164 43.2 0
135 7.18 0
140 32.6 0
160 27.2 0
161 42.8 0
122 4.23 1
122 34.2 0
167 28.9 0
138 5.73 0
143 2.3 0
122 5.48 1
138 8.68 0
137 7.18 0
158 25.9 0
158 24.5 0
121 33 0
165 28.3 0
165 27 0
138 31.5 0
138 30 0
142 0.95 1
121 2.98 1
162 44.1 0
169 33.2 0
169 3.15 0
162 45.5 0
143 49.4 0
158 43.9 0
158 28.4 0
142 31.8 0
165 31.2 0
167 30.4 0
140 5.78 0
159 45.5 0
160 46.7 0
161 46.7 0
140 34.5 0
165 69 0
162 78.4 0
163 69.9 0
165 77.1 0
164 77.1 0
163 71.3 0
160 76.9 0
164 72.5 0
166 72.5 0
161 77.1 0
162 74.6 0
162 75.9 0
143 98.7 0
143 51.3 0
169 92.4 0
169 62.4 0
122 85.5 1
122 55.5 0
122 54.2 0
122 84.2 1
121 83 1
121 53 0
169 53.2 0
169 83.2 0
121 92.3 1
121 62.3 0
123 92.3 1
122 91 1
168 85 0
122 89.8 1
187 32.3 0
181 2.03 0
199 2.03 0
200 6.8 0
186 36.8 0
185 33.2 0
190 1.98 0
198 1.18 0
185 35.1 0
171 3.3 0
171 33.3 0
173 0.95 0
192 0.825 0
183 0.875 0
188 49.4 4
172 5.18 0
189 33.1 0
172 35.2 0
184 88.3 4
175 92.5 0
179 85.5 4
181 90.5 4
175 56.2 0
176 91 0
175 87.6 0
187 52.2 4
178 54.6 0
182 87 4
176 89.1 0
172 63.2 0
175 77.1 4
175 75.4 4
171 61.7 0
179 87.3 4
181 88.2 4
188 50.9 4
176 54.4 0
171 83.4 0
171 53.4 0
183 90.5 4
176 57.7 4
178 56.4 4
173 92.8 0
172 91.3 0
0.55 29 1
0.55 27.8 1
21.5 34 1
24.8 27.6 1
24.8 26.3 1
0.05 38.1 1
34.7 7.7 1
18.8 6.8 1
0.525 41.7 1
3.2 39.8 1
4 32.2 1
7.85 28.8 1
0.7 32.2 1
14 2.2 1
21 2.2 1
31.7 5.1 1
37.9 15.9 1
34.7 6.15 1
22.8 38.9 1
21.8 37.4 1
1.15 39.8 1
19.9 37.4 1
2.4 31.1 1
2.65 0.825 1
23.1 24.3 1
9.1 27.6 1
17.6 4.3 1
22.8 35.8 1
2.43 29.6 1
22.9 25.7 1
33.5 5.05 1
17.6 5.55 1
6.6 27.6 1
21.7 5.25 1
20.8 6.8 1
7.85 26.3 1
20.6 48.1 1
14.6 57.5 1
16.2 56.8 1
15.4 67.5 1
15.9 93.2 1
8 95.5 1
22.7 64.4 1
5.58 93.5 1
20.8 98 1
5.18 96.8 1
35.4 75.8 0
33.3 78.2 0
14 97.8 1
37.9 70.9 0
20.8 52.1 1
38 69.2 0
13.8 67.2 1
19.9 62.2 1
21.6 61.6 1
2.68 98.8 1
23 62.7 1
12.6 68.4 1
5.85 95.2 1
35 77.4 0
17.4 55.6 1
17.4 54.3 1
17.7 95.1 1
16.5 95.1 1
18.6 61 1
31.3 77 0
13.3 94.1 1
14.3 92.6 1
15.6 98.1 1
17.4 58.1 1
18.7 56.8 1
46.9 23.8 1
65.2 9.33 1
52.1 7.05 1
41.9 15.6 1
45.6 22.5 1
44.4 22.5 1
42 44.2 1
42 30.8 1
59.7 22.6 1
61.1 2.35 1
42.1 14.2 1
62.2 25.1 1
66.3 10.4 1
62.3 23.7 1
61.1 22.4 1
52.8 5.33 1
54.4 4.93 1
77.8 14.1 1
77.9 15.9 1
60.6 48.1 0
50.6 48.1 1
49.4 48.1 1
59.4 48.1 1
67 16.7 1
65.4 17.7 1
65.7 12.3 1
43.6 31.6 1
58.4 23.8 1
58.1 46.9 1
41.9 24.4 1
67.1 13.4 1
59.1 2.1 1
78.1 29.4 1
73.1 72.8 0
47.1 71.4 0
74.8 73.7 0
52.2 56.8 0
41.9 79.4 0
41.9 70.6 0
73.1 77.8 0
42.1 80.8 0
42.1 69.2 0
56.3 55.2 0
44.6 72.6 0
45.8 72.6 0
60.8 98 0
78 80.8 0
77.9 70.9 0
59.1 52.1 0
49.1 52.1 1
78 69.2 0
60.8 52.1 0
53 55.1 0
74.9 77 0
75.2 75.4 0
54.6 54.7 0
47.1 73.9 0
48.3 72.6 0
47.1 75.1 0
106 38.3 0
81.9 15.6 1
82 44.2 0
99.7 47.5 0
99.7 48.8 0
82 14.2 1
118 14.1 0
105 41.8 0
105 40 0
108 49.4 0
97.8 49.4 0
97.8 46.9 0
81.9 24.4 1
106 48.1 0
118 15.9 0
81.9 25.6 1
92.1 76 0
92.7 80.6 0
81.9 79.4 0
81.9 70.6 0
82.1 80.8 0
82.1 69.2 0
99.3 52 0
118 80.7 1
91.2 77.6 0
92.5 78.8 0
108 51.1 0
107 52.7 0
118 69.2 0
97.8 50.8 0
129 5.55 1
130 7.73 0
136 12.4 0
162 19 0
137 17.3 0
134 2.13 1
168 15.6 0
135 21 0
133 5.33 1
150 47.5 0
150 48.8 0
134 12.6 0
150 2 0
168 14.1 0
168 44.2 0
133 16 0
135 48.8 0
130 6.18 0
131 12.8 0
135 18.5 0
122 14.4 0
122 15.6 0
152 1.15 0
131 5.13 1
159 18 0
161 17.7 0
133 0.825 1
152 49.4 0
133 13.9 0
133 49.4 0
121 48.8 0
152 46.9 0
123 13.1 0
168 24.4 0
153 48.1 0
122 24.4 0
158 19.7 0
163 90.8 0
134 96.3 1
134 53.7 0
156 63 0
168 70.6 0
168 79.4 0
151 98.1 0
151 52 0
168 69.1 0
168 80.9 0
162 92.8 0
155 62.7 0
122 80.6 1
122 69.4 0
122 70.6 0
153 59.4 0
122 79.4 1
165 94.9 0
163 94.5 0
152 99.3 0
152 50.7 0
153 61.2 0
133 99.3 1
133 50.7 0
155 57.9 0
159 97.8 0
159 52.3 0
135 97.9 1
135 52.1 0
151 96.5 0
177 17.6 0
192 30.2 0
198 24.2 0
198 28.6 0
178 37.9 0
184 39.6 0
192 28.8 0
188 28.8 0
192 26.3 0
188 26.3 0
181 41.5 0
175 18.5 0
180 37.9 0
198 26.1 0
180 47.5 0
180 48.8 0
172 44.1 0
172 14.1 0
172 31 0
172 15.9 0
175 21.8 0
190 28.1 0
199 27.4 0
182 39.6 0
190 26.9 0
198 49.4 4
175 20.2 0
178 49.4 0
198 46.9 4
199 48.1 4
186 26.9 0
186 28.1 0
197 27.4 0
196 48.1 4
193 27.5 0
182 36.2 0
196 97.3 4
189 55.4 4
172 70.9 0
197 52.6 4
179 52 0
172 81 0
198 98.8 4
188 99.1 4
198 51.2 4
188 97.6 4
197 63.2 4
199 62.1 4
192 55.3 4
178 50.7 0
190 54.7 4
178 99.3 0
200 66.4 4
198 67.1 4
196 65.7 4
179 97.8 0
17.1 20.8 1
18.3 20.8 1
20.4 22.5 1
17.7 25.1 1
0.3 6.93 1
5.5 21.8 1
3.3 5.15 1
17.7 23.9 1
19 22.6 1
1.25 5.15 1
26.6 12.5 1
7.38 23 1
29.9 12.6 1
28.1 13.4 1
16.5 22.6 1
5.5 19.3 1
7.38 18 1
31.3 67.3 1
32.3 65.8 1
21.8 71.4 1
16.5 72.4 1
18.4 74.3 1
17.1 74.3 1
12.5 80.4 1
13 75.7 1
27.6 61.9 1
20.5 72.7 1
32.5 61.9 1
17.8 69.9 1
17.8 71.1 1
15.3 77.5 1
13.9 77.3 1
19 72.4 1
12.7 78.5 1
29 63.3 1
31.1 63.3 1
28.8 67.3 1
27.7 65.8 1
54.5 43.4 1
54.1 17.8 1
55.3 17.8 1
44.3 17.3 1
52.9 44.2 1
52.8 45.6 1
75.7 27.7 1
74.5 27.7 1
44.9 13.7 1
54.3 85.3 0
57.3 78.8 0
53.1 89.4 0
54.8 77.6 0
56 77.6 0
52.7 85.7 0
51.9 87.4 0
58.5 77.6 0
57.3 76.3 0
99.4 8.85 0
110 43.1 0
97.5 5.33 0
108 45.7 0
108 43.9 0
101 7.18 0
112 44.2 0
112 45.7 0
99.6 5.48 0
84.9 28.1 1
84.9 26.9 1
115 73.8 1
87.5 93.2 0
113 77.8 1
98.1 54.7 0
86.6 94.8 0
115 77 1
115 75.5 1
84.9 95.3 0
96.3 54.4 0
86.3 91.2 0
163 24 0
163 25.3 0
164 22.8 0
166 22.8 0
164 17.7 0
166 17.7 0
165 55.7 0
136 90.6 1
163 56.1 0
138 88.3 0
139 87.1 0
127 68.4 0
162 57.8 0
166 59.7 0
164 59.7 0
126 67.1 0
124 67.5 0
136 88.3 1
135 87.4 0
138 90.6 0
124 65.6 0
139 84.6 0
190 41.5 0
191 36.1 0
184 5.25 0
181 6.95 0
189 37.8 0
191 39.6 0
182 5.25 0
11.4 44.1 1
7.98 45.6 1
7.8 43.9 1
9.33 42.9 1
31.1 73.2 0
33.1 71.9 0
34.7 72.8 0
41.4 48.8 1
52.3 93.2 0
56.4 94.8 0
53.1 95 0
54.7 95.3 0
96.7 35.8 0
108 32.5 0
96.7 39.1 0
109 37 0
110 33.4 0
101 35.8 0
110 35.3 0
101 39.2 0
99.9 37.5 0
97.9 37.5 0
81.4 48.8 0
108 70.8 0
106 66.8 0
109 65.3 0
108 68.5 0
108 67.2 0
151 6.83 0
142 44 0
136 43.1 0
142 45.7 0
141 17.8 0
156 5.3 0
140 43.1 0
142 14.4 0
153 6.83 0
145 17.8 0
152 12.9 0
154 12 0
154 10.1 0
122 46.5 0
124 48.4 0
143 16.6 0
138 44.3 0
138 45.7 0
154 5.2 0
150 5.1 0
140 46.4 0
136 46.4 0
150 12.1 0
145 75.7 0
147 71.9 0
143 71.9 0
145 73.2 0
193 5.43 0
187 7.15 0
191 8.95 0
189 7.18 0
191 5.4 0
191 76.7 4
193 79.9 4
195 74.2 4
197 78 4
193 78 4
195 76.7 4
191 74.2 4
193 73 4
33 16.4 1
32.9 14.3 1
34.3 13.2 1
34.7 17.3 1
20.9 78.1 1
18.3 80.8 1
19.5 78.3 1
18.3 79.5 1
19.5 82 1
22.2 79.4 1
21 82.2 1
22.2 81 1
48.4 27.6 1
53.2 24.4 1
47.1 28.8 1
53.2 25.7 1
55 26.3 1
56.9 25.7 1
45.3 27 1
45.3 28.2 1
47.1 26.3 1
46.9 30.3 1
47.9 91.7 0
46.7 89.7 0
47.1 86.1 0
47.9 87.8 0
45.4 85.7 0
114 12.6 0
92.9 30.2 0
92.7 24.7 1
94.4 26.8 0
94.4 28 0
92.6 26.2 1
90.1 27.4 1
91.3 27.4 0
92.6 28.7 0
114 10.7 0
114 16.9 0
105 97.3 1
167 47.5 0
168 48.8 0
152 80.5 0
152 78.6 0
150 81.8 0
150 77.4 0
127 74.9 0
148 81 0
148 78.6 0
127 71.9 0
126 73.2 0
124 72.9 0
124 76.6 0
126 76.4 0
124 74.8 0
195 2 0
180 58.4 4
18.8 40.4 1
17.5 40.4 1
27.1 31.9 1
21.9 44.8 1
23.5 31.7 1
22.3 43.2 1
25.6 32.8 1
21 41.9 1
19.4 42.3 1
39.2 20.6 1
25.6 34.7 1
38.9 9.8 1
39.3 39 1
39.2 75.6 0
67.6 30.5 1
70.9 37.7 1
71.9 39.5 1
69.2 28.1 1
71.9 35.8 1
69.2 26.8 1
68.1 43.5 0
69.9 42.7 0
73.7 39.5 1
71.7 13 1
67.4 28.7 1
75.2 19.5 1
74.9 38.4 1
73.7 35.8 1
74.9 36.9 1
67.4 26.2 1
65.5 28.1 1
65.5 26.8 1
73.1 16.9 1
54.3 49.4 1
44.3 49.4 1
79.3 39 0
74.7 17.8 1
79.2 20.6 1
54.4 0.775 1
45.6 0.8 1
71.1 18.2 1
41.3 20.1 1
41.2 39 1
40.8 10.1 1
62.7 13.6 1
79 9.95 1
73.2 12.1 1
66.5 42.5 1
69.2 10.4 1
69.8 12.3 1
67.8 45.2 0
47.4 62.8 0
46.5 64.4 0
44.8 64.9 0
79.2 75.6 0
44.4 50.8 1
54.4 50.8 1
44.4 99.2 0
54.4 99.2 0
46.1 60.8 0
41.3 75.1 0
84.3 49.4 0
80.8 40.1 0
119 39 0
80.8 10.1 1
84.4 0.775 1
119 20.6 0
119 9.95 0
81.3 20.1 1
96.2 0.9 0
110 90.6 1
112 93.4 1
114 88.6 1
95.7 59.3 0
113 90.4 1
113 91.9 1
109 82.5 1
95.7 61.2 0
108 84 1
108 87.6 1
112 85.8 1
91.8 59 0
94.6 62.7 0
92.7 63 0
91.8 61.5 0
109 86.1 1
96 99.3 1
84.4 50.8 0
119 75.6 1
84.4 99.2 0
109 92.2 1
110 93.6 1
94.5 57.8 0
92.7 57.5 0
81.3 75.1 0
165 9.1 0
128 36.3 0
130 39.5 0
149 37.6 0
148 39.3 0
148 35.8 0
127 37.8 0
123 27.3 0
163 8.73 0
128 39.4 0
151 28 0
121 28.6 0
153 28.6 0
145 39.3 0
151 26.8 0
145 35.8 0
144 37.5 0
165 4.95 0
162 7.03 0
153 26.1 0
163 5.4 0
164 49.4 0
169 10 0
166 0.8 0
121 9.03 0
145 33.9 0
122 40.3 0
121 40.3 0
154 27.4 0
121 19.5 0
169 39 0
169 20.1 0
153 68.9 0
157 70.5 0
123 97.2 1
169 75.8 0
155 67.9 0
157 68.6 0
158 67.3 0
121 75.8 1
164 99.2 0
121 98.4 1
165 50.9 0
154 66.3 0
173 47.5 0
171 20.6 0
171 9.95 0
171 40 0
172 48.8 0
181 62.5 4
180 63.4 4
182 67.5 4
180 66.8 4
179 65.2 4
171 75.6 0
16.2 33 1
18.7 33 1
16.2 36.7 1
2.05 22.9 1
26.6 42.5 1
28.1 43.4 1
12.5 5.95 1
30 42.6 1
37 47.5 1
17.5 34.2 1
13.5 7.5 1
11.6 13.3 1
15.4 7.5 1
17.5 35.5 1
9.55 12.2 1
9.5 10.3 1
38.3 48.8 1
38.9 5.33 1
17.5 31.7 1
14.6 33.3 1
16 9.38 1
15.4 11.3 1
39.3 36.1 1
36.4 27.9 1
13.8 10.9 1
12.5 9.05 1
8.03 13.1 1
27.9 45.2 1
33.6 91.9 0
32.2 93.3 0
70.9 32.4 1
59.5 42.7 1
74 32.4 1
77 47.5 0
74.1 8.95 1
72.6 31.3 1
62.2 45.4 1
61.3 42.6 1
74.1 5.63 1
62.6 43.9 1
72.9 7.3 1
43.4 6.08 1
78.3 48.8 0
40.9 5.1 1
51.1 28.2 1
41.2 36.1 1
79.3 36.1 1
78.7 6.1 1
43.4 8.15 1
72.6 29.9 1
51.2 32.1 1
58.2 44 1
75.2 84 0
68.3 80.6 0
65.5 75.9 0
73.5 84.3 0
69.6 77.1 0
72.3 86.8 0
73.7 88.2 0
65.9 77.5 0
67.6 78.3 0
41.6 98.3 0
76.5 85.2 0
76.2 86.9 0
95.9 8.95 1
92.9 5.73 1
111 39.9 0
85.1 5.15 1
115 38.9 0
94.8 7.9 1
94.8 6.35 0
117 47.5 0
114 5.53 0
86.8 8.93 1
113 39.9 0
87.7 7.28 1
110 7.2 0
86.8 5.63 1
112 7.18 0
80.8 35 1
118 48.8 0
85.1 9.4 1
119 6.1 1
81.2 6.1 1
119 36.1 0
90.5 73.2 0
89 72.9 0
115 82.2 1
98.1 84.8 1
104 56.9 0
95.4 86.3 1
93.7 93.7 1
106 58.3 0
96.3 84.5 1
95.5 93.4 1
108 57.9 0
96.7 91.9 1
114 82.6 1
109 56.3 0
112 81.4 1
81.6 98.3 0
96.5 87.8 1
98.3 86.6 1
102 57.9 0
98.7 93 1
87.7 74.2 0
100 92.1 1
95.8 83 1
98.4 94.8 1
96.5 95.2 1
109 59.4 0
123 2.98 1
123 42.4 0
128 47.1 0
126 7.88 0
125 7.88 0
127 32.2 0
163 34.7 0
162 32.9 0
164 34.3 0
167 27 0
128 31 0
127 9.28 0
153 22.9 0
168 28.3 0
155 22 0
121 1.73 1
155 20.5 0
169 5.03 0
169 35.1 0
121 6.1 1
131 29.4 0
121 35.5 0
122 43.6 0
126 48.4 0
162 21.3 0
161 22.5 0
160 22.3 0
130 27.5 0
130 28.8 0
128 29.4 0
154 72.9 0
161 83.3 0
164 84.7 0
152 72 0
123 53 0
162 86.8 0
150 73.2 0
163 85.1 0
144 57.5 0
121 51.7 0
146 56.2 0
160 83.6 0
160 87.6 0
146 53.7 0
159 86.1 0
148 57.4 0
187 43.3 0
185 42.4 0
187 45.1 0
171 6.1 0
171 36.1 0
179 94.9 0
184 56.8 4
185 58.1 4
187 57.6 4
179 93.1 0
183 83.3 4
182 81.9 4
177 95.3 0
180 82.7 4
184 93.2 4
33 44.1 1
20.5 12.4 1
9.05 32.9 1
33.9 39.5 1
34.4 43 1
17 3.05 1
18.9 12.7 1
18.2 3.05 1
23.1 9.13 1
18 47 1
35 38.4 1
33.9 35.8 1
16.8 47 1
35 36.9 1
17.6 14 1
17.6 15.2 1
26.3 5.3 1
27.4 6.98 1
25.2 9.25 1
7.53 32 1
33 45.5 1
18.3 10.8 1
9.08 81.2 1
24.3 83.9 1
17.5 65.4 1
18.8 65.4 1
22.1 68.4 1
5.93 72.7 1
9.4 72.4 1
5.78 77 1
17.1 85.3 1
17.1 84 1
1.88 78 1
21.9 87.9 1
6.33 55.2 1
4.75 57.9 1
33.3 87.8 0
34.9 83.6 0
9.4 56.8 1
27.7 77.9 1
7.8 71.5 1
23.1 85.2 1
6.05 57 1
7.55 80.2 1
20.8 67.1 1
32.1 82.5 0
8.48 55 1
23.4 86.9 1
7.65 78.3 1
10.2 93.1 1
31.9 86.4 0
33.2 83.9 0
18.1 53.1 1
19.4 67.3 1
7.7 69.5 1
16.8 53.1 1
9.03 91.6 1
8.23 58.3 1
15.9 82.8 1
14.3 83.2 1
17.7 97 1
9.73 75.9 1
9.38 77.4 1
11.2 56.5 1
15.9 86.5 1
9.23 68.5 1
25.9 88.1 1
73 44.1 0
45.3 40.1 1
55.1 40.2 1
47 39.6 1
74.4 43 0
60.9 27.4 1
59.6 27.4 1
61.5 5.48 1
56.8 39.8 1
73 45.5 0
43.7 46.3 1
47.9 38 1
62.1 74.8 0
64.4 82.6 0
62.6 71.8 0
61.3 73.1 0
72.1 63.8 0
75 66.6 0
61.7 82.4 0
62.9 79.5 0
73.3 66.3 0
62.9 81.1 0
61.2 76.3 0
63.1 83.8 0
66.1 82.9 0
97 42.5 0
109 22.9 0
114 20.6 0
107 28.6 0
107 26.1 0
98.5 43.5 0
97.7 16 1
102 13.5 0
102 45.3 0
103 26.1 0
99.7 12.7 1
111 21.7 0
102 43.8 0
101 42.6 0
97.9 13.8 1
117 27.7 0
106 27.4 0
105 27.4 0
108 27.4 0
99.5 17.2 0
102 15.9 0
96.1 16.9 1
83.7 46.3 0
118 26.4 0
114 22.1 0
112 22.9 0
102 68.9 0
104 72.8 1
83.3 76.8 0
102 71.6 0
113 68.2 0
113 64.8 0
114 67.4 0
114 65.9 0
100 68.2 0
146 4.5 0
137 39.8 0
132 9.98 0
148 29.9 0
153 32.7 0
144 27.2 0
144 28.5 0
134 9.73 0
148 31.4 0
152 31.7 0
131 33.4 0
133 32.5 0
141 38 0
135 37 0
136 35.2 0
131 35.3 0
150 32.6 0
133 37 0
139 39.8 0
142 26.6 0
135 33.3 0
123 19.7 0
141 27.2 0
141 28.5 0
142 29.1 0
162 48 0
132 72.4 0
130 73.3 0
130 76.6 0
130 75 0
123 58.1 0
144 92.3 0
146 93.6 0
168 98.1 0
123 59.4 0
195 21 0
176 33.6 0
183 28.8 0
176 35.5 0
199 42.9 4
176 40.4 0
178 45 0
195 18.5 0
185 9.78 0
198 43.8 4
176 42.3 0
176 8.78 0
178 43.3 0
197 17.2 0
177 7.13 0
176 5.5 0
182 9.75 0
194 59.1 4
189 60.6 4
192 62.2 4
191 60.6 4
193 58.5 4
194 61.2 4
2.8 14.4 1
2.78 16.4 1
19.9 18.2 1
2.73 26.1 1
13 38 1
21.9 28.8 1
21.5 18.5 1
31.6 9.98 1
6.8 8.03 1
19.4 27.5 1
4.98 8.03 1
1.15 35.2 1
22.2 20.2 1
4.03 9.8 1
12 39.6 1
33.3 10 1
4.85 42.4 1
20.6 27.5 1
3.98 27.3 1
36.9 22.3 1
30.4 0.775 1
19.4 1.25 1
15.6 1.25 1
29.6 49.4 1
38.8 25.6 1
38.8 29.4 1
38.8 45.6 1
25.2 0.95 1
33.9 49.4 1
12 36.5 1
4.5 13.2 1
1.98 9.8 1
8.55 1.15 1
9.95 39.7 1
15.6 48.8 1
36.6 6.15 1
19.4 48.8 1
2.93 47 1
30.6 8.15 1
36.6 7.7 1
18.7 88 1
24 75.2 1
17.5 89.3 1
16.2 62.3 1
2.58 67.4 1
17.5 90.5 1
29.5 57.1 1
12.9 62.1 1
22.2 75.1 1
5.15 83.3 1
23.4 55.2 1
21.6 92.2 1
22.7 95 1
1.6 62.4 1
4.45 66.7 1
0.3 63.3 1
8.93 61.8 1
11.9 63.6 1
5.83 84.9 1
10.1 63.3 1
23 93.3 1
1.05 58 1
23.7 56.9 1
31.6 57.1 1
33 58.5 1
5.13 65.1 1
3.55 62.4 1
4.85 63.3 1
19.4 98.8 1
19.4 51.3 1
15.6 51.3 1
30.2 98.9 0
30.2 51.1 1
38.9 59.8 1
38.9 89.8 0
8.83 99.3 1
24.3 76.7 1
0.7 66.7 1
0.025 65.1 1
19.9 92.8 1
5.55 86.7 1
9.18 65 1
34.3 98.6 0
38.6 55.7 1
34.3 51.5 1
38.6 85.7 0
28.1 58.5 1
16.3 99.4 1
22.2 57.9 1
67 37 1
66.9 22.8 1
65.1 22 1
47.2 3.5 1
43.1 21.7 1
68.4 1.95 1
52.4 3.45 1
65.9 35.3 1
77 27.1 1
41.3 45.6 1
69.6 49.4 0
78.8 25.6 1
78.8 45.6 0
44.8 3.13 1
66.2 0.775 1
41.8 1.98 1
73.9 49.4 0
54.9 10.5 1
65.8 33.4 1
64.8 20.4 1
79.4 28.8 1
41.3 29.4 1
41.3 25.6 1
57.8 67.1 0
64 66.7 0
67.2 68 0
56.5 65.3 0
58.3 82.9 0
53.2 65.4 0
46.9 94.8 0
54.2 59.7 0
68.3 69.5 0
54.8 65.8 0
69.6 93.4 0
73.3 60.4 0
61.3 66.9 0
69.6 73.1 0
57.9 88.1 0
63.3 94.9 0
66.1 91.9 0
47.2 68.8 0
63.3 55.2 0
66.1 58.1 0
48.4 67.6 0
62.8 65.4 0
56.7 90 0
56.7 59.7 0
66 72.8 0
61.6 62.7 0
58 57.8 0
62.1 92.1 0
63.1 63.7 0
47 55.5 1
41.2 60.5 0
41.2 90.5 0
71.9 81.2 0
63.6 93.2 0
62.2 57.9 0
71.9 56.9 0
73.3 58.3 0
67.6 71.9 0
71.7 93.4 0
47.8 57.1 0
63.6 56.9 0
73.1 92 0
76.6 77.5 0
40.8 85 0
40.8 55 1
70.2 98.9 0
70.2 51.1 0
41.6 51.9 1
78.9 59.8 0
78.9 89.8 0
62.6 68.1 0
56.5 68.3 0
45.2 95.3 0
57.1 81.7 0
45.3 55 1
57.1 86.5 0
54.8 67.6 0
57.4 63.7 0
55.4 82.5 0
57.9 92 0
74.3 98.6 0
78.6 55.7 0
74.3 51.5 0
43.1 76.7 0
69.8 56.9 0
45.5 68 0
85.5 13.4 1
100 32.1 0
99.7 27.6 0
99.7 28.8 0
95.6 20.7 1
85.4 40.3 0
105 33.5 0
88 38.1 0
92.3 37.7 0
90.8 22.3 1
88.5 32.1 0
93.3 36.2 0
97.8 24.9 0
96.6 32.2 0
96 22.3 1
93.3 39.3 0
87.1 39.8 0
99.5 21.8 0
104 35.4 0
87.2 30.9 1
98.1 31.3 0
87.2 14.2 1
97.7 23.1 1
105 18.3 0
97.9 29.5 0
81.3 45.6 0
119 45.6 0
119 29.4 0
81.6 1.88 1
91.7 20.8 1
85.5 31.6 1
105 20.8 0
102 29.5 0
102 31 0
89.4 22.5 1
80.8 30.2 1
83.1 21.7 1
87.5 29.4 1
102 23 0
80.6 26.3 1
118 23.6 0
84 52.8 0
87.3 84.5 0
105 89.8 1
113 55.8 0
98.5 65.3 0
87.2 65.1 0
106 76.7 1
88.2 61.7 0
111 73.1 0
90.4 66.8 0
108 78 1
87.3 56.2 0
88.1 88.1 0
98.7 57.4 0
86.9 59.7 0
103 86.3 1
113 71.8 0
113 60.2 0
88.5 66.9 0
88.6 82.7 0
96.5 65.7 0
104 91.8 1
103 82.3 1
113 61.7 0
88.2 57.8 0
81.2 60.5 0
105 93 1
104 83.8 1
83.1 73.1 0
119 85.5 1
119 55.5 0
119 59.8 0
119 89.8 1
81.6 51.9 0
85.5 65.6 0
114 57.2 0
109 76.7 1
90.4 82.9 0
85.6 84 0
81.2 89.1 0
81.2 56 0
81.2 86 0
98.7 63.5 0
144 21.7 0
164 13.3 0
152 43.6 0
150 19.2 0
133 26.2 0
148 45.4 0
148 43.9 0
137 26.2 0
157 14.4 0
138 23 0
161 13 0
158 37.6 0
130 21.8 0
148 23 0
153 37.6 0
164 40.1 0
153 16.6 0
162 37.9 0
127 24 0
157 36 0
150 42.7 0
154 36 0
157 39.1 0
158 32.2 0
154 39.2 0
163 14.2 0
163 39.7 0
142 23 0
135 28.1 0
135 26.8 0
150 21.7 0
148 13.8 0
140 21.7 0
157 31 0
124 1.25 1
169 45.6 0
168 1.9 0
148 24.8 0
160 12.8 0
132 22.6 0
148 16 0
157 16.2 0
163 15.6 0
169 25.6 0
155 17.5 0
121 25.6 0
164 46.7 0
127 25.5 0
155 76.1 0
147 68 0
155 81.4 0
134 92.4 1
134 57.4 0
151 55 0
143 82.7 0
138 62.3 0
155 77.7 0
129 86.3 1
150 67.1 0
145 83.9 0
130 92.8 1
139 66 0
132 68.7 0
139 73 0
132 89.4 1
132 60.4 0
137 81.9 0
141 77 0
136 62.3 0
164 65.2 0
127 79.1 0
140 63.5 0
159 72.8 0
137 67.3 0
145 86.4 0
131 66.1 0
135 66.5 0
145 66.7 0
151 65.5 0
133 81.2 0
135 63.2 0
127 83.5 1
135 65 0
139 58.4 0
135 82.6 0
162 63.2 0
157 80.7 0
151 56.8 0
157 78.9 0
143 87.7 0
132 91.3 1
132 58.5 0
169 90.5 0
143 68 0
140 57.2 0
138 71.7 0
163 64.9 0
135 74.3 0
158 93.4 0
143 78.3 0
158 56.5 0
130 67.7 0
159 91.9 0
159 58 0
133 78 0
137 78 0
124 98.8 1
124 51.3 0
135 76.8 0
168 52 0
121 56.1 0
121 86.1 1
169 55.1 0
158 74.5 0
153 54.8 0
137 58.4 0
125 83.1 1
128 82.2 1
161 66.7 0
156 93.1 0
161 72.5 0
134 84.2 0
160 62.5 0
169 86 0
127 86 1
121 60.4 0
130 83 0
130 84.5 1
121 89.2 1
151 63.7 0
179 26.3 0
179 27.5 0
190 19.1 0
190 12.8 0
182 31.6 0
192 14 0
184 21 0
181 18.5 0
196 7.65 0
188 13.7 0
192 22.8 0
188 22.8 0
180 12.5 0
195 11.3 0
184 18.5 0
190 21.6 0
181 32.8 0
195 9.4 0
176 12.4 0
183 17.2 0
173 22.3 0
178 13.4 0
178 25.6 0
171 25.6 0
171 45.6 0
171 29.4 0
189 1.15 0
175 0.95 0
186 12.8 0
178 28.1 0
192 17.8 0
188 17.8 0
181 25.6 0
177 23.8 0
181 23.7 0
179 22.5 0
190 82.8 4
190 84.7 4
188 82 4
193 85 4
185 62.3 4
195 89.5 4
193 89 4
197 82.1 4
184 77 4
188 71.8 4
196 92.9 4
177 69.6 4
188 67.8 4
187 87 4
179 72.8 4
188 85.3 4
186 63.3 4
196 83.5 4
185 65.8 4
198 57 4
200 92.3 4
191 91.1 4
194 83 4
188 66.3 4
182 78.3 4
175 72.5 4
192 92.7 4
199 58.1 4
191 94.2 4
177 71.6 4
194 91.7 4
173 77.5 0
173 56.5 0
173 88 0
172 98 0
171 59.8 0
171 85.3 0
171 55.3 0
176 68.6 4
188 91.3 4
187 83.4 4
190 64.8 4
172 89.5 0
23.1 13.9 1
0.9 49.4 1
33.2 27 1
38.8 24.2 1
37.2 19.8 1
37.9 2.2 1
23.1 15.8 1
32 28.3 1
30.5 3.23 1
4.73 48.8 1
25.7 19.8 1
26.2 18.1 1
26 21.4 1
27.8 17.2 1
29.8 18.5 1
13.2 87.8 1
10.4 86.6 1
12.2 86.3 1
27.3 71.3 1
27.2 91.6 0
28.6 93 0
5.35 50.7 1
6.33 98 1
36.8 77.9 0
38.1 98.2 0
9.45 84.8 1
0.9 51.2 1
36.7 96.8 0
36.7 79.5 0
39.2 80 0
9.2 88.1 1
25.7 72.2 1
70.8 22.1 1
74.5 22.5 1
48.7 15.5 1
72.7 23.3 1
50.5 16.1 1
54.8 3.05 1
49.2 1.25 1
50.8 1.25 1
40.6 23.6 1
78.8 24.2 1
78.1 2.05 1
51.4 49.4 1
57.5 35 1
72.6 25.2 1
64.9 6.43 1
58.9 19.1 1
46 47.5 1
46.9 34.8 1
48.2 32.9 1
45.3 82 0
67.1 88 0
76.7 96.8 0
68.5 86.6 0
52.6 53.3 0
43.3 73.5 0
77 75 0
40.6 78.6 0
50.8 98.8 0
78.8 79.2 0
50.8 51.3 1
78.1 98.2 0
84 18.8 1
114 43 0
114 31.8 0
112 30.7 0
83 28.1 1
80.6 23.6 1
101 49.4 0
99.6 0.9 0
90.8 1.25 1
114 49.4 0
83.1 29.5 1
86 47.5 0
111 28 0
113 29.2 0
87.8 48.2 0
102 61.9 0
98.5 75.2 1
107 62.6 0
117 96.7 1
104 62 0
105 63.2 0
117 77.5 1
114 51.3 0
80.6 78.6 0
101 51.3 0
119 79.2 1
90.8 98.8 0
118 98.2 1
96.3 74.8 0
91.3 92.3 0
100 98.6 1
133 43.5 0
138 3.85 1
144 48.1 0
149 0.85 0
145 1.35 0
136 1.3 1
149 49.4 0
169 23.6 0
136 49.4 0
122 47.7 0
144 49.4 0
141 49.4 0
121 23.6 0
140 0.95 1
131 42.6 0
133 45.3 0
155 42.7 0
158 46.7 0
159 48 0
129 63.1 0
146 62.8 0
127 63.4 0
144 61.5 0
127 54.1 0
140 93 0
167 73.4 0
141 51.3 0
141 98.7 0
163 96.3 0
165 96.7 0
149 98.8 0
149 51.2 0
169 78.6 0
161 98.8 0
161 51.3 0
121 78.6 1
166 90.2 0
167 74.7 0
129 54.4 0
136 98.6 1
136 51.4 0
144 98.7 0
148 61.6 0
189 48.1 4
180 1.15 0
189 49.4 4
171 24.2 0
181 49.4 0
173 19.8 0
186 49.4 4
184 0.875 0
200 48.8 4
195 48.8 4
182 45.8 0
183 44.3 0
184 46.4 0
176 84.4 4
192 68.3 4
193 66.9 4
186 98.5 4
193 53.3 4
195 51.4 4
185 51.4 4
173 75.1 4
200 51.2 4
190 50.9 4
171 79.2 0
181 51.2 0
191 52.8 4
190 99.1 4
172 52.1 0
175 63.3 4
176 61.8 4
181 98.6 0
176 65 4
172 94.3 0
9.05 5.38 1
4.43 0.825 1
39.1 16.8 1
8.75 49.4 1
33.8 0.775 1
26.2 49.4 1
12.6 31 1
13.8 72.6 1
37.1 75.4 0
39.1 71.8 0
25.8 98.6 0
25.8 51.5 1
38.6 94.2 0
38.6 64.2 0
8.75 50.7 1
12.5 71.3 1
46.6 21 1
43.1 18.2 1
58.9 21.5 1
58.3 12.7 1
79.1 16.8 1
74.7 0.95 1
40.6 16.5 1
58.5 49.4 1
48.5 49.4 1
66.2 49.4 0
57.7 22.8 1
57.2 48.1 1
56 6.48 1
47.9 22.2 1
58.2 0.85 1
43.4 28.2 1
43.4 27 1
48.2 50.9 1
79.1 71.8 0
58.2 50.9 0
65.8 98.6 0
65.8 51.5 0
78.6 94.2 0
78.6 64.2 0
59.1 98.8 0
49.1 98.8 0
55 53 0
41.2 93.9 0
41.2 63.9 0
40.6 71.5 0
72.3 69.5 0
115 36.2 0
96.3 48.1 0
109 49.4 0
89.1 1.25 1
113 1.18 0
80.6 16.5 1
96.3 49.4 0
105 48.8 0
114 35.2 0
119 16.8 0
96.5 3.45 0
117 73.4 0
87 96.6 0
105 51.6 0
117 75.1 1
119 94.2 1
119 64.2 0
85.3 97.1 0
119 70.9 0
89.1 98.8 0
110 51.1 0
81.2 93.9 0
81.2 63.9 0
80.6 71.5 0
96.3 50.8 0
113 99.1 1
89.1 51.3 0
158 7.75 0
157 9.3 0
161 1.25 0
131 0.825 1
169 16.5 0
121 16.5 0
131 49.4 0
121 31.5 0
154 48.8 0
138 14 0
154 1.15 0
167 22 0
123 32.8 0
122 93.8 1
166 94.7 0
167 58.4 0
123 86.6 1
123 56.1 0
169 93.9 0
169 63.9 0
169 71.5 0
154 99.3 0
154 50.7 0
131 99.3 1
131 50.7 0
121 71.5 0
121 63.8 0
121 93.8 1
165 81.4 0
163 54.3 0
164 53.9 0
163 80.5 0
132 52.3 0
132 97.7 1
167 56.8 0
153 97.7 0
195 41.6 0
194 39.7 0
185 3.4 0
171 16.8 0
176 49.4 0
178 31.1 0
185 72.8 4
183 71.6 4
194 98.6 4
171 71.8 0
171 64.7 0
175 52.8 0
176 50.7 0
176 99.3 0
36.5 31.9 1
38.8 44 1
34.4 3.18 1
38.8 14 1
1.2 0.825 1
21.6 49.4 1
26.7 27.3 1
4.45 3.28 1
14 48.8 1
26.7 26.1 1
10.9 27.5 1
35 67.1 0
36.7 53.4 1
8.75 97 1
21.8 99.2 1
14 51.3 1
21.8 50.8 1
39.2 68.2 0
1.23 98.8 1
24.8 66.2 1
54.6 20.4 1
54.3 33.2 1
63.2 9.78 1
55.8 19.2 1
66.2 3.05 1
62 34.7 1
79 13.1 1
78.8 44 0
40.8 13.2 1
40.8 43.3 1
61.6 49.4 0
45.9 17.6 1
54 13.7 1
52.6 20 1
52.6 18.7 1
58.6 31.4 1
58.9 16.4 1
54.4 46.9 1
51.2 62.8 0
76.7 53.4 0
49 80 0
56.7 96.6 0
52.6 96.8 0
50.9 79.4 0
53.8 71.7 0
61.8 99.2 0
61.8 50.8 0
79.2 68.2 0
40.8 68.3 0
55 97.1 0
52.7 75.2 0
52.6 72.9 0
49.3 72.3 0
46.8 78.1 0
91 16.3 1
110 46.9 0
86.4 21 1
109 3.28 0
119 44 0
119 13.1 0
111 46.9 0
118 2.05 1
80.8 43.3 0
80.8 13.3 1
91.6 49.4 0
86.5 35.2 0
84.8 34.8 1
106 9.13 0
107 2.1 0
117 53 0
83.3 95.2 0
91 51.3 0
80.8 68.3 0
95.5 52.8 0
119 68.2 0
102 78.5 1
162 28 0
129 3.68 1
130 16.4 0
130 14.1 0
167 18.6 0
126 1.25 1
131 3.25 1
159 1.25 0
169 13.2 0
169 43.2 0
121 13.4 0
122 12.2 0
166 8.03 0
166 5.95 0
139 47.6 0
169 68.1 0
126 98.8 1
126 51.3 0
121 68.4 0
124 91.5 1
158 99 0
158 51 0
122 65.9 0
123 89.6 1
198 30.1 0
171 13.1 0
171 43.1 0
172 2.05 0
198 13.2 0
188 78.6 4
178 88.6 4
171 69 0
176 78 4
199 98.8 4
178 76.7 4
171 91.7 0
4.3 34.2 1
25 38.1 1
0.425 3.28 1
0.7 47 1
38.8 31.1 1
13 0.95 1
22.1 0.95 1
13 99 1
39.2 51.9 1
39.2 81.9 0
38.1 50.8 1
3.95 92.3 1
61.3 20.7 1
70.4 2.33 1
62.2 1.1 1
78.8 31.1 1
40.8 31.9 1
42.4 32.7 1
52.2 9.03 1
63 86.9 0
61.6 88 0
79.2 51.9 0
79.2 81.9 0
78.1 50.8 0
40.8 81.9 0
44.2 89.1 0
43.7 86.7 0
45.8 75.7 0
48.3 75.8 0
91.6 32.9 0
119 31.1 0
104 2.48 0
80.8 31.9 1
101 88.5 1
83.4 80.2 0
94.4 78.5 1
83.3 78.8 0
83.3 69.6 0
83.1 71 0
118 50.7 0
119 51.8 0
80.8 81.9 0
119 81.8 1
89.3 77.8 0
94.1 77 0
166 44 0
124 16.1 0
169 32 0
166 35.4 0
124 14.2 0
168 30.4 0
145 42.8 0
124 37.8 0
141 3.9 0
164 74 0
169 82 0
121 81.7 1
165 75.2 0
183 14 0
192 44 0
188 30.5 0
193 31.1 0
193 35.8 0
185 37.9 0
200 3.28 0
171 32.1 0
190 31.3 0
183 36.2 0
188 53.4 4
174 81.1 4
178 53.1 4
171 82.1 0
16 20.1 1
20.4 3.38 1
16.4 25.7 1
1.3 43 1
9.5 46.9 1
4.1 38.8 1
36.2 13 1
9.38 21.8 1
7.63 24.9 1
15.3 22 1
11.4 46.3 1
9.38 19.3 1
28.3 81.6 0
35 62.3 1
14.3 96.6 1
4.1 97.5 1
27.2 83 0
15.9 97 1
18.5 59.1 1
28.5 85.5 0
54.9 23.4 1
53 16 1
76.9 19.1 1
43.9 44.3 1
43.1 23.8 1
55.9 16.5 1
63.9 17.1 1
48.7 46.9 1
46.7 14 1
66.7 14.6 1
76.2 8.2 1
69.7 46.5 0
53.5 77 0
53.8 79.4 0
43.1 78.7 0
43.3 71.4 0
51.7 84.5 0
67 61.6 0
43.6 60.2 0
68.4 63 0
77.6 87.4 0
56.9 75.2 0
84 16.7 1
83.9 44.3 0
103 6.53 0
83.1 23.8 1
113 46.9 0
101 3.6 0
83.5 8.38 1
90 48.2 0
91.5 88.3 0
98.5 53.1 0
92.5 86.8 1
116 88.4 1
83.8 91.6 0
157 3.43 0
164 3.08 0
165 26.1 0
133 3.45 1
134 6.1 0
163 3.53 0
134 17 0
143 12.9 0
155 3.33 0
149 10.6 0
167 69.7 0
167 71.3 0
123 74.4 0
173 17.2 0
182 3.4 0
188 37.1 0
174 8.08 0
189 35.3 0
199 88.1 4
197 87 4
198 71.7 4
26.9 3.43 1
21.4 23.8 1
29.7 46.4 1
2.43 81.6 1
16.2 75.5 1
16.3 69.3 1
25.5 62.3 1
32.8 95.8 0
2.35 71.9 1
43.3 14.6 1
51 44.3 1
43.1 16 1
55.3 27.6 1
43.3 47.5 1
77 28.9 1
57.6 53.4 0
43.2 64.8 0
92.9 3.85 1
108 46.9 0
85.4 25.6 1
112 15.6 0
112 13.2 0
83.8 39.2 0
83.3 47.5 0
107 98.7 1
93.6 96.2 1
95.4 96.7 1
162 25.6 0
142 47 0
163 18.6 0
121 49.4 0
123 68.8 0
167 60.9 0
147 52.4 0
190 3.53 0
193 0.825 0
175 27.5 0
175 26.3 0
174 38.1 0
199 78 4
183 95.7 4
27.5 29.9 1
22.9 46 1
7.08 46.9 1
34.8 18.6 1
32.4 46.7 1
13.2 44.2 1
35.8 87.2 0
32.2 54.6 1
35.5 57.9 1
5.03 53.7 1
63.2 46.7 0
76.7 39.3 0
51.5 46.9 1
40.8 49.4 1
50.3 22.3 1
57.8 24.5 1
72.4 46.7 0
61.3 12.2 1
66.3 46.5 0
72.5 54.4 0
75.8 57.7 0
48.6 85 0
72.3 95.9 0
85.5 3.28 1
87.2 3.75 1
108 37.7 0
103 39.2 0
80.8 49.4 0
83 26.3 1
116 57 0
104 54.4 0
82.6 75.8 0
104 98.6 1
84.4 59.1 0
98.6 96.3 1
127 44.3 0
139 17.6 0
167 16.5 0
167 24 0
121 45.9 0
124 49 0
126 43 0
124 9.4 0
151 3.23 0
136 47.6 0
157 87 0
176 3.63 0
196 1.18 0
184 54.3 4
176 96.9 0
31.3 13.9 1
36.4 16 1
38.1 20.7 1
19.2 76.3 1
16.7 78.9 1
9.33 53.4 1
36.5 71.5 0
34.7 74.7 0
11.2 54 1
32.4 75.1 0
76.7 36.1 1
64.1 29.1 1
45.6 2.25 1
76.2 23 1
46.5 25.1 1
61.8 15.5 1
42.1 9.05 1
44.4 30.3 1
65.9 40.9 1
52.9 91.4 0
43.6 56 1
42.5 75.7 0
116 20.2 0
103 46.5 0
109 9.43 0
116 13.7 0
117 39.8 0
82.5 20.8 1
116 15.6 0
83.2 51.9 0
87.7 54.4 0
113 95.4 1
147 46.6 0
127 11.6 0
168 46.9 0
169 49.4 0
163 48 0
122 18.7 0
143 33.7 0
126 29.2 0
125 31.1 0
139 54.7 0
146 96.1 0
186 5.93 0
192 95.7 4
177 58.3 4
178 57 4
179 81.5 4
22.7 33.4 1
19.9 39 1
17.4 42.4 1
21.5 39.9 1
36.3 42.8 1
18.7 43.6 1
32.9 23.9 1
26.9 35.4 1
24 35.3 1
28.1 33.6 1
37.3 8.6 1
36.8 39.3 1
23.7 96.2 0
38 76.3 0
36.1 92.3 0
60.3 6.7 1
63.9 25.7 1
75.9 32.7 1
61.9 41 1
76.3 42.8 0
54 2.2 1
76.4 16.5 1
42.2 5.3 1
69.3 17.4 1
52.7 31 1
52.6 29.6 1
58.7 5.68 1
42.5 20.8 1
44.9 48.2 1
76.2 5.58 1
43.7 40 1
69.4 8.58 1
64.2 12.8 1
51.6 33.6 1
67.8 10.7 1
68.4 12.6 1
64.2 96.1 0
76.3 65.7 0
64.3 53.9 0
49.9 87.9 0
77.9 75.9 0
54.2 52.1 0
45.6 97.1 0
45.6 53.3 1
47.3 96.6 0
77.9 84.9 0
94.5 10.1 1
88.6 10.1 1
116 5.45 1
114 3.65 1
93.3 9.08 1
109 5.83 0
92.2 7.68 1
89.5 8.45 1
117 8.75 1
83.2 35.8 0
84.9 48.2 0
83.5 5.4 1
87.7 72 0
98.2 82.9 1
113 53.7 0
116 91.7 1
96.4 67.6 0
100 72 0
116 65.9 0
83.9 65.5 0
117 83.3 1
87.2 75.5 0
86.5 73.3 0
96.7 81.7 1
99 70 0
163 31.1 0
122 26.7 0
121 29.2 0
153 8.53 0
157 23.6 0
124 6.48 1
165 32 0
155 27.1 0
159 23.9 0
157 20.1 0
125 26.5 0
166 65 0
156 65.1 0
166 85 0
126 70.4 0
123 97.8 1
164 97.6 0
123 71.6 0
144 52.5 0
121 99 1
154 53.2 0
156 95.6 0
168 75.1 0
130 95.3 1
150 87.1 0
155 91.2 0
123 77.9 0
155 64.8 0
151 85.3 0
153 85.1 0
172 46.9 0
172 20.7 0
171 49.4 0
176 46.3 0
176 93.6 0
180 84.6 4
177 92.1 0
180 91.7 4
182 85.3 4
172 75.9 4
174 68.4 4
182 91.7 4
27.6 40.4 1
18 28 1
12.1 15.5 1
19.8 34.1 1
29.7 40.6 1
16.1 6.18 1
36.8 36.1 1
19.2 36 1
20.7 46 1
34.4 46.7 1
29.7 21.4 1
27.7 22.6 1
24.3 53.9 1
36.1 84.7 0
53.9 38.8 1
61 46.7 0
73.3 3.75 1
58.6 28.8 1
71.3 6.6 1
61.3 29.1 1
56.5 9.83 1
58.3 39 1
50.4 39.3 1
74.4 46.7 0
53.9 48.1 1
49.6 37.6 1
59.1 46.1 1
50.3 92.3 0
52.4 67.5 0
59.5 72.9 0
49.8 68.7 0
71.4 77.3 0
43.6 95.2 0
53.7 68.7 0
76.7 82.5 0
110 18.9 0
103 13.2 1
95.8 13.1 1
88.9 13.5 1
106 16.7 0
94.8 14.9 1
97.4 2.35 0
85.5 67.7 0
87.2 68.5 0
83.9 74.5 0
118 75.9 1
84.5 98 0
87.4 80.9 0
85.7 81.7 0
95.3 56.4 0
94.3 81.8 1
128 6.7 1
135 8.4 0
132 11.6 0
134 11.3 0
129 8.1 0
147 12.4 0
158 40.8 0
125 22.2 0
126 22 0
129 19.7 0
142 9.3 0
143 7.85 0
137 9.33 0
136 11.2 0
166 39.9 0
162 20.3 0
168 21 0
159 20.7 0
163 88.9 0
139 95.5 0
130 57.9 0
146 76.7 0
122 87.2 1
122 56.7 0
129 91.7 1
127 87.3 1
122 59.8 0
122 89 1
194 3.55 0
185 40.9 0
188 46.3 0
174 5.45 0
174 35.4 0
184 47.7 0
180 78.4 4
188 56.2 4
179 96.5 0
2.03 27.6 1
32.6 30.7 1
3.7 22.1 1
13.8 4.08 1
32.2 38.6 1
15.9 16.5 1
3.15 36 1
3.58 43.7 1
1.08 33.6 1
32.2 36.4 1
3.28 28.8 1
37.7 46.9 1
16.3 2.43 1
18.8 2.43 1
37.6 26.6 1
37.6 29.1 1
18.7 47.6 1
16.2 47.6 1
38.9 49.4 1
34.3 22.4 1
34 31.8 1
5.58 27.4 1
12.5 23.5 1
22.5 5.95 1
21.5 7.5 1
8.15 30.2 1
5.58 32.2 1
8.73 38.8 1
37.3 5.38 1
13.8 41.5 1
9.8 37.1 1
8.1 34.8 1
30.9 32.7 1
12.9 25.3 1
18.3 8.88 1
10.7 79.9 1
16.7 66.7 1
20.9 69.7 1
19.9 63.9 1
35.1 81.6 0
33.4 80.8 0
21.3 65 1
19 69 1
8.83 94.3 1
7.65 92.8 1
11.2 76.5 1
10.9 78 1
12.8 56.7 1
29.1 54.6 1
30.2 77.3 0
3.93 87.4 1
12.3 93.5 1
13.2 92 1
10.9 68.6 1
65.5 37.9 1
46 42 1
49 10.5 1
63.6 22.7 1
48.6 7.05 1
61.1 25.6 1
50.6 7.03 1
47.7 41.5 1
77.7 46.9 0
64.3 36.2 1
67 1.95 1
43.1 3.43 1
78.9 49.4 0
55.5 12.3 1
47.7 8.68 1
49.4 41.6 1
64.2 32.7 1
63.2 19.9 1
43.1 45.7 1
74 29.4 1
53.5 10.8 1
56.6 44 1
71.4 73.4 0
75.6 92.4 0
73 79.2 0
54.2 98 0
40.8 99 0
56.5 70 0
75.8 60.8 0
69.2 95.9 0
54 82.2 0
69.4 54.4 0
97.3 7.75 0
111 41.8 0
86.1 42.2 0
93.7 46.8 0
96.4 5.93 0
116 42.8 0
118 46.9 0
87.8 41.7 0
118 28.3 0
119 49.4 0
90.5 20.1 1
98.5 45.9 0
100 46.5 0
89 21 1
88.1 23.1 1
87.7 16 1
88.1 24.4 1
83.1 45.7 0
119 25.8 0
91.3 41.2 0
113 24.3 0
115 23.5 0
91 75.3 0
84.8 56 0
117 80.9 1
101 82 1
113 79.3 1
108 54.3 0
82 78.1 0
82.9 97 0
80.8 99 0
84 84.2 0
116 61.5 0
148 6.7 0
132 8.38 0
149 8.43 0
164 41.8 0
123 2.35 1
140 8.6 0
162 41.4 0
137 29.3 0
168 26.4 0
169 28.9 0
121 1.1 1
152 46 0
150 46.6 0
136 32.8 0
158 29.1 0
161 16.5 0
131 46.5 0
164 22.2 0
121 44.3 0
126 49 0
141 7.15 0
162 23.4 0
140 29.7 0
142 30.4 0
137 34.7 0
140 36.1 0
145 3.65 0
164 67.7 0
163 68.6 0
134 94.9 1
134 54.9 0
124 84.2 1
159 77.9 0
148 72.6 0
123 52.4 0
167 96.5 0
121 51.1 0
169 99 0
160 75.1 0
165 53.2 0
166 75.7 0
126 61.3 0
125 61.9 0
161 74 0
162 71.9 0
150 91.6 0
152 92.5 0
178 36.8 0
179 18.6 0
184 32.8 0
177 15.9 0
178 39.9 0
198 7.03 0
188 41.8 0
178 46.3 0
179 41.8 0
179 6.63 0
197 22.7 0
176 22.6 0
198 46.2 4
185 87 4
199 82.1 4
198 54.5 4
176 74.1 4
188 95.9 4
172 86.6 0
172 55.1 0
178 74.4 4
192 57.2 4
171 89.9 0
22.9 27.6 1
9.28 3.5 1
30.6 11.4 1
0.775 36.8 1
21.7 26.3 1
3.83 41.1 1
33.6 8.33 1
37.6 23.1 1
1.33 48.2 1
15.9 29.3 1
26.1 10.7 1
31.3 2.08 1
3.9 47.6 1
13.4 29.3 1
31.8 6.83 1
21 73.9 1
16.5 91.9 1
28.2 95.5 0
31.9 60.4 1
12.7 65.5 1
14 81.3 1
21.3 96.4 1
7.75 98 1
18.7 52.5 1
16.2 52.5 1
18.4 97.6 1
17.9 61.4 1
18.8 94.2 1
29.1 60.4 1
16.5 98.2 1
20.4 56.6 1
22.7 59.5 1
55.4 35.3 1
44.4 34.7 1
54.7 42.1 1
48 2.7 1
69.4 1.18 1
60.8 3.6 1
59 36.3 1
59.3 33.6 1
65.5 19.2 1
77.8 13.4 1
58.2 17.8 1
58.8 3.35 1
54 57.8 0
61.8 96.3 0
76.5 68.1 0
61.9 53.7 0
47.3 81.8 0
47 70.5 0
56.5 56.6 0
41.9 78 0
40.8 51.1 1
43.9 68.9 0
59.6 76.6 0
84.6 20.1 1
99.7 10.4 1
83.9 14.2 1
111 38.2 0
116 32 0
103 42.6 0
105 37.1 0
81.8 23 1
80.8 1.1 1
113 9.43 0
113 26.9 0
114 28.1 0
98.3 55.9 0
117 68.3 0
81.9 71.9 0
80.8 51.1 0
90.9 81.2 0
92.6 53.6 0
137 21.5 0
139 2.55 1
123 24.2 0
122 17 0
169 1.1 0
133 21.1 0
166 14.1 0
157 43.7 0
158 17.1 0
161 48.6 0
151 53.4 0
159 95.9 0
152 58.3 0
161 92.7 0
167 91.4 0
154 56.8 0
156 58 0
122 75.5 0
158 62.7 0
152 62.7 0
174 32.5 0
191 24.7 0
189 24.7 0
174 13.6 0
174 43.5 0
195 37.7 0
192 46.1 4
182 8.25 0
185 26.9 0
185 28.2 0
181 35.1 0
178 85.4 4
176 82.9 4
196 95.4 4
175 86.2 4
174 71.2 4
199 60.3 4
190 52.1 4
171 99 0
195 62 4
19.5 20.2 1
3.75 6.73 1
25.3 13.4 1
19 25.8 1
1.8 8.18 1
20.9 21.2 1
38 18.1 1
4.43 18.1 1
36.2 66.1 0
5.25 98.8 1
21.9 53.7 1
28 68.4 1
38 79.5 0
23.5 71.4 1
51.8 23.9 1
70.9 41 1
77.8 38.6 0
77.8 20 1
72.4 14.8 1
41.9 23 1
51.6 2.68 1
59.8 20.4 1
77.6 26.4 1
47.8 48.2 1
40.9 1.1 1
49.4 28.3 1
52.3 27 1
45.1 13.5 1
66.2 5.73 1
65.3 8.25 1
78.2 28.3 1
73.4 72.1 0
48.2 53.7 1
50.1 56.7 0
54.8 89.4 0
43.9 74.8 0
51.8 52.6 0
77.4 78.3 0
57.1 80.3 0
55.2 87.1 0
54.8 84.4 0
75.1 73 0
82.7 17.6 1
98 40.6 0
108 30.5 0
107 33.9 0
100 40.7 0
85 30.2 1
81.9 29.5 1
92.1 45.6 0
92.4 44 0
86.1 28.8 1
119 24.4 0
117 35.4 0
88.5 48.8 0
81.7 26.9 1
93.4 71.8 0
112 87.5 1
104 68.4 0
110 88.9 1
106 71 0
110 96.6 1
111 65.7 0
114 73.3 0
111 67.7 0
111 77 1
86.9 90.6 0
93.5 69.9 0
143 19.6 0
137 41.7 0
123 39.4 0
136 2.9 1
141 19.6 0
139 41.7 0
165 2.2 0
166 46.1 0
167 8.93 0
146 16.3 0
164 16.5 0
150 12.9 0
155 71.2 0
164 78.1 0
146 69.9 0
153 70.3 0
123 80.5 1
134 88.9 0
135 90.9 0
163 61.7 0
144 76.4 0
150 75.5 0
126 53.1 0
159 54 0
128 67.8 0
143 69.9 0
168 72.2 0
162 97.1 0
169 51.1 0
127 95.5 1
163 78.7 0
135 85.4 0
168 56.2 0
151 95.4 0
137 83.8 0
186 8.45 0
172 23.1 0
180 2.53 0
199 36.6 0
200 35 0
181 47 0
182 42.8 0
182 57.6 4
196 80.1 4
194 52.6 4
194 80.8 4
173 78.3 4
173 53.2 0
180 61.1 4
173 62.7 4
197 67.6 4
195 66.2 4
171 93.2 0
33.7 12 1
6.55 43.2 1
33.4 2.08 1
36.3 3.5 1
39 1.1 1
14.6 47.6 1
9.85 41.5 1
24.5 42.7 1
25.3 22.7 1
28.2 15.4 1
25.2 47 1
22.7 78.1 1
18.5 82.9 1
23 82.6 1
21.4 76.9 1
15.6 72.1 1
13.5 74.4 1
17.3 81.7 1
21.8 83.9 1
38.9 99 0
13.2 69.8 1
72 34.4 1
73.8 34.4 1
47.3 15.9 1
51.5 17 1
58.4 26.2 1
77.8 36.9 0
56.4 17.9 1
52.3 48.1 1
79 1.1 1
45 9.85 1
69.6 31 1
74 26 1
43.7 19.4 1
70.6 29.2 1
77.5 9.1 1
72.9 9.98 1
64.8 43.4 1
56.7 52.2 0
42.1 72.3 0
78.9 99 0
43.7 81.1 0
51.9 74.2 0
49.3 74.2 0
56.5 93.3 0
76.4 71.5 0
84.7 2.43 1
99.9 33.9 0
97.6 34 0
113 44.1 0
95.5 36.7 0
111 32 0
95.5 38.6 0
102 35.9 0
113 48.2 0
99.6 2.35 0
118 39 0
82.3 9.28 1
113 18.5 0
109 71.3 0
105 95.4 1
112 84 1
111 82.7 1
118 78.3 1
119 99 1
100 78.2 1
89.1 93.6 0
155 13.5 0
153 14.4 0
153 24.6 0
168 23.3 0
132 2.15 1
122 48.4 0
121 30.9 0
122 8.78 1
137 13.7 0
168 5.18 0
167 43 0
159 48.6 0
127 34.4 0
129 73.1 0
126 65.3 0
167 54.3 0
141 87.1 0
141 72.4 0
128 74.8 0
161 57.7 0
167 93.5 0
169 59.6 0
166 80.6 0
167 79.1 0
126 92.8 1
125 64.4 0
141 84.6 0
190 10.6 0
194 6.7 0
172 18.1 0
193 8.45 0
184 2.25 0
189 2.7 0
176 51.8 0
171 51.1 0
190 73.5 4
192 72.3 4
17.5 38.4 1
3.65 2.13 1
12.6 11.5 1
11.3 9.58 1
14.6 52.5 1
38.1 51.9 1
29.6 71.9 1
24 64.1 1
74.2 41.3 0
42.6 43.3 1
45.9 19.5 1
41.8 16.9 1
56.2 47.5 1
42.8 28.8 1
42.8 26.3 1
51.8 97.5 0
78.1 51.9 0
42.9 90.3 0
42.5 86 0
47 76.4 0
94.9 24 1
96 25.4 1
95.1 30.3 0
91.5 24.1 1
82.6 43.3 0
96 28.7 0
109 48.2 0
119 1.1 1
90.1 25.5 1
106 42.5 0
89.4 28.7 1
117 21 0
108 64.5 0
118 72.5 0
105 65 0
87.9 97.5 0
82.5 93.9 0
118 51.8 0
96.7 51.8 0
96.5 89.7 1
107 88.7 1
96.5 97.7 1
151 37.6 0
148 40.9 0
149 34.4 0
142 38 0
135 43.6 0
137 15.9 0
155 9.65 0
140 48.2 0
168 17.4 0
147 33.3 0
122 7.1 1
167 34.7 0
137 48.2 0
135 45.4 0
123 36.4 0
152 67.9 0
153 80.2 0
153 78.3 0
146 82.4 0
158 71.1 0
150 82.9 0
122 64.4 0
124 54.2 0
160 67 0
139 91.2 0
167 62.4 0
153 66.3 0
192 39.4 0
171 1.1 0
172 8.98 0
172 39 0
196 27.7 0
194 27.8 0
173 82.2 4
174 79.2 4
22.5 30.1 1
21.5 2.13 1
37.6 30.8 1
8.6 48.1 1
1.68 2.13 1
16.1 12.1 1
13.2 46.4 1
16.8 10.2 1
37.9 38.5 1
7.68 17.3 1
31.5 17.3 1
32.2 67.7 1
33.3 66.2 1
33.4 89.7 0
13.2 97.8 1
37.7 72.4 0
36.5 74.3 0
36.4 68.5 0
26.5 65.4 1
71.4 43.7 0
69.2 37.1 1
42 13.6 1
54.2 15.3 1
66.8 24.6 1
64.3 2.28 1
58.4 41.4 1
57.1 23.4 1
66.6 31.8 1
77.2 6.5 1
42.9 38.9 1
47.2 31.1 1
69.3 47.7 0
64.2 75.5 0
47 92.9 0
54.4 75.9 0
52.5 78.8 0
47.1 65.9 0
73.1 82.9 0
73.2 90.1 0
65 79.1 0
57.7 97.5 0
42.4 61.4 0
46.5 59.2 0
66.7 81 0
78.7 86 0
45.8 84.3 0
45.4 66.4 0
82.6 40.1 0
108 43.7 0
82.7 6.5 1
112 35.4 0
108 80.6 1
91.2 64.6 0
117 90.1 1
90.2 61.3 0
96.8 58.8 0
95.4 64.1 0
90.2 58.8 0
106 83.9 1
108 92.2 1
96.6 62.6 0
162 10.6 0
130 36.3 0
131 38 0
130 32.3 0
152 29.8 0
151 7.35 0
135 4.23 1
160 32.1 0
140 14.3 0
132 17.5 0
157 6.48 0
152 22.1 0
167 3.3 0
164 11 0
150 29.2 0
150 25.3 0
126 41.3 0
132 31.3 0
150 5.63 0
167 38.8 0
166 20.1 0
154 75.1 0
167 86.1 0
122 67.8 0
159 82 0
126 77.6 0
159 89.4 0
122 77.1 0
187 4.08 0
173 6.38 0
174 57.7 4
173 59.5 0
184 66.2 4
179 68.5 4
189 58.8 4
183 80.3 4
183 63.7 4
185 83.2 4
1.7 18 1
31.5 43.6 1
2.28 24.5 1
21.3 10.6 1
14.9 37.2 1
7.78 9.9 1
25 6.1 1
37.9 36.9 1
25.9 2.28 1
13.9 35.7 1
26.1 7.78 1
29.3 7.6 1
6.43 13.3 1
29.3 47.7 1
6.6 74.7 1
37.6 90.6 0
3.8 77.5 1
6.45 81.6 1
4.83 60.3 1
38 81.3 0
34.2 96.9 0
8.83 74.4 1
14 58.2 1
71.8 20.2 1
42.9 37.2 1
74.3 20.6 1
77.6 30.7 1
70.6 25.7 1
64.6 72.4 0
69.1 75.2 0
70.2 80.8 0
66.8 74.8 0
77.6 89 0
62.1 77.9 0
62.2 69.8 0
44.8 98 0
44.8 52.4 1
108 24.7 0
83.1 3.53 1
103 3.93 0
85.8 11.3 1
101 57.4 0
111 56.1 0
101 92.7 1
110 59.3 0
163 26.4 0
124 43 0
127 46.5 0
163 36.3 0
158 2.48 0
131 27.5 0
133 28.7 0
131 41 0
155 19.1 0
153 2.38 0
128 26.8 0
132 70.6 0
133 74.2 0
132 76.7 0
142 57 0
122 72.5 0
165 88.3 0
149 56.4 0
191 42.5 0
176 10.2 0
173 36.4 0
174 96.7 0
185 60.4 4
190 77.8 4
176 60.5 4
192 79.7 4
185 93 4
0.775 11.4 1
34.3 41.2 1
19.4 16.5 1
33.8 34.1 1
37.3 14.1 1
33.8 48 1
17.7 86.4 1
17.5 63.9 1
20.2 87.8 1
36.6 56.5 1
33.6 53.5 1
33.3 69.9 0
3.3 57.2 1
5.9 68.1 1
8.9 60 1
30.8 92.8 0
25.7 76.7 1
22.4 90.1 1
9.45 82.8 1
6 52.4 1
19.2 91.5 1
36.1 95.9 0
36.9 85.8 0
16.5 87.7 1
9.33 66.8 1
54.6 21.7 1
59.5 13.3 1
77.7 17.4 1
50.2 46.3 1
73.8 48 0
49.5 32.2 1
67.1 47.7 0
65.2 68.1 0
59.2 66.9 0
72.9 61.8 0
76.9 56.3 0
73.9 53.3 0
68.1 92.8 0
73.7 97 0
62.7 60.6 0
70.7 86.8 0
42.4 63.5 0
59.2 64.4 0
60.2 92.2 0
43.2 97 0
68.3 57.4 0
102 27.5 0
114 41.7 0
117 12.8 0
83.6 25 1
93.8 21.3 1
99.2 19 1
103 16.7 0
107 21.2 0
97 18.6 1
103 28.7 0
81.9 31.3 1
107 1.23 0
115 10.3 1
103 21.3 0
102 24.8 0
116 22.8 0
116 95.3 1
117 93.2 1
83.1 87.3 0
83.2 57 0
87.5 63.3 0
87.5 86.2 0
105 74.5 1
117 55.6 0
113 63.3 0
113 69.6 0
113 58.5 0
93.1 93.3 1
99.6 67.1 0
99.7 97.1 1
146 22.2 0
155 31.5 0
153 34.6 0
157 34.2 0
136 38.2 0
149 17.7 0
128 22.9 0
138 24.8 0
142 43.8 0
160 7.28 0
162 2.65 0
167 25.4 0
124 21.4 0
142 25.2 0
146 29.6 0
132 24.4 0
139 27.2 0
148 67.1 0
154 82.6 0
130 88.2 1
129 77.7 0
134 67.3 0
134 61.5 0
139 60.6 0
133 65.7 0
141 66.6 0
144 90 0
136 79.7 0
139 77.5 0
145 59 0
134 79.7 0
148 52.4 0
145 51.2 0
157 75.4 0
137 60.6 0
136 57.8 0
131 82.4 0
132 84 0
147 59 0
193 21.3 0
173 28.1 0
181 27.6 0
186 21.3 0
173 25.6 0
175 2.48 0
186 11.5 0
193 18.8 0
186 18.8 0
182 26.3 0
181 11.2 0
176 39.3 0
182 22.2 0
180 21 0
185 45.2 0
184 43.7 0
174 94.2 0
193 87.3 4
191 84.7 4
187 89 4
196 73.4 4
185 53.1 4
196 58.5 4
198 92.8 4
188 62.3 4
189 94 4
178 63.2 4
189 91.9 4
190 63.4 4
181 97.2 4
178 64.9 4
0.975 14.1 1
11 6.1 1
21.4 13.5 1
21.6 47.3 1
14.4 32.1 1
4.3 11.9 1
22.4 17.1 1
16.6 31.2 1
29.3 3.78 1
36.5 17.3 1
26 28.7 1
14.4 62.5 1
30.7 53.1 1
36.9 59.3 1
13.4 84.7 1
6.83 62.9 1
1.13 60.4 1
25.2 92.6 0
37.2 93.8 0
12.1 89.7 1
8.08 85.2 1
7.1 64.7 1
9.98 89.7 1
7.8 87 1
26.7 57.6 1
14.4 86.2 1
24.9 73.5 1
26.6 89.8 0
68.8 22.3 1
74.4 2.6 1
76.5 3.7 1
59.9 15.4 1
48.4 22.3 1
62.8 11.4 1
60.1 82.4 0
71 52.9 0
77.2 59.1 0
70.8 97.3 0
48.6 63 0
60.3 57.7 0
57.5 85.5 0
42 66.6 0
56.7 62.2 0
42.4 55.4 1
43.2 53.5 1
114 37.5 0
91.8 2.75 1
90.3 38.3 0
92.3 30.9 0
98.8 26.2 0
88.1 2.9 1
112 2.7 1
105 1.23 0
110 27.8 0
118 9.65 1
95.3 4.05 0
103 32.3 0
85.2 54.3 0
99.7 74.2 0
104 88.2 1
105 60 0
83.1 89.1 0
117 59.9 0
111 94.4 1
103 59.9 0
110 74.7 1
86 74.6 0
83.2 60.3 0
92.4 56.4 0
107 60.6 0
152 18.3 0
160 38 0
158 14.4 0
128 4.83 1
145 40.9 0
124 32.2 0
147 86.3 0
162 81.8 0
140 75 0
143 80.9 0
138 69.1 0
148 97.4 0
136 73.5 0
164 82.7 0
125 81.7 1
127 81.1 0
159 60.4 0
144 97.3 0
130 55.4 0
193 12.3 0
196 47.4 4
183 30.2 0
191 16.4 0
189 16.4 0
199 17.6 0
200 12.1 0
188 69.3 4
182 69.3 4
177 97.9 0
7.33 6.83 1
31.9 29.1 1
33.5 26.1 1
11 31.8 1
24.4 19.8 1
8.6 14.9 1
1.05 53 1
8.15 52.4 1
12.7 54.2 1
10.9 71.5 1
29.8 97 0
51.3 20.7 1
62 47.9 0
56.2 3.53 1
53.1 32.5 1
44 25.1 1
62.7 5.8 1
57.9 2.1 1
47 36.3 1
74 12.4 1
75.6 96 0
66.6 89.9 0
77.1 64.4 0
50.1 86 0
70.6 70.1 0
73.3 68.4 0
66.9 84.4 0
95.6 43.6 0
108 8.05 0
116 3.58 1
110 3.93 0
118 7.05 1
101 47.8 0
82 35 0
118 36.2 0
114 52.6 0
106 53.2 0
109 52.7 0
117 64.6 0
100 63.3 0
147 4.83 0
129 12.6 0
122 23.5 0
121 47.1 0
123 49 0
149 47.9 0
123 11.3 0
159 11.2 0
129 43.7 0
126 3.5 1
153 43.4 0
155 40.9 0
165 41.6 0
129 65 0
130 61 0
141 53.3 0
145 64.5 0
142 93 0
135 96.5 0
135 53.3 0
142 62.6 0
148 93 0
149 63.1 0
196 42.4 0
199 47.4 4
179 4.05 0
192 2.38 0
190 67 4
192 69.8 4
174 73.7 4
194 96.7 4
186 96.9 4
178 90.7 4
189 97.5 4
191 65.6 4
176 66.9 4
8.28 2.55 1
12.7 2.83 1
19.3 45.5 1
25.3 36 1
25.3 16.7 1
26.5 45.3 1
25.6 53.1 1
38.6 64.2 0
17.6 76.9 1
23.3 66.8 1
55.8 8.35 1
44.4 41.9 1
71.4 3.98 1
59.7 29.8 1
64.6 14.3 1
57.1 11.7 1
57 5.85 1
63.3 15.9 1
77 23.8 1
77.7 67.1 0
42.8 93.9 0
77.9 83.6 0
47.3 52.5 1
76.7 93.9 0
65.5 96.9 0
65.6 53.1 0
48.2 97.5 0
84.5 42 0
91.3 72.4 0
83.1 64.2 0
118 85.6 1
88.9 76.4 0
91.1 97.3 0
118 67.3 0
99.1 87.2 1
88.5 53.5 0
95.3 80.5 1
149 2.53 0
124 4.6 1
169 48.1 0
125 12.7 0
167 32.8 0
166 31.2 0
143 5.98 0
166 77.3 0
141 96.9 0
167 83.3 0
124 85.9 1
153 52.2 0
132 53.5 0
132 96.3 1
200 30.2 0
174 45.7 0
173 3.58 0
177 28.7 0
177 47.5 0
182 48.3 0
185 39.2 0
197 15.4 0
176 32.6 0
185 48.3 4
184 74.9 4
181 71.9 4
172 72.1 4
187 54.3 4
35.9 32.1 1
15.5 4.3 1
22.3 4.08 1
35.4 9.23 1
5.88 34.1 1
37.4 43.9 1
4.53 45.7 1
11.4 25.9 1
36.3 82.7 0
26.7 96.6 0
35.5 54.6 1
12.1 96 1
9.58 95.9 1
22.3 97.7 1
22.9 52.5 1
1.45 97.1 1
77.4 43.9 0
63.5 34.8 1
68 13.8 1
45.1 11.9 1
75.8 31.1 1
54.1 12.7 1
79 12.4 1
52.9 61.3 0
62.8 97.6 0
52.4 64.6 0
62.9 52.5 0
54.4 70.3 0
75.8 54.4 0
48.7 70.7 0
62.8 84.7 0
76.3 73.9 0
87.2 33.4 0
82.7 13.3 1
89.4 15.3 1
86.8 36.9 0
85.5 32.9 1
87.7 21.7 1
114 33.1 0
118 82 1
104 77.6 1
88.8 79.7 0
116 53.7 0
94.2 86.8 1
82.7 67.3 0
96.1 75 0
84.1 80.8 0
103 80.7 1
99.6 90.7 1
145 27.1 0
160 28.6 0
134 7.33 0
123 25.9 0
121 27.9 0
167 13.2 0
157 45.9 0
132 47.8 0
146 43.7 0
158 97.1 0
158 52.7 0
124 70.4 0
122 99 1
168 78.4 0
167 66.8 0
162 73.4 0
173 12.6 0
173 42.5 0
192 32 0
171 48.1 0
187 39.1 0
179 31.9 0
197 11.6 0
186 78.1 4
190 81.7 4
172 64.3 4
188 81 4
186 72.1 4
199 97.3 4
173 69.4 4
179 77.5 4
6.08 3.85 1
3.08 34.4 1
2.55 42.3 1
36.3 46.1 1
38.9 48.1 1
38.9 27.9 1
17.6 26.3 1
36.1 25.7 1
36.1 23.6 1
27 23.9 1
17.5 68.4 1
4.73 89.9 1
27.9 79.6 0
30.4 83 0
25.6 83.6 1
30.4 85.5 0
26.8 86.1 1
43.5 13.4 1
71.4 45.7 0
63.3 8.7 1
55.7 33.5 1
62.6 20.9 1
53.9 28.4 1
50.8 9 1
60.7 34.8 1
76.3 46.1 0
78.9 48.1 0
43.4 9.75 1
53.5 40.7 1
58.3 32.4 1
48.6 4.55 1
76.5 12.6 1
53.6 9.25 1
50.9 90.4 0
48.1 80.4 0
59.7 88 0
62.6 90.1 0
46.6 79.1 0
77.7 72.4 0
70.5 63.3 0
58.6 74.9 0
92.6 35 0
95.2 47.4 0
90 31.9 0
85.2 16 1
111 11 1
119 48.1 0
105 9.63 1
102 87 1
83.9 68.6 0
82.7 82.5 0
91.1 68.5 0
165 36.9 0
155 47.3 0
143 11.5 0
131 19.1 0
145 13.6 0
122 1.1 1
169 27.7 0
147 25.3 0
163 19.8 0
141 5.28 0
161 24.4 0
149 11.5 0
122 51.1 0
124 61 0
166 63.2 0
153 96.6 0
181 13.5 0
183 15.9 0
190 47.3 4
172 33.6 0
186 29.9 0
192 34.8 0
190 35 0
190 32.2 0
198 4.53 0
183 35 0
196 88.9 4
199 90.4 4
199 73.4 4
197 85.4 4
196 54.6 4
174 83.3 4
174 85.8 4
177 87.2 4
31.5 45.6 1
35.6 11.8 1
2.78 37.6 1
4.73 40.1 1
10.4 22.7 1
5.98 25.3 1
9.38 24.6 1
17.6 1.18 1
17.4 48.9 1
16.7 18.5 1
15 24.8 1
14.6 23 1
11.9 28.8 1
1.8 79.7 1
3.83 83 1
35.9 89.1 0
34.4 60.8 1
19.5 96 1
17.4 51.2 1
17.1 98.8 1
12.3 60.3 1
36.1 63.5 1
17.9 59.4 1
2.58 93.2 1
3.08 95.9 1
1.1 73.7 1
0.65 82.8 1
20.9 58.2 1
4.43 72.1 1
76 21.1 1
46.9 13.7 1
50.2 42.9 1
51.3 40.6 1
50.6 4.53 1
63.9 18.7 1
64.8 45.6 0
57.5 46.1 1
65 87.2 0
54.9 80.9 0
75.5 79.2 0
65 63 0
66.7 59.7 0
44 58.6 1
53.4 84.1 0
44.5 70.5 0
68 66.1 0
111 17.3 0
106 47.3 0
117 30.9 0
109 38.9 0
117 43.9 0
92.4 48.1 0
119 27.1 0
86.7 25 1
83.8 31.3 1
89.9 88.4 0
112 98 1
116 79.3 1
91 84.9 0
84.4 91 0
145 47.3 0
159 3.88 0
164 21.1 0
162 52.8 0
122 81.6 1
161 95.2 0
166 68.4 0
123 93.4 1
193 42.6 0
174 15.9 0
174 23.9 0
185 13.8 0
198 80.2 4
197 69.6 4
199 77.3 4
29.3 30 1
20.6 25.2 1
22 22.5 1
26.1 48.3 1
25.2 60.4 1
37.7 67.5 0
20.4 54.1 1
31.4 95.3 0
2.43 69.3 1
47.7 24.5 1
76.1 41.1 0
75.7 34.7 1
57.4 27.6 1
78.9 27.7 1
43.2 32.8 1
64.4 3.85 1
43.8 48.2 1
64.1 41.8 1
42.4 82.2 0
57.7 54.8 0
50.1 54.2 0
44.1 79.7 0
116 28.8 0
116 46.2 0
114 46.2 0
118 17.3 0
83.8 48.2 0
101 52.5 0
116 72.1 0
91.6 52.6 0
91.9 90.7 0
94.8 76.7 0
94.3 53.4 0
150 9.4 0
166 15.8 0
163 17.3 0
166 10.8 0
125 34.6 0
124 91.7 1
126 96.5 1
163 55.1 0
124 95.5 1
194 30 0
196 29.8 0
193 37.3 0
181 52.4 4
200 54.4 4
184 95.5 4
6.85 41.4 1
8.63 40.7 1
6.45 45.6 1
12.4 42.8 1
3.3 54.7 1
15.3 70.3 1
16.3 80.4 1
31.3 75.5 0
52.8 22.2 1
59.3 25.1 1
63.1 28.4 1
70.1 15.2 1
75.8 25.3 1
71 8.35 1
42 49.4 1
57.8 95.1 0
116 37.5 0
91.8 16.7 1
103 7.68 1
90.8 46.8 0
102 40.6 0
107 36.4 0
103 37.6 0
81.1 27.5 1
90.4 7.45 1
82 49.4 0
116 58.3 0
111 54.1 0
103 96.7 1
89.1 96.1 0
81.4 75.9 0
116 87.3 1
92.9 95.8 1
124 41.2 0
158 23 0
139 19.3 0
155 24.9 0
158 21 0
126 27.8 0
148 74.9 0
123 63.6 0
158 89.1 0
185 7.23 0
196 3.28 0
19.2 37.6 1
16.1 41.6 1
32 12.6 1
32.9 18.6 1
38.9 20.3 1
21.1 33.6 1
9.68 18.6 1
20.3 75.7 1
15.3 74 1
0.075 93 1
66.4 39.4 1
62.9 26.2 1
41.3 7.98 1
41.5 27.6 1
45.4 48.8 1
45.2 1.45 1
59.9 40.6 1
64.9 31.1 1
71.9 28.7 1
77.5 10.3 1
47.7 84.1 0
50.2 96.3 0
44.5 92.1 0
54.6 91.5 0
41.2 75.8 0
44.1 84.5 0
95.5 10.9 1
116 11.2 1
85.4 48.8 0
81.2 20.8 1
84.2 11.2 1
96.7 1.45 0
83.6 51.1 0
98.3 68.9 0
162 30.4 0
131 10.9 0
135 15.7 0
164 48.6 0
142 36 0
151 3.75 0
143 32.2 0
134 46.6 0
158 64.8 0
169 74.6 0
137 55.3 0
153 64.8 0
174 10.4 0
174 40.2 0
180 80.4 4
171 75.5 4
191 95.5 4
14.1 15.1 1
31.3 40 1
36.2 41 1
24.8 38.5 1
38.4 7.83 1
24.8 4.23 1
29.1 32.6 1
16.8 8.25 1
38.8 75.9 0
25.7 63.2 1
50.2 25.2 1
64.6 24.1 1
41.3 20.8 1
41.3 6.3 1
54.4 1.43 1
50.7 27.1 1
77.3 15 1
71 75.4 0
71.3 78.7 0
75.7 90.5 0
78.6 75.5 0
54.6 51.3 1
43.8 67.3 0
108 18.3 0
90 4.4 1
87.9 11.4 1
84.3 37.5 0
104 15.1 1
116 41.6 0
108 46.1 0
87.7 70.4 0
109 97.6 1
99.9 83.2 1
130 8.75 0
157 18.7 0
156 28.3 0
143 54.5 0
145 77.5 0
128 69.8 0
165 98.4 0
161 90.3 0
124 78.4 0
200 8.43 0
171 20.3 0
194 4.83 0
174 60.9 4
184 85.2 4
179 53.5 4
190 57.5 4
178 82.6 4
183 91.5 4
23.6 28.9 1
3.93 23.7 1
19.7 8.95 1
35.7 34.4 1
38.4 6.15 1
9.53 36.1 1
31.4 22.3 1
30.4 15.5 1
12.1 80.8 1
25 95.1 0
56.8 42.7 1
70.1 19.4 1
54.5 48.8 1
44.7 31.1 1
67.7 7.53 1
49.9 33.7 1
42 99 0
60 70.6 0
75.4 62.2 0
51 67.9 0
75.6 81.8 0
97.6 9.28 1
92.5 82.4 0
85 86 0
99.6 53.6 0
96.3 57.4 0
82 99 0
82.6 74.5 0
119 75.5 0
84.9 98.7 0
101 95.2 1
115 63.1 0
129 45.9 0
128 20.8 0
142 46.2 0
139 16.3 0
152 8.33 0
126 47.7 0
169 21.1 0
160 40.3 0
137 36.2 0
156 54.2 0
128 88.9 1
149 53.9 0
121 89 1
121 58.5 0
121 87.2 1
121 56.7 0
137 94.7 0
177 38.8 0
199 22 0
200 83.3 4
171 87.4 0
179 84.5 4
3.35 19.7 1
0.775 27.9 1
32.1 34.7 1
11.2 4.23 1
23.4 45.5 1
29.4 9.73 1
27 9.18 1
4.83 30.2 1
6.5 29.4 1
30.1 2.63 1
30.5 6.28 1
19.2 63 1
14.8 91.9 1
7.13 90.8 1
16.6 65.2 1
35.8 69.9 0
27.7 55.1 1
18.2 92.8 1
11 67 1
10.3 75 1
61.5 7.03 1
55.3 36.9 1
57.9 37.5 1
42.2 3.2 1
68.7 1.18 1
66.9 1.18 1
71.9 26.5 1
67.1 9.28 1
43.1 46.9 1
54.6 98.8 0
60.5 78.2 0
58.2 68.9 0
49.4 93.5 0
67.7 95.3 0
67.9 54.9 0
104 45.7 0
103 11.8 1
113 25.4 0
89.7 40.9 0
83.1 46.9 0
85 62.4 0
112 78.5 1
83.3 97.8 0
81.4 77.5 0
113 95.7 1
116 83.9 1
136 31.2 0
122 44.3 0
155 8.08 0
159 16.2 0
139 29 0
124 82.8 1
154 91.9 0
162 70 0
128 59.4 0
166 97.4 0
168 99 0
159 76 0
155 94.7 0
150 89 0
147 70.6 0
167 75.1 4
179 16.9 0
178 21.1 0
194 46 4
179 35.7 0
184 31.3 0
179 8.78 0
181 9.7 0
195 23 0
186 46.5 0
183 42.2 0
185 89.1 4
183 54.2 4
194 57.2 4
172 55.9 0
171 89.2 4
174 66.7 4
179 75.2 4
19 18.5 1
0.6 9.75 1
32.8 20.8 1
3.28 48.9 1
38.9 21.9 1
1.33 48.9 1
17.2 28.7 1
22.6 69.7 1
7.83 98.8 1
14.2 64.4 1
44.5 36.2 1
46.8 1.45 1
41.2 48.1 1
48.7 35.9 1
60.3 55.2 0
42.7 74.8 0
41.2 77.4 0
42 51.1 1
60.2 94.7 0
116 19 0
113 42.9 0
106 31.9 0
81.2 22.4 1
116 6.7 1
119 23.2 0
82 1.1 1
81.2 48.1 0
116 16.1 0
103 54.1 0
115 69.6 0
81.2 72.6 0
96 98.5 1
82 51.1 0
146 45.8 0
136 23.3 0
139 1.6 1
166 47.3 0
162 48.6 0
123 18.9 0
157 41.9 0
134 22.9 0
137 1.6 1
168 1.1 0
152 76.5 0
143 95.5 0
149 95.5 0
121 74.9 0
166 81.9 0
155 57 0
157 86.1 0
158 60.7 0
200 33.2 0
172 26.9 0
187 25.4 0
180 45.8 0
180 43.1 0
198 95.3 4
197 60.4 4
193 51.2 4
171 77.1 4
191 51.2 4
172 99 4
