3.08 13.9 0
0.925 13.9 0
10.2 4.43 0
2.9 37.9 0
3.9 59.1 0
11.4 66.1 0
3.58 46.3 0
1.43 46.3 0
18.1 46.9 0
7.25 52.6 0
11.4 95.8 4
7.98 98.8 4
6.15 98.8 4
47.8 12.1 0
46.7 2.3 0
31.4 26 0
30.8 43.8 0
21 43.4 0
48.9 22.6 0
26.4 37.9 0
22.2 28.6 0
23.4 26.8 0
45.5 50 0
41.7 46.8 0
38.7 53.9 0
41.6 90.6 4
46.9 75.5 4
48.9 77.6 4
88.3 8.75 0
51.3 7.75 0
52 13.9 0
53.3 2.3 0
86.5 2.05 0
68.6 36.7 4
58.8 41.3 0
88.8 22.4 4
70.7 43.8 4
82.4 16.1 0
70.7 27.8 0
81.4 60.6 4
60.2 54.6 4
63.3 47.5 4
52 68.9 4
67.1 95.1 4
74.6 94.9 4
80.9 90.1 4
81.8 80.4 4
69.6 84.6 4
84.6 73.3 4
82.4 71.1 4
50.8 98.2 4
112 1.18 0
105 13.8 4
113 13.8 4
101 13.4 4
99.5 4.95 0
101 3.8 0
99.7 38.7 4
106 33.6 4
124 36 4
111 43.8 4
113 43.8 4
104 37.9 4
121 16.6 4
122 16.6 4
92.3 44.1 4
124 37.8 4
116 60.6 4
91.2 63.8 4
102 48.3 4
101 46.4 4
123 46.9 4
117 90.4 0
92.4 74.1 4
124 91.8 0
124 93.5 1
159 1.6 4
127 0.95 0
156 34.4 4
126 43.4 4
130 28.7 4
158 44.1 4
136 34.6 4
146 90.9 1
193 4.58 4
162 13.9 4
175 27.4 4
191 38.6 4
182 37.6 4
193 25.3 4
178 55.5 4
177 58.2 4
161 68.2 4
196 60.1 4
161 98.2 1
17.5 13.9 0
18.8 13.9 0
5.03 1.25 0
18.2 27.5 0
18.2 28.7 0
3.15 43.8 0
1 43.8 0
2.05 25.1 0
9.18 35.2 0
17.5 68.9 0
18.8 68.9 0
8.78 49.3 0
15.6 90.1 4
17.5 98.9 4
18.8 98.9 4
16.2 71.1 0
17.5 71.1 0
0.8 83.3 0
7.05 85.7 0
32 13.4 0
45.1 1.35 0
33.8 13.4 0
48 0.95 0
24 8.23 0
32.8 24.4 0
47.1 18.3 0
22.2 19.2 0
21 17.2 0
32.6 43.8 0
47.8 44.1 0
46.4 42.6 0
25.2 51.3 0
35.4 60.9 0
36 49.1 0
48.5 63.1 4
48.5 61.3 4
31.4 59 0
45.3 57.2 0
29.9 78.8 0
45.6 84 4
24.4 92.4 4
34.9 94.9 4
48.7 91.5 4
44.6 96.7 4
30.2 71.4 0
74.6 9.3 0
68.1 1.5 0
84.4 13.6 0
54.9 1.35 0
66.3 1.5 0
52 0.95 0
87.8 0.95 0
68 32.6 0
63.2 40.7 4
69.1 34.2 0
62.7 23.2 0
84.6 17.9 0
88.6 35.9 4
52 44.1 0
87.8 44.1 4
86.5 42.8 4
65.6 26.3 0
87.8 51 4
70.5 48.8 4
88.6 63.4 4
65.4 48.8 4
74.1 48.8 4
88.6 61.6 4
53.8 53.7 4
68 78.7 4
88.5 93.3 4
88.5 91.5 4
123 13.9 4
124 13.9 4
114 1.18 0
111 28.5 4
91 17.2 0
91.5 26.5 4
91.5 27.8 4
124 28 4
124 26.8 4
104 35.7 4
123 68.9 4
124 68.9 4
98.7 80.2 4
91 72.2 4
123 98.9 1
124 75.5 4
124 98.9 1
157 8.28 4
129 2.78 0
142 75.2 4
129 89 0
151 75.4 0
140 85.8 0
159 72.2 4
133 79.4 0
162 0.95 4
164 2.33 4
178 36.8 4
169 41.1 4
179 25.3 4
190 41.1 4
162 44.1 4
179 22.9 4
192 49.5 4
180 65.1 4
180 60.8 4
164 88.4 0
172 78.1 4
176 96.3 0
9.83 24.2 0
1.38 33 0
15 83.7 0
28.2 10.3 0
48.7 9 0
48.6 6.05 0
48.9 25.8 0
49.1 17.2 0
44 16.1 0
21.3 20.9 0
34.9 65.1 0
39.7 78.6 4
24.9 85 0
45.7 72.2 4
47.8 70.9 4
48.7 93.2 4
88.7 5.8 0
51.3 6.05 0
84.8 1.1 0
75 4.63 0
53.3 17.8 0
54.9 16.9 0
89.1 17.2 0
52 15.9 0
51.3 20.8 0
84.7 43.8 4
57.2 25.9 0
69.5 19.3 0
74.5 65.2 4
53.6 46.3 0
74 54.5 4
65.8 65.4 4
86.9 48.8 4
88 74.4 4
89.1 72.2 4
52 70.9 4
88.9 76.1 4
91.8 8.55 0
117 26.3 4
108 19.1 4
108 22 4
124 20.5 4
102 62.8 4
94.6 89.1 4
107 95.8 4
91.5 75.8 4
126 8.23 4
156 29.5 4
150 89.2 1
136 85.5 0
167 11.2 4
161 7.78 4
198 19.7 4
175 32 4
162 15.9 4
183 53.3 4
195 56.3 4
188 65.3 4
185 58.5 4
163 72.8 4
165 71.9 4
162 70.9 4
161 75.8 0
18.1 1.6 0
19.4 1.6 0
11 41.3 0
17.5 44.1 0
18.8 44.1 0
10.3 26.5 0
10.9 48.1 0
3.85 74.4 0
18.7 75.1 0
11.8 76.7 0
44.7 13.9 0
24.2 30.9 0
48.6 37 0
28.7 36.2 0
29 33.6 0
48.6 38.8 0
44.7 43.5 0
26.8 30.9 0
21 47.5 0
21 46.3 0
46.8 55.3 0
44 71.3 4
21.8 75.3 0
54.4 9.15 0
81.4 6.5 0
74.1 36.6 4
87.9 19 0
61.4 19.6 0
77.1 37.4 4
80.2 35.5 4
88.7 39.1 4
82.8 47.5 4
54.7 58.7 4
53.3 72.6 4
54.9 71.7 4
51.4 75.7 4
54.2 94.3 4
104 6.68 0
123 0.95 0
124 0.95 0
91.8 6.85 0
102 7.83 0
106 19.3 4
123 44.1 4
124 44.1 4
94.2 29.5 4
103 65.6 4
91 47.5 4
91 46.3 4
113 83 4
112 79.9 4
112 74.4 4
104 74.7 4
156 4.7 4
141 20.3 4
144 20.3 4
134 23 4
126 20.3 4
159 20.3 4
146 49.9 4
145 66 4
159 47.5 4
126 46.3 4
126 47.5 4
159 46.3 4
137 65 4
148 61.8 4
155 82.8 0
126 75.3 4
137 95 1
171 4.55 4
161 6.08 4
165 1.38 4
183 41.1 4
175 41.4 4
163 17.7 4
165 16.8 4
161 20.7 4
198 24 4
172 65.1 4
171 74.4 4
1.6 30.1 0
17.5 15.9 0
18.8 15.9 0
15.2 55 0
16.3 62.1 0
2.28 95.9 4
48.9 21 0
49.1 47.5 0
49.1 46.3 0
48.9 76 4
53.6 13.9 0
80.2 10.4 0
85 30 4
59.3 24.5 0
84 16.1 0
88.8 20.8 4
65.9 54.6 4
71.5 47.5 4
89.1 46.3 4
89.1 47.5 4
63.2 85.7 4
84 71.1 4
121 31.3 4
111 49.9 4
110 65.3 4
126 6.53 0
141 34.4 4
144 34.4 4
130 35.2 4
193 10.4 4
164 13.9 4
178 4.18 4
164 36.5 4
170 49.1 4
193 95.3 0
175 85.8 0
171 85.6 0
169 81.3 0
12.9 10.6 0
0.7 1.25 0
6.08 91.2 0
41 4.5 0
32.5 22.5 0
38.8 40.5 0
29.8 19.2 0
41 40.6 0
27.8 20.1 0
29 25 0
24 37.2 0
32.3 49.1 0
80.6 4.15 0
59 4.48 0
75.9 25.2 0
82.2 37.1 4
54.3 36.6 0
78.7 41 4
72.2 38.3 4
73.1 33 4
86.5 30.9 4
87 27 4
73.3 47.5 4
50.8 47.5 0
50.8 46.3 0
111 23.3 4
98.2 19.1 4
109 29.7 4
113 35.8 4
92.8 31.5 4
114 18.9 4
97.5 21.9 4
99.6 24.4 4
121 39.1 4
113 65.3 4
118 53.3 4
112 95.9 0
146 31.7 4
142 38.2 4
141 37 4
144 37 4
133 49.4 4
151 61.7 4
140 49.1 4
152 66.5 4
164 9.43 4
173 12.4 4
198 38 4
198 40.8 4
178 49.4 4
193 65.5 4
161 47.5 4
161 46.3 4
183 50.3 4
199 72.6 4
169 79.5 0
177 74.1 4
177 76.7 4
12.4 2.8 0
15.7 10.8 0
15.8 38.3 0
15.7 49.3 0
16.1 66.3 0
17.5 45.6 0
18.8 45.6 0
9.2 95.8 4
42.2 8.35 0
38.3 35.9 0
21.9 25.7 0
25.1 39.6 0
24.9 79.4 0
57.2 12.7 0
58.8 20 0
81.1 41 4
77.2 52.4 4
85.2 48.8 4
52 52.1 0
54.2 80.5 4
118 4.35 0
115 7.53 0
112 6.73 0
111 4.18 0
110 36.4 4
104 56.3 4
97.7 57.5 4
124 45.6 4
123 45.6 4
96.7 62.7 4
117 74.1 4
99.1 96 4
138 2.83 0
157 31.3 4
129 23.9 4
131 56.7 4
130 60.1 4
143 95.4 1
199 10.7 4
169 20.1 4
172 19.5 4
196 25.6 4
190 47.5 4
164 53.7 4
192 74.5 4
181 83.9 4
169 75 4
177 87.1 0
176 82.7 0
178 90.3 0
183 74.4 4
164 81.4 0
2.75 7.38 0
4.65 8.65 0
7.33 23.3 0
3 91.5 0
15.6 78.5 0
38.5 10.3 0
41 10.8 0
32.3 38 0
27.3 27.3 0
33.1 32.5 0
40.2 23.2 0
35.1 35.1 0
37.6 67.5 0
26 67.1 0
23.9 66 0
39.6 60.5 0
40.5 64.9 0
45.8 88.7 4
41.8 97.4 4
77.4 12.1 0
74.1 28.1 0
62 42.8 4
85.7 58.6 4
84.4 46.3 4
56.6 49.1 4
54.1 49.1 0
80.6 65.3 4
77.5 97.3 4
65.5 84.5 4
57.1 81 4
80.4 95 4
57.2 97.6 4
121 10.8 4
118 12.2 4
108 4 0
109 11 4
99 41 4
117 24 4
118 42.7 4
106 40.9 4
107 29.4 4
97.7 66.3 4
116 49.5 4
98.6 52.9 4
93.9 55.7 4
99.8 75.1 4
103 81.6 4
117 77.6 4
120 89.2 0
151 10.7 4
151 4.25 4
148 7.5 4
139 10.3 4
136 38.4 4
139 32.4 4
152 50 4
152 53.9 4
129 79.9 4
194 2.7 4
177 8.68 4
188 4.2 4
183 7.43 4
187 6.8 4
180 31.6 4
185 36.3 4
185 32.9 4
165 61.2 4
200 54.7 4
200 81.9 4
197 79.8 4
187 94.7 0
197 83.7 4
181 95 0
172 97.4 0
183 89.3 0
15.7 4.05 0
10.7 32.9 0
2.9 54.4 0
7.28 47.5 0
8.63 66.9 0
12.9 67.7 0
12.9 97.8 4
16.2 96.4 4
26.7 12.6 0
23.4 11.6 0
46.2 34.8 0
47.6 32.6 0
38.6 26.8 0
42.5 23.2 0
38.2 46.8 0
40.6 57.2 0
37.6 97.5 4
22.7 82.2 0
47.5 85.7 4
54.7 11.6 0
78.5 3.05 0
61.6 4.63 0
73.1 19.4 0
62.6 67.8 4
62.8 52.6 4
77.6 67.6 4
58.8 74.6 4
85.2 88.4 4
64.6 80.2 4
62 74.2 4
81.8 77.6 4
54 86.8 4
106 7.25 0
116 11 4
107 11 4
116 19.4 4
121 41.6 4
116 41.4 4
121 29.4 4
104 27.2 4
121 66.2 4
118 67.7 4
94.6 53.5 4
98.7 60.4 4
101 55.6 4
104 85.7 4
94.1 96 4
117 95.9 0
106 82.9 4
145 7 4
144 10.6 4
144 4.48 4
150 41.1 4
135 40.8 4
149 38.7 4
128 51.8 4
155 60 4
129 49.6 4
133 74.6 4
149 95.7 1
165 11.8 4
188 10.8 4
181 10.7 4
173 2.18 4
178 33.6 4
178 84 0
181 90.9 0
198 76.7 4
7.68 29.1 0
15.4 26.1 0
5.3 41.1 0
13.1 42.8 0
16.9 42.2 0
12.9 47.4 0
17.6 52.2 0
1.45 72.9 0
16.9 80.8 0
0.25 97.1 4
38.9 3.15 0
34.5 29.6 0
22.7 53.2 0
22.6 61.2 0
47.2 53.1 0
22.9 64.1 0
47.2 58.1 0
37.2 74.1 0
22.9 94.2 4
46.2 80.8 4
42.5 78.7 4
43 95.5 4
61.1 11.9 0
69.8 4.53 0
68 10.1 0
65.4 40.7 4
52.6 33 0
87.1 56.4 4
77.2 76.1 4
76.8 77.7 4
62.8 90.3 4
60 86.9 4
86 82.9 4
62.5 97.6 4
67.7 74.5 4
59.2 78.8 4
52.4 83 4
53.9 96.5 4
121 4.13 0
96.4 17.9 4
109 40.9 4
96 34.8 4
109 59.3 4
108 56 4
106 97.3 4
113 86.3 4
123 72.4 4
152 23.3 4
132 67.6 4
128 54.9 4
154 67.6 4
131 48.3 4
144 62.7 4
144 58.9 4
128 82 0
157 80.6 0
174 9.18 4
169 4.7 4
162 32.9 4
199 18.1 4
197 29.9 4
172 42.4 4
188 29.4 4
194 32.7 4
171 66.9 4
175 79.7 4
162 83 0
15.3 33.6 0
7.88 42.3 0
9.43 46.3 0
17.5 86.7 0
10.1 88.8 0
36.4 5.13 0
27.7 3.95 0
36 27.9 0
46.6 47.5 0
24.2 48.7 0
26.9 62.8 0
22.7 55.3 0
48.7 56.2 0
39.9 86.9 4
23 86.7 4
47.2 82.3 4
25.9 98.6 4
73.4 2.83 0
71.3 17.9 0
52.9 29 0
55.9 32.5 0
54.2 25.9 0
57.6 32.9 0
79.9 31.5 4
62.2 39.5 0
61.3 37.9 0
79.9 57 4
82.4 52.4 4
55.4 53.6 4
73.4 76.9 4
78.5 73.8 4
86.7 86.2 4
65.3 96.9 4
62.3 78 4
117 38.8 4
123 17.5 4
122 86.2 0
109 87.1 4
94.5 81.7 4
133 10.4 4
133 4.53 0
154 2.83 4
154 12.2 4
154 34.6 4
131 42.2 4
133 19.2 4
152 19.2 4
128 31.5 4
144 48 4
157 66.3 4
129 66.3 4
134 67.6 4
132 97.6 1
155 85.4 0
129 96.2 1
154 73.4 0
195 12.3 4
175 14.1 4
180 4.13 4
185 42.3 4
199 42.2 4
176 42.8 4
178 19.2 4
177 67.5 4
195 67 4
163 52 4
169 66.9 4
197 54.3 4
177 97.6 0
167 97.4 1
163 86.1 0
177 94.7 0
5.45 4.03 0
14.9 20.9 0
6.4 62.8 0
3.6 67.2 0
18 63.8 0
0.2 67.7 0
9.4 53.6 0
3.23 79.7 0
4.48 76.9 0
11.6 93.3 4
18.1 72 0
30.3 10 0
32 4.43 0
42.6 45.6 0
27 46.8 0
43.9 83.8 4
42.3 84.2 4
27.4 85.1 0
23.7 97.5 4
63.7 9.78 0
83 29.7 4
77.4 60 4
57.4 67.4 4
67.1 66.9 4
73.3 96.8 4
74.6 92.4 4
70.5 97.1 4
55.5 97.6 4
97.6 3.05 0
93.7 22.8 4
96.7 42.3 4
109 67.6 4
101 67 4
106 67.3 4
106 48 4
121 61 4
92.7 85.5 4
102 73.3 4
107 72.7 4
110 97.5 0
120 83.6 4
109 72.7 4
156 11.1 4
140 0.95 0
154 42.5 4
141 66.7 4
150 48.2 4
140 73.3 4
141 96.7 1
148 73.2 4
137 73.3 4
128 85.2 0
157 78.9 0
153 97.6 1
134 97.6 1
189 12 4
171 12.1 4
167 31.7 4
163 29 4
180 42.6 4
168 42.5 4
165 32.4 4
182 66.8 4
180 48.1 4
186 66.7 4
168 47.1 4
171 59.7 4
164 49 4
196 72.9 4
190 97.2 4
186 82.7 4
182 79.5 4
188 89.5 4
16.9 8.88 0
8.93 2.58 0
10.3 36.5 0
13.6 39.3 0
10.3 38.3 0
17.8 23.5 0
13.4 63.6 0
17 56.5 0
9.03 61.5 0
10.2 63 0
15 62.7 0
12.7 83.8 0
11.3 73.6 0
8.4 72.8 0
13.4 90.4 4
2.98 97.6 4
18.1 93.9 4
18.1 92.1 4
22.6 32.1 0
20.6 26.9 0
20.6 28.1 0
22.7 38.9 0
47.5 27.5 0
31.4 54.3 0
34.2 47.9 0
36.3 51.2 0
43 48.1 0
41.7 51.2 0
31.7 51.4 0
39.6 52 0
34.4 88.4 4
33.5 96.6 4
37.5 89.7 4
28.4 91.2 4
34.9 92.4 4
30.6 96.9 4
22.6 89.9 4
29.4 88.8 4
33 87 4
38.9 83.8 4
74.7 6.5 0
73.2 11.3 0
69.6 12.4 0
83 23.6 4
80.8 25.6 4
88.6 28.5 4
57.9 42.5 0
76.6 42.7 4
66.2 33.5 0
78 23.5 0
88.6 27.2 4
79.6 20.9 0
86.6 53.4 4
61.1 63.1 4
70.3 67.2 4
67.1 52.9 4
53 56.5 4
66 62.9 4
67.2 60.1 4
78.8 89.5 4
79.7 81.6 4
102 1.9 0
93.3 18.4 4
123 32.8 4
109 48 4
110 63.4 4
109 62 4
114 48.1 4
111 52.2 4
105 50 4
113 56.7 4
111 54.3 4
121 48.9 4
92.9 94.1 4
92.9 90.8 4
111 76.9 4
96.9 97.4 4
104 77.2 4
114 72.9 4
141 12.2 4
156 6.58 4
158 3.78 4
129 41.2 4
156 24.2 4
126 26.9 4
126 28.1 4
135 27.8 4
158 64.4 4
128 64.4 4
158 61.1 4
128 61.1 4
145 52.5 4
153 82.5 0
147 86.3 0
156 96.2 1
145 73.2 4
152 81.5 0
128 94.3 1
128 91.1 0
193 6.45 4
193 8.55 4
176 2.18 4
169 12.1 4
200 2.73 4
165 26.4 4
183 39.2 4
194 35.3 4
175 58.9 4
163 63.3 4
164 66.1 4
195 60.5 4
186 48.4 4
187 72.8 4
163 91.7 1
167 88.8 0
181 72.8 4
192 89.6 4
163 93.5 1
193 92.8 4
173 72.2 4
189 72.8 4
163 96.4 1
1.18 27.3 0
7.3 19.2 0
8.35 57.6 0
13 55 0
17.7 60.5 0
9.53 56.1 0
6.25 72.8 0
9.1 84.9 0
23.3 3.18 0
27.4 8.45 0
34.9 62.6 0
30.6 67.2 0
27.7 52.4 0
29.1 46.8 0
31.8 74.6 0
30.6 81 0
35.5 83.1 4
33.8 83.4 4
75.4 30.4 4
58.8 38.8 0
63.3 17.4 0
86 24.7 4
69.9 21.8 0
52.9 61.7 4
73.1 66.9 4
52.9 63.5 4
74.5 62.7 4
74 57 4
61.3 57.1 4
53.3 66.4 4
76.4 86.3 4
72.8 72.8 4
76.4 81.2 4
70.2 82.6 4
76.7 84.6 4
69.6 72.8 4
123 8.33 4
93.3 41.5 4
115 26.4 4
98.6 37.4 4
121 24.6 4
115 62.2 4
123 63.7 4
116 67.7 4
114 63.8 4
100 82.1 4
111 93.9 0
108 79.5 4
120 79.2 4
118 72.5 4
96.8 89.4 4
111 92 4
98.9 89.4 4
115 89.1 4
115 97.5 0
101 97.9 4
136 11.8 4
136 3.18 0
157 41.5 4
132 35.4 4
134 30.1 4
134 31.9 4
142 77.7 0
157 74 0
149 81.9 0
146 82.1 0
151 77.9 0
144 80.9 0
155 92.6 1
177 6.05 4
175 39.5 4
167 36.8 4
182 17.8 4
195 17.8 4
173 36.7 4
169 28.3 4
190 60.1 4
172 62.6 4
180 62.6 4
191 60.1 4
193 63.1 4
173 47 4
163 56.6 4
190 67.6 4
190 55.7 4
189 57.5 4
199 93.1 4
195 97.1 0
176 72.6 4
17.5 6.55 0
9.73 81.4 0
10.6 78 0
0.075 81.4 0
25.2 2.23 0
38.5 17 0
37.8 42.2 0
46.4 25.8 0
28.4 59.6 0
33.5 66.8 0
38.5 72.2 0
34 73.2 0
38.5 80.6 4
56.9 9 0
59.1 28.4 0
87.7 33 4
66.3 17.7 0
57.8 27.2 0
59.7 30.3 0
84 52.4 4
57.2 59.1 4
73.1 52.9 4
67.5 57.1 4
78.3 46.9 4
70.3 52.5 4
59.5 59.9 4
88.2 48.1 4
56.7 94.1 4
72.2 80 4
117 2.13 0
92.2 20.9 4
118 17.5 4
105 21.8 4
118 47.1 4
100 94.6 4
101 92.8 4
107 93.4 4
118 97.5 1
121 96 1
101 87.2 4
108 90.2 4
108 85.2 4
159 8.28 4
140 17.8 4
145 17.8 4
137 17.8 4
148 17.8 4
141 83.6 0
138 80.4 0
157 94.3 1
177 11.6 4
185 28.7 4
188 31.6 4
173 33.3 4
185 17.9 4
170 32.3 4
172 25.7 4
169 38.6 4
198 22.2 4
191 17.8 4
170 57.1 4
193 54.9 4
187 62.8 4
176 47 4
163 58.7 4
194 49.5 4
184 76.9 4
191 77 4
188 86 4
196 90.5 4
199 97.3 0
5.8 11.5 0
17.1 35.5 0
12.1 17.3 0
18.1 40.3 0
0.075 76.7 0
7.03 79.6 0
36.4 12.3 0
42 2.6 0
29.3 2.68 0
37.6 19.1 0
35.4 19 0
33.3 41.5 0
44.2 45.6 0
57 2.2 0
63.7 2.6 0
58.1 11.4 0
82.5 21.8 0
72.5 21.9 0
56.8 36.9 0
78.3 18.8 0
71.5 59.7 4
77.2 48.1 4
61.6 48.1 4
53.3 51.1 0
56.6 51.2 4
54.9 67.5 4
63.9 87.7 4
88 81.5 4
58.1 96.4 4
123 6.63 4
106 1 0
100 6.2 0
102 5.05 0
119 38.1 4
117 36 4
110 16.1 4
99.4 32 4
114 17 4
123 51.8 4
121 54.3 4
92.7 80.3 4
104 90.8 4
92.2 97.9 4
139 8.45 4
139 6.6 4
159 5.65 4
139 24.7 4
146 24.7 4
128 36.6 4
141 22.8 4
144 22.8 4
142 41.6 4
153 29.5 4
136 24.8 4
128 39.3 4
146 63.5 4
155 57.2 4
158 76.5 0
135 83.3 0
173 6.43 4
195 43.6 4
163 42 4
166 53.6 4
175 54.2 4
167 60.6 4
167 54.1 4
191 52.4 4
166 67.2 4
173 53.9 4
166 47.1 4
192 80 4
188 79.9 4
192 86.1 4
172 76.2 4
194 84.2 4
199 87.3 4
165 97.5 1
12.6 12.5 0
17.6 31.5 0
9.2 17.7 0
15.3 18.5 0
17.1 21.3 0
14 71.1 0
22.5 7.68 0
30.2 21.7 0
23.6 72.3 0
80.2 7.9 0
82.3 12.8 0
85.7 7.2 0
86.5 11.7 0
57.3 17.5 0
62.7 33.3 0
61.3 24.3 0
62.2 21.3 0
65.5 28.6 0
52.8 42 0
64.6 30.2 0
79.4 16.1 0
72.2 41.8 4
67.6 25.6 0
59.1 46.3 4
63.1 72.6 4
52.4 87.6 4
79.4 71.1 4
91.2 0.95 0
99.9 0.9 0
97.7 0.9 0
105 17.5 4
109 31.8 4
118 32.4 4
101 16.2 4
92.4 35.9 4
96.7 29.5 4
114 34.4 4
112 21.8 4
113 20.2 4
92.7 38.7 4
123 56.8 4
92.2 56.4 4
95.7 56.3 4
96.4 73.2 4
123 77.6 4
128 17.3 4
157 17.3 4
151 32.9 4
157 38.7 4
158 35.9 4
133 51.4 4
146 57.8 4
145 67.5 4
134 52.8 4
154 47.4 4
139 47.4 4
156 49.3 4
157 51.5 4
149 68.8 4
136 46.1 4
128 72.3 4
182 2.05 4
191 28.1 4
192 42.8 4
163 37.2 4
173 17.2 4
165 43 4
176 17.6 4
163 39.1 4
193 26.8 4
177 52.9 4
178 51.4 4
167 72.5 4
174 93.5 0
173 93.8 0
13.4 4.05 0
12 6.58 0
12.9 8.13 0
8.45 12.6 0
13.9 66.4 0
0.95 98.8 4
6.5 89 0
9.33 93.3 4
8.15 91.8 4
27.1 5.83 0
21.1 0.95 0
21 13.9 0
22.5 5.98 0
46.4 31.6 0
27.6 42.7 0
28.1 22.6 0
26.2 18.2 0
41.9 16.8 0
21.9 24.3 0
21 68.9 0
24 81.3 0
41.8 71.9 4
21 98.9 4
22.7 73.2 0
82.7 1.88 0
73.7 24.5 0
67.5 42.7 4
78 39.1 4
78.3 36.2 4
52.5 37.2 0
82.7 43 4
86 37.4 4
51.9 23 0
54.4 43 0
74.7 42.7 4
53.7 30.4 0
73.4 34.8 4
61 41.6 4
52.5 39 0
78.3 53.7 4
81.4 46.9 4
57.3 72.4 4
75.1 73.8 4
68.6 91.3 4
56.5 88.3 4
59.4 92.4 4
66.1 73 4
88.2 78.3 4
52 77.8 4
51.2 90.5 4
71.1 90.2 4
112 2.35 0
97 12.6 4
91 13.9 0
94.1 4.2 0
104 42.9 4
107 23.4 4
101 42.6 4
123 22.7 4
93.7 32.4 4
102 24.1 4
105 58.3 4
93.1 51.1 4
96.2 67.9 4
94.1 48.9 4
93.3 61.5 4
93.2 66.5 4
91 68.9 4
117 75.8 4
92.7 78.6 4
121 72.8 4
131 12.3 4
131 2.65 0
159 13.9 4
126 13.9 4
150 28.8 4
146 29.7 4
131 17.6 4
154 17.6 4
127 18.2 4
158 18.2 4
139 55.4 4
134 55.9 4
152 63.1 4
139 51.8 4
158 54.7 4
159 68.9 4
126 68.9 4
152 64.9 4
148 97.5 1
157 86.3 0
131 72.6 4
126 98.9 1
159 98.9 1
127 73.2 4
144 97.4 1
188 2.33 4
184 2.05 4
167 17.4 4
185 24.9 4
190 23 4
186 23.1 4
177 26.2 4
192 24.3 4
177 23.8 4
170 51.6 4
199 46.9 4
171 79.3 0
162 78 0
182 85.1 4
180 81.9 4
176 84.1 0
170 83.2 0
8.28 6.25 0
6.13 7.18 0
1.68 17.8 0
2.98 34.6 0
3.83 17.8 0
16.3 51.2 0
13.8 48.7 0
18.1 77.2 0
41 7 0
41.9 12.6 0
46 7.7 0
49.1 13.9 0
33.6 2.9 0
23.8 9.75 0
44.5 34.6 0
41 38.1 0
30.3 17.4 0
42.7 42.7 0
45.6 20.3 0
21 44.1 0
38.8 38 0
34 16.1 0
22.7 35.8 0
42.5 31.9 0
42.9 35 0
41.3 33.2 0
38.7 66.3 0
35.2 54.5 0
49.1 68.9 4
41.8 66.6 4
43.3 89 4
27.4 79.4 0
23 78.1 0
26.7 72.7 0
49.1 98.9 4
46.2 86.5 4
78.5 10.9 0
59 6.98 0
89.1 13.9 0
87.4 9.78 0
66.5 12 0
72 27.4 0
85.8 28.2 4
75.1 17.4 0
61.6 66.5 4
61.8 53.8 4
67.1 46.9 4
62.6 46.9 4
89.1 68.9 4
81.7 53.6 4
81.9 66.9 4
84.3 82.7 4
82.6 81.8 4
78.6 96.1 4
61.6 96.3 4
65.2 91.5 4
84.7 74.5 4
67.6 85.1 4
52.4 93 4
89.1 98.9 4
53.7 82.1 4
81.8 96.9 4
119 11 4
117 6.23 4
102 11 4
93.9 11.2 0
105 12.9 4
115 2.13 0
114 12.9 4
110 13 4
99.2 12.6 4
114 30 4
115 31.8 4
119 41.4 4
91 44.1 4
121 17.8 4
123 36 4
107 31.5 4
123 37.8 4
92.7 24.5 4
116 58.3 4
122 59.6 4
92.1 60 4
96.9 47 4
96.5 53.3 4
116 51.4 4
116 54.4 4
97.6 61.6 4
99.5 54.1 4
122 81.8 4
100 77.6 4
122 91.1 0
148 12.9 4
148 2.08 4
128 10.9 4
145 13.8 4
145 1.23 4
126 0.95 0
159 0.95 4
156 32.3 4
129 25.7 4
149 42.7 4
136 42.7 4
127 23.1 4
158 23.1 4
140 43.9 4
145 43.9 4
126 44.1 4
159 44.1 4
144 27.5 4
141 27.5 4
129 27.6 4
147 31.7 4
157 26 4
157 28.5 4
134 62.6 4
140 59 4
132 61.4 4
139 61.3 4
132 87.3 0
134 92.5 1
144 90.1 1
141 87.4 1
134 86.2 0
142 92.9 1
127 78.1 4
132 91.4 1
139 91.3 1
181 12.7 4
168 2.63 4
185 13.9 4
172 21.2 4
162 22.9 4
163 30.4 4
174 22.5 4
167 25.8 4
197 65.7 4
196 46.3 4
165 82.3 0
177 91.7 0
186 96.5 0
170 87.4 0
170 91.9 0
187 92.2 0
182 96.6 0
167 81.5 0
3.1 13.1 0
4.23 5.9 0
0.3 13.9 0
3.68 2.08 0
0.75 36.9 0
3.18 42.9 0
0.025 42.6 0
0.85 24.7 0
7.45 34.9 0
5.3 35.8 0
14 41.6 0
15.6 41.9 0
18.1 47.5 0
4.68 53.3 0
4.2 47.5 0
0.8 47.5 0
3.88 56.9 0
16.8 64.5 0
1.15 90.2 0
2.9 93.4 0
14 96.5 4
7.9 98.1 4
6.08 98.1 4
16.2 88.2 4
25.6 11.6 0
31 12.3 0
47 3.1 0
46.9 11.9 0
23.4 29.2 0
30.7 33.2 0
30.5 36.9 0
23.1 18.8 0
32.5 43 0
29.8 42.7 0
48.9 23.8 0
49.1 44.1 0
21 15.9 0
25.3 26.8 0
27.3 29.1 0
39.5 28.5 0
46.3 28.1 0
24.4 41.9 0
41.4 29.2 0
33.8 36.5 0
34.4 33.6 0
24 52.2 0
45.9 52.1 0
39.3 48.1 0
40.5 48.1 0
37.5 60.2 0
32 57.2 0
38.8 55.2 0
46.7 65.9 4
38.7 96.3 4
45.6 75.5 4
48.9 78.8 4
28.8 72.7 0
76.1 10.2 0
52.5 7.75 0
52.9 3.08 0
86.9 2.9 0
50.8 13.9 0
89.1 0.95 0
65.8 38.9 4
81.1 38.5 4
66.9 37.2 4
70.5 36.9 4
87.3 29.1 4
88.2 22.9 4
69.6 42.7 4
86.9 42 4
81.2 16.1 0
89.1 44.1 4
58.8 22.5 0
75.1 26.8 4
51.9 24.4 0
83.2 59 4
75.7 53.9 4
78.7 66.3 4
58.3 66.1 4
50.8 68.9 4
89.1 51 4
87.3 61.6 4
86.8 66.2 4
68.8 95.7 4
82.7 88.7 4
71.4 85.6 4
66.7 79.7 4
80.4 92.5 4
58.6 83.9 4
81.2 71.1 4
50.8 98.9 4
72.8 87 4
57.4 82.7 4
87.3 91.5 4
86.7 96.1 4
116 9.15 4
107 9.15 4
109 9.18 4
110 7.45 0
117 21.1 4
116 22.7 4
105 39.1 4
102 28.8 4
113 42.9 4
91 15.9 0
95.5 22.3 4
113 37.1 4
102 38.5 4
102 34.8 4
99.9 27.5 4
99.9 26.3 4
114 38.8 4
110 42.6 4
103 27.5 4
97.4 64.7 4
101 48.9 4
99.5 66.3 4
118 60.4 4
119 66.5 4
92.2 64.6 4
100 47 4
123 47.5 4
99.2 56.5 4
118 89.6 0
109 96.2 4
93.3 73.7 4
116 94.4 0
116 92.7 0
123 93.5 1
91 70.9 4
95.9 96.4 4
97 80.7 4
150 8.85 4
150 6.13 4
128 3.88 0
153 3.98 4
153 11 4
132 41 4
139 29.6 4
132 23.9 4
135 37 4
140 31.1 4
137 33.6 4
129 55.5 4
152 51.9 4
153 60.3 4
150 54.6 4
142 49.3 4
148 55.2 4
150 87.1 1
135 74.5 4
134 77.1 4
157 90 1
159 70.9 4
153 86 0
151 86.2 1
148 93.2 1
196 11.1 4
200 6.43 4
172 3.43 4
190 3.85 4
182 8.83 4
199 8.08 4
182 5.98 4
161 13.9 4
161 0.95 4
188 8.23 4
186 41.2 4
186 37.7 4
181 29.7 4
178 41.6 4
179 38.2 4
176 33.3 4
177 35.5 4
182 31.7 4
169 22.6 4
181 38.3 4
162 24.3 4
164 51 4
180 55.2 4
182 53.6 4
169 48.4 4
198 61.8 4
161 68.9 4
196 58.1 4
179 96.2 0
168 96.1 1
181 92.5 0
189 95.7 4
161 98.9 1
169 77.5 0
184 89.8 0
183 87.6 0
17.5 13.3 0
1.3 2.08 0
19.4 13.9 0
16.3 5.93 0
12.9 21.7 0
5.83 24.5 0
11.6 23 0
13.1 33.6 0
8.8 27.3 0
17 26.8 0
3.95 25.1 0
5.7 27.9 0
4.45 27.9 0
3.2 29.1 0
16.5 24.3 0
4.23 39.2 0
17 29.3 0
4.9 65.6 0
1.03 60.3 0
2.98 60.3 0
16.9 67.7 0
19.4 68.9 0
8.2 51.3 0
9.7 65.9 0
13.6 77.6 0
16.9 97.7 4
19.4 98.9 4
16.9 94.5 4
15.6 71.1 0
2.05 84.4 0
16.9 91.5 4
4.6 85.3 0
36.7 7 0
37.8 8.4 0
45.4 2.15 0
34.5 12.3 0
49.2 0.95 0
47.4 6.05 0
45.8 18.3 0
46.8 41.7 0
49.1 15.9 0
39.1 25.2 0
36.2 66.1 0
24 62.7 0
33.3 60.1 0
24.5 57.5 0
36.9 48.1 0
40.5 62.4 0
48.5 60.6 4
24.2 55.8 0
42.8 57.1 0
47.6 64 4
37.5 75.8 4
36.2 96.1 4
38.4 77.4 4
24.2 83.7 0
46.9 96.1 4
40.7 92.6 4
24.1 88.2 4
49.1 70.9 4
29 95.5 4
47.8 94.2 4
47.5 91.5 4
63.5 7.9 0
62.4 6.5 0
68.2 2.28 0
84.8 12.8 0
55.3 2.2 0
65.6 2.6 0
50.8 0.95 0
68.8 8.98 0
69.8 7.15 0
52.5 6.05 0
72.3 3.98 0
69.1 28 0
63.9 23.9 0
71 33.3 4
84.6 19.2 0
50.8 44.1 0
89.1 15.9 0
67.8 29.2 0
68 31 0
87.3 35.9 4
65 25.3 0
76.1 66.1 4
68.7 65.8 4
80.6 62.8 4
87.3 63.4 4
58.4 53.7 4
66 48.1 4
54.1 60.3 4
69.9 48.8 4
74.7 48.8 4
76.1 95.9 4
86.7 74.3 4
68 77 4
89.1 70.9 4
60.9 73.8 4
64.8 82.4 4
87.6 94.2 4
108 5.9 0
123 13.3 4
124 13.9 4
122 8.95 4
118 27.5 4
109 38.4 4
119 28.7 4
123 28 4
123 26.8 4
111 25.4 4
92.7 28.4 4
105 35.5 4
92.7 25.9 4
108 66.3 4
101 61.8 4
105 52.8 4
122 67.7 4
124 68.9 4
108 49.3 4
122 97.7 1
124 98.9 1
115 73.9 4
121 87.7 0
123 75.4 4
156 9.2 4
144 8.23 4
142 10.9 4
142 4.2 4
153 41.3 4
151 37.3 4
130 29.9 4
132 79.9 0
150 90.5 1
150 74.5 0
138 85.7 0
152 91.4 1
129 86.7 0
153 92.9 1
196 3.88 4
163 7.78 4
163 3.2 4
198 3.9 4
161 44.1 4
195 31.5 4
178 59.1 4
182 60 4
165 64.3 4
184 54.1 4
184 60 4
179 66.1 4
185 56.6 4
164 90.4 1
178 85.4 0
180 74.1 4
174 78.7 4
173 96.4 0
164 94.6 1
175 96.9 0
12.9 26.1 0
11.6 48.7 0
16.3 53.4 0
15.8 58.1 0
16.4 59.9 0
16.2 85.8 0
11.5 75.3 0
47.8 10 0
31.9 27.3 0
33.2 28.5 0
42.7 25.2 0
22 21.3 0
44.1 17.4 0
48.9 25.2 0
44.6 25.8 0
29 65.7 0
44.5 81.6 4
45.8 73.4 4
42.8 80.7 4
44.1 72.5 4
31.2 77.1 0
77.5 4 0
85.2 1.95 0
87.4 5.8 0
75.4 37.1 4
53.3 19.1 0
84.3 43 4
50.8 15.9 0
80.3 33.3 4
52.5 20.8 0
87.4 39.1 4
55.5 17.5 0
64.1 66.3 4
53.6 47.5 0
64.2 54 4
53.7 64.6 4
86.2 55.2 4
78.8 75.5 4
64 96.1 4
53.7 84.8 4
55 73 4
85.8 85 4
53.4 73.9 4
79.7 77.2 4
52.6 75.6 4
50.8 70.9 4
58.8 77.1 4
62.8 75.9 4
87.6 76.1 4
122 6 4
92.9 9.33 0
95.1 18.8 4
122 20.4 4
121 64.3 4
104 62.1 4
115 83.8 4
92.2 76.2 4
104 95.9 4
93.7 87 4
117 83.9 4
114 78.1 4
115 77.3 4
102 96.5 4
122 73.7 4
127 9 4
150 25.1 4
129 52.8 4
131 66.6 4
155 66.6 4
151 96.3 1
131 96.6 1
168 8.83 4
169 7.2 4
164 34.8 4
174 28 4
174 29.2 4
175 30.8 4
161 15.9 4
192 31.8 4
189 66.1 4
187 49.7 4
164 84.7 0
163 74.1 0
179 77.9 4
196 95.9 0
163 75.8 0
161 70.9 4
166 72.5 4
17.5 1.58 0
19.4 0.95 0
8.95 41.4 0
17.5 43.4 0
19.4 44.1 0
1 31.7 0
15.6 82.1 0
18.7 75 0
37.8 4.25 0
44.4 13.1 0
33.4 25.7 0
34.6 26.9 0
27.2 36.7 0
44.3 42.7 0
47.7 35.9 0
47.3 38.8 0
27.4 32.2 0
45.9 54.9 0
21.6 47.5 0
21 45.6 0
26.1 48 0
45 67 4
22.5 75.7 0
35 74.1 0
62.2 10.8 0
53.8 34.9 0
62.3 18.6 0
86.7 19 4
84.9 53.2 4
84.3 67.4 4
68.6 54 4
82.2 48.1 4
84.2 97.3 4
71.9 95.7 4
61.1 78.8 4
123 1.58 0
124 0.95 0
92.7 6.85 0
93.1 20.1 4
95.5 41.3 4
122 31.9 4
123 43.4 4
124 44.1 4
93.7 39.6 4
122 18.7 4
91.6 47.5 4
91 45.6 4
111 81.8 4
110 74 4
121 85.3 0
105 74 4
134 4 0
127 5.75 4
133 6.4 4
133 8.5 4
134 11 4
134 21.7 4
151 21.7 4
135 19.1 4
150 19.1 4
127 20.7 4
158 20.7 4
156 39.6 4
158 47.5 4
127 47.5 4
126 45.6 4
159 45.6 4
135 66.3 4
129 83 0
155 74.4 0
156 81.6 0
127 75.7 4
135 96.2 1
166 2.18 4
163 6.08 4
163 19 4
181 41.7 4
180 19.1 4
173 41.4 4
181 25.9 4
196 27.8 4
163 20.7 4
179 21.7 4
165 18.1 4
195 52.9 4
182 49.3 4
175 66.5 4
174 66 4
193 51.5 4
192 95.8 4
172 73.4 4
7.85 3.73 0
16.3 8.1 0
17.5 16.5 0
19.4 15.9 0
1.28 66.5 0
9.55 73.7 0
19.4 70.9 0
30.5 3.45 0
31.4 8.15 0
32.3 6.3 0
47.7 20.9 0
48.5 47.5 0
49.1 45.6 0
44.7 46.9 0
44.4 97.3 4
24.1 91.3 4
32.1 95.5 4
47.7 75.9 4
81.6 11.6 0
83.2 6.58 0
72.2 10.1 0
53.2 13.1 0
70.4 11.2 0
81.7 24.3 4
83.5 36.8 4
86.5 32 4
77.7 41.4 4
54.8 27.1 0
54.8 28.3 0
58 25.1 0
68.6 19 0
78.3 21.5 0
84.1 17.3 0
87.6 20.7 4
52 48.1 0
53.8 55.1 4
73.2 46.9 4
89.1 45.6 4
89.1 49.4 4
50.8 45.6 0
71.5 46.9 4
55.7 66.6 4
84.1 72.3 4
109 17.4 4
124 15.9 4
105 65.9 4
113 49.4 4
124 70.9 4
93.8 92.7 4
94 83.3 4
129 32.4 4
129 34.3 4
139 65.4 4
148 49.4 4
157 63 4
129 63 4
139 74.5 4
157 75.7 0
146 74.5 0
139 95.4 1
156 78.1 0
154 96.6 1
129 92.9 1
191 11.2 4
177 3.33 4
164 13 4
197 24.6 4
163 40.2 4
184 65.3 4
178 48.2 4
162 48.1 4
172 48.2 4
161 45.6 4
168 66 4
185 74.1 4
194 74.2 4
174 85.7 0
172 85.4 0
176 77.7 4
166 96.6 1
0.3 21.6 0
17.5 72.7 0
23.5 5.05 0
23.6 33 0
23.7 34.9 0
31.4 48.7 0
29.5 48 0
57.9 3.45 0
82 3.13 0
77.6 30.3 4
86.6 26 4
73.8 31.7 4
53.2 40.1 0
72.3 39.9 4
71.7 65.8 4
70.7 74.1 4
111 35.2 4
109 22.7 4
99.3 17.5 4
121 62.3 4
114 66.8 4
119 53.9 4
119 73.7 4
122 78.4 4
114 96.6 0
133 48 4
134 46.7 4
172 11.1 4
197 37.1 4
167 41.7 4
196 42.5 4
165 42.1 4
165 28.4 4
196 35.4 4
192 36.3 4
191 38.1 4
192 66.2 4
163 55.3 4
166 48.4 4
190 74.1 4
13.1 18.5 0
16.5 22.3 0
8.1 21.7 0
15.8 37.1 0
16.9 40 0
17.5 46.3 0
16.9 48.1 0
19.4 45.6 0
4.45 90.7 0
5.18 74 0
43.5 8.33 0
26.2 3.38 0
39.6 18.3 0
41.9 41.5 0
41.1 18 0
28.3 26.3 0
32.1 65.7 0
39.6 73.4 4
41.1 73.2 4
54.1 8.78 0
58.2 18.8 0
82.5 27.9 4
76.6 23.9 0
57 41.6 0
81.9 41.7 4
65.1 18.7 0
81.2 26.7 4
55.2 42.1 0
82 30.6 4
79 24.5 0
71.7 54 4
79.4 48.1 4
60.6 46.9 4
80.6 48.1 4
85.2 48.8 4
58.2 73.6 4
86.7 80.6 4
87 79.1 4
53.2 78.6 4
52.4 89.1 4
54 94 4
118 3.38 0
114 6.78 0
111 29 4
119 18.7 4
122 34.1 4
93.7 36.9 4
122 35.3 4
122 23.4 4
98.6 22.8 4
122 38.4 4
119 48.3 4
122 50.8 4
124 45.6 4
122 48.1 4
123 46.3 4
95.2 61.8 4
119 96.3 1
137 10.8 4
158 6.58 4
137 4.13 0
139 19.1 4
153 24.2 4
140 33.4 4
129 38.4 4
144 32.5 4
156 36.9 4
149 60.8 4
151 68.1 4
200 11.6 4
168 11.2 4
168 18.7 4
191 41.7 4
184 19.1 4
172 18.4 4
168 73.8 4
198 81.8 4
177 88.5 0
163 80.2 0
163 78.8 0
175 73.5 4
176 81.6 0
16.9 12 0
4.73 9.63 0
16.4 30.6 0
5.18 19.1 0
16.8 78 0
37.5 11 0
37.8 13.9 0
38.7 20.3 0
37.3 35 0
38.9 43.8 0
38 15.9 0
33.1 21.9 0
34.8 20.3 0
34 31.1 0
39.6 21.9 0
35.1 17 0
32.6 39.6 0
38.1 69.2 0
38.3 45.6 0
40 58.5 0
38 70.9 0
38.1 99.2 4
62.6 3.85 0
62.2 1.1 0
77.9 14.1 0
84.1 24.1 4
86.9 23.7 4
77.8 43.9 4
86.4 34.8 4
81.2 21.3 0
77 18.6 0
83.8 46.9 4
78.1 50.8 4
78.1 69.2 4
78.3 45.6 4
78.3 49.4 4
63.8 85.2 4
58 79.7 4
78.1 99.2 4
108 3.05 0
122 12 4
118 0.95 0
118 14.1 4
96.2 4.15 0
102 8.53 0
106 1.88 0
119 24.6 4
105 41.7 4
122 28.7 4
118 43.9 4
111 17.4 4
122 26.2 4
118 15.9 4
113 18.3 4
117 48.3 4
122 58.4 4
93.1 57.9 4
118 69.2 4
118 45.6 4
98.5 74.4 4
118 78.4 4
106 98.7 4
118 70.9 4
91 97.9 4
92.2 99 4
118 99.2 1
122 94.1 1
104 83.7 4
149 11.7 4
149 3.23 4
146 6.98 4
144 12.5 4
144 2.58 4
146 19.1 4
148 38.5 4
137 38.5 4
142 39 4
140 37 4
145 37 4
152 48.7 4
153 54.8 4
131 58.4 4
154 56.6 4
157 56.2 4
176 9.68 4
185 6.78 4
172 0.95 4
194 0.825 4
194 19.1 4
179 32.4 4
192 19.1 4
184 35.3 4
185 33.4 4
175 48.2 4
174 48.2 4
164 59.8 4
197 46.9 4
181 90 0
4.18 11.9 0
0.675 6.9 0
13 0.95 0
8.98 29.9 0
9.88 31.5 0
0.725 53.8 0
6.08 48.8 0
8.83 97.1 4
13 99 4
4.85 96.8 4
46.6 4.98 0
36.7 41.1 0
43.8 21.3 0
36.7 28.1 0
42.5 22.6 0
34.8 41.6 0
47.2 59.3 4
43.7 76.5 4
42.5 77.7 4
48.1 80.4 4
53.3 4.95 0
86.5 4.78 0
74.3 28.9 4
87.6 47.5 4
68.6 48.1 4
86 60.3 4
86.4 64.4 4
83.7 76.4 4
82.4 77.6 4
86 90.2 4
63.6 78.9 4
105 6.68 0
104 2.25 0
102 3.15 0
95.9 32.7 4
104 18.8 4
102 17.5 4
114 41.8 4
97.4 31.7 4
106 29.4 4
105 28.1 4
101 50.2 4
122 56 4
99.3 51.5 4
98 58.6 4
99.1 47.6 4
121 80.8 4
141 42.7 4
144 42.7 4
156 87.9 1
164 8.78 4
186 12.7 4
198 30.2 4
198 54.7 4
179 84.1 0
16.9 2.83 0
11.6 11.6 0
14 13.8 0
9.53 11.7 0
4.25 41.8 0
10.4 18.6 0
13.1 15.9 0
19.4 31.6 0
13.1 44.1 0
13.4 45.6 0
19.4 51.6 0
13.1 69 0
2.53 77.9 0
18.8 81 0
42.9 3.48 0
44.6 3.03 0
39 1.25 0
24.9 19.2 0
21.3 31 0
49.1 31.8 0
46.4 39.8 0
22.9 48.1 0
49.1 51.9 0
20.8 51.8 0
49.1 81.9 4
20.8 81.8 0
21.9 70.9 0
46.2 90.1 4
83.9 12 0
69.2 3.43 0
79 1.25 0
61 13.8 0
66.3 41.7 4
83.6 21 0
61.9 15.9 0
89.1 31.8 4
50.8 31.7 0
62 44.1 4
86.5 40.1 4
73.9 41.9 4
79.4 17.3 0
61.8 69.2 4
61.8 50.8 4
50.8 51.8 0
75.9 48.1 4
61.6 45.6 4
61.6 49.4 4
54.9 52 4
75.4 75.5 4
75.1 77.1 4
62 88.2 4
64.9 73.9 4
61.9 70.9 4
89.1 81.9 4
61.8 99.2 4
50.8 81.8 4
78.5 72 4
122 2.83 0
122 42.2 4
91.3 31 4
124 31.6 4
92.9 48.1 4
95 66.9 4
122 53 4
103 55.8 4
91.3 51 4
124 51.6 4
107 58.1 4
95.1 74.1 4
91.3 81 4
124 81.6 4
122 76.4 4
153 31.5 4
154 32.5 4
130 18.5 4
155 18.5 4
159 31 4
126 31 4
127 15.9 4
158 15.9 4
157 48.1 4
147 66.3 4
155 48.7 4
128 48.1 4
138 48 4
156 52.5 4
149 67.6 4
159 51 4
126 51 4
137 46.7 4
146 96.2 1
159 81 0
126 81 4
127 70.9 4
181 0.875 4
171 13.8 4
164 5.08 4
199 16.3 4
199 43.8 4
194 42.8 4
171 43.8 4
175 18.4 4
172 15.9 4
161 31.7 4
199 45.6 4
200 68.8 4
171 68.8 4
161 51.8 4
172 45.6 4
184 83.1 4
199 71.3 4
171 98.8 0
172 70.9 4
161 81.8 0
182 81.8 4
8.68 13.9 0
16.4 32.8 0
16.9 17.8 0
8.68 43.9 0
8.95 16.3 0
8.85 69.3 0
8.28 67.7 0
9.48 46.3 0
18.8 55.6 0
13.1 72.1 0
8.95 71.3 0
19.4 86.2 0
26.5 13.9 0
40.9 1.25 0
22 13 0
22.1 1.9 0
33.8 0.775 0
34.6 4 0
25.9 9.73 0
26.5 41.7 0
31.4 18.7 0
43.1 18 0
22.9 20.5 0
26.5 43.9 0
45.1 41.9 0
26.2 16.3 0
33.4 17.4 0
24.7 40 0
23.2 66.7 0
47.2 48.1 0
25.8 68.6 0
48.7 56.1 4
21.8 68.1 0
26.2 45.6 0
20.8 55.2 0
44.5 85.1 4
42.9 85.5 4
23.2 96.7 4
42.1 87.2 4
25.4 73.6 0
21.5 85.8 0
25.8 98.6 4
26.2 71.3 0
21.8 98.1 4
49.1 85.2 4
20.9 71.8 0
54.5 2.98 0
58.2 14.2 0
58.2 0.85 0
84.3 2.73 0
66.3 14.2 0
86.1 9 0
74.7 0.95 0
65.5 10.9 0
57 30.4 0
57.3 29 0
59.1 43.8 0
66.5 43.9 4
66.2 16.3 0
85.1 42.1 4
58.5 15.6 0
55.3 31.2 0
58.3 31.7 0
74.4 18.7 0
57.2 48.1 0
65.8 68.6 4
65.8 51.5 4
51.2 56.1 4
66.2 45.6 4
66.2 49.4 4
58.2 69.1 4
58.5 46.9 4
88.7 56.1 4
56.1 73.6 4
52.4 91.6 4
65.8 98.6 4
51.2 86.1 4
88.7 86.1 4
66.2 71.3 4
58.5 70.6 4
58.2 99.1 4
114 3.3 0
95.9 11.5 0
113 11.7 4
93.5 2.05 0
92.4 0.95 0
92.1 12.8 0
96.4 14.2 0
111 11.8 4
93.8 6.08 0
102 41.7 4
96.6 43.9 4
96.2 16.3 4
122 21.4 4
94.1 52.1 4
96 48.2 4
91 55.4 4
92 67.9 4
124 56.2 4
96.3 69.3 4
96.3 45.6 4
96.4 54.7 4
98.2 55 4
93.1 75.4 4
93.5 77.8 4
96.2 71.3 4
91 85.4 4
124 86.2 0
130 11.2 4
130 3.75 0
147 12.9 4
146 2.08 4
131 14.2 4
131 0.825 0
127 12.8 4
158 13 4
155 0.95 4
155 14.1 4
155 44.1 4
130 44.1 4
154 16.3 4
131 16.3 4
128 19.9 4
157 19.9 4
126 16.8 4
159 16.8 4
131 46.9 4
159 55.4 4
126 55.4 4
127 67.9 4
158 67.9 4
154 69.3 4
131 69.3 4
154 45.6 4
131 45.6 4
130 73.5 4
154 71.3 4
131 71.3 4
159 85.4 0
126 85.4 0
127 97.9 1
158 97.9 1
154 99.3 1
131 99.3 1
126 71.8 4
182 11.8 4
194 14.2 4
189 1.15 4
180 13.8 4
175 14.1 4
186 3.2 4
165 3.05 4
184 0.875 4
169 13.8 4
184 13 4
181 3.2 4
196 16.3 4
181 16.2 4
180 43.9 4
175 44.1 4
169 43.8 4
176 16.3 4
168 15.6 4
166 18.7 4
195 68.6 4
169 68.8 4
161 56.1 4
168 45.6 4
176 69.3 4
176 45.6 4
180 46.9 4
180 45.6 4
181 68.6 4
184 95.1 0
196 71.3 4
181 71.3 4
176 71.3 4
161 86.1 0
168 70.6 4
176 99.3 0
168 99.1 1
175 95.4 0
1.4 13.1 0
4.23 14.2 0
0 3.23 0
4.43 3.23 0
15 7.48 0
1.15 35.2 0
0.8 16.3 0
4.2 16.3 0
4.23 44.2 0
19.4 23.6 0
5.98 54.9 0
3.13 48.1 0
1.88 48.1 0
5.7 56.7 0
4.83 46.3 0
4.2 68.8 0
8.13 54.7 0
0.8 71.3 0
19.4 78.6 0
5.55 71.3 0
8.58 89.6 0
18.1 73.9 0
42.8 11.8 0
40.8 13.8 0
45.2 12.2 0
48.2 13 0
44.6 32.4 0
30.7 41.9 0
23.3 22.9 0
41.6 44.2 0
41.4 15.6 0
23.1 24.3 0
20.6 24.9 0
34.9 52.7 0
33.2 53 0
40.8 68.8 4
48.2 68 4
41.4 45.6 0
25.4 82.7 0
43.1 73.2 4
27.1 83 0
28.2 81.6 0
41.4 70.6 4
40.8 98.8 4
21.3 79.2 0
23.4 74.9 0
48.2 98 4
77.2 8.98 0
78.2 7.43 0
77.2 5.88 0
81.6 0.775 0
81.6 14.2 0
88.2 13.1 0
54 12.3 0
72.9 26.1 0
70.6 41.9 4
81.6 44.2 4
50.6 23.6 0
89.4 23.6 4
53.2 21.8 0
55.2 18.8 0
84.5 55 4
63.1 65.1 4
63.4 63.4 4
76.8 55.1 4
78 57.9 4
82.9 55.4 4
82.1 57.1 4
76.5 56.8 4
63.2 55.3 4
63.5 57 4
66 58.2 4
80.8 68.8 4
88.2 68 4
81.4 45.6 4
81.4 49.4 4
81.6 50.8 4
85.1 66.5 4
69.2 93.2 4
72.7 91.8 4
53.2 76.6 4
71.3 93.2 4
89.4 78.6 4
50.6 78.6 4
80.8 98.8 4
88.2 98 4
87 77 4
85 96.4 4
109 14.2 4
99.9 14.2 4
111 1.18 0
104 11.8 4
106 14.2 4
100 11.4 4
94.9 20.5 4
118 39.5 4
115 36.7 4
105 44.2 4
106 16.3 4
100 43.9 4
124 23.6 4
114 35.7 4
115 38.2 4
111 41.8 4
109 43.9 4
91.3 24.2 4
103 48.8 4
101 68.6 4
106 68.7 4
101 45.6 4
93.1 63.2 4
110 69.1 4
110 46.3 4
105 46.3 4
121 83 4
109 71.3 4
101 71.3 4
122 92.1 0
106 71.3 4
91.3 79.2 4
124 78.6 4
110 99.1 0
149 0.85 4
149 14.1 4
136 1.3 0
140 0.95 4
140 14.1 4
136 13.7 4
148 41.9 4
137 41.9 4
148 29.7 4
128 22.3 4
157 22.3 4
141 16.3 4
149 16.3 4
144 16.3 4
136 16.3 4
150 43.9 4
135 43.9 4
139 43 4
146 43 4
159 24.2 4
126 24.2 4
156 27.2 4
131 52.5 4
133 54.5 4
131 54.1 4
140 53.2 4
142 51.8 4
141 68.7 4
144 46.9 4
135 69.3 4
141 46.9 4
144 68.7 4
144 45.6 4
141 45.6 4
150 46.9 4
150 45.6 4
128 77.3 4
136 71.3 4
149 71.3 4
141 98.7 1
144 71.3 4
141 71.3 4
149 98.8 1
159 79.2 0
126 79.2 4
128 74.9 4
156 91.8 1
144 98.7 1
135 99.3 1
167 3.43 4
189 13.9 4
169 1.25 4
175 0.95 4
167 30.5 4
167 29 4
185 39.3 4
185 44.1 4
189 16.3 4
191 44.2 4
186 16.3 4
161 23.6 4
165 31.3 4
163 21.7 4
168 27.8 4
172 57.9 4
175 56.7 4
173 56.4 4
199 48.1 4
186 68.5 4
189 46.9 4
189 45.6 4
186 45.6 4
190 69.1 4
186 46.9 4
188 91.1 4
191 92.8 4
190 91.1 4
163 76.8 0
189 71.3 4
186 98.5 0
190 94.3 4
186 71.3 4
161 78.6 0
190 99.1 4
181 98.6 0
165 73.8 4
16.3 0.625 0
16.3 14.4 0
9.8 0.95 0
4.55 0.825 0
13.3 37.1 0
8.63 39.5 0
12.3 35.5 0
7.45 37.8 0
1.13 41.8 0
16.3 44.4 0
16.3 15.6 0
18.8 25.6 0
8.53 36.2 0
12.3 38.6 0
5.63 37.8 0
18.8 29.4 0
12.6 49.9 0
15.1 52.4 0
10.4 52.3 0
0.25 63.1 0
1.55 62.2 0
3.5 62.2 0
4.8 63.1 0
12.2 51.6 0
13.5 52.8 0
16.3 45.6 0
19.4 48.8 0
15.6 68.8 0
19.4 63.9 0
19.4 60.9 0
10.6 86.8 0
14 92.5 4
13.4 87.9 0
13.4 82.1 0
12.4 86.4 0
1.05 92.1 0
12.2 80.8 0
12.4 79 0
5.83 99.3 4
15.6 98.8 4
8.9 99.3 4
19.4 93.9 4
15 87.3 0
13.1 94 4
15.6 93.1 4
18.1 76 0
19.4 90.9 4
38.1 6.13 0
39.2 7.53 0
31.9 11.5 0
33.7 11.5 0
29.9 13.9 0
25.2 0.95 0
34.7 13.9 0
29.4 1.15 0
25.3 28.6 0
31.2 35.2 0
29.5 16.3 0
20.6 26.3 0
29.9 43.9 0
33.9 44.2 0
20.6 28.8 0
22 43.1 0
41.3 26.9 0
46.4 36.9 0
44.4 27.5 0
42.5 28.1 0
40 26.9 0
49.4 28.8 0
33 35.1 0
44.2 52.9 0
30.5 56.4 0
25.4 53.6 0
41.8 49.3 0
37.3 64.8 0
27 57.8 0
44.2 54.7 0
38 49.3 0
27.1 53.9 0
41.4 53.3 0
37.8 50.8 0
37 63.1 0
28.4 56.4 0
38.4 62.1 0
42.6 55 0
47.2 61.7 4
29.6 45.6 0
20.6 48.8 0
49.4 48.8 0
21.1 60.2 0
30.2 68.9 0
42.6 52 0
42.6 65.9 4
39.8 53.3 0
21.5 64.3 0
34.3 68.6 0
34.5 46.3 0
44.2 66.2 4
46.3 63.3 4
49.1 64.9 4
45.2 96.4 4
32.9 89.5 4
37.3 94.8 4
36.8 84.9 4
26.6 90.7 4
29.4 93 4
38 87.6 4
28 87.2 4
36.5 86.6 4
37 93.1 4
38.4 92.1 4
29.5 71.3 0
32.9 91.6 4
26.6 88.6 4
31.5 93 4
23.8 77.3 0
49.1 94.9 4
21.1 90.2 4
30.2 98.9 4
29.9 74 0
31.5 88.1 4
42.8 96 4
21.5 94.3 4
34.3 98.6 4
46.5 93.5 4
34 71.3 0
48.7 90.9 4
62 8.9 0
72 7.53 0
60.9 7.5 0
69.2 0.775 0
69.6 14.2 0
66.4 3.38 0
65.4 1.1 0
51.6 13.1 0
74.8 14.1 0
73.1 5.85 0
74.7 12.2 0
55.4 34.8 0
71.4 35.1 4
60.8 22.3 0
79.2 37.8 4
57.1 35.2 0
63.5 35.7 0
65.6 35.6 4
69.9 43.9 4
89.4 26.3 4
89.4 28.8 4
51.3 29.4 0
74.9 15.9 0
74.7 43.9 4
66.2 31.9 0
63.5 38.8 4
62.5 37.3 0
71 16.3 0
53.2 24.4 0
50.6 25 0
86.9 21.7 4
77.2 64.9 4
69 63.3 4
76.9 63.2 4
78.4 62.1 4
51.2 60.9 4
72.5 61.9 4
71.1 63.3 4
51.3 49.4 0
64.5 47.5 4
70.2 51.1 4
73.9 45.6 4
51.6 68.1 4
70.2 68.9 4
82.7 66.2 4
67.6 61.9 4
74.3 68.6 4
74.3 51.5 4
88.7 64 4
51.2 64 4
70.9 45.6 4
70.9 48.1 4
73.9 48.1 4
88.7 60.9 4
77.9 86.6 4
79.4 87.6 4
78 80.2 4
55.3 84.7 4
79.7 83.4 4
77.2 94.6 4
78 78.6 4
84.1 84.8 4
81.3 83.4 4
63 94.9 4
57.9 86.8 4
76.9 92.9 4
68 81.6 4
81.7 86.9 4
78.3 91.9 4
67 83 4
69.5 71.3 4
82.5 85.2 4
57 85.2 4
63.3 93.2 4
61.9 92.1 4
70.2 98.9 4
51.6 98.1 4
78.2 84.9 4
55.3 82.9 4
82.6 96.1 4
53.2 97.2 4
74.3 98.6 4
74 71.3 4
51.2 94 4
88.7 90.9 4
86.3 93.5 4
89.1 94.9 4
120 7.55 4
119 7.55 4
118 9.1 4
121 0.625 0
121 14.4 4
115 0.95 0
115 14.1 4
99.9 0.9 0
96.5 0.9 0
93.5 23.7 4
115 20.8 4
115 22.4 4
124 26.3 4
124 28.8 4
121 44.4 4
114 44.2 4
115 15.9 4
92 43.1 4
113 25.1 4
101 37.2 4
113 23.2 4
121 16.3 4
91.3 29.4 4
102 26 4
91.3 25.6 4
110 60.5 4
112 63.4 4
109 55.3 4
99.1 64.7 4
113 58.5 4
112 51.7 4
114 53 4
109 64.4 4
108 63 4
99.4 62.9 4
106 63.5 4
112 60.3 4
113 61.8 4
124 48.8 4
108 51.6 4
107 53.2 4
90.6 48.8 4
115 69.2 4
121 68.8 4
124 63.9 4
91 64.8 4
91 60.2 4
113 55.1 4
124 60.2 4
115 46.9 4
115 45.6 4
121 45.6 4
115 52.5 4
110 91.3 4
98.6 94.4 4
102 80.8 4
109 92.9 4
100 91.7 4
118 87.5 0
115 75.6 4
110 94.3 4
98.8 92.6 4
117 86.2 4
96.8 91.5 4
110 76.5 4
108 77.7 4
102 78.3 4
121 98.8 1
115 99.2 0
96.3 99.3 4
124 93.9 1
91 94.8 4
91 90.2 4
120 86.9 0
95.7 93 4
113 85.7 4
115 87.1 4
96.6 94.8 4
106 76.5 4
121 71.3 4
114 71.3 4
99.7 99.3 4
124 90.2 0
154 5.85 4
154 9.13 4
151 7.48 4
153 7.48 4
127 2.05 0
158 1.9 4
134 26.3 4
143 23.8 4
138 29.6 4
131 39.1 4
143 25.6 4
132 25.7 4
133 37.5 4
126 26.3 4
126 28.8 4
127 43.1 4
158 43.1 4
144 26.3 4
141 26.3 4
131 26.3 4
138 31.1 4
136 29 4
136 32.2 4
159 25.6 4
159 29.4 4
142 61.7 4
148 51.9 4
150 52.6 4
154 61.8 4
140 62.9 4
159 48.8 4
126 48.8 4
126 60.2 4
159 60.2 4
126 64.8 4
159 64.8 4
131 65.1 4
154 65.1 4
155 63.3 4
130 63.3 4
133 64.7 4
142 59.3 4
147 53.2 4
132 81.8 0
154 81.4 0
155 76.1 0
131 82.8 0
143 82.7 0
151 83.1 0
135 77 4
145 83.9 0
153 80.4 0
139 77 0
145 86.4 1
133 84.7 0
131 84.4 0
155 77.6 0
153 78.4 0
143 87.7 1
137 78.3 0
140 92.9 1
126 90.2 0
159 90.2 1
126 94.8 1
159 94.8 1
131 95 1
130 93.3 1
133 94.7 1
130 86.1 0
153 84.5 0
151 84.7 0
134 83.2 0
195 9.18 4
195 5.75 4
191 5.73 4
191 9.28 4
196 7.43 4
178 7.4 4
189 7.5 4
180 7.38 4
162 13.1 4
163 12.2 4
165 34.7 4
168 33.3 4
171 22.5 4
177 39.8 4
183 29.8 4
172 38 4
167 35.2 4
173 39.6 4
176 35.2 4
161 29.4 4
174 35.3 4
172 23.7 4
181 39.9 4
161 25 4
179 54.1 4
182 61.8 4
170 61.9 4
181 51.8 4
192 56.1 4
179 52.5 4
196 63.2 4
167 64.2 4
192 58 4
184 61.8 4
168 62.6 4
185 62.8 4
195 62 4
161 49.4 4
162 68.1 4
163 67.2 4
161 59.5 4
194 58.5 4
161 64 4
194 48.8 4
195 47.5 4
165 84.6 0
166 90.7 1
179 94.6 0
171 77.4 4
168 86.7 0
187 87.7 4
167 94.3 1
179 92.9 0
161 90.9 1
168 92.7 1
167 85.1 0
194 98.6 4
162 98.1 1
185 88.2 0
168 83.4 0
161 94 1
165 94.8 1
0.925 0.825 0
18.1 10.2 0
19.4 10.2 0
6.83 26.1 0
15.7 28.1 0
9.6 58.8 0
10.8 57.3 0
12.6 62.4 0
13.6 60.9 0
13.6 58.4 0
12.6 56.9 0
9.6 60.6 0
10.8 62.1 0
15.2 61.6 0
6.95 81.3 0
3.2 81.8 0
5.08 82.6 0
0.95 98.8 4
8.48 82.3 0
1.33 82.6 0
7.9 83.9 0
16.2 71.8 0
5.75 84.1 0
46.5 9.23 0
49.1 9.9 0
21.3 8.9 0
48.3 23.2 0
48.2 43.2 0
21.9 16.8 0
47.1 21.9 0
28.3 51 0
29.4 63.2 0
32.9 61.8 0
31.5 63.2 0
28 61.8 0
30.8 51 0
27.6 49.3 0
41.4 82.4 4
47.1 76.9 4
48.3 78.2 4
39.8 82.5 4
89.1 9.93 0
88.2 1.8 0
51.2 8.9 0
81.9 16.7 0
88.2 43.2 4
83.1 18 0
60.3 62 4
56.6 60.7 4
57 64.3 4
55.4 55 4
57.9 62.7 4
58 57.1 4
57.1 55.5 4
88.2 51.9 4
60.4 57.9 4
55.3 64.8 4
72.1 77.8 4
70.1 76.6 4
74.9 83.3 4
72.2 82.1 4
73.2 83.6 4
81.9 71.7 4
83.1 73 4
124 8.9 4
91.1 9.68 0
93.8 8.55 0
116 28.8 4
116 27.6 4
95.8 39.4 4
117 31.2 4
107 37.8 4
117 29.5 4
91.9 16.8 4
95.8 36.2 4
97 37.8 4
93.4 27.8 4
93.4 26.5 4
120 62.9 4
118 62.3 4
117 63.3 4
117 65 4
115 65.3 4
98.9 83.4 4
98.4 86.7 4
96.4 84.7 4
107 88.3 4
113 91 0
98.2 85 4
113 94 0
104 87.4 4
114 92.4 0
104 92.4 4
105 93.5 4
105 88.7 4
109 81.6 4
108 83.2 4
91.9 71.8 4
96.6 87.9 4
95.5 86.4 4
99.8 87.6 4
108 86.8 4
114 95.1 0
95.9 83.1 4
97.4 82.1 4
142 6.08 4
142 9.03 4
143 7.58 4
128 6.68 4
126 9.68 4
159 8.9 4
128 8.23 4
154 39.4 4
154 36.2 4
131 34.5 4
153 37.8 4
132 29.9 4
132 31.7 4
131 32.6 4
144 78.2 0
148 80.7 0
149 77 0
151 94.8 1
146 77 0
151 93 1
147 78.2 0
158 71.8 0
153 95 1
149 92.1 1
176 5.2 4
162 1.83 4
174 5.3 4
161 8.9 4
168 38.1 4
167 39.8 4
165 40.3 4
164 25.6 4
163 24.3 4
165 51.9 4
189 52.5 4
188 51.8 4
174 63.5 4
179 62.8 4
167 49.6 4
189 61.5 4
186 53.1 4
190 61.5 4
175 63.2 4
176 59.8 4
167 51.1 4
188 55.1 4
191 63.2 4
177 61.7 4
191 64.7 4
168 52.4 4
176 64.9 4
189 54.5 4
178 64.5 4
187 56.8 4
186 76.6 4
193 77.9 4
189 76.6 4
182 77.8 4
180 76.6 4
197 87 4
197 77.9 4
188 77.8 4
193 87.8 4
195 76.7 4
196 93.4 4
195 92.2 4
195 88.4 4
199 98.8 0
196 84.5 4
18.8 13.3 0
13.9 22.9 0
12.6 24.1 0
15.3 23 0
17.5 67 0
18.8 68.3 0
5.8 76.5 0
17.5 97 4
7.68 77.8 0
9.4 77 0
18.8 98.3 4
9.75 75.4 0
25.6 5.25 0
48.4 1.75 0
47.2 17.8 0
48.3 25.8 0
48.5 16.5 0
36.7 80.2 4
36.7 78.6 4
35.3 75.8 0
47.2 72.8 4
33.2 78.2 0
34.9 77.4 0
48.5 71.5 4
32.5 80.5 4
35.2 81.7 4
33.5 82 4
51.6 1.73 0
87.2 17.8 0
57.5 38.1 0
56.6 39.8 0
54.8 40.2 0
88.5 16.5 0
51.6 43.3 0
72.5 57.9 4
69 56.5 4
71.1 56.5 4
86.3 48.1 4
87.2 72.8 4
60.7 77 4
88.5 71.5 4
61.6 75.5 4
124 13.3 4
123 67 4
124 68.3 4
123 97 1
124 98.3 1
138 8.95 4
138 6 4
137 7.45 4
135 7.45 4
134 5.88 4
134 9.08 4
139 83.6 0
138 82.3 0
172 9.25 4
171 7.7 4
186 27.7 4
190 27.7 4
186 26.5 4
193 29.1 4
190 26.5 4
188 24 4
171 28 4
188 25.8 4
194 27.9 4
171 32.1 4
173 30.9 4
172 29.3 4
162 43.3 4
188 28.3 4
193 30.6 4
172 26.8 4
192 25.8 4
166 59.2 4
165 55.2 4
168 57.3 4
167 55.6 4
187 83.1 4
193 83 4
188 81.7 4
192 81.6 4
188 85 4
192 84.9 4
190 84.4 4
190 82.4 4
19.4 5.95 0
18.8 1.58 0
18.8 43.4 0
19.4 40.3 0
18.8 35.3 0
18.1 19.5 0
19.4 19.5 0
30.8 5.33 0
29.9 7.18 0
28 7.18 0
45.6 0.8 0
44.5 14.2 0
48.8 5.95 0
21.3 5.95 0
25.7 33.2 0
25.8 35.1 0
49.1 34.9 0
44.4 44.2 0
20.8 20.6 0
21.3 39.1 0
44.9 16.3 0
48.8 20.1 0
48.7 39.1 0
21.3 36 0
44.3 45.6 0
21.6 46.3 0
45.2 69.1 4
44.4 99.2 4
20.8 75.6 0
44.9 71.3 4
48.8 75.1 4
85.2 0.85 0
55.2 0.85 0
85.2 14.2 0
54.4 14.2 0
51.2 5.95 0
88.7 5.95 0
52.7 17.8 0
84.4 44.2 4
54.4 44.2 0
51.4 16.5 0
51.2 36 0
84.9 16.3 0
51.3 20.1 0
88.8 20.1 4
51.2 39.1 0
88.7 39.1 4
88.7 36 4
55.5 15.6 0
84.3 45.6 4
84.4 50.8 4
84.4 69.2 4
55.5 46.9 0
55.5 45.6 0
84.3 48.1 4
54.4 69.2 4
52.7 72.8 4
84.4 99.2 4
51.4 71.5 4
55.2 99.1 4
54.9 71.3 4
51.3 75.1 4
84.9 71.3 4
88.8 75.1 4
124 5.95 4
124 1.58 0
90.8 5.95 0
119 36.9 4
121 33.1 4
121 36.9 4
119 33.6 4
118 35.5 4
90.8 20.6 4
124 36 4
124 39.1 4
91 35 4
124 43.4 4
124 19.5 4
91.3 39.1 4
123 19.5 4
91.6 46.3 4
90.8 75.6 4
124 74.5 4
123 74.5 4
126 5.18 4
159 5.03 4
137 24.7 4
148 24.7 4
139 21.6 4
146 21.6 4
150 21.6 4
135 21.6 4
137 22.8 4
148 22.8 4
159 20.6 4
126 20.6 4
126 40 4
126 36 4
159 39.1 4
159 35 4
158 46.3 4
127 46.3 4
159 75.6 0
126 75.6 4
166 0.8 4
165 14.1 4
161 5.95 4
191 21.6 4
163 17.8 4
182 24.7 4
193 22.8 4
184 21.6 4
180 21.6 4
182 22.8 4
195 21.6 4
164 44.2 4
161 16.5 4
197 22.8 4
161 36 4
161 20.1 4
161 39.1 4
165 16.3 4
165 69.1 4
166 45.6 4
163 72.8 0
173 75.2 4
175 76.8 4
174 75.2 4
161 71.5 0
161 75.1 0
166 70.6 4
164 99.2 1
18.8 16.5 0
18.8 71.5 0
48.5 46.3 0
61.5 31.7 0
62.5 24.9 0
75.5 35.7 4
66.9 22.7 0
62.7 30.4 0
64.3 27 0
64.3 28.2 0
63.1 20.3 0
62.4 26.3 0
77.3 35.1 4
76.8 32 4
62.4 28.8 0
59.9 27.6 0
61.1 27.6 0
65.2 21.9 0
78.1 33.2 4
64.9 20.4 0
58.6 26.3 0
68.9 21.5 0
74.3 34.6 4
74.9 32.7 4
67 24.6 0
88.5 46.3 4
88.5 48.8 4
110 18.6 4
110 21.1 4
124 16.5 4
123 17.8 4
124 71.5 4
123 72.8 4
176 53.4 4
177 50.8 4
177 49.5 4
172 52.3 4
175 51.8 4
173 51.1 4
173 49.5 4
42.4 6.98 0
43.3 5.35 0
45 4.9 0
56.6 8.63 0
57.5 6.98 0
82 7.98 0
56.6 5.33 0
84.4 10.1 0
82.8 9.7 0
54.9 4.85 0
84.7 32.8 4
75.1 38.9 4
76.9 39.5 4
83.1 35.1 4
84.7 34.7 4
83.1 31.9 4
81.9 33.2 4
79.4 22.5 0
80.8 22.7 0
74 40 4
52.7 47.5 0
51.4 46.3 0
56.5 93.8 4
57.4 92.2 4
56.1 90.2 4
53.6 90.2 4
110 32.7 4
113 30 4
100 21.3 4
112 31.5 4
100 18.8 4
114 32.6 4
104 21.3 4
102 22.5 4
118 75.4 4
119 77 4
121 77.2 4
133 50.6 4
147 63.8 4
149 62.6 4
150 63.5 4
135 52 4
150 66.9 4
151 65.3 4
137 51.2 4
137 49.2 4
133 49.2 4
135 48.6 4
135 47.4 4
196 38.1 4
195 41.6 4
194 39.8 4
194 36.3 4
192 39.8 4
163 47.5 4
161 46.3 4
173 79.9 4
173 81.7 0
172 83 0
175 84 0
175 82.4 0
15.6 1.88 0
14 2.2 0
15.6 13.1 0
12.3 20.2 0
14.1 17.2 0
10.2 21.9 0
18.1 24.4 0
18.1 30.6 0
15.6 43.1 0
15.6 16.9 0
10.6 20.3 0
14 42.8 0
15.6 46.9 0
14.4 46.9 0
18.1 49.4 0
18.1 50.6 0
18.8 46.3 0
14 67.8 0
4.35 92.6 0
5.65 93.5 0
8.08 95.5 4
14 97.8 4
18.1 79.4 0
5.93 95.3 4
9 93.7 4
7.83 92.2 4
38.9 12.7 0
30.8 21.2 0
26.9 25.1 0
40.6 16.9 0
39.1 17.1 0
47.9 30.9 0
26.8 23.2 0
42.3 20.5 0
42.3 19.3 0
40.8 43 0
24.7 20.9 0
21.9 29.4 0
25.1 22.4 0
25 25.7 0
41.1 21.8 0
34.4 18.3 0
48.1 29.4 0
47.9 50.9 0
39.4 46.9 0
48.1 49.4 0
22.1 50.8 0
39.2 68 0
40.6 46.9 0
21.9 49.4 0
40.6 71.9 4
39.1 72.1 4
39.2 98 4
22.1 80.8 0
61.1 2.35 0
79 12.8 0
59.1 2.1 0
59.1 12.9 0
80.8 2.03 0
83.2 5 0
80.8 13 0
84.8 4.6 0
56.9 21.3 0
56.9 20 0
73.5 22.8 0
56.9 23.8 0
77.3 20.3 0
82.4 38.1 4
75.2 22 0
82.8 24.7 4
88.1 24.4 4
75.6 20.4 0
84.7 26.6 4
84.7 27.9 4
78.9 42.7 4
59.4 16.9 0
54.4 22.5 0
55.7 22.5 0
60.9 17.2 0
87.9 30.9 4
82.8 26 4
88.1 25.6 4
83.1 39.9 4
80.8 43 4
52 30.8 0
88.1 29.4 4
84.7 40.3 4
58.2 22.5 0
61 42.8 4
57.9 50.9 4
52.1 50.8 0
79.4 46.9 4
58.1 49.4 4
60.6 48.1 4
59.4 48.1 4
59.1 52.1 4
79.2 52.1 4
60.8 52.1 4
60.8 68 4
79.2 68 4
80.6 46.9 4
80.8 52 4
59.1 67.9 4
85 81.3 4
64.5 87.2 4
83.4 80.5 4
83.2 79.1 4
70.5 87.1 4
88.1 79.4 4
59.4 71.9 4
51.9 79.4 4
67 90.6 4
87.9 80.9 4
52.1 80.8 4
60.9 72.2 4
84.5 77.8 4
85.7 77.8 4
79.2 98 4
60.8 98 4
68.4 87.1 4
67 88.5 4
71.9 88.5 4
59.1 97.9 4
116 5.25 0
121 1.88 0
119 2.2 0
119 12.8 4
121 13.1 4
114 5.18 0
118 23.3 4
119 42.7 4
118 20.4 4
123 25.6 4
119 17.2 4
104 39.9 4
121 43.1 4
102 39.9 4
123 29.4 4
123 30.6 4
119 22 4
123 24.4 4
121 22.2 4
118 50.8 4
123 49.4 4
123 50.6 4
118 56.9 4
119 46.9 4
118 49.6 4
119 58.1 4
91.9 49.4 4
94.9 57.4 4
119 67.9 4
120 57.5 4
121 52.1 4
119 52.1 4
96.1 58.9 4
124 46.3 4
121 46.9 4
118 55 4
96.1 60.7 4
98.8 76.9 4
94.9 75.8 4
119 72.2 4
97 78.2 4
123 80.6 4
95.3 77.4 4
118 94.8 0
117 93.1 0
119 92.1 0
123 79.4 4
119 97.9 1
121 92.7 0
151 27.9 4
151 26.6 4
154 27.2 4
144 28.8 4
141 28.8 4
141 32 4
153 26 4
143 31.2 4
127 25.6 4
127 29.4 4
143 29.4 4
153 28.5 4
129 28.8 4
133 58.7 4
135 61.7 4
139 57.3 4
138 58.5 4
136 60.8 4
158 49.4 4
135 57.6 4
136 58.5 4
127 49.4 4
133 60.6 4
138 60.8 4
133 88.7 1
135 91.7 1
139 87.3 1
138 88.5 1
136 90.8 1
144 92.4 1
146 93.7 1
135 87.6 1
136 88.5 1
133 90.6 1
138 90.8 1
196 12.9 4
199 12.9 4
190 1.98 4
171 2.2 4
198 13.8 4
183 0.875 4
192 0.825 4
169 16.9 4
171 17.1 4
162 30.8 4
198 16.3 4
198 43.8 4
196 67.3 4
162 50.8 4
171 46.9 4
169 46.9 4
198 68.8 4
198 45.6 4
165 81.1 0
167 76.3 0
167 75 0
175 92.3 0
167 80.3 0
176 90.8 0
173 92.7 0
167 78.8 0
176 89 0
172 91.2 0
174 87.5 0
173 87.2 0
172 88.7 0
162 79.4 0
169 71.9 4
162 80.8 0
171 72.1 4
164 77.5 0
166 77.5 0
198 71.3 4
168 77.5 0
169 97.9 1
9.1 6.5 0
11.3 9.7 0
8.03 8.15 0
3.2 5.1 0
5.3 13 0
1.15 5.1 0
7.15 13.9 0
9.2 9.8 0
11.3 6.6 0
12.2 8.15 0
6.2 8.15 0
7 30 0
2.75 22.8 0
10.1 28.1 0
11.4 28.1 0
13.9 28.1 0
15.1 31.8 0
8.25 32.7 0
3.23 31.4 0
4.2 34.4 0
5.55 17.6 0
5.3 43 0
6.73 31.7 0
4.73 21.6 0
13.5 32.2 0
7.43 16.3 0
7.15 43.9 0
4.83 32.6 0
12.6 29.3 0
12.3 30.9 0
2.75 24.7 0
5.75 28.7 0
4.5 28.7 0
3.25 30 0
6.6 22.8 0
12.6 26.8 0
6.13 66.5 0
7.33 45.6 0
7.33 69.3 0
7.33 48.1 0
8.58 46.9 0
6.08 46.9 0
5.45 68.1 0
0.325 87.2 0
1.63 88.1 0
15.6 76.8 0
14.2 76.6 0
14.1 73.3 0
7.43 71.3 0
3.58 88.1 0
4.88 87.2 0
13.3 75 0
0.05 85.4 0
16.2 74.9 0
17.5 74.9 0
15.6 73 0
36.8 9.15 0
35 6.98 0
32 9.6 0
43.2 9.93 0
35 8.53 0
44.8 10.3 0
33.8 9.63 0
33.8 5.88 0
44.7 35.8 0
26.8 39.9 0
43.1 36.2 0
30.2 28.7 0
30.2 27.4 0
42.3 37.9 0
27.9 38.2 0
37 36.4 0
29.8 38.2 0
30.4 31.9 0
37.6 29.8 0
37 39.2 0
40.3 32.4 0
43.1 39.6 0
32 30.7 0
37.2 31.5 0
30.8 40 0
32 29.3 0
38.4 32.8 0
44.7 40 0
35.2 37.1 0
35.2 38.6 0
38.1 37.8 0
28.3 29.3 0
28.5 31.1 0
35.3 32.3 0
34.1 39.7 0
41.5 31.2 0
34 58.3 0
36.8 55.4 0
37.9 58.1 0
36.5 57.1 0
38.8 75.1 4
39.7 76.7 4
41.1 76.9 4
27.3 77.7 0
42.3 75.7 4
42.3 74.4 4
25.6 76.9 0
25.2 75.3 0
29.3 76.5 0
66.7 39.9 4
70.3 28.8 0
70.3 27.6 0
67.8 38.2 4
69.7 38.2 4
70.5 32 4
72.2 30.8 4
70.7 40 4
72.2 29.4 4
68.4 29.4 0
68.7 31.2 0
83.1 64.4 4
82.3 62.6 4
83.5 60.6 4
84.7 64.7 4
57 76.1 4
57 74.9 4
57 78.6 4
83.1 94.3 4
82.3 92.6 4
83.5 90.6 4
54.5 77.4 4
55.7 77.4 4
64.7 75.6 4
66.7 78 4
65 77.2 4
58.2 77.4 4
84.6 94.6 4
96.9 6.03 0
99.9 7.88 0
95.6 7 0
108 4.95 0
98.8 9.55 0
104 8.28 4
113 8.2 4
105 3.13 0
109 2.05 0
95.6 8.55 0
103 1.25 0
105 5.03 0
105 9.93 4
108 0.875 0
96.8 9.6 0
114 9.83 4
107 14.2 4
97.9 14.2 4
98.9 6.18 0
101 2.15 0
95.6 2 0
110 9.95 4
111 8.23 4
104 34.3 4
111 36.5 4
110 38.2 4
105 32.4 4
101 32.3 4
118 26.2 4
106 43 4
111 39.9 4
98.1 43.9 4
108 16.3 4
97.7 16.3 4
103 31.2 4
108 43.9 4
103 29.7 4
113 40 4
121 27.4 4
119 27.4 4
102 34.2 4
106 31.5 4
104 28.4 4
99.5 67.9 4
99.7 46.3 4
95.9 65.3 4
108 69.1 4
95 63.5 4
108 67.7 4
108 45.6 4
97.8 45.6 4
97.8 69.3 4
108 48.1 4
109 46.9 4
106 46.9 4
99.6 72.6 4
104 97.3 4
109 99.1 4
97.7 71.3 4
93.4 99 4
103 98.6 4
108 97.7 4
108 71.3 4
95.3 98.3 4
101 97.9 4
148 5.1 4
148 9.85 4
150 2 4
131 9.28 4
134 2.13 0
146 11.6 4
145 8.2 4
146 3.43 4
150 13 4
131 5.63 4
152 1.15 4
130 8.23 4
143 2.3 4
143 12.8 4
130 6.68 4
152 13.8 4
146 9.73 4
142 0.95 4
146 5.3 4
142 14.1 4
133 0.825 4
133 14.2 4
154 2.1 4
154 12.9 4
134 12.8 4
148 40 4
137 40 4
132 22.6 4
153 22.6 4
149 37.1 4
136 37.1 4
141 38.3 4
151 17.5 4
144 38.3 4
135 17.5 4
153 42.9 4
132 42.9 4
140 41.9 4
145 41.9 4
130 21.8 4
155 21.8 4
148 35.3 4
137 35.3 4
139 35.3 4
146 35.3 4
133 43.9 4
152 43.9 4
143 43.9 4
152 16.3 4
143 16.3 4
133 16.3 4
140 40 4
145 40 4
130 20.2 4
155 20.2 4
147 32.2 4
149 33.4 4
145 33.4 4
147 57 4
153 58.6 4
153 51.3 4
153 49.9 4
151 55.5 4
149 58.2 4
154 53.9 4
143 68.7 4
151 57.3 4
152 45.6 4
133 45.6 4
143 45.6 4
152 69.3 4
155 52.3 4
133 69.3 4
155 55.6 4
143 48.1 4
150 88.5 1
132 77.6 4
151 87.5 1
135 72.5 4
151 72.6 0
151 98.1 1
155 87.3 1
130 76.8 4
153 90.7 1
152 71.3 4
133 71.3 4
143 98.7 1
143 71.3 4
153 88.8 1
152 99.3 1
130 75.2 4
133 99.3 1
155 92.2 1
167 8.63 4
183 9.9 4
182 5.05 4
168 7 4
186 8.2 4
177 12.9 4
167 5.3 4
195 2 4
185 11.8 4
165 4.93 4
185 5.05 4
178 13.8 4
188 13.9 4
185 9.93 4
197 1.18 0
199 2.03 0
188 32.4 4
167 21.2 4
167 19.9 4
167 23.7 4
187 36.9 4
196 33 4
199 36.6 4
167 24.9 4
179 28.7 4
176 27.5 4
176 28.7 4
178 36.9 4
179 27.5 4
189 43 4
186 43 4
179 17.5 4
198 32.2 4
173 20.1 4
181 33.3 4
164 22.4 4
166 22.4 4
176 32.1 4
175 21.8 4
177 42.9 4
180 37 4
178 31.1 4
178 43.9 4
188 16.3 4
190 33.2 4
189 36.8 4
200 33.1 4
188 43.9 4
178 16.3 4
175 20.1 4
182 35.2 4
178 29.3 4
191 35.1 4
182 32.2 4
168 22.4 4
178 26.8 4
186 35.1 4
186 33.2 4
177 22.6 4
183 54.4 4
179 57.1 4
199 60.9 4
198 57.2 4
181 58 4
184 58.1 4
188 67.6 4
188 69.1 4
199 58.3 4
182 56.8 4
178 45.6 4
188 45.6 4
178 69.3 4
179 67.8 4
188 48.1 4
179 85.5 0
182 91.6 0
179 72.6 4
182 87 0
178 71.3 4
188 97.6 4
188 99.1 4
188 71.3 4
184 91.6 0
179 87.3 0
181 88.2 0
185 92.6 0
178 99.3 0
179 97.8 0
3.1 10 0
0.425 11.9 0
1.05 10 0
2.7 0.825 0
11.7 0.95 0
19.4 12 0
0.025 38.1 0
3.18 39.9 0
1.13 39.9 0
6.25 50.7 0
4.38 52 0
0.625 52 0
2.95 58.1 0
1 58.1 0
2.5 51.2 0
17.5 65.2 0
18.8 65.2 0
19.4 57.8 0
2.5 49.4 0
19.4 67 0
16.9 57.8 0
18.1 59 0
18.1 56.5 0
18.1 60.3 0
17.5 95.2 4
11.7 99 4
2.73 98.8 4
18.8 95.2 4
19.4 87.8 4
9.83 98.3 4
19.4 97 4
18.1 89 4
4.6 98.1 4
18.1 90.3 4
36.6 13.9 0
28 13.9 0
32.2 0.775 0
21 11.7 0
23.3 0.95 0
49.1 11.8 0
30.6 1.93 0
22.3 9.83 0
36 26.4 0
33.5 25.2 0
37.5 20.9 0
45.2 25.8 0
34.7 26.4 0
43.3 23.9 0
43.3 25.2 0
35.3 22.5 0
47.1 23.9 0
38.3 22.5 0
37.8 42.7 0
47.1 25.2 0
36.6 43.9 0
27.7 16.3 0
28 43.9 0
44.6 22.7 0
45.8 22.7 0
34.7 43.1 0
37.2 25.2 0
36.8 15.9 0
37.1 23.8 0
33.6 23.3 0
35.7 20.9 0
43 64.1 4
42.2 62.3 4
46 60.3 4
43.5 60.3 4
22.6 57.3 0
27.3 67.5 0
35.8 46.9 0
21.1 58.4 0
48.7 57.6 4
37 45.6 0
28.4 68.9 0
49.1 66.8 4
27.8 45.6 0
36.9 69.2 0
20.8 66.9 0
22.3 55.6 0
42.2 58.4 0
22.3 65.4 0
35.4 67.8 0
44.6 64.4 4
45.1 81.2 4
44.8 94.6 4
43.5 80.3 4
43.3 78.9 4
43.3 94.2 4
42.5 92.5 4
43.7 90.5 4
47.1 78.9 4
22.6 87.3 0
27.3 97.5 4
28.4 98.9 4
21.1 88.4 4
48.7 87.6 4
44.6 77.7 4
45.8 77.7 4
27.7 71.3 0
49.1 96.8 4
36.8 70.9 0
36.9 99.2 4
20.8 96.9 4
47.9 86 4
22.3 95.4 4
35.4 97.8 4
46.8 80.4 4
35 72.2 0
47.5 89.6 4
66.3 9 0
53.6 10.4 0
63.3 5.73 0
65.2 7.9 0
68.1 5.3 0
70.2 1.93 0
63.5 1.1 0
72 1.15 0
65.2 6.35 0
76.7 14.1 0
89.1 11.8 0
50.8 11.9 0
67.8 14.2 0
66.3 5.25 0
68.1 8.98 0
69.1 7.15 0
52 10 0
73.6 2.1 0
81.5 28.8 4
77.6 24.9 4
77.8 28.8 4
77.8 26.3 4
81.1 18 0
84.4 22.5 4
85.7 22.5 4
82.3 20.5 0
82.3 19.2 0
76.6 43.9 4
67.7 16.3 0
68 43.9 4
79 27.6 4
80.3 27.6 4
76.8 15.9 0
76.5 27.6 4
75.3 27.6 4
69.7 17.6 0
78 17.1 0
52.5 59.6 4
67.3 67.5 4
67.3 52.6 4
75.8 46.9 4
68.4 51.1 4
51.2 57.6 4
88.7 57.6 4
77 45.6 4
68.4 68.9 4
74.5 46.9 4
50.8 66.9 4
89.1 66.8 4
67.8 45.6 4
77 49.4 4
76.9 50.8 4
76.9 69.2 4
67.8 49.4 4
75.4 67.8 4
75.4 52.3 4
87.8 65 4
52 65.1 4
69.6 46.3 4
69.6 47.5 4
87.5 59.6 4
62.6 84 4
78.8 74.9 4
58.3 81.4 4
79.7 76.5 4
81.1 76.7 4
81.1 73 4
67.3 97.5 4
68.4 98.9 4
82.3 75.5 4
82.3 74.2 4
59.5 82.6 4
51.2 87.6 4
88.7 87.6 4
67.7 71.3 4
62.4 81.3 4
50.8 96.9 4
61.2 82.6 4
76.8 70.9 4
89.1 96.8 4
76.9 99.2 4
53.6 95.4 4
63.9 82.8 4
75.4 97.8 4
75 72.2 4
52 95.1 4
79.6 73.2 4
87.5 89.6 4
62.4 79.7 4
124 10.2 4
123 10.2 4
91.1 11.6 0
117 14.1 4
117 0.95 0
124 12 4
106 27.2 4
97.1 28.4 4
97.1 25.9 4
109 27.2 4
108 24.1 4
110 27.2 4
117 43.9 4
108 26 4
115 43.1 4
95.2 26.5 4
95.2 27.8 4
117 15.9 4
95.3 23.3 4
97 24.1 4
99 27.8 4
99 26.5 4
108 28.5 4
102 50.1 4
96 51.9 4
91.9 56.9 4
100 52.7 4
104 53.5 4
124 65.2 4
102 52 4
123 65.2 4
91 58.4 4
124 57.8 4
97.5 50.9 4
91 66.7 4
117 45.6 4
97.5 49.5 4
117 69.2 4
124 67 4
123 59 4
99.4 48.9 4
91.9 86.9 4
124 95.2 1
123 95.2 1
91 88.4 4
124 87.8 0
117 70.9 4
91 96.7 4
117 99.2 1
124 97 1
115 72.2 4
123 89 0
126 11.6 4
159 11.7 4
158 9.83 4
129 57.2 4
158 56.9 4
127 56.9 4
126 58.4 4
159 58.4 4
126 66.7 4
159 66.7 4
158 86.9 1
127 86.9 0
126 88.4 0
159 88.4 1
126 96.7 1
159 96.7 1
164 10.4 4
173 0.95 4
161 11.9 4
162 9.98 4
198 28.7 4
198 26.2 4
199 27.4 4
197 27.4 4
164 65.4 4
200 51.9 4
195 52.1 4
197 52.6 4
198 51.2 4
161 57.6 4
198 49.4 4
161 66.9 4
194 50.7 4
196 48.1 4
162 65.1 4
162 89.6 1
179 82.1 4
196 97.3 4
177 78.9 4
198 98.8 0
161 87.6 1
178 80.9 4
161 96.9 1
162 95.1 1
13.1 12.8 0
18.1 4.08 0
18.1 5.33 0
11.8 14.1 0
19.4 2.83 0
9.75 12.9 0
9.75 42.9 0
10.1 17.2 0
18.1 34.1 0
11.8 44.1 0
11.9 15.9 0
19.4 32.8 0
19.4 42.2 0
10.9 46.9 0
18.1 54.1 0
12.2 45.6 0
9.93 68.3 0
11.8 69 0
19.4 52.9 0
9.35 66.7 0
10.1 72.2 0
18.1 85.4 0
18.1 84.1 0
11.9 70.9 0
19.4 82.9 0
16.9 82.9 0
18.1 81.6 0
25.3 12.9 0
37.9 2.35 0
34.8 1.88 0
36.7 1.1 0
21 3.15 0
23.2 14.1 0
49.2 3 0
47.9 4.88 0
22.3 5.03 0
25.3 42.9 0
22.2 31.9 0
24.9 17.2 0
21 41.9 0
23.2 44.1 0
49.1 42 0
21 33.2 0
23.1 15.9 0
49.1 33.1 0
22.3 40 0
47.8 40.1 0
22.3 35 0
24.5 67.8 0
47.9 54.9 4
24.7 46.3 0
24.7 47.5 0
49.1 53.1 0
22.9 45.6 0
20.8 53 0
23 69.2 0
22.3 84.5 0
24.5 97.8 4
24.9 72.2 0
49.1 83.1 4
23.1 70.9 0
20.8 83 0
23 99.2 4
78.1 2.2 0
62.1 12.7 0
65.2 13.1 0
63.3 13.9 0
76.8 0.95 0
50.8 2.98 0
89.1 3.05 0
52 4.85 0
87.8 4.93 0
65.3 42.9 4
64.9 17.2 0
63.2 44.1 4
89.1 42 4
63.1 15.9 0
50.8 42 0
89.1 33.1 4
50.8 33 0
52 34.9 0
52 40.2 0
87.8 40.1 4
87.8 34.9 4
64.5 67.8 4
64.5 52.3 4
52 54.8 4
64.7 46.3 4
64.7 48.8 4
50.8 53 0
89.1 53.1 4
62.9 45.6 4
63 69.2 4
63 50.8 4
62.9 49.4 4
87.9 54.9 4
64.5 97.8 4
52 84.8 4
87.9 84.9 4
64.9 72.2 4
50.8 83 4
89.1 83.1 4
63.1 70.9 4
63 99.2 4
123 4.08 4
92.4 2.05 0
123 5.33 4
95.3 13.1 0
93.3 13.9 0
91.1 3.3 0
124 2.83 0
91.9 5.18 0
95.4 42.9 4
123 34.1 4
94.9 17.2 4
92.2 31.9 4
123 40.3 4
123 35.3 4
124 40.3 4
91 41.9 4
93.2 44.1 4
91 33.2 4
93.1 15.9 4
124 32.8 4
124 42.2 4
92.3 40 4
104 58.9 4
101 60.9 4
103 57.6 4
92.2 52 4
94.7 47.5 4
94.7 46.3 4
123 55.4 4
123 54.1 4
99.6 57.6 4
101 58.5 4
95.1 68.3 4
93.2 69 4
91 53.2 4
124 52.9 4
92.9 45.6 4
103 61 4
113 81.3 4
114 82.6 4
116 82.1 4
120 82.1 4
119 82.1 4
94.9 72.2 4
92.2 82 4
123 85.4 0
123 84.1 0
117 79.4 4
117 80.8 4
93.1 70.9 4
91 83.2 4
124 82.9 0
117 83.4 4
114 79 4
115 78.2 4
130 13.1 4
130 1.93 0
126 3.3 4
128 13.9 4
128 1.1 0
159 3.15 4
157 14.1 4
157 0.95 4
158 31.9 4
127 31.9 4
155 17.2 4
130 17.2 4
126 41.9 4
159 41.9 4
128 44.1 4
157 44.1 4
126 33.2 4
159 33.2 4
157 15.9 4
128 15.9 4
127 35 4
158 40 4
158 52 4
127 52 4
156 46.9 4
130 47.5 4
130 46.3 4
155 46.9 4
155 68.3 4
157 45.6 4
130 68.3 4
128 69 4
157 69 4
126 53.2 4
159 53.2 4
128 45.6 4
155 72.2 4
130 72.2 4
158 82 0
127 82 0
155 98.3 1
130 98.3 1
128 99 1
157 99 1
157 70.9 4
128 70.9 4
126 83.2 0
159 83.2 0
172 12.8 4
173 14.1 4
161 3.08 4
162 4.95 4
172 42.8 4
175 17.2 4
173 44.1 4
161 42 4
173 15.9 4
161 33 4
162 34.9 4
162 40.2 4
162 54.8 4
172 67.8 4
175 47.5 4
175 46.3 4
175 68.3 4
173 69 4
173 45.6 4
161 53 4
175 72.2 4
162 84.8 0
172 97.8 0
175 98.3 0
173 99 0
173 70.9 4
161 83 0
19.4 17.8 0
19.4 72.8 0
41.8 2.13 0
45.3 13.3 0
44.7 1.68 0
47 14.1 0
43.1 0.875 0
46 16.9 0
48.1 19 0
45.2 43.4 0
21.7 19.8 0
47 44.2 0
49.4 17.8 0
47.2 15.6 0
20.9 18.1 0
45.4 47.5 0
45.4 46.3 0
46.9 69.1 4
47.2 45.6 0
46 71.9 4
48.1 74 4
45.2 98.3 4
21.7 74.8 0
49.4 72.8 4
47.2 70.6 4
46.9 99.1 4
20.9 73.1 0
57 0.85 0
87 14.2 0
57 14.2 0
87 0.85 0
55.2 13.4 0
58.2 42.9 0
88.1 19 4
86 16.9 0
51.9 19 0
85.2 43.4 4
55.2 43.4 0
57 44.2 0
87 44.2 4
87.2 15.6 0
57.2 15.6 0
50.6 17.8 0
89.4 17.8 4
85.4 46.3 4
85.4 47.5 4
85.3 51.7 4
85.2 68.3 4
86.9 69.1 4
56.9 69.1 4
87 50.9 4
57.2 45.6 0
87.2 45.6 4
87.2 49.4 4
55.2 68.3 4
88.1 74 4
86 71.9 4
56 71.9 4
51.9 74 4
85.2 98.3 4
50.6 72.8 4
87.2 70.6 4
57.2 70.6 4
89.4 72.8 4
56.9 99.1 4
86.9 99.1 4
101 13 4
104 13 4
103 13.9 4
101 43 4
104 17.6 4
103 16.3 4
91.7 19.8 4
103 44.2 4
90.9 18.1 4
124 17.8 4
104 67.3 4
104 46.9 4
102 68.6 4
103 45.6 4
104 72.6 4
91.7 74.8 4
103 71.3 4
90.9 73.1 4
124 72.8 4
137 12.7 4
137 2.25 4
138 14.1 4
138 0.95 4
147 0.85 4
147 14.1 4
139 17.5 4
149 43 4
136 43 4
146 17.5 4
158 19.8 4
127 19.8 4
138 16.3 4
147 16.3 4
138 44.2 4
147 44.2 4
159 18.1 4
126 18.1 4
139 67.3 4
136 67.9 4
146 46.3 4
139 46.3 4
146 67.5 4
146 47.5 4
139 47.5 4
137 68.6 4
148 68.8 4
138 45.6 4
147 45.6 4
147 48.1 4
149 47.5 4
149 46.3 4
146 72.5 4
139 97.3 1
139 72.5 4
146 97.5 1
148 98.8 1
137 98.6 1
158 74.8 0
127 74.8 4
147 71.3 4
138 71.3 4
159 73.1 0
126 73.1 4
136 97.9 1
181 13 4
180 2.03 4
168 12.9 4
186 2.03 4
176 2.1 4
165 1.68 4
178 1.15 4
187 1.15 4
167 14.1 4
163 0.875 4
183 14.1 4
181 43 4
184 17.5 4
168 42.9 4
162 19 4
165 43.4 4
183 16.2 4
183 44.1 4
167 44.2 4
161 17.8 4
167 15.6 4
166 16.9 4
184 67.1 4
200 46.9 4
185 46.3 4
168 67.9 4
185 47.5 4
182 68.6 4
167 69.1 4
183 45.6 4
167 45.6 4
183 48.1 4
181 47.5 4
181 46.3 4
184 97.1 0
162 74 0
184 72.5 4
182 98.6 0
183 71.3 4
161 72.8 0
167 70.6 4
167 99.1 1
165 98.3 1
8.73 2.1 0
7.2 1.15 0
2.53 14.2 0
5.3 1.98 0
0.925 43 0
2.5 16.3 0
2.53 44.2 0
19.4 22.4 0
17.5 20.5 0
18.8 20.5 0
0.625 46.3 0
3.75 46.9 0
0.625 47.5 0
0.625 68.1 0
2.5 68.8 0
2.5 45.6 0
19.4 62.5 0
2.5 71.3 0
7.48 99.3 4
19.4 77.4 0
19.4 92.5 4
4.48 72.5 0
30.8 13.1 0
41.6 13 0
33.9 13.1 0
26.2 2.1 0
27.8 1.15 0
32.5 14.2 0
47.2 0.8 0
42.9 14.2 0
30.7 17.6 0
30.8 43.1 0
22 23.4 0
32.6 16.3 0
49.4 22.4 0
32.5 44.2 0
20.8 22.2 0
42.7 15.6 0
42.8 44.2 0
43.9 16.9 0
21.9 24.9 0
48.1 21.1 0
30.6 47.5 0
30.6 46.3 0
41.6 68 4
32.9 67.5 0
22.6 62.9 0
21.1 61.9 0
48.7 62.6 4
31.9 68.9 0
32.5 45.6 0
42.8 69.2 4
42.7 45.6 0
32.5 48.1 0
33.7 46.9 0
44.4 68.3 4
47.8 64.2 4
30.7 72.6 0
22 78.4 0
41.6 98 4
47.8 94.2 4
32.9 97.5 4
22.6 92.9 4
21.1 91.9 4
31.9 98.9 4
48.7 92.6 4
32.6 71.3 0
42.7 70.6 4
49.4 77.4 4
42.8 99.2 4
20.8 77.2 0
43.9 71.9 4
48.1 76.1 4
70.4 13.1 0
66.2 1.88 0
73.8 12.9 0
84.4 1.63 0
54.4 1.63 0
84.4 13.4 0
72.2 13.9 0
67.6 0.775 0
82.8 0.775 0
52.8 0.775 0
52.8 14.2 0
82.8 14.2 0
73.7 11.1 0
70.8 43.1 4
73.9 43.1 4
74.2 17.2 0
72.6 16.3 0
50.6 22.4 0
72.5 44.2 4
89.4 22.4 4
52.8 44.2 0
52.7 15.6 0
82.7 15.6 0
82.8 44.2 4
53.9 16.9 0
83.9 16.9 0
51.9 21.1 0
88.1 21.1 4
55.2 16.9 0
81.6 68 4
72.9 67.5 4
72.9 52.6 4
71.9 51.1 4
51.2 62.6 4
88.7 62.6 4
71.9 68.9 4
72.5 45.6 4
52.8 69.2 4
82.8 69.2 4
82.8 50.8 4
52.7 45.6 0
82.7 45.6 4
82.7 49.4 4
72.5 49.4 4
54.5 47.5 0
54.5 46.3 0
70.7 72.6 4
81.6 98 4
72.9 97.5 4
71.9 98.9 4
51.2 92.6 4
88.7 92.6 4
72.6 71.3 4
50.6 77.4 4
89.4 77.4 4
52.7 70.6 4
82.7 70.6 4
52.8 99.2 4
82.8 99.2 4
54.4 98.3 4
53.9 71.9 4
51.9 76.1 4
83.9 71.9 4
88.1 76.1 4
87.8 94.2 4
110 13 4
114 2.13 0
114 12.9 4
112 1.18 0
112 13.9 4
97.8 0.9 0
92 23.4 4
114 17.2 4
112 16.3 4
90.8 22.2 4
112 44.2 4
124 22.4 4
110 43 4
124 20.5 4
123 20.5 4
123 61.2 4
111 46.9 4
114 68.2 4
91.9 63.4 4
91 61.9 4
112 69.1 4
112 45.6 4
124 62.5 4
112 48.1 4
114 47.5 4
114 46.3 4
123 91.2 0
111 72.6 4
92 78.4 4
114 98.2 0
91.9 93.4 4
112 71.3 4
91 91.9 4
112 99.1 0
90.8 77.2 4
124 92.5 1
124 77.4 4
97.6 99.3 4
124 75.5 4
123 75.5 4
158 23.4 4
127 23.4 4
159 22.2 4
126 22.2 4
158 63.4 4
127 63.4 4
126 61.9 4
159 61.9 4
158 78.4 0
127 78.4 4
158 93.4 1
127 93.4 1
126 91.9 1
159 91.9 1
159 77.2 0
126 77.2 4
191 13 4
168 2.05 4
163 14.2 4
167 0.8 4
193 14.2 4
164 13.3 4
194 17.5 4
191 17.5 4
193 16.3 4
161 22.4 4
163 44.2 4
163 15.6 4
193 44.2 4
164 16.9 4
162 21.1 4
191 47.5 4
191 46.3 4
161 62.6 4
193 67.7 4
163 69.2 4
163 45.6 4
192 69.1 4
193 45.6 4
164 68.3 4
162 60.6 4
165 47.5 4
165 46.3 4
193 48.1 4
194 46.9 4
191 72.5 4
194 72.5 4
193 97.7 4
161 92.6 1
193 71.3 4
163 70.6 4
161 77.4 0
163 99.2 1
192 99.1 4
164 71.9 4
162 76.1 0
165 71.9 4
19.4 7.5 0
17.5 9.38 0
18.8 9.38 0
19.4 37.5 0
16.9 37.5 0
17.5 39.4 0
18.8 39.4 0
18.1 36.3 0
47.9 9.13 0
48.8 7.5 0
21.3 7.5 0
47.8 35.9 0
21.3 37.5 0
48.7 37.5 0
87.8 9.15 0
88.7 7.5 0
51.2 7.5 0
88.7 37.5 4
51.2 37.5 0
91.9 8.9 0
124 7.5 4
90.8 7.5 0
91.3 37.5 4
92.3 36 4
124 37.5 4
127 8.9 4
127 6.1 4
159 7.5 4
158 5.95 4
126 7.5 4
126 37.5 4
159 37.5 4
127 39.1 4
158 36 4
161 7.5 4
161 37.5 4
17.5 0.625 0
17.5 14.4 0
19.4 27.5 0
17.5 44.4 0
17.5 15.6 0
18.1 26.3 0
18.1 28.8 0
16.9 27.5 0
16.3 68.1 0
17.5 45.6 0
19.4 47.5 0
17.5 69.4 0
16.3 98.1 4
17.5 99.4 4
17.5 70.6 0
49.4 27.5 0
20.6 27.5 0
49.4 47.5 0
20.6 47.5 0
51.9 26.3 0
51.9 28.8 0
50.6 27.5 0
89.4 27.5 4
53.8 26.9 0
53.8 28.1 0
51.9 25 0
51.9 48.8 0
50.6 47.5 0
89.4 47.5 4
123 0.625 0
123 14.4 4
124 27.5 4
123 44.4 4
90.6 27.5 4
123 15.6 4
121 16.9 4
91.9 28.8 4
91.9 26.3 4
121 68.1 4
123 45.6 4
124 47.5 4
90.6 47.5 4
123 69.4 4
121 98.1 1
123 99.4 1
123 70.6 4
121 71.9 4
159 27.5 4
126 27.5 4
158 26.3 4
158 28.8 4
157 27.5 4
159 47.5 4
126 47.5 4
162 26.3 4
162 28.8 4
161 27.5 4
164 28.1 4
164 26.9 4
162 25 4
162 48.8 4
161 47.5 4
