61 38 1
119 32 1
142 33 1
59.0829 61.1509 1
150.851 4.30031 1
67.6824 95.6996 1
100.215 38.9386 0
16.7367 4.30373 1
109.25 4.30045 1
154.864 95.699 1
58.3209 95.6991 1
39.8712 4.30022 1
77.5229 4.30024 1
12.1179 95.6582 1
197.146 84.293 1
197.15 79.7224 1
2.84998 70.5773 1
2.84984 20.2775 1
2.84996 24.85 1
2.84998 29.4228 1
2.84998 66.0045 1
2.85003 75.15 1
2.85001 33.9955 1
2.85002 61.4318 1
197.15 75.1499 1
2.85002 38.5682 1
2.85003 43.1409 1
2.85003 47.7136 1
2.85003 52.2864 1
2.85003 56.8591 1
2.85054 79.7225 1
197.15 24.85 1
197.15 29.4227 1
197.15 33.9954 1
197.15 38.5682 1
197.15 43.1409 1
197.15 47.7136 1
197.15 52.2864 1
197.15 56.8591 1
197.15 61.4318 1
197.15 66.0045 1
197.15 70.5773 1
197.149 20.2774 1
2.84852 15.7072 1
197.144 15.7061 1
72.8099 4.30038 1
2.85565 84.293 1
44.6104 95.6994 1
104.617 4.30043 1
81.686 4.30045 1
197.104 88.8461 1
2.83369 11.1525 1
155.509 4.30046 1
132.337 4.30024 1
197.094 11.148 1
118.463 4.30031 1
146.429 41.592 1
100.276 60.9738 0
183.386 95.6915 1
149.217 28.6671 1
68.0701 70.2053 0
44.5798 4.3005 1
174.046 4.30084 1
86.2381 4.30031 1
2.90603 88.8412 1
141.608 95.6996 1
54.6884 30.1993 1
50.2061 29.541 1
160.188 4.30086 1
92.6874 49.9234 0
99.7893 56.4677 0
58.4877 52.0793 1
76.8234 95.6997 0
118.054 55.8364 0
110.323 29.4774 1
141.016 4.30048 1
188.029 4.35597 1
75.9461 49.2073 0
123.088 95.6998 1
99.0538 43.7462 0
21.452 4.30063 1
90.193 65.2795 0
122.408 36.9386 0
104.706 95.6997 1
50.4832 33.1989 1
16.6594 95.6929 1
67.3553 25.2888 1
118.494 20.565 1
58.8944 29.8756 1
149.976 25.1952 1
49.8031 47.3452 1
25.9264 95.6994 1
54.3655 25.0707 1
64.2994 43.4246 1
59.5687 25.6336 1
169.377 4.30091 1
63.7468 25.656 1
67.9102 37.9372 1
145.733 25.6484 1
109.47 65.8619 0
104.454 52.3451 0
74.2167 42.9987 0
2.69325 6.74446 1
6.61247 4.63032 1
90.8637 44.3178 0
49.5759 4.30033 1
67.8729 4.30057 1
79.2742 37.2728 0
165.085 4.30081 1
67.7448 65.635 0
159.847 95.6992 1
50.3869 42.5597 1
137.055 42.5434 1
85.8603 95.6988 1
110.666 32.9882 1
149.959 38.1112 1
122.797 4.30039 1
30.9988 95.6998 1
150.442 95.6995 1
63.4688 65.5067 1
136.639 4.3003 1
72.5148 69.6313 0
80.7742 30.0781 1
62.4632 48.0521 1
58.1088 4.3008 1
127.067 38.1639 0
81.9656 69.269 0
81.1581 95.6994 0
169.391 95.6997 1
20.9681 95.6982 1
59.6634 56.6597 1
141.048 24.9912 1
131.857 36.64 1
140.878 42.4281 1
123.712 31.0599 1
118.504 95.6998 1
114.983 29.8632 1
26.0844 4.30045 1
49.1769 95.6996 1
187.954 95.6545 1
109.374 95.6997 1
54.8149 38.7483 1
128.771 32.974 1
78.9662 57.5455 0
137.017 95.6995 1
94.8601 34.5926 0
192.488 4.62462 1
78.0624 62.4653 0
94.7648 65.3815 0
87.2155 49.5755 0
85.7322 43.8672 0
72.3351 30.6034 1
138.406 28.8261 1
61.6843 34.1872 1
83.3304 64.2759 0
69.2381 34.6632 1
133.467 31.9103 1
91.1227 54.767 0
0 100 1
0 95.4545 1
0 90.9091 1
0 86.3636 1
0 81.8182 1
0 77.2727 1
0 72.7273 1
0 68.1818 1
0 63.6364 1
0 59.0909 1
0 54.5455 1
0 50 1
0 45.4545 1
0 40.9091 1
0 36.3636 1
0 31.8182 1
0 27.2727 1
0 22.7273 1
0 18.1818 1
0 13.6364 1
0 9.09091 1
0 4.54545 1
0 0 1
200 100 1
195.349 100 1
190.698 100 1
186.047 100 1
181.395 100 1
176.744 100 1
172.093 100 1
167.442 100 1
162.791 100 1
158.14 100 1
153.488 100 1
148.837 100 1
144.186 100 1
139.535 100 1
134.884 100 1
130.233 100 1
125.581 100 1
120.93 100 1
116.279 100 1
111.628 100 1
106.977 100 1
102.326 100 1
97.6744 100 1
93.0233 100 1
88.3721 100 1
83.7209 100 1
79.0698 100 1
74.4186 100 1
69.7674 100 1
65.1163 100 1
60.4651 100 1
55.814 100 1
51.1628 100 1
46.5116 100 1
41.8605 100 1
37.2093 100 1
32.5581 100 1
27.907 100 1
23.2558 100 1
18.6047 100 1
13.9535 100 1
9.30233 100 1
4.65116 100 1
200 0 1
200 4.54545 1
200 9.09091 1
200 13.6364 1
200 18.1818 1
200 22.7273 1
200 27.2727 1
200 31.8182 1
200 36.3636 1
200 40.9091 1
200 45.4545 1
200 50 1
200 54.5455 1
200 59.0909 1
200 63.6364 1
200 68.1818 1
200 72.7273 1
200 77.2727 1
200 81.8182 1
200 86.3636 1
200 90.9091 1
200 95.4545 1
4.65116 0 1
9.30233 0 1
13.9535 0 1
18.6047 0 1
23.2558 0 1
27.907 0 1
32.5581 0 1
37.2093 0 1
41.8605 0 1
46.5116 0 1
51.1628 0 1
55.814 0 1
60.4651 0 1
65.1163 0 1
69.7674 0 1
74.4186 0 1
79.0698 0 1
83.7209 0 1
88.3721 0 1
93.0233 0 1
97.6744 0 1
102.326 0 1
106.977 0 1
111.628 0 1
116.279 0 1
120.93 0 1
125.581 0 1
130.233 0 1
134.884 0 1
139.535 0 1
144.186 0 1
148.837 0 1
153.488 0 1
158.14 0 1
162.791 0 1
167.442 0 1
172.093 0 1
176.744 0 1
181.395 0 1
186.047 0 1
190.698 0 1
195.349 0 1
79.4856 43.8143 0
5.7 8.6 1
5.7 13.2 1
10.3 8.6 1
10.3 13.2 1
5.7 17.8 1
10.3 17.8 1
5.7 22.4 1
10.3 22.4 1
5.7 27 1
10.3 27 1
5.7 31.6 1
10.3 31.6 1
5.7 36.2 1
10.3 36.2 1
5.7 40.8 1
10.3 40.8 1
5.7 45.4 1
10.3 45.4 1
5.7 50 1
10.3 50 1
5.7 54.6 1
10.3 54.6 1
5.7 59.2 1
10.3 59.2 1
5.7 63.8 1
10.3 63.8 1
5.7 68.4 1
10.3 68.4 1
5.7 73 1
10.3 73 1
5.7 77.6 1
10.3 77.6 1
5.7 82.2 1
10.3 82.2 1
5.7 86.8 1
10.3 86.8 1
5.7 91.4 1
10.3 91.4 1
14.9 8.6 1
14.9 13.2 1
14.9 17.8 1
14.9 22.4 1
14.9 27 1
14.9 31.6 1
14.9 36.2 1
14.9 40.8 1
14.9 45.4 1
14.9 50 1
14.9 54.6 1
14.9 59.2 1
14.9 63.8 1
14.9 68.4 1
14.9 73 1
14.9 77.6 1
14.9 82.2 1
14.9 86.8 1
14.9 91.4 1
19.5 8.6 1
19.5 13.2 1
19.5 17.8 1
19.5 22.4 1
19.5 27 1
19.5 31.6 1
19.5 36.2 1
19.5 40.8 1
19.5 45.4 1
19.5 50 1
19.5 54.6 1
19.5 59.2 1
19.5 63.8 1
19.5 68.4 1
19.5 73 1
19.5 77.6 1
19.5 82.2 1
19.5 86.8 1
19.5 91.4 1
24.1 8.6 1
24.1 13.2 1
24.1 17.8 1
24.1 22.4 1
24.1 27 1
24.1 31.6 1
24.1 36.2 1
24.1 40.8 1
24.1 45.4 1
24.1 50 1
24.1 54.6 1
24.1 59.2 1
24.1 63.8 1
24.1 68.4 1
24.1 73 1
24.1 77.6 1
24.1 82.2 1
24.1 86.8 1
24.1 91.4 1
28.7 8.6 1
28.7 13.2 1
28.7 17.8 1
28.7 22.4 1
28.7 27 1
28.7 31.6 1
28.7 36.2 1
28.7 40.8 1
28.7 45.4 1
28.7 50 1
28.7 54.6 1
28.7 59.2 1
28.7 63.8 1
28.7 68.4 1
28.7 73 1
28.7 77.6 1
28.7 82.2 1
28.7 86.8 1
28.7 91.4 1
33.3 8.6 1
33.3 13.2 1
33.3 17.8 1
33.3 22.4 1
33.3 27 1
33.3 31.6 1
33.3 36.2 1
33.3 40.8 1
33.3 45.4 1
33.3 50 1
33.3 54.6 1
33.3 59.2 1
33.3 63.8 1
33.3 68.4 1
33.3 73 1
33.3 77.6 1
33.3 82.2 1
33.3 86.8 1
33.3 91.4 1
37.9 8.6 1
37.9 13.2 1
37.9 17.8 1
37.9 22.4 1
37.9 27 1
37.9 31.6 1
37.9 36.2 1
37.9 40.8 1
37.9 45.4 1
37.9 50 1
37.9 54.6 1
37.9 59.2 1
37.9 63.8 1
37.9 68.4 1
37.9 73 1
37.9 77.6 1
37.9 82.2 1
37.9 86.8 1
37.9 91.4 1
42.5 8.6 1
42.5 13.2 1
42.5 17.8 1
42.5 22.4 1
42.5 27 1
42.5 31.6 1
42.5 36.2 1
42.5 40.8 1
42.5 45.4 1
42.5 50 1
42.5 54.6 1
42.5 59.2 1
42.5 63.8 1
42.5 68.4 1
42.5 73 1
42.5 77.6 1
42.5 82.2 1
42.5 86.8 1
42.5 91.4 1
47.1 8.6 1
47.1 13.2 1
47.1 17.8 1
47.1 22.4 1
47.1 27 1
47.1 31.6 1
47.1 36.2 1
47.1 40.8 1
47.1 45.4 1
47.1 50 1
47.1 54.6 1
47.1 59.2 1
47.1 63.8 1
47.1 68.4 1
47.1 73 1
47.1 77.6 1
47.1 82.2 1
47.1 86.8 1
47.1 91.4 1
51.7 8.6 1
51.7 13.2 1
51.7 17.8 1
51.7 22.4 1
51.7 27 1
51.7 45.4 1
51.7 50 1
51.7 54.6 1
51.7 59.2 1
51.7 63.8 1
51.7 68.4 1
51.7 73 1
51.7 77.6 1
51.7 82.2 1
51.7 86.8 1
51.7 91.4 1
56.3 8.6 1
56.3 13.2 1
56.3 17.8 1
56.3 22.4 1
56.3 27 1
56.3 50 1
56.3 54.6 1
56.3 59.2 1
56.3 63.8 1
56.3 68.4 1
56.3 73 1
56.3 77.6 1
56.3 82.2 1
56.3 86.8 1
56.3 91.4 1
60.9 8.6 1
60.9 13.2 1
60.9 17.8 1
60.9 22.4 1
60.9 59.2 1
60.9 63.8 1
60.9 68.4 1
60.9 73 1
60.9 77.6 1
60.9 82.2 1
60.9 86.8 1
60.9 91.4 1
65.5 8.6 1
65.5 13.2 1
65.5 17.8 1
65.5 22.4 1
65.5 68.4 1
65.5 73 1
65.5 77.6 1
65.5 82.2 1
65.5 86.8 1
65.5 91.4 1
70.1 8.6 1
70.1 13.2 1
70.1 17.8 1
70.1 22.4 1
65.5 27 1
70.1 27 1
70.1 68.4 0
70.1 73 0
70.1 77.6 1
70.1 82.2 1
70.1 86.8 1
70.1 91.4 1
74.7 8.6 1
74.7 13.2 1
74.7 17.8 1
74.7 22.4 1
74.7 27 1
74.7 73 0
74.7 77.6 0
74.7 82.2 1
74.7 86.8 1
74.7 91.4 1
79.3 8.6 1
79.3 13.2 1
79.3 17.8 1
79.3 22.4 1
79.3 27 1
79.3 73 0
79.3 77.6 0
79.3 82.2 1
79.3 86.8 1
79.3 91.4 1
83.9 8.6 1
83.9 13.2 1
83.9 17.8 1
83.9 22.4 1
83.9 27 1
83.9 73 0
83.9 77.6 0
83.9 82.2 1
83.9 86.8 1
83.9 91.4 1
88.5 8.6 1
88.5 13.2 1
88.5 17.8 1
88.5 22.4 1
88.5 27 1
88.5 73 0
88.5 77.6 0
88.5 82.2 0
88.5 86.8 1
88.5 91.4 1
93.1 8.6 1
93.1 13.2 1
93.1 17.8 1
93.1 22.4 1
93.1 27 1
88.5 31.6 0
93.1 31.6 0
88.5 68.4 0
93.1 68.4 0
93.1 73 0
93.1 77.6 0
93.1 82.2 1
93.1 86.8 1
93.1 91.4 1
97.7 8.6 1
97.7 13.2 1
97.7 17.8 1
97.7 22.4 1
97.7 27 0
97.7 31.6 0
97.7 68.4 0
97.7 73 0
97.7 77.6 0
97.7 82.2 1
97.7 86.8 1
97.7 91.4 1
102.3 8.6 1
102.3 13.2 1
102.3 17.8 1
102.3 22.4 1
102.3 27 1
102.3 31.6 0
97.7 36.2 0
102.3 36.2 0
97.7 40.8 0
102.3 40.8 0
97.7 59.2 0
97.7 63.8 0
102.3 59.2 0
102.3 63.8 0
102.3 68.4 0
102.3 73 0
102.3 77.6 1
102.3 82.2 1
102.3 86.8 1
102.3 91.4 1
106.9 8.6 1
106.9 13.2 1
106.9 17.8 1
106.9 22.4 1
106.9 27 1
106.9 31.6 1
106.9 36.2 0
106.9 40.8 0
102.3 45.4 0
106.9 45.4 0
102.3 54.6 0
106.9 54.6 0
106.9 59.2 0
106.9 63.8 0
106.9 68.4 0
106.9 73 1
106.9 77.6 1
106.9 82.2 1
106.9 86.8 1
106.9 91.4 1
111.5 8.6 1
111.5 13.2 1
111.5 17.8 1
111.5 22.4 1
111.5 27 1
111.5 36.2 0
111.5 40.8 0
111.5 59.2 0
111.5 63.8 0
111.5 68.4 0
111.5 73 1
111.5 77.6 1
111.5 82.2 1
111.5 86.8 1
111.5 91.4 1
116.1 8.6 1
116.1 13.2 1
116.1 17.8 1
116.1 22.4 1
116.1 59.2 0
116.1 63.8 0
116.1 68.4 1
116.1 73 1
116.1 77.6 1
116.1 82.2 1
116.1 86.8 1
116.1 91.4 1
120.7 8.6 1
120.7 13.2 1
120.7 17.8 1
120.7 22.4 1
120.7 59.2 1
120.7 63.8 1
120.7 68.4 1
120.7 73 1
120.7 77.6 1
120.7 82.2 1
120.7 86.8 1
120.7 91.4 1
125.3 8.6 1
125.3 13.2 1
125.3 17.8 1
125.3 22.4 1
120.7 40.8 0
120.7 45.4 0
125.3 40.8 0
125.3 45.4 1
120.7 50 0
125.3 50 1
120.7 54.6 0
125.3 54.6 1
125.3 59.2 1
125.3 63.8 1
125.3 68.4 1
125.3 73 1
125.3 77.6 1
125.3 82.2 1
125.3 86.8 1
125.3 91.4 1
129.9 8.6 1
129.9 13.2 1
129.9 17.8 1
129.9 22.4 1
125.3 27 1
129.9 27 1
129.9 40.8 1
129.9 45.4 1
129.9 50 1
129.9 54.6 1
129.9 59.2 1
129.9 63.8 1
129.9 68.4 1
129.9 73 1
129.9 77.6 1
129.9 82.2 1
129.9 86.8 1
129.9 91.4 1
134.5 8.6 1
134.5 13.2 1
134.5 17.8 1
134.5 22.4 1
134.5 27 1
134.5 40.8 1
134.5 45.4 1
134.5 50 1
134.5 54.6 1
134.5 59.2 1
134.5 63.8 1
134.5 68.4 1
134.5 73 1
134.5 77.6 1
134.5 82.2 1
134.5 86.8 1
134.5 91.4 1
139.1 8.6 1
139.1 13.2 1
139.1 17.8 1
139.1 22.4 1
139.1 45.4 1
139.1 50 1
139.1 54.6 1
139.1 59.2 1
139.1 63.8 1
139.1 68.4 1
139.1 73 1
139.1 77.6 1
139.1 82.2 1
139.1 86.8 1
139.1 91.4 1
143.7 8.6 1
143.7 13.2 1
143.7 17.8 1
143.7 22.4 1
143.7 45.4 1
143.7 50 1
143.7 54.6 1
143.7 59.2 1
143.7 63.8 1
143.7 68.4 1
143.7 73 1
143.7 77.6 1
143.7 82.2 1
143.7 86.8 1
143.7 91.4 1
148.3 8.6 1
148.3 13.2 1
148.3 17.8 1
148.3 22.4 1
148.3 45.4 1
148.3 50 1
148.3 54.6 1
148.3 59.2 1
148.3 63.8 1
148.3 68.4 1
148.3 73 1
148.3 77.6 1
148.3 82.2 1
148.3 86.8 1
148.3 91.4 1
152.9 8.6 1
152.9 13.2 1
152.9 17.8 1
152.9 22.4 1
148.3 27 1
152.9 27 1
148.3 40.8 1
152.9 40.8 1
152.9 45.4 1
152.9 50 1
152.9 54.6 1
152.9 59.2 1
152.9 63.8 1
152.9 68.4 1
152.9 73 1
152.9 77.6 1
152.9 82.2 1
152.9 86.8 1
152.9 91.4 1
157.5 8.6 1
157.5 13.2 1
157.5 17.8 1
157.5 22.4 1
157.5 27 1
152.9 31.6 1
157.5 31.6 1
152.9 36.2 1
157.5 36.2 1
157.5 40.8 1
157.5 45.4 1
157.5 50 1
157.5 54.6 1
157.5 59.2 1
157.5 63.8 1
157.5 68.4 1
157.5 73 1
157.5 77.6 1
157.5 82.2 1
157.5 86.8 1
157.5 91.4 1
162.1 8.6 1
162.1 13.2 1
162.1 17.8 1
162.1 22.4 1
162.1 27 1
162.1 31.6 1
162.1 36.2 1
162.1 40.8 1
162.1 45.4 1
162.1 50 1
162.1 54.6 1
162.1 59.2 1
162.1 63.8 1
162.1 68.4 1
162.1 73 1
162.1 77.6 1
162.1 82.2 1
162.1 86.8 1
162.1 91.4 1
166.7 8.6 1
166.7 13.2 1
166.7 17.8 1
166.7 22.4 1
166.7 27 1
166.7 31.6 1
166.7 36.2 1
166.7 40.8 1
166.7 45.4 1
166.7 50 1
166.7 54.6 1
166.7 59.2 1
166.7 63.8 1
166.7 68.4 1
166.7 73 1
166.7 77.6 1
166.7 82.2 1
166.7 86.8 1
166.7 91.4 1
171.3 8.6 1
171.3 13.2 1
171.3 17.8 1
171.3 22.4 1
171.3 27 1
171.3 31.6 1
171.3 36.2 1
171.3 40.8 1
171.3 45.4 1
171.3 50 1
171.3 54.6 1
171.3 59.2 1
171.3 63.8 1
171.3 68.4 1
171.3 73 1
171.3 77.6 1
171.3 82.2 1
171.3 86.8 1
171.3 91.4 1
175.9 8.6 1
175.9 13.2 1
175.9 17.8 1
175.9 22.4 1
175.9 27 1
175.9 31.6 1
175.9 36.2 1
175.9 40.8 1
175.9 45.4 1
175.9 50 1
175.9 54.6 1
175.9 59.2 1
175.9 63.8 1
175.9 68.4 1
175.9 73 1
175.9 77.6 1
175.9 82.2 1
175.9 86.8 1
175.9 91.4 1
180.5 8.6 1
180.5 13.2 1
180.5 17.8 1
180.5 22.4 1
180.5 27 1
180.5 31.6 1
180.5 36.2 1
180.5 40.8 1
180.5 45.4 1
180.5 50 1
180.5 54.6 1
180.5 59.2 1
180.5 63.8 1
180.5 68.4 1
180.5 73 1
180.5 77.6 1
180.5 82.2 1
180.5 86.8 1
180.5 91.4 1
185.1 8.6 1
185.1 13.2 1
185.1 17.8 1
185.1 22.4 1
185.1 27 1
185.1 31.6 1
185.1 36.2 1
185.1 40.8 1
185.1 45.4 1
185.1 50 1
185.1 54.6 1
185.1 59.2 1
185.1 63.8 1
185.1 68.4 1
185.1 73 1
185.1 77.6 1
185.1 82.2 1
185.1 86.8 1
185.1 91.4 1
189.7 8.6 1
189.7 13.2 1
189.7 17.8 1
189.7 22.4 1
189.7 27 1
189.7 31.6 1
189.7 36.2 1
189.7 40.8 1
189.7 45.4 1
189.7 50 1
189.7 54.6 1
189.7 59.2 1
189.7 63.8 1
189.7 68.4 1
189.7 73 1
189.7 77.6 1
189.7 82.2 1
189.7 86.8 1
189.7 91.4 1
194.3 8.6 1
194.3 13.2 1
194.3 17.8 1
194.3 22.4 1
194.3 27 1
194.3 31.6 1
194.3 36.2 1
194.3 40.8 1
194.3 45.4 1
194.3 50 1
194.3 54.6 1
194.3 59.2 1
194.3 63.8 1
194.3 68.4 1
194.3 73 1
194.3 77.6 1
194.3 82.2 1
194.3 86.8 1
194.3 91.4 1
74.5141 39.0336 1
83.6006 39.1018 0
69.5014 59.8186 0
63.1099 29.8359 1
73.9827 53.6948 0
114.86 52.0313 0
77.4596 66.9265 0
62.5591 38.7886 1
109.466 52.3191 0
81.4272 51.9181 0
58.4286 37.5909 1
54.2906 34.9806 1
76.7885 33.1159 1
74.8137 59.8529 0
88.9953 60.2867 0
69.8675 40.175 1
89.2359 39.913 0
118.595 30.6608 1
109.136 47.2141 0
68.161 54.2749 0
83.1159 59.4197 0
99.9544 48.0587 0
66.4573 35.9932 1
114.245 42.9264 0
127.552 29.9865 1
146.248 29.4676 1
95.6319 51.8689 0
100.042 52.839 0
39.9313 95.7 1
84.3252 46.7972 0
113.436 47.911 0
54.8577 42.8809 1
118.201 52.0465 0
109.736 56.4857 0
3.2994 3.96654 1
122.16 25.388 1
178.766 95.6991 1
77.2576 70.4112 0
81.5706 33.9127 0
115.251 34.1197 1
113.796 56.1711 0
126.872 34.4328 1
65.843 40.4597 1
63.5039 51.5095 0
53.7321 95.7002 1
76.8643 29.475 1
62.7587 25.2085 1
150.023 29.7929 1
2.24281 7.36763 1
131.582 29.8667 1
137.376 25.3719 1
144.96 33.7479 1
193.345 95.5879 1
164.775 95.7007 1
58.8891 47.7123 1
113.955 95.7003 1
118.089 26.3215 1
118.181 38.0949 0
104.546 48.7002 0
118.213 43.3456 0
85.1611 30.1639 0
95.4542 56.7631 0
3.52091 94.1016 1
85.6542 70.1573 0
145.003 42.2716 1
49.8025 29.9963 1
114.214 25.6726 1
109.74 29.894 1
95.7035 95.7008 1
109.592 43.2944 0
183.64 4.30866 1
137.697 42.774 1
100.452 95.7009 1
149.618 34.0674 1
73.1951 65.2206 0
155.93 95.7004 1
66.338 45.9437 1
137.07 33.8891 1
114.44 4.29861 1
128.023 95.7011 1
59.1183 52.9126 1
117.815 56.061 0
72.6522 95.7007 1
196.57 5.92235 1
95.7341 4.29797 1
50.6621 38.5501 1
146.496 95.7011 1
63.4107 95.7007 1
61.2433 42.8954 1
94.5124 42.8234 0
94.4682 47.5646 0
117.613 47.6674 0
63.9992 65.6922 1
73.1326 69.947 0
122.488 29.0968 1
141.974 25.9247 1
86.0524 66.3933 0
54.1232 4.29805 1
169.132 4.29967 1
99.7622 56.6617 0
99.1201 43.779 0
131.4 33.6077 1
140.217 38.6168 1
114.082 38.2912 0
145.825 25.1657 1
59.2398 25.5526 1
88.7786 45.7672 0
49.9401 42.7995 1
58.6121 31.2773 1
87.1337 54.5054 0
104.617 52.4539 0
127.625 38.2364 1
80.9787 29.8142 1
86.0508 34.6769 0
110.143 33.3767 1
146.145 37.6857 1
150.22 38.1625 1
7.60615 95.4541 1
71.6254 4.29875 1
2.79655 11.2014 1
59.0101 56.6739 1
164.932 4.29963 1
63.4259 56.5915 1
35.2463 95.7011 1
50.0577 33.7126 1
133.029 95.7003 1
81.6155 69.7545 0
76.2915 4.29824 1
100.675 4.29749 1
174.032 95.701 1
197.146 88.4497 1
110.046 4.29759 1
146.937 4.29749 1
142 30.9288 1
90.7917 4.29751 1
44.526 95.7005 1
2.84541 15.7138 1
12.1374 95.6631 1
12.7392 4.29355 1
197.149 84.2576 1
2.84958 20.2777 1
2.85003 75.15 1
2.84995 24.8502 1
2.85 70.5771 1
2.85055 79.7229 1
35.8859 4.29764 1
2.85005 29.4235 1
2.8501 66.0038 1
131.43 37.5101 1
197.15 79.7193 1
2.85033 33.9959 1
2.8505 61.4314 1
2.85058 56.8592 1
197.15 24.8499 1
197.15 75.1496 1
2.85052 38.5683 1
2.85057 43.141 1
2.85059 47.7138 1
2.85059 52.2865 1
197.15 29.4226 1
197.15 33.9954 1
197.15 38.5681 1
197.15 43.1408 1
197.15 47.7135 1
197.15 52.2863 1
197.15 56.859 1
197.15 61.4317 1
197.15 66.0045 1
197.15 70.5772 1
197.149 20.2773 1
2.85566 84.2931 1
197.144 15.7064 1
178.639 4.29963 1
128.438 4.29747 1
63.6805 4.2991 1
151.503 95.7012 1
105.391 4.29753 1
151.644 4.29754 1
160.931 4.29821 1
141.605 95.7011 1
142.267 4.29777 1
40.6526 4.29783 1
156.305 4.29777 1
67.7276 4.29919 1
197.099 11.1527 1
30.6859 4.2981 1
121.407 33.1501 1
17.4963 4.29737 1
76.9587 95.7009 1
81.5209 4.29717 1
2.90613 88.8377 1
95.0818 34.3075 0
188.545 4.35654 1
141.22 42.9262 1
133.106 4.29748 1
16.7251 95.696 1
45.3604 4.29792 1
22.1553 4.29766 1
94.9614 65.7296 0
59.0184 4.29831 1
137.679 4.29757 1
123.094 95.7019 1
123.766 4.29747 1
26.1592 4.29887 1
21.2907 95.7006 1
72.6561 29.9763 1
85.9894 95.7007 1
58.6492 95.701 1
68.0206 95.7017 1
91.0822 35.2719 0
7.77151 4.22342 1
94.1122 61.6315 0
64.4476 61.6729 1
86.4349 4.29859 1
90.4628 95.7013 1
72.4824 45.8977 0
67.9378 30.8149 1
118.904 4.29727 1
69.3698 50.7585 0
183.649 95.6958 1
53.5936 30.7107 1
49.7134 4.29818 1
113.913 30.1917 1
