112 50 1
154 45 1
137.051 49.9105 1
154.743 29.1382 1
122.056 62.0588 1
132.189 43.9398 1
156.862 52.4144 1
157.387 35.35 1
142.65 38.7413 1
128.018 45.9482 1
159.99 56.6898 1
126.89 34.118 1
109.978 66.0747 1
141.484 61.6734 1
136.996 66.944 1
48.0957 33.9451 1
136.294 62.3568 1
141.253 66.0928 1
86.2513 64.8017 1
155.463 48.3076 1
156.269 60.1871 1
105.158 69.986 1
31.7577 30.3859 1
127.77 39.7576 1
2.9671 3.06599 0
71.6679 38.0453 1
101.605 64.4944 1
137.262 70.4599 1
139.474 42.866 1
126.206 59.6379 1
62.9443 95.6987 0
192.367 95.3988 0
145.96 61.1496 1
105.263 25.6259 1
142.239 29.6731 1
150.921 41.9144 1
65.1417 41.4583 1
99.8917 95.6989 0
142.506 56.2595 1
164.679 95.699 1
113.838 95.6995 1
68.1795 34.3298 1
154.634 25.1009 1
113.855 25.6209 1
127.376 95.6992 1
85.9344 30.5154 1
40.0223 46.0075 1
72.5394 95.6993 0
12.3724 4.31483 0
44.0649 4.30089 0
178.178 95.6981 0
3.48006 94.0956 1
140.821 70.0362 1
145.29 65.3841 1
145.999 95.6991 1
108.898 4.30124 1
117.582 74.6651 1
108.879 74.2248 1
132.089 95.6992 1
117.937 25.0516 1
137.326 4.30072 1
141.232 95.6993 1
172.995 39.3522 1
196.564 5.92415 0
165.198 4.3009 1
53.3292 95.6992 1
76.541 4.30071 0
48.4751 38.9272 1
58.0845 4.30114 0
178.303 4.30183 0
155.236 4.30088 1
30.3024 95.6989 1
182.946 95.6935 0
90.339 4.30076 0
160.311 43.8216 1
95.5551 34.3982 1
104.851 74.8083 1
117.196 69.8612 1
86.3244 69.1622 0
167.99 40.0655 1
20.9899 4.30188 0
48.6653 42.6987 1
72.2762 31.4964 1
76.1873 69.0237 1
164.228 43.599 1
127.19 29.6967 1
172.505 47.9052 1
127.049 70.1322 1
136.321 57.0071 1
48.3879 4.30088 0
132.306 4.30093 1
76.2791 61.1206 1
39.893 95.6987 1
39.7658 38.3783 1
151.129 25.4556 1
86.1788 95.6988 0
159.767 30.859 1
117.977 62.4641 1
168.128 51.806 1
53.0699 4.30089 0
76.9574 95.6995 0
62.9501 4.30158 0
125.87 65.3648 1
32.3845 42.0326 1
150.987 95.6992 1
12.0989 95.6529 1
173.345 4.30125 1
59.4336 57.2272 1
146.224 30.4315 1
31.4389 35.4208 1
127.069 4.30092 1
7.53929 95.4209 1
197.091 88.8609 0
2.87644 11.1751 1
150.2 4.30121 1
63.7664 33.9433 1
118.736 34.7422 1
197.144 84.2948 0
2.85297 15.7088 1
197.149 79.7227 0
2.85028 20.2777 1
2.85 24.85 1
2.84997 29.4227 1
2.84997 33.9955 1
2.84997 38.5682 1
2.84997 43.1409 1
2.84997 47.7136 1
2.84997 52.2864 1
2.84997 56.8591 1
2.84997 61.4318 1
2.84997 66.0045 1
2.84997 70.5773 1
2.85002 75.15 1
197.15 24.85 0
197.15 29.4227 0
197.15 33.9955 0
197.15 38.5682 0
197.15 43.1409 0
197.15 47.7136 0
197.15 52.2864 0
197.15 56.8591 0
197.15 61.4318 0
197.15 66.0045 0
197.15 70.5773 0
197.15 75.15 0
2.85052 79.7226 1
197.149 20.2774 0
67.5338 4.30084 0
16.7161 95.6918 1
197.144 15.706 0
2.85539 84.2934 1
123.028 95.6996 1
183.266 4.30757 0
122.3 4.30149 1
81.5399 95.6994 0
77.1979 30.3147 1
81.3916 4.30053 0
7.38182 4.39391 0
197.098 11.1487 0
114.552 64.8588 1
2.90351 88.8466 1
35.5029 30.8099 1
104.557 95.6991 0
103.936 4.30099 1
113.766 4.30076 1
59.8793 52.3248 1
151.195 60.6839 1
159.416 48.8067 1
155.636 95.6987 1
90.7744 95.6993 0
21.2681 95.6982 1
35.2066 4.30074 0
169.352 95.6987 1
172.943 51.8111 1
67.7848 50.4741 1
29.9677 4.30096 0
146.144 4.30135 1
35.201 95.6987 1
44.5211 95.6993 1
71.6958 69.7507 1
122.581 69.7036 1
147.882 53.5739 1
44.2955 25.3178 1
131.531 53.9345 1
99.2002 4.30111 1
95.3652 29.72 1
95.9747 65.5425 1
100.861 34.8569 1
48.8441 29.859 1
67.825 95.6988 0
95.4885 70.1593 1
132.291 34.564 1
154.036 56.0357 1
136.016 33.875 1
81.686 69.7346 0
100.45 30.2643 1
58.0704 95.6991 0
72.3268 61.2744 1
123.669 56.3691 1
196.476 94.1037 0
163.157 59.9416 1
162.718 36.2939 1
68.0857 30.0012 1
100.002 69.5616 1
141.918 4.30069 1
152.037 49.664 1
16.3766 4.30392 0
130.748 60.4783 1
59.0915 61.1843 1
160.541 4.30082 1
71.8254 4.30075 0
122.748 30.1937 1
26.8537 34.3087 1
25.5353 4.30138 0
59.7007 43.515 1
104.366 61.5116 1
40.6273 25.6046 1
169.024 4.30131 1
67.9981 70.2649 1
188.236 4.35231 0
40.1787 4.30059 0
85.7286 4.30091 0
25.6209 95.6988 1
68.1966 38.8419 1
94.8332 4.301 1
159.483 60.8503 1
75.4652 57.713 1
34.976 46.4012 1
163.779 30.3545 1
63.6761 61.13 1
168.104 56.2575 1
63.6004 65.7686 1
146.148 42.334 1
53.9904 38.5326 1
164.195 47.2978 1
117.94 4.30102 1
109.476 26.2717 1
31.438 46.835 1
58.44 38.9485 1
72.8492 47.9004 1
150.401 29.9073 1
173.947 95.6982 1
187.885 95.6461 0
192.804 4.63886 0
104.89 30.5037 1
68.3872 65.9639 1
90.5503 29.7635 1
143.993 46.4401 1
75.0883 41.9611 1
3.15559 6.37932 0
109.905 60.4364 1
109.252 95.6993 1
136.929 95.6994 1
44.1348 46.634 1
90.6003 70.2206 0
95.3793 95.6991 0
118.413 95.6993 1
131.976 65.6261 1
68.2502 57.103 1
112.853 33.908 1
159.841 53.2164 1
163.547 55.3089 1
113.326 73.9257 1
160.192 95.6988 1
43.679 41.4521 1
104.715 56.5197 1
49.0793 95.6991 1
90.3645 33.6676 1
27.1066 37.7675 1
172.344 43.5919 1
80.3077 38.519 1
59.4614 48.122 1
72.6595 56.7666 1
44.911 29.9749 1
126.368 50.0616 1
75.6777 52.5986 1
119.421 65.6139 1
168.191 34.9346 1
90.1196 66.5595 0
122.258 44.5219 1
36.6485 26.111 1
158.792 39.3885 1
87.6354 39.517 1
81.4277 30.1747 1
144.629 35.385 1
154.826 38.6055 1
99.8016 59.7682 1
79.2264 64.4499 0
37.2734 34.9586 1
43.5443 35.8029 1
148.817 57.6834 1
40.029 30.7436 1
69.2226 44.08 1
103.877 39.4619 1
71.1345 53.0107 1
79.4738 57.5353 0
115.513 42.7135 1
108.808 44.5787 1
124.327 39.0228 1
85.2818 34.9973 1
114.95 38.2138 1
73.7474 64.9997 1
37.931 42.2009 1
84.5826 65.7834 0
65.597 36.2385 1
150.39 44.6716 1
159.193 56.6652 1
92.4429 38.2441 1
0 100 1
0 95.4545 1
0 90.9091 1
0 86.3636 1
0 81.8182 1
0 77.2727 1
0 72.7273 1
0 68.1818 1
0 63.6364 1
0 59.0909 1
0 54.5455 1
0 50 1
0 45.4545 1
0 40.9091 1
0 36.3636 1
0 31.8182 1
0 27.2727 1
0 22.7273 1
0 18.1818 1
0 13.6364 1
0 9.09091 0
0 4.54545 0
0 0 0
200 100 0
195.349 100 0
190.698 100 0
186.047 100 0
181.395 100 0
176.744 100 0
172.093 100 1
167.442 100 1
162.791 100 1
158.14 100 1
153.488 100 1
148.837 100 1
144.186 100 1
139.535 100 1
134.884 100 1
130.233 100 1
125.581 100 1
120.93 100 1
116.279 100 1
111.628 100 0
106.977 100 0
102.326 100 0
97.6744 100 0
93.0233 100 0
88.3721 100 0
83.7209 100 0
79.0698 100 0
74.4186 100 0
69.7674 100 0
65.1163 100 0
60.4651 100 0
55.814 100 0
51.1628 100 0
46.5116 100 1
41.8605 100 1
37.2093 100 1
32.5581 100 1
27.907 100 1
23.2558 100 1
18.6047 100 1
13.9535 100 1
9.30233 100 1
4.65116 100 1
200 0 0
200 4.54545 0
200 9.09091 0
200 13.6364 0
200 18.1818 0
200 22.7273 0
200 27.2727 0
200 31.8182 0
200 36.3636 0
200 40.9091 0
200 45.4545 0
200 50 0
200 54.5455 0
200 59.0909 0
200 63.6364 0
200 68.1818 0
200 72.7273 0
200 77.2727 0
200 81.8182 0
200 86.3636 0
200 90.9091 0
200 95.4545 0
4.65116 0 0
9.30233 0 0
13.9535 0 0
18.6047 0 0
23.2558 0 0
27.907 0 0
32.5581 0 0
37.2093 0 0
41.8605 0 0
46.5116 0 0
51.1628 0 0
55.814 0 0
60.4651 0 0
65.1163 0 0
69.7674 0 0
74.4186 0 0
79.0698 0 0
83.7209 0 0
88.3721 0 0
93.0233 0 0
97.6744 0 1
102.326 0 1
106.977 0 1
111.628 0 1
116.279 0 1
120.93 0 1
125.581 0 1
130.233 0 1
134.884 0 1
139.535 0 1
144.186 0 1
148.837 0 1
153.488 0 1
158.14 0 1
162.791 0 1
167.442 0 1
172.093 0 1
176.744 0 0
181.395 0 0
186.047 0 0
190.698 0 0
195.349 0 0
63.0697 55.2924 1
147.796 49.1983 1
5.7 8.6 0
5.7 13.2 1
10.3 8.6 0
10.3 13.2 1
5.7 17.8 1
10.3 17.8 1
5.7 22.4 1
10.3 22.4 1
5.7 27 1
10.3 27 1
5.7 31.6 1
10.3 31.6 1
5.7 36.2 1
10.3 36.2 1
5.7 40.8 1
10.3 40.8 1
5.7 45.4 1
10.3 45.4 1
5.7 50 1
10.3 50 1
5.7 54.6 1
10.3 54.6 1
5.7 59.2 1
10.3 59.2 1
5.7 63.8 1
10.3 63.8 1
5.7 68.4 1
10.3 68.4 1
5.7 73 1
10.3 73 1
5.7 77.6 1
10.3 77.6 1
5.7 82.2 1
10.3 82.2 1
5.7 86.8 1
10.3 86.8 1
5.7 91.4 1
10.3 91.4 1
14.9 8.6 1
14.9 13.2 1
14.9 17.8 1
14.9 22.4 1
14.9 27 1
14.9 31.6 1
14.9 36.2 1
14.9 40.8 1
14.9 45.4 1
14.9 50 1
14.9 54.6 1
14.9 59.2 1
14.9 63.8 1
14.9 68.4 1
14.9 73 1
14.9 77.6 1
14.9 82.2 1
14.9 86.8 1
14.9 91.4 1
19.5 8.6 1
19.5 13.2 1
19.5 17.8 1
19.5 22.4 1
19.5 27 1
19.5 31.6 1
19.5 36.2 1
19.5 40.8 1
19.5 45.4 1
19.5 50 1
19.5 54.6 1
19.5 59.2 1
19.5 63.8 1
19.5 68.4 1
19.5 73 1
19.5 77.6 1
19.5 82.2 1
19.5 86.8 1
19.5 91.4 1
24.1 8.6 1
24.1 13.2 1
24.1 17.8 1
24.1 22.4 1
24.1 27 1
24.1 31.6 1
24.1 36.2 1
24.1 40.8 1
24.1 45.4 1
24.1 50 1
24.1 54.6 1
24.1 59.2 1
24.1 63.8 1
24.1 68.4 1
24.1 73 1
24.1 77.6 1
24.1 82.2 1
24.1 86.8 1
24.1 91.4 1
28.7 8.6 1
28.7 13.2 1
28.7 17.8 1
28.7 22.4 1
28.7 27 1
28.7 31.6 1
28.7 40.8 1
28.7 45.4 1
28.7 50 1
28.7 54.6 1
28.7 59.2 1
28.7 63.8 1
28.7 68.4 1
28.7 73 1
28.7 77.6 1
28.7 82.2 1
28.7 86.8 1
28.7 91.4 1
33.3 8.6 1
33.3 13.2 1
33.3 17.8 1
33.3 22.4 1
33.3 27 1
33.3 50 1
33.3 54.6 1
33.3 59.2 1
33.3 63.8 1
33.3 68.4 1
33.3 73 1
33.3 77.6 1
33.3 82.2 1
33.3 86.8 1
33.3 91.4 1
37.9 8.6 0
37.9 13.2 1
37.9 17.8 1
37.9 22.4 1
37.9 50 1
37.9 54.6 1
37.9 59.2 1
37.9 63.8 1
37.9 68.4 1
37.9 73 1
37.9 77.6 1
37.9 82.2 1
37.9 86.8 1
37.9 91.4 1
42.5 8.6 0
42.5 13.2 1
42.5 17.8 1
42.5 22.4 1
42.5 50 1
42.5 54.6 1
42.5 59.2 1
42.5 63.8 1
42.5 68.4 1
42.5 73 1
42.5 77.6 1
42.5 82.2 1
42.5 86.8 1
42.5 91.4 1
47.1 8.6 0
47.1 13.2 1
47.1 17.8 1
47.1 22.4 1
47.1 50 1
47.1 54.6 1
47.1 59.2 1
47.1 63.8 1
47.1 68.4 1
47.1 73 1
47.1 77.6 1
47.1 82.2 1
47.1 86.8 1
47.1 91.4 1
51.7 8.6 0
51.7 13.2 0
51.7 17.8 1
51.7 22.4 1
47.1 27 1
51.7 27 1
47.1 45.4 1
51.7 45.4 1
51.7 50 1
51.7 54.6 1
51.7 59.2 1
51.7 63.8 1
51.7 68.4 1
51.7 73 1
51.7 77.6 1
51.7 82.2 1
51.7 86.8 1
51.7 91.4 1
56.3 8.6 0
56.3 13.2 0
56.3 17.8 1
56.3 22.4 1
56.3 27 1
51.7 31.6 1
56.3 31.6 1
51.7 36.2 1
56.3 36.2 1
51.7 40.8 1
56.3 40.8 1
56.3 45.4 1
56.3 50 1
56.3 54.6 1
56.3 59.2 1
56.3 63.8 1
56.3 68.4 1
56.3 73 1
56.3 77.6 1
56.3 82.2 1
56.3 86.8 1
56.3 91.4 1
60.9 8.6 0
60.9 13.2 0
60.9 17.8 1
60.9 22.4 1
60.9 27 1
60.9 31.6 1
60.9 36.2 1
60.9 63.8 1
60.9 68.4 1
60.9 73 1
60.9 77.6 1
60.9 82.2 1
60.9 86.8 0
60.9 91.4 0
65.5 8.6 0
65.5 13.2 0
65.5 17.8 0
65.5 22.4 1
65.5 27 1
65.5 31.6 1
65.5 68.4 1
65.5 73 1
65.5 77.6 1
65.5 82.2 0
65.5 86.8 0
65.5 91.4 0
70.1 8.6 0
70.1 13.2 0
70.1 17.8 0
70.1 22.4 0
70.1 27 1
70.1 73 0
70.1 77.6 0
70.1 82.2 0
70.1 86.8 0
70.1 91.4 0
74.7 8.6 0
74.7 13.2 0
74.7 17.8 0
74.7 22.4 0
74.7 27 1
74.7 73 0
74.7 77.6 0
74.7 82.2 0
74.7 86.8 0
74.7 91.4 0
79.3 8.6 0
79.3 13.2 0
79.3 17.8 0
79.3 22.4 0
79.3 27 0
79.3 73 0
79.3 77.6 0
79.3 82.2 0
79.3 86.8 0
79.3 91.4 0
83.9 8.6 0
83.9 13.2 0
83.9 17.8 0
83.9 22.4 0
83.9 27 0
83.9 73 0
83.9 77.6 0
83.9 82.2 0
83.9 86.8 0
83.9 91.4 0
88.5 8.6 0
88.5 13.2 0
88.5 17.8 0
88.5 22.4 0
88.5 27 1
88.5 73 0
88.5 77.6 0
88.5 82.2 0
88.5 86.8 0
88.5 91.4 0
93.1 8.6 0
93.1 13.2 0
93.1 17.8 1
93.1 22.4 1
93.1 27 1
93.1 73 0
93.1 77.6 0
93.1 82.2 0
93.1 86.8 0
93.1 91.4 0
97.7 8.6 1
97.7 13.2 1
97.7 17.8 1
97.7 22.4 1
97.7 27 1
93.1 31.6 1
97.7 31.6 1
93.1 68.4 0
97.7 68.4 0
97.7 73 0
97.7 77.6 0
97.7 82.2 0
97.7 86.8 0
97.7 91.4 0
102.3 8.6 1
102.3 13.2 1
102.3 17.8 1
102.3 22.4 1
102.3 27 1
102.3 73 1
102.3 77.6 1
102.3 82.2 0
102.3 86.8 0
102.3 91.4 0
106.9 8.6 1
106.9 13.2 1
106.9 17.8 1
106.9 22.4 1
106.9 27 1
106.9 73 1
106.9 77.6 1
106.9 82.2 1
106.9 86.8 1
106.9 91.4 0
111.5 8.6 1
111.5 13.2 1
111.5 17.8 1
111.5 22.4 1
111.5 77.6 1
111.5 82.2 1
111.5 86.8 1
111.5 91.4 1
116.1 8.6 1
116.1 13.2 1
116.1 17.8 1
116.1 22.4 1
116.1 77.6 1
116.1 82.2 1
116.1 86.8 1
116.1 91.4 1
120.7 8.6 1
120.7 13.2 1
120.7 17.8 1
120.7 22.4 1
116.1 27 1
120.7 27 1
116.1 73 1
120.7 73 1
120.7 77.6 1
120.7 82.2 1
120.7 86.8 1
120.7 91.4 1
125.3 8.6 1
125.3 13.2 1
125.3 17.8 1
125.3 22.4 1
125.3 27 1
125.3 73 1
125.3 77.6 1
125.3 82.2 1
125.3 86.8 1
125.3 91.4 1
129.9 8.6 1
129.9 13.2 1
129.9 17.8 1
129.9 22.4 1
129.9 27 1
125.3 31.6 1
129.9 31.6 1
125.3 68.4 1
129.9 68.4 1
129.9 73 1
129.9 77.6 1
129.9 82.2 1
129.9 86.8 1
129.9 91.4 1
134.5 8.6 1
134.5 13.2 1
134.5 17.8 1
134.5 22.4 1
134.5 27 1
134.5 31.6 1
134.5 68.4 1
134.5 73 1
134.5 77.6 1
134.5 82.2 1
134.5 86.8 1
134.5 91.4 1
139.1 8.6 1
139.1 13.2 1
139.1 17.8 1
139.1 22.4 1
139.1 27 1
139.1 31.6 1
134.5 36.2 1
139.1 36.2 1
134.5 59.2 1
134.5 63.8 1
139.1 59.2 1
139.1 63.8 1
139.1 68.4 1
139.1 73 1
139.1 77.6 1
139.1 82.2 1
139.1 86.8 1
139.1 91.4 1
143.7 8.6 1
143.7 13.2 1
143.7 17.8 1
143.7 22.4 1
143.7 27 1
143.7 31.6 1
143.7 59.2 1
143.7 63.8 1
143.7 68.4 1
143.7 73 1
143.7 77.6 1
143.7 82.2 1
143.7 86.8 1
143.7 91.4 1
148.3 8.6 1
148.3 13.2 1
148.3 17.8 1
148.3 22.4 1
148.3 27 1
148.3 63.8 1
148.3 68.4 1
148.3 73 1
148.3 77.6 1
148.3 82.2 1
148.3 86.8 1
148.3 91.4 1
152.9 8.6 1
152.9 13.2 1
152.9 17.8 1
152.9 22.4 1
152.9 27 1
152.9 63.8 1
152.9 68.4 1
152.9 73 1
152.9 77.6 1
152.9 82.2 1
152.9 86.8 1
152.9 91.4 1
157.5 8.6 1
157.5 13.2 1
157.5 17.8 1
157.5 22.4 1
157.5 27 1
157.5 63.8 1
157.5 68.4 1
157.5 73 1
157.5 77.6 1
157.5 82.2 1
157.5 86.8 1
157.5 91.4 1
162.1 8.6 1
162.1 13.2 1
162.1 17.8 1
162.1 22.4 1
162.1 27 1
162.1 63.8 1
162.1 68.4 1
162.1 73 1
162.1 77.6 1
162.1 82.2 1
162.1 86.8 1
162.1 91.4 1
166.7 8.6 1
166.7 13.2 1
166.7 17.8 1
166.7 22.4 1
166.7 27 1
166.7 63.8 1
166.7 68.4 1
166.7 73 1
166.7 77.6 1
166.7 82.2 1
166.7 86.8 1
166.7 91.4 1
171.3 8.6 1
171.3 13.2 1
171.3 17.8 1
171.3 22.4 1
171.3 27 1
166.7 31.6 1
171.3 31.6 1
166.7 59.2 1
171.3 59.2 1
171.3 63.8 1
171.3 68.4 1
171.3 73 1
171.3 77.6 1
171.3 82.2 1
171.3 86.8 1
171.3 91.4 1
175.9 8.6 0
175.9 13.2 0
175.9 17.8 1
175.9 22.4 1
175.9 27 1
175.9 31.6 1
171.3 36.2 1
175.9 36.2 1
171.3 40.8 1
175.9 40.8 1
171.3 50 1
171.3 54.6 1
175.9 50 1
175.9 54.6 1
175.9 59.2 1
175.9 63.8 1
175.9 68.4 1
175.9 73 1
175.9 77.6 1
175.9 82.2 1
175.9 86.8 1
175.9 91.4 1
180.5 8.6 0
180.5 13.2 0
180.5 17.8 0
180.5 22.4 0
180.5 27 0
180.5 31.6 1
180.5 36.2 0
180.5 40.8 1
175.9 45.4 1
180.5 45.4 1
180.5 50 1
180.5 54.6 1
180.5 59.2 1
180.5 63.8 1
180.5 68.4 1
180.5 73 1
180.5 77.6 1
180.5 82.2 1
180.5 86.8 1
180.5 91.4 1
185.1 8.6 0
185.1 13.2 0
185.1 17.8 0
185.1 22.4 0
185.1 27 0
185.1 31.6 0
185.1 36.2 0
185.1 40.8 0
185.1 45.4 0
185.1 50 0
185.1 54.6 0
185.1 59.2 0
185.1 63.8 0
185.1 68.4 1
185.1 73 1
185.1 77.6 0
185.1 82.2 0
185.1 86.8 0
185.1 91.4 0
189.7 8.6 0
189.7 13.2 0
189.7 17.8 0
189.7 22.4 0
189.7 27 0
189.7 31.6 0
189.7 36.2 0
189.7 40.8 0
189.7 45.4 0
189.7 50 0
189.7 54.6 0
189.7 59.2 0
189.7 63.8 0
189.7 68.4 0
189.7 73 0
189.7 77.6 0
189.7 82.2 0
189.7 86.8 0
189.7 91.4 0
194.3 8.6 0
194.3 13.2 0
194.3 17.8 0
194.3 22.4 0
194.3 27 0
194.3 31.6 0
194.3 36.2 0
194.3 40.8 0
194.3 45.4 0
194.3 50 0
194.3 54.6 0
194.3 59.2 0
194.3 63.8 0
194.3 68.4 0
194.3 73 0
194.3 77.6 0
194.3 82.2 0
194.3 86.8 0
194.3 91.4 0
86.8388 62.2109 0
152.935 34.413 1
127.272 43.3039 1
63.2239 50.5161 1
62.0682 39.9644 1
127.591 55.5115 1
82.1057 43.6045 0
106.602 65.1406 1
75.6566 34.4648 1
149.214 39.1047 1
92.1822 61.3419 0
81.1557 50.7325 0
163.364 40.4351 1
86.915 49.9694 0
122.326 66.9044 1
35.2199 38.3838 1
158.089 34.567 1
113.635 29.0468 1
63.9893 45.5647 1
169.468 47.6649 1
126.309 60.8253 1
131.475 39.7011 1
69.6864 35.5874 1
120.347 62.1514 1
40 37 1
