81.2306 48.1915 0
74.7201 42.8114 0
109.813 71.3171 0
77.664 60.6143 0
84.5009 51.3554 0
72.6833 47.6546 0
87.5675 45.0047 0
69.67 52.4647 0
0 100 1
0 95.4545 1
0 90.9091 1
0 86.3636 1
0 81.8182 1
0 77.2727 1
0 72.7273 1
0 68.1818 1
0 63.6364 1
0 59.0909 1
0 54.5455 1
0 50 1
0 45.4545 1
0 40.9091 1
0 36.3636 1
0 31.8182 1
0 27.2727 1
0 22.7273 1
0 18.1818 1
0 13.6364 1
0 9.09091 1
0 4.54545 1
0 0 1
200 100 1
195.349 100 1
190.698 100 1
186.047 100 1
181.395 100 1
176.744 100 1
172.093 100 1
167.442 100 1
162.791 100 1
158.14 100 1
153.488 100 1
148.837 100 1
144.186 100 1
139.535 100 1
134.884 100 1
130.233 100 1
125.581 100 1
120.93 100 0
116.279 100 0
111.628 100 0
106.977 100 0
102.326 100 0
97.6744 100 0
93.0233 100 0
88.3721 100 0
83.7209 100 0
79.0698 100 0
74.4186 100 0
69.7674 100 0
65.1163 100 0
60.4651 100 0
55.814 100 0
51.1628 100 0
46.5116 100 1
41.8605 100 1
37.2093 100 1
32.5581 100 1
27.907 100 1
23.2558 100 1
18.6047 100 1
13.9535 100 1
9.30233 100 1
4.65116 100 1
200 0 0
200 4.54545 0
200 9.09091 0
200 13.6364 0
200 18.1818 0
200 22.7273 0
200 27.2727 0
200 31.8182 1
200 36.3636 1
200 40.9091 1
200 45.4545 1
200 50 1
200 54.5455 1
200 59.0909 1
200 63.6364 1
200 68.1818 1
200 72.7273 1
200 77.2727 1
200 81.8182 1
200 86.3636 1
200 90.9091 1
200 95.4545 1
4.65116 0 1
9.30233 0 1
13.9535 0 1
18.6047 0 1
23.2558 0 1
27.907 0 1
32.5581 0 1
37.2093 0 1
41.8605 0 0
46.5116 0 0
51.1628 0 0
55.814 0 0
60.4651 0 0
65.1163 0 0
69.7674 0 0
74.4186 0 0
79.0698 0 0
83.7209 0 0
88.3721 0 0
93.0233 0 0
97.6744 0 0
102.326 0 0
106.977 0 0
111.628 0 0
116.279 0 0
120.93 0 0
125.581 0 0
130.233 0 0
134.884 0 0
139.535 0 0
144.186 0 0
148.837 0 0
153.488 0 0
158.14 0 0
162.791 0 0
167.442 0 0
172.093 0 0
176.744 0 0
181.395 0 0
186.047 0 0
190.698 0 0
195.349 0 0
74.9111 58.1627 0
75.9553 52.2397 0
5.7 8.6 1
5.7 13.2 1
10.3 8.6 1
10.3 13.2 1
5.7 17.8 1
10.3 17.8 1
5.7 22.4 1
10.3 22.4 1
5.7 27 1
10.3 27 1
5.7 31.6 1
10.3 31.6 1
5.7 36.2 1
10.3 36.2 1
5.7 40.8 1
10.3 40.8 1
5.7 45.4 1
10.3 45.4 1
5.7 50 1
10.3 50 1
5.7 54.6 1
10.3 54.6 1
5.7 59.2 1
10.3 59.2 1
5.7 63.8 1
10.3 63.8 1
5.7 68.4 1
10.3 68.4 1
5.7 73 1
10.3 73 1
5.7 77.6 1
10.3 77.6 1
5.7 82.2 1
10.3 82.2 1
5.7 86.8 1
10.3 86.8 1
5.7 91.4 1
10.3 91.4 1
14.9 8.6 1
14.9 13.2 1
14.9 17.8 1
14.9 22.4 1
14.9 27 1
14.9 31.6 1
14.9 36.2 1
14.9 40.8 1
14.9 45.4 1
14.9 50 1
14.9 54.6 1
14.9 59.2 1
14.9 63.8 1
14.9 68.4 1
14.9 73 1
14.9 77.6 1
14.9 82.2 1
14.9 86.8 1
14.9 91.4 1
19.5 8.6 1
19.5 13.2 1
19.5 17.8 1
19.5 22.4 1
19.5 27 1
19.5 31.6 1
19.5 36.2 1
19.5 40.8 1
19.5 45.4 1
19.5 50 1
19.5 54.6 1
19.5 59.2 1
19.5 63.8 1
19.5 68.4 1
19.5 73 1
19.5 77.6 1
19.5 82.2 1
19.5 86.8 1
19.5 91.4 1
24.1 8.6 1
24.1 13.2 1
24.1 17.8 1
24.1 22.4 1
24.1 27 1
24.1 31.6 1
24.1 36.2 1
24.1 40.8 1
24.1 45.4 1
24.1 50 1
24.1 54.6 1
24.1 59.2 1
24.1 63.8 1
24.1 68.4 1
24.1 73 1
24.1 77.6 1
24.1 82.2 1
24.1 86.8 1
24.1 91.4 1
28.7 8.6 1
28.7 13.2 1
28.7 17.8 1
28.7 22.4 1
28.7 27 1
28.7 31.6 1
28.7 36.2 1
28.7 40.8 1
28.7 45.4 1
28.7 50 1
28.7 54.6 1
28.7 59.2 1
28.7 63.8 1
28.7 68.4 1
28.7 73 1
28.7 77.6 1
28.7 82.2 1
28.7 86.8 1
28.7 91.4 1
33.3 8.6 1
33.3 13.2 1
33.3 17.8 1
33.3 22.4 1
33.3 27 1
33.3 31.6 1
33.3 36.2 1
33.3 40.8 1
33.3 45.4 1
33.3 50 1
33.3 54.6 1
33.3 59.2 1
33.3 63.8 1
33.3 68.4 1
33.3 73 1
33.3 77.6 1
33.3 82.2 1
33.3 86.8 1
33.3 91.4 1
37.9 8.6 1
37.9 13.2 1
37.9 17.8 1
37.9 22.4 1
37.9 27 1
37.9 31.6 1
37.9 40.8 1
37.9 45.4 1
37.9 50 1
37.9 54.6 1
37.9 59.2 1
37.9 63.8 1
37.9 68.4 1
37.9 73 1
37.9 77.6 1
37.9 82.2 1
37.9 86.8 1
37.9 91.4 1
42.5 8.6 1
42.5 13.2 1
42.5 17.8 1
42.5 22.4 1
42.5 27 1
42.5 31.6 1
37.9 36.2 1
42.5 36.2 1
42.5 40.8 1
42.5 45.4 1
42.5 50 1
42.5 54.6 1
42.5 59.2 1
42.5 63.8 1
42.5 68.4 1
42.5 73 1
42.5 77.6 1
42.5 82.2 1
42.5 86.8 1
42.5 91.4 1
47.1 8.6 1
47.1 13.2 1
47.1 17.8 1
47.1 22.4 1
47.1 27 1
47.1 31.6 1
47.1 36.2 1
47.1 40.8 1
47.1 45.4 1
47.1 50 1
47.1 54.6 1
47.1 59.2 1
47.1 63.8 1
47.1 68.4 1
47.1 73 1
47.1 77.6 1
47.1 82.2 1
47.1 86.8 1
47.1 91.4 1
51.7 8.6 1
51.7 13.2 1
51.7 17.8 1
51.7 22.4 1
51.7 27 1
51.7 31.6 1
51.7 36.2 1
51.7 40.8 1
51.7 45.4 1
51.7 50 1
51.7 54.6 1
51.7 59.2 1
51.7 63.8 1
51.7 68.4 1
51.7 73 1
51.7 77.6 1
51.7 82.2 0
51.7 86.8 0
51.7 91.4 0
56.3 8.6 0
56.3 13.2 0
56.3 17.8 1
56.3 22.4 0
56.3 27 0
56.3 31.6 1
56.3 36.2 1
56.3 40.8 1
56.3 45.4 0
56.3 50 0
56.3 54.6 1
56.3 59.2 1
56.3 63.8 1
56.3 68.4 1
56.3 73 0
56.3 77.6 0
56.3 82.2 0
56.3 86.8 0
56.3 91.4 0
60.9 8.6 0
60.9 13.2 0
60.9 17.8 0
60.9 22.4 0
60.9 27 0
60.9 31.6 0
60.9 45.4 0
60.9 50 0
60.9 54.6 0
60.9 59.2 0
60.9 63.8 0
60.9 68.4 0
60.9 73 0
60.9 77.6 0
60.9 82.2 0
60.9 86.8 0
60.9 91.4 0
65.5 8.6 0
65.5 13.2 0
65.5 17.8 0
65.5 22.4 0
65.5 27 0
65.5 31.6 0
65.5 45.4 0
65.5 50 0
65.5 54.6 0
65.5 59.2 0
65.5 63.8 0
65.5 68.4 0
65.5 73 0
65.5 77.6 0
65.5 82.2 0
65.5 86.8 0
65.5 91.4 0
70.1 8.6 0
70.1 13.2 0
70.1 17.8 0
70.1 22.4 0
70.1 27 0
70.1 31.6 0
65.5 36.2 0
70.1 36.2 0
65.5 40.8 0
70.1 40.8 0
70.1 59.2 0
70.1 63.8 0
70.1 68.4 0
70.1 73 0
70.1 77.6 0
70.1 82.2 0
70.1 86.8 0
70.1 91.4 0
74.7 8.6 0
74.7 13.2 0
74.7 17.8 0
74.7 22.4 0
74.7 27 0
74.7 31.6 0
74.7 36.2 0
74.7 63.8 0
74.7 68.4 0
74.7 73 0
74.7 77.6 0
74.7 82.2 0
74.7 86.8 0
74.7 91.4 0
79.3 8.6 0
79.3 13.2 0
79.3 17.8 0
79.3 22.4 0
79.3 27 0
79.3 31.6 0
79.3 36.2 0
79.3 63.8 0
79.3 68.4 0
79.3 73 0
79.3 77.6 0
79.3 82.2 0
79.3 86.8 0
79.3 91.4 0
83.9 8.6 0
83.9 13.2 0
83.9 17.8 0
83.9 22.4 0
83.9 27 0
83.9 31.6 0
83.9 36.2 0
83.9 63.8 0
83.9 68.4 0
83.9 73 0
83.9 77.6 0
83.9 82.2 0
83.9 86.8 0
83.9 91.4 0
88.5 8.6 0
88.5 13.2 0
88.5 17.8 0
88.5 22.4 0
88.5 27 0
88.5 31.6 0
88.5 36.2 0
88.5 63.8 0
88.5 68.4 0
88.5 73 0
88.5 77.6 0
88.5 82.2 0
88.5 86.8 0
88.5 91.4 0
93.1 8.6 0
93.1 13.2 0
93.1 17.8 0
93.1 22.4 0
93.1 27 0
93.1 31.6 0
93.1 36.2 0
88.5 40.8 0
93.1 40.8 0
88.5 59.2 0
93.1 59.2 0
93.1 63.8 0
93.1 68.4 0
93.1 73 0
93.1 77.6 0
93.1 82.2 0
93.1 86.8 0
93.1 91.4 0
97.7 8.6 0
97.7 13.2 0
97.7 17.8 0
97.7 22.4 0
97.7 27 0
97.7 31.6 0
97.7 36.2 0
97.7 40.8 0
93.1 45.4 0
97.7 45.4 0
93.1 50 0
97.7 50 0
93.1 54.6 0
97.7 54.6 0
97.7 59.2 0
97.7 63.8 0
97.7 68.4 0
97.7 73 0
97.7 77.6 0
97.7 82.2 0
97.7 86.8 0
97.7 91.4 0
102.3 8.6 0
102.3 13.2 0
102.3 17.8 0
102.3 22.4 0
102.3 27 0
102.3 31.6 0
102.3 36.2 0
102.3 40.8 0
102.3 45.4 0
102.3 50 0
102.3 54.6 0
102.3 59.2 0
102.3 63.8 0
102.3 68.4 0
102.3 73 0
102.3 77.6 0
102.3 82.2 0
102.3 86.8 0
102.3 91.4 0
106.9 8.6 0
106.9 13.2 0
106.9 17.8 0
106.9 22.4 0
106.9 27 0
106.9 31.6 0
106.9 36.2 0
106.9 40.8 0
106.9 45.4 0
106.9 50 0
106.9 54.6 0
106.9 59.2 0
106.9 63.8 0
106.9 68.4 0
106.9 73 0
106.9 77.6 0
106.9 82.2 0
106.9 86.8 0
106.9 91.4 0
111.5 8.6 0
111.5 13.2 0
111.5 17.8 0
111.5 22.4 0
111.5 27 0
111.5 31.6 0
111.5 36.2 0
111.5 40.8 0
111.5 45.4 0
111.5 50 0
111.5 54.6 0
111.5 59.2 0
111.5 63.8 0
111.5 68.4 0
111.5 77.6 0
111.5 82.2 0
111.5 86.8 0
111.5 91.4 0
116.1 8.6 0
116.1 13.2 0
116.1 17.8 0
116.1 22.4 0
116.1 27 0
116.1 31.6 0
116.1 36.2 0
116.1 40.8 0
116.1 45.4 0
116.1 50 0
116.1 54.6 0
116.1 59.2 0
116.1 63.8 0
116.1 68.4 0
116.1 77.6 0
116.1 82.2 0
116.1 86.8 0
116.1 91.4 0
120.7 8.6 0
120.7 13.2 0
120.7 17.8 0
120.7 22.4 0
120.7 27 0
120.7 31.6 0
120.7 36.2 0
120.7 40.8 0
120.7 45.4 0
120.7 50 0
120.7 54.6 0
120.7 59.2 0
120.7 63.8 0
120.7 68.4 0
116.1 73 0
120.7 73 0
120.7 77.6 0
120.7 82.2 0
120.7 86.8 0
120.7 91.4 0
125.3 8.6 0
125.3 13.2 0
125.3 17.8 0
125.3 22.4 0
125.3 27 0
125.3 31.6 0
125.3 36.2 0
125.3 40.8 0
125.3 45.4 0
125.3 50 0
125.3 54.6 0
125.3 59.2 0
125.3 63.8 0
125.3 68.4 0
125.3 73 0
125.3 77.6 0
125.3 82.2 0
125.3 86.8 0
125.3 91.4 0
129.9 8.6 0
129.9 13.2 0
129.9 17.8 0
129.9 22.4 0
129.9 27 0
129.9 31.6 0
129.9 36.2 0
129.9 40.8 0
129.9 45.4 0
129.9 50 0
129.9 54.6 0
129.9 59.2 0
129.9 63.8 0
129.9 68.4 1
129.9 73 1
129.9 77.6 1
129.9 82.2 1
129.9 86.8 1
129.9 91.4 1
134.5 8.6 0
134.5 13.2 0
134.5 17.8 0
134.5 22.4 0
134.5 27 0
134.5 31.6 0
134.5 36.2 0
134.5 40.8 0
134.5 45.4 0
134.5 50 0
134.5 54.6 0
134.5 59.2 0
134.5 63.8 0
134.5 68.4 1
134.5 73 1
134.5 77.6 1
134.5 82.2 1
134.5 86.8 1
134.5 91.4 1
139.1 8.6 0
139.1 13.2 0
139.1 17.8 0
139.1 22.4 0
139.1 27 0
139.1 31.6 0
139.1 36.2 0
139.1 40.8 0
139.1 45.4 0
139.1 50 0
139.1 54.6 0
139.1 59.2 0
139.1 63.8 0
139.1 68.4 1
139.1 73 1
139.1 77.6 1
139.1 82.2 1
139.1 86.8 1
139.1 91.4 1
143.7 8.6 0
143.7 13.2 0
143.7 17.8 0
143.7 22.4 0
143.7 27 0
143.7 31.6 0
143.7 36.2 0
143.7 40.8 0
143.7 45.4 0
143.7 50 0
143.7 54.6 0
143.7 59.2 0
143.7 63.8 0
143.7 68.4 1
143.7 73 1
143.7 77.6 1
143.7 82.2 1
143.7 86.8 1
143.7 91.4 1
148.3 8.6 0
148.3 13.2 0
148.3 17.8 0
148.3 22.4 0
148.3 27 0
148.3 31.6 0
148.3 36.2 0
148.3 40.8 0
148.3 45.4 0
148.3 50 0
148.3 54.6 0
148.3 59.2 0
148.3 63.8 0
148.3 68.4 1
148.3 73 1
148.3 77.6 1
148.3 82.2 1
148.3 86.8 1
148.3 91.4 1
152.9 8.6 0
152.9 13.2 0
152.9 17.8 0
152.9 22.4 0
152.9 27 0
152.9 31.6 0
152.9 36.2 0
152.9 40.8 0
152.9 45.4 0
152.9 50 0
152.9 54.6 0
152.9 59.2 1
152.9 63.8 1
152.9 68.4 1
152.9 73 1
152.9 82.2 1
152.9 86.8 1
152.9 91.4 1
157.5 8.6 0
157.5 13.2 0
157.5 17.8 0
157.5 22.4 0
157.5 27 0
157.5 31.6 0
157.5 36.2 0
157.5 40.8 0
157.5 45.4 0
157.5 50 0
157.5 54.6 1
157.5 59.2 1
157.5 63.8 1
157.5 68.4 1
157.5 73 1
152.9 77.6 1
157.5 77.6 1
157.5 82.2 1
157.5 86.8 1
157.5 91.4 1
162.1 8.6 0
162.1 13.2 0
162.1 17.8 0
162.1 22.4 0
162.1 27 0
162.1 31.6 0
162.1 36.2 0
162.1 40.8 0
162.1 45.4 0
162.1 50 1
162.1 54.6 1
162.1 59.2 1
162.1 63.8 1
162.1 68.4 1
162.1 73 1
162.1 77.6 1
162.1 82.2 1
162.1 86.8 1
162.1 91.4 1
166.7 8.6 0
166.7 13.2 0
166.7 17.8 0
166.7 22.4 0
166.7 27 0
166.7 31.6 0
166.7 36.2 0
166.7 40.8 0
166.7 45.4 1
166.7 50 1
166.7 54.6 1
166.7 59.2 1
166.7 63.8 1
166.7 68.4 1
166.7 73 1
166.7 77.6 1
166.7 82.2 1
166.7 86.8 1
166.7 91.4 1
171.3 8.6 0
171.3 13.2 0
171.3 17.8 0
171.3 22.4 0
171.3 27 0
171.3 31.6 0
171.3 36.2 0
171.3 40.8 1
171.3 45.4 1
171.3 50 1
171.3 54.6 1
171.3 59.2 1
171.3 63.8 1
171.3 68.4 1
171.3 73 1
171.3 77.6 1
171.3 82.2 1
171.3 86.8 1
171.3 91.4 1
175.9 8.6 0
175.9 13.2 0
175.9 17.8 0
175.9 22.4 0
175.9 27 0
175.9 31.6 0
175.9 36.2 0
175.9 40.8 1
175.9 45.4 1
175.9 50 1
175.9 54.6 1
175.9 59.2 1
175.9 63.8 1
175.9 68.4 1
175.9 73 1
175.9 77.6 1
175.9 82.2 1
175.9 86.8 1
175.9 91.4 1
180.5 8.6 0
180.5 13.2 0
180.5 17.8 0
180.5 22.4 0
180.5 27 0
180.5 31.6 0
180.5 36.2 1
180.5 40.8 1
180.5 45.4 1
180.5 50 1
180.5 54.6 1
180.5 59.2 1
180.5 63.8 1
180.5 68.4 1
180.5 73 1
180.5 77.6 1
180.5 82.2 1
180.5 86.8 1
180.5 91.4 1
185.1 8.6 0
185.1 13.2 0
185.1 17.8 0
185.1 22.4 0
185.1 27 0
185.1 31.6 0
185.1 36.2 1
185.1 40.8 1
185.1 45.4 1
185.1 50 1
185.1 54.6 1
185.1 59.2 1
185.1 63.8 1
185.1 68.4 1
185.1 73 1
185.1 77.6 1
185.1 82.2 1
185.1 86.8 1
185.1 91.4 1
189.7 8.6 0
189.7 13.2 0
189.7 17.8 0
189.7 22.4 0
189.7 27 0
189.7 31.6 0
189.7 36.2 1
189.7 40.8 1
189.7 45.4 1
189.7 50 1
189.7 54.6 1
189.7 59.2 1
189.7 63.8 1
189.7 68.4 1
189.7 73 1
189.7 77.6 1
189.7 82.2 1
189.7 86.8 1
189.7 91.4 1
194.3 8.6 0
194.3 13.2 0
194.3 17.8 0
194.3 22.4 0
194.3 27 0
194.3 31.6 0
194.3 36.2 1
194.3 40.8 1
194.3 45.4 1
194.3 50 1
194.3 54.6 1
194.3 59.2 1
194.3 63.8 1
194.3 68.4 1
194.3 73 1
194.3 77.6 1
194.3 82.2 1
194.3 86.8 1
194.3 91.4 1
3.47003 3.36598 1
85.0007 48.4936 0
79.7593 55.6128 0
170.046 4.22329 0
109.427 74.9027 0
113.934 72.5727 0
90.3016 56.0576 0
72.8207 4.20466 0
3.57592 94.2178 1
81.4024 51.0264 0
35.52 33.9258 1
49.5712 4.205 0
58.6344 34.0172 0
31.0272 95.7569 1
86.5835 4.20459 0
2.85007 75.1498 1
2.85049 79.723 1
2.85 20.2771 1
2.85047 70.5743 1
182.956 4.20701 0
2.8503 24.8531 1
2.85541 84.299 1
2.84989 15.6993 1
197.15 84.2618 1
62.5689 34.5684 0
72.8178 39.4369 0
196.526 5.798 0
2.84959 11.5509 1
197.15 88.4469 1
2.8556 65.9669 1
2.85374 29.462 1
2.90809 88.8674 1
39.4833 95.7673 1
113.484 95.7725 0
165.749 4.21794 0
131.918 95.7762 1
141.187 95.772 1
94.9761 95.7732 0
197.098 11.1639 0
31.2802 38.164 1
178.231 95.7831 1
53.3734 95.7721 0
155.099 95.7777 1
161.069 4.19794 0
96.2034 4.19559 0
54.5267 4.19889 0
91.5315 4.19704 0
147.136 4.19449 0
151.767 4.19494 0
156.404 4.19563 0
100.847 4.1951 0
142.508 4.19516 0
105.489 4.19437 0
137.882 4.19531 0
133.256 4.19482 0
68.171 56.161 0
128.631 4.19377 0
110.148 4.19521 0
59.2023 4.19746 0
22.2187 4.19448 1
114.807 4.19482 0
17.5408 4.19732 1
124.018 4.19229 0
164.362 95.7757 1
26.877 4.19379 1
36.0891 4.19553 1
63.8739 4.19487 0
72.8369 60.8479 0
40.7109 4.19467 1
77.7615 4.19421 0
109.577 71.2393 0
31.5006 4.19253 1
119.439 4.1904 0
12.8223 4.19949 1
78.7147 45.7139 0
76.8461 60.9682 0
174.097 4.22499 0
67.7922 43.3895 0
150.063 79.4202 1
187.909 4.22915 0
72.2424 95.7788 0
126.931 95.7838 0
62.9527 95.7791 0
26.814 95.772 1
59.9304 38.4947 0
146.136 95.7813 1
12.8881 95.7451 1
108.48 95.7803 0
17.5795 95.7695 1
22.2202 95.7737 1
58.2951 95.7792 0
76.8653 95.7786 0
31.65 34.409 1
85.4353 54.6949 0
99.8721 95.7853 0
173.278 95.7797 1
197.137 15.6636 0
197.144 24.8299 0
197.143 20.2562 0
197.146 29.4046 1
197.143 43.1244 1
197.144 47.6976 1
197.147 33.9801 1
197.144 52.2713 1
197.141 38.5528 1
197.144 56.8449 1
2.90964 61.4429 1
197.145 61.4195 1
197.141 75.1388 1
44.3945 95.7802 1
2.91003 56.8795 1
67.5893 95.7802 0
2.90985 52.305 1
197.147 65.9949 1
2.90554 38.5831 1
2.90968 47.7306 1
197.143 70.5686 1
2.9088 43.1561 1
118.37 95.7809 0
2.89029 34.0059 1
86.0483 95.7847 0
197.15 79.7216 1
191.626 95.7324 1
81.469 95.78 0
68.7882 47.7039 0
187.044 95.7876 1
72.3761 44.042 0
68.2961 4.18495 0
71.9853 55.4789 0
45.1065 4.1856 1
7.94627 95.5727 1
85.8007 44.2202 0
7.84467 4.12017 1
109.544 79.4356 0
81.8639 39.9872 0
82.1957 4.18225 0
63.2236 42.5002 0
90.2311 43.551 0
178.301 4.19768 0
34.8283 95.7513 1
146.417 71.2117 1
35.6 43.1 1
155.2 75.3 1
150.156 71.148 1
136.468 95.7879 1
150.405 95.7909 1
159.66 95.7884 1
59.2941 42.96 0
122.51 95.7948 0
90.2829 95.7922 0
146.662 79.0958 1
182.721 95.7991 1
48.6699 95.79 0
192.481 4.32706 0
89.6453 47.3554 0
89.7665 51.5487 0
168.836 95.7877 1
104.083 95.7967 0
118.17 74.4793 0
118.172 71.1335 0
63.3817 38.4099 0
146.279 75.3084 1
85.9266 39.4574 0
195.763 95.1341 1
39.7216 38.206 1
113.312 79.8551 0
76.9335 39.9699 0
85.5864 60.8404 0
81.0163 60.02 0
39.3938 34.7221 1
72.7124 49.7902 0
68.4382 52.3584 0
35 37 1
149 76 1
112 74 0
