97.8 0.9 1
103 1.25 1
104 97.3 1
102 98.6 1
97.6 99.3 0
197 1.18 0
16.3 23.1 1
18.8 23.1 1
38.2 8.9 1
2.45 0.825 1
39.3 7.5 1
17.5 24.4 1
17.5 0.625 1
16.9 21.3 1
18.1 21.3 1
16.3 1.88 1
17.5 25.6 1
39.3 37.5 1
17.5 49.4 1
39.4 47.5 1
39.4 27.5 1
16.3 26.9 1
18.8 26.9 1
17.5 28.1 1
16.3 78.1 1
18.8 78.1 1
17.5 50.6 1
17.5 79.4 1
18.1 76.3 1
16.9 76.3 1
16.3 98.1 1
18.8 98.1 1
2.48 98.8 1
17.5 80.6 1
17.5 99.4 1
18.1 96.3 1
16.9 96.3 1
16.3 81.9 1
4.35 98.1 1
41.3 7.5 1
78.7 7.5 1
42 35.8 1
78.2 38.9 0
78.2 36.1 0
41.2 37.5 1
79.3 37.5 0
79.4 27.5 1
79.4 47.5 0
40.6 27.5 1
40.6 47.5 1
119 7.5 1
93 1.1 1
81.2 7.5 1
91.7 2.35 1
82 9.23 1
118 46.3 0
118 28.8 0
81.9 28.8 1
81.9 46.3 0
82 39.2 0
118 38.9 0
81.2 37.5 0
119 37.5 0
119 27.5 0
119 47.5 0
80.6 27.5 1
80.6 47.5 0
92.9 99 0
124 23.1 0
168 9.13 0
169 7.5 0
123 0.625 1
121 7.5 1
123 24.4 0
168 39.2 0
168 35.9 0
169 37.5 0
121 37.5 0
123 25.6 0
121 27.5 0
121 47.5 0
123 49.4 0
169 27.5 0
169 47.5 0
168 46.3 0
124 78.1 0
123 50.6 0
123 79.4 0
124 98.1 0
123 80.6 0
123 99.4 0
171 7.5 0
172 9.05 0
172 28.8 0
172 46.3 0
171 37.5 0
172 39.1 0
172 36 0
171 27.5 0
171 47.5 0
198 98.8 4
8.83 2.1 1
7.3 1.15 1
9.1 98.3 1
7.58 99.3 1
34.3 23 1
13.2 2.2 1
26.2 2.1 1
2.5 23.8 1
38.4 19.7 1
32.6 23.8 1
27.8 1.15 1
39.1 18 1
11.9 0.95 1
39.2 22.2 1
5 26.9 1
0.625 27.5 1
3.75 48.1 1
30.6 27.5 1
30.6 47.5 1
30.6 48.8 1
3.75 26.9 1
0.625 26.3 1
30.6 26.3 1
2.5 49.4 1
32.5 25.6 1
2.5 25.6 1
32.5 49.4 1
2.5 28.1 1
30.7 77.6 0
34.3 78 0
32.9 52.6 1
37.5 62.9 0
31.9 51.1 1
2.5 78.8 1
38.4 74.7 0
2.5 51.2 1
38.9 61.9 0
32.6 78.8 0
39.1 73 0
39.2 77.2 0
32.9 97.5 0
32.9 82.6 0
37.5 92.9 0
31.9 98.9 0
13.2 97.8 1
38.9 91.9 0
31.9 81.1 0
2.5 81.2 1
11.9 99 1
70.7 22.6 1
48.4 2.05 1
41.9 19 1
46 23.1 1
54.7 23.1 1
56 23.1 1
66.2 1.88 1
54.4 1.63 1
78.4 19.7 1
72.6 23.8 1
44.7 1.68 1
47.2 24.4 1
57.2 24.4 1
52.7 24.4 1
67.6 0.775 1
40.6 17.8 1
79.1 18 1
43.1 0.875 1
47.2 0.8 1
57 0.85 1
52.8 0.775 1
42.7 24.4 1
40.6 22.4 1
79.2 22.2 1
41.9 21.1 1
43.9 23.1 1
74.3 23 1
70.6 47.5 0
70.6 27.5 1
70.6 48.8 0
70.6 26.3 1
45.4 47.5 1
45.4 48.8 1
55.4 27.5 1
55.4 26.3 1
47.2 25.6 1
57.2 25.6 1
52.7 25.6 1
57.2 49.4 0
47.2 49.4 1
72.5 25.6 1
42.7 49.4 1
42.7 25.6 1
52.7 49.4 0
72.5 49.4 0
72.5 46.9 0
73.7 48.1 0
45.4 26.3 1
55.4 48.8 0
44.7 78.1 0
41.9 74 0
46 78.1 0
56 78.1 0
51.6 52 0
74.3 78 0
72.9 52.6 0
77.5 62.9 0
71.9 51.1 0
45.3 51.7 1
78.4 74.7 0
55.3 51.7 0
78.9 61.9 0
41.2 62.6 0
72.6 78.8 0
57.2 79.4 0
47.2 79.4 0
40.6 72.8 0
47 50.9 1
79.1 73 0
57 50.9 0
42.7 79.4 0
40.6 77.4 0
52.7 79.4 0
42.8 50.8 1
79.2 77.2 0
52.8 50.8 0
53.9 78.1 0
58.2 52.1 0
41.9 75.3 0
51.6 82 0
51.6 98 0
48.2 97.9 0
58.2 97.9 0
72.9 97.5 0
72.9 82.6 0
77.5 92.9 0
71.9 98.9 0
45.3 81.7 0
55.3 81.7 0
55.2 98.3 0
78.9 91.9 0
71.9 81.1 0
41.2 92.6 0
46.9 99.1 0
56.9 99.1 0
47 80.9 0
57 80.9 0
42.8 99.2 0
52.8 99.2 0
42.8 80.8 0
52.8 80.8 0
44.4 98.3 0
104 22.6 1
84.7 23.1 1
86 23.1 1
114 2.13 1
103 23.8 1
112 23.8 0
112 1.18 1
87.2 24.4 1
80.6 17.8 1
119 18.1 0
82.8 0.775 1
80.6 22.4 1
82.7 24.4 1
87 0.85 1
119 22.2 0
85.2 1.63 1
118 20.6 0
110 2.05 1
81.9 21.1 1
81.9 19.9 1
105 26.9 0
111 48.1 0
105 48.1 0
111 26.9 0
104 26.9 0
104 48.1 0
87.2 25.6 1
87.2 49.4 0
103 25.6 0
112 25.6 0
112 49.4 0
82.7 25.6 1
82.7 49.4 0
103 49.4 0
103 46.9 0
112 28.1 0
101 47.5 0
101 48.8 0
114 27.5 0
114 26.3 0
84.5 27.5 1
84.5 26.3 1
111 77.5 0
84.7 78.1 0
86 78.1 0
104 77.5 0
104 52.8 0
82 64.3 0
119 61.8 0
85.3 51.7 0
117 62.9 0
113 52.4 0
102 51.3 0
112 78.8 0
103 78.8 0
81.2 62.6 0
112 51.1 0
87.2 79.4 0
80.6 72.8 0
119 73.1 0
87 50.9 0
80.6 77.4 0
82.7 79.4 0
119 77.2 0
82.8 50.8 0
118 75.6 0
82.5 60.6 0
81.9 76.1 0
81.9 74.9 0
104 82.8 0
88.2 97.9 0
114 98.2 0
119 91.8 0
85.3 81.7 0
117 92.9 0
113 82.4 0
102 81.3 0
81.2 92.6 0
112 81.1 0
87 80.9 0
86.9 99.1 0
82.8 99.2 0
82.8 80.8 0
112 99.1 0
85.2 98.3 0
146 22.5 0
139 22.5 0
146 2.2 0
166 23.1 0
138 23.8 0
147 23.8 0
137 2.25 1
138 0.95 1
167 24.4 0
163 0.875 0
169 22.4 0
163 24.4 0
169 17.8 0
147 0.85 0
167 0.8 0
121 17.8 0
121 22.4 0
166 1.68 0
168 21.1 0
164 23.1 0
121 20.5 0
123 20.5 0
168 19.9 0
146 27.5 0
146 47.5 0
140 47.5 0
140 27.5 0
146 26.3 0
140 26.3 0
146 48.8 0
140 48.8 0
165 26.3 0
165 48.8 0
165 47.5 0
165 27.5 0
167 25.6 0
163 25.6 0
147 49.4 0
167 49.4 0
138 25.6 0
147 25.6 0
163 49.4 0
138 49.4 0
138 28.1 0
136 27.5 0
136 26.3 0
122 61.2 0
146 77.5 4
139 52.7 0
139 77.5 0
166 78.1 4
146 52.5 0
162 52 0
168 64.2 4
148 51.2 0
137 51.4 0
165 51.7 0
147 78.8 4
138 78.8 0
169 62.6 4
169 72.8 4
167 79.4 4
167 50.9 0
169 77.4 4
163 79.4 4
163 50.8 0
121 72.8 0
121 77.4 0
121 62.5 0
168 76.1 4
164 78.1 4
123 75.5 0
121 75.5 0
168 74.9 4
122 91.2 0
139 97.3 4
146 82.5 4
146 97.5 4
162 82 4
162 98 4
168 94.2 4
148 98.8 4
137 98.6 4
137 81.4 0
165 81.7 4
148 81.2 4
165 98.3 4
169 92.6 4
167 99.1 4
167 80.9 4
163 99.2 4
163 80.8 4
121 92.5 0
191 22.5 0
180 2.03 0
189 1.98 0
186 2.03 0
172 19.7 0
193 23.8 0
178 1.15 0
188 1.15 0
171 18 0
171 22.2 0
191 27.5 0
191 47.5 4
191 48.8 4
195 48.1 4
200 48.1 4
191 26.3 0
194 26.9 0
194 48.1 4
193 25.6 0
193 49.4 4
193 28.1 0
193 46.9 4
172 63.4 4
193 78.8 4
171 61.9 4
171 73 4
171 77.2 4
192 50.7 4
172 75.6 4
191 81.6 4
172 93.4 4
182 98.6 4
171 91.9 4
192 80.7 4
10.6 21.4 1
24.8 23 1
10.2 23 1
34.8 1.88 1
38.2 5.18 1
38.9 3.3 1
36.7 1.1 1
12 24.2 1
23 24.2 1
9.65 48.1 1
10.9 48.1 1
9.65 26.9 1
10.9 26.9 1
24.7 47.5 1
24.7 27.5 1
24.7 26.3 1
24.7 48.8 1
12.2 25.6 1
12.2 49.4 1
22.9 25.6 1
22.9 49.4 1
37.8 54.5 1
24.5 52.3 1
10.2 77.9 1
13.1 52.3 1
9.93 51.7 1
11.8 51 1
12 79.2 1
23 79.2 1
39.2 53 1
23 50.8 1
24.5 97.8 1
37.8 84.5 0
24.5 82.3 1
13.1 82.3 1
9.93 81.7 1
11.8 81 1
39.2 83 0
23 99.2 1
23 80.8 1
64.8 23 1
79 3.15 1
63 24.2 1
40.9 3.08 1
77.8 1.9 1
42.2 4.95 1
77.7 5.03 1
64.7 47.5 0
64.7 26.3 1
64.7 48.8 0
62.9 25.6 1
62.9 49.4 0
64.5 76.4 0
64.5 52.3 0
77.8 54.5 0
64.8 78 0
42 54.8 1
63 79.2 0
40.8 53 1
79.2 53 0
63 50.8 0
64.5 97.8 0
77.8 84.5 0
42 84.8 0
40.8 83 0
79.2 83 0
63 99.2 0
63 80.8 0
66.2 97.5 0
94.8 23 1
93 24.2 1
119 3.15 1
80.8 2.98 1
82 4.85 1
118 5.03 1
94.7 47.5 0
94.7 48.8 0
94.7 26.3 1
94.7 27.5 1
92.9 25.6 1
92.9 49.4 0
94.8 77.9 0
118 54.2 0
92 52.3 0
82 54.8 0
95.1 51.8 0
93.2 51 0
93 79.2 0
119 52.9 0
80.8 53 0
118 84.2 0
92 82.3 0
82 84.8 0
95.1 81.8 0
93.2 81 0
119 82.9 0
80.8 83 0
166 4.5 0
158 2.2 0
122 4.08 1
155 22.9 0
130 22.9 0
127 2.35 1
122 5.33 1
130 1.93 1
128 1.1 1
157 0.95 0
157 24.2 0
128 24.2 0
121 2.83 1
169 3 0
168 4.88 0
156 48.1 0
156 26.9 0
130 26.3 0
130 48.8 0
130 27.5 0
157 25.6 0
157 49.4 0
128 25.6 0
128 49.4 0
129 76.4 0
130 77.9 0
155 78 4
168 54.9 4
158 52.3 0
127 52.3 0
122 54.1 0
155 51.7 0
130 51.7 0
128 51 0
157 51 0
128 79.2 0
157 79.2 4
169 53.1 4
121 52.9 0
131 53.3 0
122 55.4 0
131 83.3 0
168 84.9 4
158 82.3 4
158 97.8 4
127 82.3 0
127 97.8 0
122 84.1 0
155 98.3 4
155 81.7 4
130 98.3 4
130 81.7 0
128 99 0
128 81 0
157 99 4
157 81 4
169 83.1 4
121 82.9 0
131 96.7 4
122 85.4 0
185 22.5 0
175 23 0
183 23.7 0
173 24.2 0
171 3.15 0
172 5.03 0
185 47.5 4
185 26.3 0
185 48.8 4
175 47.5 0
175 26.3 0
175 48.8 0
175 27.5 0
173 25.6 0
173 49.4 4
183 49.4 4
183 25.6 0
181 27.5 0
181 26.3 0
175 78 4
184 52.6 4
182 51.2 4
175 51.7 4
183 78.8 4
173 51 4
173 79.2 4
171 53.2 4
184 82.6 4
175 81.7 4
182 81.2 4
175 98.3 4
173 99 4
173 81 4
192 99.1 4
171 83.2 4
186 82.2 4
176 83.3 4
176 96.7 4
4.2 2.9 1
1.53 4.78 1
0.15 1.98 1
3.58 4.78 1
5.38 43 1
37.7 32.1 1
8.75 42.9 1
7.23 43.8 1
7.4 45.6 1
38.9 33.3 1
38.2 35.2 1
18.5 65.7 1
17.9 68.8 1
17.9 70 1
21.8 68.6 1
20.6 67.4 1
19.1 67.5 1
16.6 67.5 1
17.3 65.7 1
0 98.1 1
54.3 33 1
52.7 38.7 1
51.5 33.4 1
54.3 34.8 1
51.9 37 1
77.7 32.1 0
52.7 35.2 1
78.9 33.3 0
40.8 33 1
52.7 32.1 1
53.6 72 0
51.1 72 0
49.9 72 0
51.3 68.1 0
52.4 70.8 0
52.6 69.4 0
52.4 73.3 0
95.7 10.4 1
91.9 11.9 1
93.1 13.1 1
95.1 12.3 1
89.9 12.1 1
100 2.15 1
83.6 34.5 0
105 35.9 0
105 39.2 0
110 39.2 0
118 32.1 0
110 35.9 0
106 37.6 0
109 37.6 0
119 33.3 0
118 35.2 0
80.8 33 0
82 34.9 0
108 66.4 0
109 67.8 0
108 63.1 0
111 64.4 0
109 64.5 0
106 66 0
106 63.6 0
99.8 97.9 1
122 34.1 0
122 35.4 0
121 32.9 0
169 33.1 0
200 2.03 0
183 31 0
187 31.3 0
185 32.2 0
171 33.2 0
187 29.5 0
185 28.9 0
183 29.5 0
195 92.6 4
196 93.8 4
196 96.3 4
15.9 7 1
5.55 22.6 1
37.7 12.8 1
27.7 23.8 1
7.43 23.8 1
38.9 11.6 1
17.2 4.5 1
32.2 0.775 1
36.9 24.2 1
23.3 0.95 1
17.2 5.75 1
14 7 1
29.7 22.6 1
30.6 1.93 1
13 5.45 1
35.8 26.9 1
35.8 48.1 1
34.5 26.9 1
38.9 41.6 1
37 25.6 1
7.33 49.4 1
34.5 48.1 1
7.33 25.6 1
37 49.4 1
27.8 25.6 1
27.8 49.4 1
27.8 28.1 1
6.08 48.1 1
38.2 39.7 1
5.55 77.5 1
37.5 57.3 1
27.3 52.6 1
28.4 51.1 1
7.43 78.8 1
38.9 58.4 1
27.7 78.8 1
36.9 79.2 0
36.9 50.8 1
39.2 66.9 0
7.33 50.7 1
5.45 52 1
35.4 52.3 1
37.8 65.4 0
26 78 1
37.5 87.3 0
27.3 97.5 0
27.3 82.6 1
28.4 98.9 0
28.4 81.1 1
38.9 88.4 0
36.9 80.8 0
36.9 99.2 0
39.2 96.9 0
7.33 80.7 1
5.45 82 1
37.8 95.4 0
35.4 97.8 0
35.4 82.3 0
45.9 16.8 1
44.6 16.8 1
54.7 18.1 1
55.9 18.1 1
47.1 15.5 1
48.1 12.8 1
45.2 13.2 1
55.1 13 1
57.1 15.3 1
57.2 20.6 1
57.2 19.3 1
46.9 14 1
63.5 1.1 1
72 1.15 1
67.7 23.8 1
56.8 13.8 1
76.9 24.2 1
79 11.7 1
40.8 11.9 1
53.3 15.3 1
53.5 13.9 1
43.4 15.5 1
43.6 14.1 1
77.7 9.83 1
42.1 9.98 1
55 11.2 1
43.6 40.4 1
75.2 37.7 0
49.2 42.4 1
75.8 26.9 1
74.6 33.2 0
75.8 48.1 0
75.2 36.1 0
74.5 26.9 1
78.9 41.6 0
52 45.2 0
52.1 43.8 0
50.9 42.5 1
77 25.6 1
40.8 41.9 1
74 35 0
77 49.4 0
67.8 25.6 1
67.8 49.4 0
48.2 45.2 1
48 43.7 1
42 40 1
47.9 40.6 1
43.6 65.4 0
42.5 59.6 0
77.5 57.3 0
67.3 52.6 0
68.4 51.1 0
78.9 58.4 0
67.7 78.8 0
41.2 57.6 0
40.8 66.9 0
76.9 79.2 0
76.9 50.8 0
79.2 66.9 0
69.7 77.6 0
75.4 52.3 0
42 65.1 0
77.8 65.4 0
43.6 95.4 0
57.2 87.1 0
52.2 87.1 0
42.5 89.6 0
56.3 85.4 0
53 85.3 0
77.5 87.3 0
67.3 82.6 0
68.4 98.9 0
68.4 81.1 0
78.9 88.4 0
41.2 87.6 0
54.6 85 0
40.8 96.9 0
76.9 80.8 0
76.9 99.2 4
79.2 96.9 0
65.6 82.3 0
77.8 95.4 0
75.4 97.8 4
75.4 82.3 0
42 95.1 0
91.1 20.1 1
115 21.4 0
90.3 18.4 1
85 18.1 1
86.3 18.1 1
88.8 18.1 1
88.1 9.25 1
108 5.3 1
104 7.1 1
89 7.6 1
92.2 6.2 1
87.5 20.6 1
87.5 19.4 1
108 23.8 0
97.7 23.8 1
106 5.38 1
119 11.7 1
117 24.2 0
91.1 7.6 1
117 0.95 1
80.8 11.9 1
87.5 16.9 1
95.9 2 1
99.6 22.6 1
115 23 0
105 3.48 1
118 9.83 1
94.1 6.83 1
94.1 8.38 1
92.2 9 1
115 37.8 0
114 33.4 0
99.7 27.5 0
99.7 26.3 1
115 47.5 0
119 41.6 0
115 36.2 0
115 48.8 0
108 25.6 0
80.8 41.9 0
97.8 49.4 0
108 49.4 0
117 25.6 0
97.8 25.6 1
114 35.2 0
117 49.4 0
97.8 46.9 0
109 48.1 0
109 26.9 0
91.1 75.1 0
115 76.4 0
90.3 73.4 0
85 73.1 0
86.3 73.1 0
88.8 73.1 0
93.5 55.9 0
99.6 77.5 0
95.2 56.2 0
116 51.9 0
118 57.1 0
87.5 75.6 0
87.5 74.4 0
108 51.1 0
97.7 78.8 0
107 52.7 0
119 58.4 0
108 78.7 0
97.8 50.8 0
81.2 57.6 0
117 50.7 0
117 79.2 0
96.2 54.5 0
80.8 66.9 0
119 66.8 0
87.5 71.9 0
115 78 0
118 65.4 0
95.7 94 0
98.9 93.6 0
82.5 89.6 0
99.3 82 0
116 81.9 0
118 87.1 0
108 81.1 0
107 82.7 0
119 88.4 0
81.2 87.6 0
98.6 95.3 1
97.8 80.8 0
96.6 95.7 0
117 80.7 0
80.8 96.9 0
117 99.2 0
119 96.8 0
96.9 92.5 0
82 95.1 0
118 95.4 0
96.1 97.3 0
134 12.3 0
127 17 0
125 17.9 0
150 22.5 0
129 19.9 0
150 2 0
134 2.13 1
126 18.2 0
123 10.2 1
143 23.8 0
152 1.15 0
143 2.3 1
133 23.8 0
152 23.8 0
121 10.2 1
131 12.6 0
142 0.95 1
132 13.7 0
169 11.8 0
127 19.9 0
133 0.825 1
121 12 1
131 10.7 1
133 10.5 0
129 18.2 0
129 13.4 0
154 2.1 0
135 22.5 0
135 47.5 0
150 27.5 0
150 47.5 0
150 48.8 0
150 26.3 0
135 48.8 0
121 40.2 0
123 40.2 0
169 41.8 0
152 49.4 0
121 42 0
152 25.6 0
133 25.6 0
143 25.6 0
133 49.4 0
143 49.4 0
152 46.9 0
133 28.1 0
152 28.1 0
153 48.1 0
153 26.9 0
134 53.7 0
167 59.6 4
150 77.6 4
135 77.5 0
135 52.1 0
151 52 0
133 78.8 0
152 78.8 4
169 57.6 4
143 51.3 0
123 65.2 0
143 78.8 4
121 65.2 0
152 50.7 0
121 57.8 0
169 66.8 4
133 50.7 0
121 67 0
123 67 0
122 68.3 0
122 59 0
134 96.3 4
134 83.7 0
162 93.3 4
167 89.6 4
135 82.1 0
151 98.1 4
151 82 4
163 95.1 4
169 87.6 4
143 81.3 4
143 98.7 4
123 95.2 0
121 95.2 0
152 99.3 4
121 87.8 0
152 80.7 4
169 96.8 4
165 95.4 4
133 99.3 4
133 80.7 0
121 97 0
122 89 0
135 97.9 4
180 22.5 0
188 23.8 0
178 23.8 0
171 11.7 0
173 0.95 0
176 2.1 0
180 47.5 0
180 48.8 4
171 41.7 0
178 49.4 4
178 25.6 0
188 25.6 0
188 49.4 4
188 46.9 4
197 62.7 4
199 59.1 4
180 77.6 4
187 52.2 4
179 52 4
172 56.9 4
178 78.8 4
188 78.8 4
178 50.7 4
171 58.4 4
199 61.7 4
188 50.9 4
171 66.7 4
190 51.6 4
189 77.5 4
179 96.3 4
179 82 4
172 86.9 4
188 99.1 4
171 88.4 4
178 80.7 4
171 96.7 4
188 80.9 4
178 99.3 4
179 97.8 4
178 83.5 4
35.1 7.75 1
14.2 23 1
20.8 23 1
19.4 1.88 1
21 2.2 1
37.9 15.9 1
35.1 6.2 1
32.1 5.15 1
33.9 5.1 1
13.3 21.4 1
22.8 42.6 1
18 33.6 1
0.375 43.1 1
21.7 29.8 1
25 39.6 1
18 34.8 1
1.98 44.2 1
21.6 41.4 1
37.7 43.9 1
38.1 45.6 1
38.1 29.4 1
14.4 26.9 1
22.1 31.4 1
30.9 39.3 1
20 38 1
18 31.1 1
1.95 45.7 1
19.4 48.1 1
15.6 48.1 1
14.4 48.1 1
20.6 26.9 1
21.9 38 1
30.9 35.6 1
20.8 32.7 1
29.9 37.4 1
28.1 37.4 1
20.6 48.1 1
19.2 32.3 1
22.9 39.5 1
25 41.5 1
16.7 32.3 1
0.075 46.3 1
0.075 47.5 1
16.2 56.8 1
20.8 78 1
14.2 77.9 1
15.6 51.9 1
19.4 51.9 1
37.9 70.9 0
20.8 52.1 1
38 69.2 0
17.4 55.6 1
17.4 54.3 1
7.85 95.3 1
18.7 87 1
16.2 87 1
19.4 81.9 1
4.13 92.4 1
5.43 93.3 1
20.8 82.1 1
20.8 98 1
5.7 95.1 1
17.4 84.5 1
17.4 85.8 1
17.4 88.3 1
71.2 12.8 1
67.8 13.2 1
50.8 18.2 1
49.5 18.2 1
66.4 12.1 1
59.4 23.1 1
69.8 6.85 1
60.8 23 1
69.5 3.13 1
50.8 2.03 1
46.9 5.08 1
52 19.4 1
52 20.7 1
69.4 12 1
61.1 2.35 1
77.8 14.1 1
59.1 2.1 1
77.9 15.9 1
68.7 10.2 1
66.9 10.2 1
67.1 4.95 1
68.9 5 1
45.3 4.7 1
48.3 19.4 1
48.3 20.7 1
49.5 21.9 1
50.8 21.9 1
72.6 39.4 0
66.8 39.2 0
45.5 31.7 1
77.7 43.9 0
78.1 45.6 0
78.1 29.4 1
70.8 35.7 0
48.5 32.2 1
42 44.2 1
42 30.8 1
70.8 39.4 0
41.9 29.4 1
41.9 45.6 1
60.6 26.9 1
47.2 30.9 1
69.8 37.6 0
60.6 48.1 0
59.4 48.1 0
68 37.6 0
47.5 29.4 1
51.3 29.4 1
43.6 43.4 1
50 28.2 1
48.8 28.2 1
59.4 26.9 1
49.4 48.1 0
50.6 48.1 0
45.6 28.8 1
57.8 69.8 0
58.1 73.8 0
58.1 75.1 0
58.1 71.3 0
41.9 70.6 0
49.4 78.1 0
50.6 78.1 0
59.4 78.1 0
42.1 69.2 0
60.8 78 0
49.1 52.1 0
52.6 75.9 0
77.9 70.9 0
78 69.2 0
60.8 52.1 0
59.3 72.6 0
60.9 72.9 0
61.7 76.4 0
43.6 68.3 0
56.8 72.6 0
49.1 82.1 0
59.1 82.1 0
60.8 82.1 0
60.8 98 0
89.4 23.1 1
90.8 23 1
81.9 15.6 1
82 14.2 1
118 14.1 1
89.1 2.1 1
107 0.875 1
118 15.9 1
118 43.9 0
85 43.5 0
82 44.2 0
82 30.8 1
86.8 44.2 0
87 45.7 0
101 39.3 0
90.6 26.9 1
89.4 26.9 1
101 35.8 0
100 37.6 0
90.6 48.1 0
89.4 48.1 0
83.6 31.6 0
85.2 46.3 0
85.2 47.6 0
89.4 78.1 0
81.9 70.6 0
82.1 69.2 0
90.8 77.9 0
118 69.2 0
118 70.9 0
89.1 52.1 0
89.1 82.1 0
108 99.1 0
108 97.7 0
91 97.8 0
159 20.1 0
163 6.45 0
164 18.1 0
165 18.1 0
162 11.7 0
160 18.4 0
130 7.73 1
161 18.1 0
162 8.08 0
165 12 0
161 23.1 0
126 22.9 0
159 22.9 0
124 1.88 1
133 5.33 1
168 15.6 0
163 9.78 0
168 14.1 0
162 20.6 0
162 19.4 0
130 6.18 1
165 10.2 0
122 14.4 1
122 15.6 1
131 5.13 1
162 16.9 0
163 12.9 0
128 5.55 1
161 2.13 0
122 29.4 0
122 30.6 0
124 26.9 0
159 26.9 0
168 30.9 0
122 45.6 0
168 44.2 0
168 29.4 0
124 48.1 0
159 48.1 0
126 26.9 0
161 26.9 0
122 44.4 0
126 48.1 0
161 48.1 0
121 26.3 0
121 48.8 0
159 75.1 4
164 73.1 4
165 73.1 4
160 73.4 4
162 67 4
161 73.1 4
161 78.1 4
168 70.6 4
159 78 4
126 77.9 0
168 69.1 4
162 75.6 4
162 74.3 4
163 65.2 4
124 51.9 0
165 67.3 4
122 70.6 0
165 65.5 4
127 76.4 0
162 71.8 4
163 68.2 4
139 87.6 4
124 81.9 0
127 93.5 0
126 92 0
140 83.9 4
140 86.4 4
125 92.7 0
129 93.2 0
193 5.4 0
184 17.2 0
186 13.6 0
191 8.93 0
184 5.28 0
182 8.7 0
190 12.6 0
185 12.7 0
190 7.15 0
183 16 0
181 12.7 0
192 15.9 0
191 5.38 0
180 6.98 0
172 14.1 0
172 15.9 0
198 23.8 0
182 5.28 0
192 13.8 0
183 13.9 0
183 0.875 0
193 0.825 0
186 16 0
196 22.5 0
194 2 0
193 8.83 0
195 7.08 0
187 7.13 0
172 31 0
172 44.1 0
198 25.6 0
198 49.4 4
198 28.1 0
199 26.9 0
196 26.9 0
176 57.7 4
175 56.2 4
197 52.6 4
172 70.9 4
172 69 4
178 54.6 4
185 73.8 4
185 76.3 4
198 78.8 4
198 51.2 4
176 54.4 4
178 56.4 4
195 52.1 4
177 88.4 4
182 86.9 4
197 82.6 4
198 81.2 4
180 88 4
179 87.1 4
193 97.7 4
195 82.1 4
181 90.4 4
7.98 15.9 1
11.3 13.6 1
9.18 10.6 1
7.7 13.4 1
9.23 12.5 1
8.13 29.3 1
11.9 29.3 1
7.85 31 1
18.9 43.1 1
2.9 30.7 1
11.5 30.8 1
9.38 32 1
17.7 45.6 1
17.7 44.4 1
13.4 74.6 1
12.9 71.6 1
14.2 72.9 1
15.7 72.6 1
14 92.3 1
13.1 93.8 1
15.6 92.9 1
52.7 8.68 1
51.9 6.95 1
54.3 4.83 1
62.3 10.1 1
52.7 5.23 1
62.8 13.2 1
61.6 11.9 1
59.6 12.2 1
57.7 36.1 1
62.1 39.3 0
58.3 42.9 0
61.2 37.7 0
57.7 39.4 1
58.6 37.7 1
57 44.2 0
57.3 45.7 0
55.3 43.4 0
55.4 46.3 0
53.2 58.8 0
46 73.1 0
44.8 73.1 0
52 56.9 0
54.4 54.8 0
47.3 75.6 0
47.3 74.4 0
74.8 73.3 0
52.8 55.1 0
75.3 75 0
136 39.1 0
136 35.6 0
135 37.4 0
165 43.4 0
131 35.7 0
163 44.2 0
163 45.6 0
133 37.3 0
131 33.8 0
144 57.6 0
146 56.4 0
148 92.5 4
144 92.4 4
146 93.7 4
195 42.9 0
177 30 0
177 45.1 0
176 40.5 0
177 31.8 0
177 43.3 0
176 34.6 0
176 32.7 0
176 42.4 0
193 44.1 0
196 45.6 4
196 43.8 0
193 72.5 4
195 76.3 4
195 73.8 4
21.8 13.5 1
16.4 12.6 1
20.5 12.2 1
17.1 10.7 1
18.3 10.7 1
17.7 13.8 1
17.7 15.1 1
18.9 12.6 1
3.48 39.4 1
10 39.2 1
1.28 35.8 1
12.5 45.4 1
0.325 37.6 1
13.4 42.5 1
1.43 39.4 1
12.2 43.8 1
15 37.5 1
13.1 37.5 1
12.1 39.1 1
12.1 36 1
15 42.9 1
41.4 48.8 1
41.4 26.3 1
82.7 27.5 1
81.4 26.3 1
81.4 48.8 0
99.5 56.4 0
101 57.3 0
103 56.4 0
99.3 54.7 0
100 53.1 0
95.8 86.8 0
96.7 85.1 0
96.9 88.3 0
98.5 85.4 0
100 88 0
98.7 87.1 0
140 5.55 1
137 6.95 1
150 18.6 0
138 5.5 1
121 23.6 0
123 22.4 0
135 6.95 1
145 37.6 0
146 35.8 0
146 39.3 0
148 35.9 0
129 43.9 0
149 37.6 0
132 43.7 0
128 45.5 0
148 39.3 0
131 42.8 0
132 45.5 0
130 46.1 0
123 77.4 0
164 54.8 4
162 56.9 4
163 55.2 4
121 78.6 0
163 88.9 4
149 87.7 4
164 84.8 4
162 86.9 4
151 86.8 4
151 85 4
163 85.2 4
160 87.7 4
197 32.2 0
196 36.7 0
195 33 0
194 34.9 0
175 74.5 4
177 69.9 4
177 71.9 4
175 72.8 4
175 68.9 4
185 95.6 4
184 92.1 4
185 93.1 4
187 96.1 4
9.63 84.8 1
20.1 92.9 1
13.4 87.8 1
10.6 86.6 1
21.8 92.2 1
22.9 95 1
12.4 86.3 1
23.2 93.3 1
25.7 92 1
42.7 22.4 1
63.1 19.8 1
67 17.2 1
64.9 19.9 1
65.4 18.2 1
41.4 23.6 1
63.6 16.9 1
62.3 18.1 1
41.4 78.6 0
53.6 91 0
56.4 94.6 0
52.4 93 0
63 94.9 0
61.8 92.2 0
63.3 93.2 0
53.2 94.8 0
54.7 95.1 0
56.1 91 0
57.4 93 0
114 18.4 1
102 13.2 1
99.3 10.5 1
112 17.5 1
98.1 13.5 1
100 12.3 1
110 21.2 0
110 18.7 1
99 0.9 1
81.4 23.6 1
103 12.3 1
101 1.25 1
109 42.7 0
107 45.3 0
107 31.5 0
105 32.3 0
107 29.6 0
106 42.6 0
107 43.5 0
103 31.1 0
103 29.6 0
81.4 78.6 0
86.7 88.9 0
85.4 84.9 0
88 87 0
101 98.6 1
98.8 99.3 0
87.1 85.4 0
90.2 87.7 0
147 5.58 0
149 8.83 0
149 5.38 0
152 7.1 0
150 7.1 0
134 18.7 0
145 12.8 0
143 16.2 0
143 12.7 0
142 14 0
153 5.48 0
145 17.4 0
132 17.4 0
146 14.1 0
146 16.2 0
141 32.3 0
141 42.7 0
144 32.3 0
144 42.7 0
143 31.5 0
143 29.7 0
143 45.3 0
143 43.5 0
168 26.3 0
168 48.8 0
167 47.5 0
199 1.18 0
181 37.5 0
182 35.7 0
184 39.2 0
186 37.4 0
182 39.2 0
184 35.7 0
1.5 10.4 1
0.875 12.3 1
3.55 10.4 1
33.1 17.5 1
2.48 13.5 1
4.18 12.3 1
1.2 0.825 1
34.8 18.4 1
39.3 5.95 1
10.1 0.95 1
39.2 20.6 1
35.2 20.1 1
3.2 1.75 1
31.2 18.8 1
39.3 36 1
9.33 63.9 1
8.98 67.3 1
5.98 63.7 1
26 72.8 1
5.58 67.1 1
31.6 71.9 0
8.4 65.7 1
29.6 73.2 1
6.25 65.5 1
27.6 71.9 1
39.2 75.6 0
28.3 69.5 1
25.6 74.5 1
8.15 62.4 1
7.45 68.3 1
30.8 69.5 1
27.3 68.1 1
1.23 98.8 1
10.1 99 1
57.2 6.23 1
58.1 7.88 1
57.2 9.53 1
54.3 24.4 1
79.2 20.6 1
45.6 0.8 1
55.2 0.85 1
60.1 7.88 1
41.3 20.1 1
44.9 23.8 1
41.3 5.95 1
78.7 5.95 1
54.3 25.6 1
44.3 49.4 1
40.8 34.9 1
78.9 35.2 0
44.3 25.6 1
54.3 49.4 0
60.7 58.3 0
57 59.5 0
57.4 56 0
58.3 57.6 0
44.3 79.4 0
79.2 75.6 0
44.4 50.8 1
54.4 50.8 0
58.3 61.5 0
60.7 60.8 0
54.9 78.8 0
40.6 75.8 0
44.4 80.8 0
54.4 80.8 0
54.4 99.2 0
45.2 99.1 0
111 7.35 1
114 8.95 1
113 7.33 1
114 5.68 1
84.3 24.4 1
84.4 0.775 1
119 19.8 0
96.7 0.9 1
81.2 5.95 1
119 5.95 1
80.6 19.5 1
119 36 0
81.2 36 0
85.5 25.6 1
95.6 61.2 0
91.6 59 0
86.6 64.8 0
94.4 62.7 0
114 57 0
84.9 65.2 0
84.3 79.4 0
92.6 63 0
91.6 61.5 0
84.4 50.8 0
113 55.7 0
119 74.8 0
80.6 74.5 0
114 87.1 0
113 85.7 0
84.4 80.8 0
97 98.3 0
84.4 99.2 0
157 14.5 0
155 19.3 0
167 22.4 0
157 16.4 0
155 17.7 0
121 5.95 1
168 23.6 0
121 1.58 1
165 0.875 0
155 13.4 0
153 14.3 0
153 16.7 0
169 5.95 0
165 23.8 0
121 19.5 0
169 19.5 0
164 49.4 0
164 25.6 0
121 36 0
169 35 0
167 77.4 4
164 50.8 0
168 78.6 4
121 51.6 0
165 78.8 4
121 74.5 0
169 74.5 4
164 80.8 4
164 99.2 4
121 81.6 0
196 12.4 0
198 13.2 0
200 12.3 0
171 20.6 0
171 5.95 0
173 47.5 0
173 27.5 0
171 35.1 0
172 26.3 0
172 48.8 0
171 74.8 4
199 98.8 4
197 97.7 4
38.9 9.68 1
5.55 2.08 1
16.6 3.25 1
0.1 32.6 1
38.3 48.8 1
38.3 26.3 1
39.3 38.9 1
20 57.2 1
21.7 57.8 1
22.9 55.1 1
23.2 56.8 1
0.125 87.9 1
5.98 85.2 1
4.4 87.9 1
5.7 87 1
7.88 88.3 1
4.85 99.3 1
74.5 3.28 1
74.4 5.15 1
51 12.9 1
78.7 8.9 1
41.3 8.9 1
66.7 32.5 1
68.2 31.6 1
70.1 32.3 0
77 36.1 0
78.3 26.3 1
78.3 48.8 0
78.9 39.7 0
77 37.7 0
41.2 38.9 1
68 29.8 1
59.9 67.7 0
61.6 67.8 0
62.8 69.1 0
41.6 51.8 1
62.9 70.8 0
64.7 72.1 0
55 68.5 0
46.5 88.9 0
45.2 84.9 0
47.8 87 0
46.9 85.3 0
41.6 81.8 0
92 4.33 1
102 17.3 1
101 7.18 1
99.9 5.48 1
99.9 18.6 1
94.4 1.1 1
81.6 1.73 1
104 2.6 1
119 8.9 1
80.8 10 1
113 44.1 0
114 43 0
93.1 39 0
92.2 37.4 0
95.3 35.8 0
93.1 35.9 0
117 47.5 0
117 27.5 0
80.8 40 0
119 39.7 0
118 26.3 0
118 48.8 0
95.3 39.1 0
113 45.5 0
96.5 37.4 0
114 67.2 0
114 65.7 0
81.6 51.8 0
113 68 0
105 98.7 1
81.6 81.8 0
94.3 99 0
121 8.9 1
169 9.9 0
168 1.75 0
167 2.63 0
148 29.6 0
155 39.1 0
148 31.1 0
152 31.4 0
157 39 0
158 37.4 0
150 32.3 0
155 35.8 0
157 35.9 0
121 38.9 0
169 39.9 0
153 37.5 0
155 65.8 4
155 67.3 4
157 68.1 4
158 66.8 4
158 62.8 4
157 64.3 4
156 64 4
123 97 0
121 98.3 0
179 18.5 0
175 19.9 0
177 17.3 0
175 18.2 0
172 23.4 0
171 9.83 0
196 1.18 0
190 32.5 0
171 39.8 0
189 36.2 0
191 34.4 0
192 31.4 0
177 62.2 4
179 63.2 4
179 66.6 4
179 65 4
180 73.3 4
177 65.4 4
172 78.5 4
176 63.7 4
182 72 4
191 85.2 4
179 92.8 4
196 86.8 4
177 91.7 4
193 85.8 4
195 88.1 4
193 87.6 4
175 93.2 4
2.65 17.2 1
4.63 18.5 1
5.65 7.35 1
26.2 5.4 1
27.4 7.08 1
7.48 7.35 1
0.675 18.4 1
36.9 7.75 1
33 31 1
33 44 1
34.4 32.1 1
28.1 43.6 1
34.4 42.9 1
29.9 42.8 1
25.1 33.2 1
25.1 35 1
33 45.4 1
33.1 29.6 1
27.8 45.3 1
18 29.2 1
23 35.1 1
3.25 57.8 1
12.7 58 1
8.95 55 1
11.7 56.5 1
9.88 56.8 1
1.3 57.8 1
0 56.8 1
8.7 58.3 1
6.53 57 1
6.8 55.2 1
29.5 93.2 0
33 89.7 0
31.6 93.2 0
33 91.8 0
6.2 99.3 1
31.6 88.3 0
16.8 83.3 1
4.38 96.7 1
62.1 5.4 1
41.8 1.83 1
73 44 0
74.4 42.9 0
63.2 35.7 0
65.3 35.6 0
56 64.4 0
46.7 59.1 0
52 62.8 0
47.2 70.4 0
54.3 64.9 0
52.8 64.5 0
46.9 68.9 0
67.3 58.3 0
47.1 55.5 0
48 57.1 0
70.8 56.9 0
68.7 56.9 0
45.4 55 0
48.2 67.7 0
107 14.8 1
85.3 13.1 1
105 18.2 1
87.1 13.9 1
107 16.9 1
102 43.9 0
98.6 43.6 0
85.2 40 0
87.8 37.9 0
101 42.7 0
86.9 39.6 0
88.2 41.4 0
117 37.8 0
93.3 69.7 0
102 69 0
94.6 74.5 0
96.6 71.9 0
100 72.9 0
110 73.6 0
93.3 71.6 0
87.8 57.9 0
86.5 59.8 0
108 72.3 0
95 72.9 0
102 71.7 0
95.2 69 0
96.7 70 0
87.8 61.8 0
106 73.6 0
92.1 68.4 0
100 68.3 0
90.2 92.1 0
87 94.4 0
87.9 92.8 0
85.3 94.8 0
144 7.75 0
159 11.3 0
143 7.75 0
157 6.3 0
158 7.85 0
142 9.2 0
157 9.4 0
145 9.28 0
140 9.15 0
149 12.5 0
164 33.9 0
163 34.3 0
137 43.7 0
137 31.2 0
134 31.5 0
164 32 0
163 29.8 0
163 31.2 0
162 32.4 0
136 42.6 0
136 32.4 0
137 45.2 0
132 66 0
140 62.3 0
131 67.6 0
126 58 0
141 66 0
127 56.5 0
144 73.4 4
151 55.3 0
143 67.4 0
125 72.3 0
141 63.5 0
126 68.2 0
145 66.1 0
131 73.2 0
134 65.6 0
126 72.6 0
133 68.6 0
145 63.6 0
136 67.9 0
133 72.3 0
134 73.6 0
128 69.4 0
140 73.4 0
151 57.1 0
135 67.2 0
143 62.4 0
142 72.1 0
128 71.4 0
168 51.9 4
136 72.3 0
149 58 0
125 57.3 0
129 56.8 0
168 81.9 4
200 42.9 4
194 40 0
30.9 11.9 1
21.7 19.5 1
33.1 14.2 1
31.6 9.98 1
27.3 13.2 1
15 17.5 1
25.8 12.3 1
13.6 11.7 1
34.5 13.1 1
22.2 16.6 1
12.3 9.8 1
33.3 10 1
13.4 17.8 1
20.9 17.8 1
12.2 16.5 1
19.4 17.5 1
18.8 0.625 1
15.6 23.8 1
19.4 23.8 1
35 24.2 1
37.9 2.05 1
38.1 23.4 1
25.2 0.95 1
9.75 5.15 1
10.4 17.8 1
31 23.8 1
29.4 1.15 1
25.8 10.4 1
13.5 3.58 1
15.6 1.25 1
30.6 8.15 1
28.4 31.8 1
30.2 32.5 1
18.1 40 1
16.9 40 1
7.53 36.9 1
8.6 35.3 1
39.4 28.8 1
39.4 46.3 1
29.6 26.9 1
29.6 49.4 1
18.8 49.4 1
16.3 49.4 1
29.6 25.6 1
33.9 25.6 1
33.9 49.4 1
4.6 35.2 1
5.7 36.9 1
15.6 26.3 1
5.23 33.3 1
19.4 26.3 1
22 74.5 1
17.5 59.4 1
24.4 66.5 1
29.6 63.7 1
0.475 62.6 1
2.53 69.4 1
4.5 73.1 1
17.5 60.6 1
27.1 60.5 1
22 62.5 1
33.1 62.3 0
34.7 66.5 0
23.1 65.2 1
19.7 72.5 1
21.3 72.8 1
2.53 71.9 1
23.4 63.5 1
31.7 63.7 1
33 66.2 0
22.5 71.5 1
29.5 78.8 0
27.1 58.4 1
28.5 57 1
18.8 50.6 1
16.3 50.6 1
19.4 78.8 1
15.6 78.8 1
35 79.2 0
30.2 51.1 1
38.1 78.4 0
38.9 60.2 0
20.2 63.1 1
17.6 75.1 1
16.3 75.1 1
34.3 51.5 1
38.6 64.3 0
7.88 96.9 1
17.5 90.7 1
27.7 87 0
23.5 85.5 1
0.9 91.8 1
22.4 88.2 1
26.3 88.4 1
9.98 93 1
23.8 87.2 1
8.8 91.5 1
18.8 80.6 1
15.6 98.8 1
30.2 98.9 0
19.4 98.8 1
38.9 90.2 0
30.2 81.1 0
17.5 95.4 1
16.2 95.4 1
15.6 81.3 1
38.6 94.3 0
34.3 98.6 0
34.3 81.5 0
74.2 11.9 1
70.8 18.5 1
65 8.28 1
65 6.73 1
47.3 9.4 1
74.4 18.1 1
74.1 10.1 1
72.7 17.2 1
69.5 23.8 1
56.3 21.8 1
65.4 1.1 1
78.1 23.4 1
74.8 19.8 1
45.7 9.85 1
48.2 7.78 1
73 8.4 1
55 21.8 1
77.8 0.95 1
75 24.2 1
66.5 42.7 0
45.4 34.8 1
57.4 31.5 1
68 43.6 0
48 36.9 1
69.8 42.9 0
54.7 40.2 1
62.4 45.1 0
47.1 35.2 1
58.6 32.7 1
62.7 43.5 0
61.5 42.3 0
79.4 46.3 0
79.4 28.8 1
69.6 49.4 0
69.6 25.6 1
40.6 28.8 1
40.6 46.3 1
73.9 25.6 1
73.1 30.8 1
74.5 48.8 0
73.2 29.4 1
47.3 46.4 1
67.7 45.4 0
57.7 30 1
68.2 67.9 0
67.2 66.4 0
63.2 64.6 0
74.9 66.7 0
73.7 60.5 0
68 72 0
70 73.2 0
72.2 67.8 0
73.7 58.4 0
63.5 62.9 0
72 63.9 0
73.2 66.4 0
41.2 60.9 0
75 79.2 0
70.2 51.1 0
78.1 78.4 0
78.9 60.2 0
65.5 66.7 0
71.9 72 0
71 78.8 0
74.3 51.5 0
41.2 64 0
78.6 64.3 0
68.4 63.9 0
66 61.6 0
66.4 90.5 0
63.6 85.4 0
67.8 87 0
62.5 88.2 0
47.3 94.2 0
52.5 83.6 0
63.9 87.1 0
48.3 92.6 0
41.2 90.9 0
66.4 88.4 0
71.6 93.3 0
73 91.9 0
70.2 98.9 0
41.6 98.1 0
78.9 90.2 0
70.2 81.1 0
43.2 97.2 0
67.8 91.9 0
78.6 94.3 0
74.3 98.6 4
74.3 81.5 0
41.2 94 0
108 9.83 1
110 12.6 1
105 9.83 1
114 12.5 1
112 13.4 1
95.2 17.8 1
90.6 1.25 1
118 23.4 0
115 0.95 1
85 5.15 1
117 21.9 0
85 9.4 1
94.8 19.5 1
93.5 16.5 1
86.7 5.63 1
83.8 21.1 1
114 23.8 0
83.8 19.9 1
96.4 5.35 1
96.8 16.9 1
92.9 31.1 0
92.5 29.5 0
87.2 29.8 1
92 42.5 0
92.9 45.3 0
87 31.3 0
93.2 43.8 0
88.2 32.5 0
110 32.9 0
113 40 0
119 45.6 0
119 29.4 0
81.3 45.6 0
81.3 29.4 1
114 49.4 0
95.4 42.6 0
86.9 34.4 0
91.6 32.4 0
113 31 0
115 26.9 0
115 25.6 0
83.3 46.3 0
114 72.2 0
113 71.3 0
88.4 67.7 0
87.1 68.9 0
113 60.3 0
113 61.7 0
104 62 0
114 51.3 0
80.8 65 0
119 60.2 0
118 78.4 0
117 76.9 0
81.2 59.5 0
85.4 68.2 0
110 60.4 0
96.9 58.6 0
83.8 76.1 0
114 78.8 0
119 64.3 0
86.9 54.9 0
83.8 74.9 0
85.2 54.5 0
100 60.6 0
103 97.3 1
110 90.4 0
100 91.8 0
109 86.1 0
113 90.2 0
81.2 90.9 0
113 91.7 0
114 81.3 0
115 99.2 0
119 90.2 0
81.6 98.1 0
108 87.7 0
91.6 99 0
112 93.2 0
81.2 94 0
119 94.3 0
114 95.6 0
125 12.8 1
127 8.83 1
126 7.43 1
137 13 0
125 7.43 1
138 14.3 0
126 12.3 1
137 16.5 0
167 9.08 0
124 0.625 1
124 23.8 0
139 17.8 0
123 19.6 0
148 45 0
157 45.4 0
148 43.5 0
125 32.2 0
155 42.7 0
128 36.1 0
125 37.7 0
140 39.3 0
140 35.8 0
158 42.6 0
164 40.3 0
127 37.7 0
162 38.1 0
157 43.8 0
149 42.4 0
128 29.7 0
124 43.1 0
127 32.6 0
163 39.9 0
128 39.2 0
128 31.3 0
141 37.5 0
121 46.3 0
121 28.8 0
124 25.6 0
124 49.4 0
169 28.8 0
126 42.8 0
161 41.7 0
130 39.3 0
169 45.6 0
153 43.6 0
149 62.6 0
148 67.6 4
135 58.4 0
153 69.8 4
155 74.5 4
129 63.5 0
134 57.5 0
151 63.5 4
150 66.9 4
126 62.3 0
163 60.4 4
132 60.5 0
158 57.7 4
153 71.9 4
157 71.5 4
157 56.2 0
127 63.8 0
151 65.3 4
139 58.4 0
155 72.8 4
169 60.9 4
132 58.6 0
162 62.4 4
140 57.2 0
124 50.6 0
124 78.8 0
169 64.9 4
121 63.9 0
135 60.7 0
134 61.6 0
155 54.8 0
156 56.5 0
121 60.2 0
125 62.9 0
153 91.8 4
151 94.8 4
134 92.9 4
129 86.6 0
155 86.7 4
139 91.7 4
127 87.8 0
151 93 4
169 90.9 4
132 91.8 4
140 92.9 4
128 86.3 0
163 96.9 4
124 80.6 0
166 94.3 4
124 98.8 0
168 98 4
169 94.9 4
121 93.9 0
154 88.2 4
121 90.2 0
154 85 4
125 87.1 0
157 86.4 4
131 88.1 0
135 92 4
199 18.2 0
185 9.73 0
176 12.4 0
197 16.9 0
178 13.4 0
177 1.15 0
190 18 0
196 18.1 0
182 43.5 0
186 42.5 0
190 42.6 0
181 32.7 0
181 42.4 0
188 43.4 0
200 32.9 0
171 29.4 0
171 45.6 0
182 45 4
185 27.6 0
183 28.3 0
181 60.4 4
190 55.2 4
197 68.3 4
184 62.3 4
196 66.9 4
183 67.4 4
188 67.9 4
186 58 4
190 73.3 4
193 68.7 4
186 63.4 4
194 67.2 4
195 57.8 4
180 58.1 4
188 55.8 4
187 66.3 4
197 56.5 4
185 65.8 4
187 57.5 4
195 61.6 4
172 52 4
171 64.8 4
171 60.2 4
191 55.7 4
190 64.9 4
188 72.1 4
182 56.9 4
192 57.6 4
190 63.4 4
188 61.7 4
189 61.8 4
187 86 4
186 87.7 4
189 91.2 4
185 88.2 4
191 92.9 4
190 91.2 4
191 94.4 4
172 82 4
171 94.8 4
171 90.2 4
181 98.6 4
27.9 17 1
22.5 9.05 1
22.5 5.95 1
21.6 7.5 1
19.6 7.5 1
4.2 23.8 1
0.8 23.8 1
0.9 2.9 1
25.1 18.3 1
24.6 20 1
34.9 38.3 1
34.9 36.7 1
2.58 46.9 1
5.45 25.6 1
8.93 46.8 1
33.7 35.6 1
33.7 39.4 1
4.83 48.8 1
1.33 48.2 1
10.3 74.5 1
33.6 58.2 1
8.18 71.9 1
36.7 53.2 1
9.78 72.9 1
4.2 78.8 1
0.8 78.8 1
38.1 51.8 1
34.8 73 0
35.3 74.7 0
32.2 56.8 1
0.8 51.2 1
4.2 51.2 1
36.7 83.2 0
38.1 81.8 0
0.8 81.2 1
4.2 81.2 1
47.4 3.2 1
67.1 3.08 1
68.5 1.98 1
51.6 0.775 1
49.2 1.25 1
45 2.83 1
43.4 17.7 1
59.6 17.8 1
51.6 23.2 1
62.9 29.5 1
63.2 31.1 1
76.5 33.4 0
62 32.3 1
50.8 26.9 1
64.8 28.9 1
51.4 49.4 0
63.1 54.9 0
63.4 56.6 0
76.7 53.2 0
53.4 77.1 0
50.8 51.3 0
51.4 79.4 0
78.1 51.8 0
57.2 76.3 0
76.7 83.2 0
50.8 81.3 0
50.8 98.8 0
55 83.2 0
78.1 81.8 0
106 23.8 0
101 23.8 1
86.6 21.9 1
118 1.9 1
109 3.4 1
109 0.875 1
85.4 21.9 1
96.5 32.4 0
98 31.5 0
106 25.6 0
101 25.6 1
106 49.4 0
110 48.8 0
110 26.3 0
99.8 48.1 0
99.8 49.4 0
97.8 29.7 0
84.1 48.2 0
100 32.4 0
98.1 65.3 0
106 58.3 0
108 57.9 0
96.2 65.7 0
109 78.7 0
109 56.4 0
101 78.8 0
86.6 76.9 0
105 51.6 0
106 78.7 0
110 51.1 0
117 52.9 0
85.4 76.9 0
98.4 63.5 0
92.7 86.5 0
103 87.1 0
105 88.5 0
105 81.6 0
101 81.3 0
110 81.1 0
110 99.1 0
117 82.9 0
129 21.5 0
144 23.8 0
141 23.8 0
149 23.8 0
149 0.85 0
145 1.35 0
136 1.3 1
161 24.4 0
140 0.95 1
163 21.9 0
166 19.8 0
136 23.8 0
157 29.6 0
157 31.2 0
149 49.4 0
149 25.6 0
144 25.6 0
141 25.6 0
136 49.4 0
144 49.4 0
161 25.6 0
141 49.4 0
161 49.4 0
158 32.4 0
135 26.9 0
135 25.6 0
155 32.4 0
163 76.8 4
141 51.3 0
149 78.8 4
136 78.8 0
144 78.8 4
141 78.8 4
136 51.4 0
154 59.4 4
166 64.4 4
149 51.2 0
154 61.2 4
161 79.4 4
161 51.3 0
144 51.3 0
166 74.8 4
155 93.5 4
157 93.9 4
146 86.9 4
144 88.1 4
141 98.7 4
123 92 0
144 81.3 4
136 81.4 0
149 98.8 4
149 81.2 4
139 82.6 4
161 81.3 4
161 98.8 4
165 97.2 4
136 98.6 4
144 98.7 4
155 95.3 4
199 6.93 0
189 23.8 0
181 0.875 0
199 23.8 0
190 3.5 0
186 23.8 0
181 23.7 0
191 0.825 0
185 0.875 0
172 1.9 0
194 23.8 0
177 37.6 0
174 35.3 0
186 48.1 4
189 26.9 0
189 48.1 4
196 49.4 4
189 49.4 4
199 49.4 4
189 25.6 0
181 49.4 4
186 25.6 0
186 49.4 4
174 39.8 0
200 26.3 0
180 26.9 0
180 25.6 0
195 26.3 0
200 73.5 4
199 78.8 4
181 78.8 4
185 51.4 4
181 51.2 4
200 51.2 4
191 50.7 4
191 78.8 4
194 50.7 4
198 72.2 4
200 81.2 4
181 81.2 4
190 80.9 4
172 97.9 4
189 99.1 4
186 80.9 4
175 86.5 4
194 80.7 4
39.1 16.8 1
34.7 3.23 1
26.2 23.8 1
8.95 23.8 1
33.8 0.775 1
36.9 5.28 1
14.2 1.25 1
22.7 28.6 1
26.2 26.9 1
13.9 33 1
8.85 49.4 1
8.85 25.6 1
26.2 25.6 1
26.2 49.4 1
13.2 61.9 1
12.3 63.4 1
12.7 68.4 1
14 67.1 1
38.6 55.8 1
25.8 51.5 1
39.1 71.8 0
8.95 78.8 1
8.85 50.7 1
14.8 62.5 1
25.1 79.2 1
38.6 85.8 0
25.8 98.6 0
25.8 81.5 1
14.2 98.8 1
8.85 80.7 1
53.9 2.95 1
58.2 0.85 1
79.1 16.8 1
66.2 23.8 1
48.5 24.4 1
58.5 24.4 1
40.6 16.5 1
43.6 4.85 1
47.4 21.9 1
51.6 40.1 1
58.5 49.4 0
66.2 25.6 1
66.2 49.4 0
43.5 46.9 1
58.5 25.6 1
47.9 26.9 1
48.5 49.4 0
46 27.6 1
47.8 62.9 0
46.9 64.5 0
43.5 74 0
52.3 53.4 0
46.4 76.9 0
78.6 55.8 0
65.8 51.5 0
48.2 50.9 0
79.1 71.8 0
66.2 78.8 0
41.2 56.1 0
58.5 79.4 0
48.5 79.4 0
40.6 71.5 0
45.1 76.9 0
74.3 76.6 0
59.1 51.3 0
43.5 75.3 0
78.6 85.8 0
48.2 80.9 0
58.2 80.9 0
49.1 98.8 0
59.1 98.8 0
41.2 86.1 0
66.9 98.9 0
65.2 80.8 0
88.2 0.85 1
96.2 23.8 1
88.5 24.4 1
80.6 16.5 1
90.1 10.4 1
119 16.8 0
94 9.48 1
92.1 10.1 1
96.3 48.1 0
116 33.4 0
88.5 25.6 1
88.5 49.4 0
96.3 49.4 0
96.3 25.6 1
117 35.3 0
86.1 48.2 0
93.5 53.4 0
119 55.6 0
96.2 78.8 0
81.2 56.1 0
95.4 52.9 0
88.5 79.4 0
80.6 71.5 0
96.3 50.8 0
119 71.8 0
88.2 50.9 0
104 92.2 0
106 93.3 0
108 92.8 0
109 94.2 0
99.3 96.9 1
88.2 80.9 0
119 85.6 0
89.1 98.8 0
81.2 86.1 0
96.3 80.8 0
131 3.25 1
154 23.8 0
131 23.8 0
131 0.825 1
169 16.5 0
121 16.5 0
154 10.2 0
129 3.68 1
155 0.95 0
162 0.875 0
131 26.9 0
167 28.1 0
131 49.4 0
131 25.6 0
154 48.8 0
154 26.3 0
150 73 4
148 71.7 4
131 78.8 0
154 78.8 4
169 56.1 4
169 71.5 4
154 50.7 0
131 50.7 0
121 71.5 0
132 52.3 0
121 56.2 0
132 82.3 0
136 87.9 4
160 91.6 4
135 87 4
169 86.1 4
154 99.3 4
154 80.7 4
131 99.3 4
131 80.7 0
132 97.7 4
121 86.2 0
185 3.43 0
176 5.63 0
180 3.43 0
171 16.8 0
176 23.8 0
176 8.9 0
177 7.25 0
176 25.6 0
176 49.4 4
188 28.3 0
171 71.8 4
171 55.4 4
176 78.8 4
184 77.6 4
175 52.9 4
176 50.7 4
173 74.9 4
182 84.4 4
199 91.7 4
171 85.4 4
176 80.7 4
192 99.1 4
176 99.3 4
199 89.1 4
177 97.7 4
177 82.3 4
13.3 24.2 1
21.8 24.2 1
12.4 22.6 1
3.75 44.2 1
4.8 28 1
6.6 46.8 1
38.8 31 1
13.4 25.6 1
13.4 49.4 1
21.6 25.6 1
21.6 49.4 1
2.93 28.6 1
22.6 45.5 1
14 51.3 1
21.8 50.8 1
13.3 79.2 1
21.8 79.2 1
36.7 96.7 0
13.2 96.3 1
14 81.3 1
21.8 99.2 1
21.8 80.8 1
56.1 16.5 1
61.8 24.2 1
54.9 16.5 1
50.1 32.6 1
78.8 31 0
40.8 31.8 1
61.6 25.6 1
61.6 49.4 0
51.3 31.4 1
55.8 47.5 0
54.8 53 0
77 74.6 0
61.8 50.8 0
61.8 79.2 0
62.7 77.6 0
72 86.6 0
76.7 96.7 4
52.7 96.6 0
61.8 99.2 0
61.8 80.8 0
73.4 88 0
91.8 24.2 1
104 38.5 0
104 36.5 0
119 31 0
112 36 0
80.8 31.8 0
91.6 25.6 1
91.6 49.4 0
82.4 32.6 0
103 53.9 0
91 51.3 0
91.8 79.2 0
119 51.6 0
101 52.3 0
91 81.3 0
119 81.6 0
95.6 98 0
166 6.15 0
123 2.83 1
126 1.25 1
159 1.25 0
138 3.63 1
127 24.2 0
158 24.2 0
128 15.5 0
169 31.8 0
158 25.6 0
121 31.6 0
158 49.4 0
127 25.6 0
127 49.4 0
164 46.9 0
123 52.9 0
165 53.1 0
162 53.4 4
146 53.9 0
159 51.3 0
126 51.3 0
127 79.2 0
158 79.2 4
128 77.6 0
127 96 0
123 82.9 0
162 83.5 4
146 96.2 4
159 81.3 4
159 98.8 4
126 81.3 0
126 98.8 0
129 95.7 4
171 31.9 0
195 46.8 4
193 46.2 4
194 77.5 4
184 97.1 4
195 97.5 4
18.4 3.25 1
31.8 3.28 1
34.2 21.7 1
38.8 13.9 1
22.1 0.95 1
37 46.9 1
37 28.1 1
11.5 46.6 1
9.65 28 1
10.9 28 1
38.9 42.8 1
16.7 70.7 1
39.2 68.1 0
39.2 98.1 0
38.1 99.2 0
48.5 16.8 1
53.6 19.3 1
58.4 21.8 1
62.2 1.1 1
70.5 2.35 1
79 13 1
40.8 13.1 1
47.3 18.1 1
53.6 20.6 1
73.4 37.7 0
77 46.9 0
77 28.1 1
55.9 36.1 1
72.6 35.9 0
78.9 42.8 0
40.8 43.1 1
42.4 42.3 1
49.5 46.4 0
50.7 46.4 0
49 73.3 0
79.2 68.1 0
40.8 68.1 0
42.4 67.2 0
52.5 74.2 0
55.1 96.9 0
79.2 98.1 4
78.1 99.2 4
56.8 96.4 0
111 22.5 0
119 13 1
80.8 13.1 1
106 2.23 1
119 42.8 0
80.8 43.1 0
80.8 68.1 0
118 50.7 0
119 68.1 0
85.8 83.1 0
119 98.1 0
118 99.2 0
118 80.7 0
123 16.7 0
133 3.45 1
126 21.5 0
169 13 0
121 13.3 1
131 9.1 1
169 43.1 0
121 43.3 0
166 55 4
169 68 4
121 68.9 0
165 83.1 4
141 82.6 4
123 94.1 0
171 13 0
175 28.7 0
175 46.3 0
171 43 0
175 76.1 4
173 56.8 4
178 53.1 4
186 77.5 4
171 67.9 4
179 84.6 4
37 19.7 1
19.8 35.9 1
26.6 38.6 1
20.5 28.6 1
10.2 43.7 1
9.35 41 1
16.2 53.1 1
18.7 53.1 1
30.2 75.7 0
23.9 96.2 1
18.7 83.3 1
69 8.38 1
42.1 15.5 1
42.3 14.1 1
54.2 9.58 1
53.8 43.8 0
53.7 45.2 0
59.3 76.3 0
60.9 75.4 0
63.9 96.2 0
57.6 83.7 0
65.6 95.9 0
83.8 16.9 1
90.2 21.7 1
88.8 21.9 1
105 28.3 0
104 28.3 0
106 46.5 0
83.8 71.9 0
90.2 76.7 0
88.8 76.9 0
83.3 64.2 0
95.9 83.5 0
83.8 85 0
92.6 94 0
147 3.7 0
141 28.5 0
141 46.6 0
144 46.6 0
144 28.5 0
130 47.4 0
166 71.8 4
160 76.7 4
161 76.8 4
166 85 4
193 3.53 0
190 10.4 0
188 13.2 0
174 63.3 4
16.7 8.93 1
17.5 20 1
18.8 20 1
20.1 42.3 1
16.4 46.9 1
18.9 46.9 1
3.45 61.9 1
32.2 95.7 0
35.5 92.4 0
10.5 83.3 1
12.4 83.8 1
51.5 3.35 1
65 21.4 1
58.5 13.1 1
49.5 23.2 1
43.9 30.8 1
43.8 35.8 1
69.9 28.5 1
43.8 29.4 1
43.5 71.9 0
51.3 77.1 0
48.5 76.9 0
57.8 54.2 0
45.6 83.1 0
97 10.8 1
113 3.8 1
96.4 12.7 1
83.4 8.38 1
106 34.2 0
83.4 44.3 0
88.3 47 0
83.6 39 0
112 46.8 0
113 53.6 0
98 54.5 0
99.4 51.8 0
113 83.7 0
166 16.9 0
141 3.68 1
160 21.7 0
167 12.8 0
161 21.9 0
150 21.1 0
121 27.5 0
123 28.1 0
123 46.9 0
121 25.6 0
121 49.4 0
121 47.5 0
166 39.2 0
167 68.1 4
166 88.5 4
151 83.4 4
181 10.3 0
173 19.5 0
186 5.93 0
178 28.7 0
178 46.3 0
191 39.4 0
192 29.3 0
185 33.9 0
196 77.5 4
192 83.3 4
174 92.9 4
26.8 3.53 1
1.95 1.75 1
9.25 3.28 1
13.1 28 1
0.875 41.3 1
13.8 46.6 1
15.8 44.1 1
32.3 46.7 1
32.4 28.4 1
29.7 46.6 1
35.6 62.9 0
14.3 76.1 1
64.9 12.1 1
71.4 21 1
73.8 21.4 1
41.4 47.5 1
41.4 27.5 1
58.6 46.9 0
40.8 25.6 1
40.8 49.4 1
73 46 0
71.4 54.4 0
76.2 61.1 0
76.6 72 0
43.6 85 0
53.3 89.4 0
55.8 89.4 0
114 20.9 0
97.9 0.9 1
116 5.45 1
106 40.7 0
109 40.7 0
82 28.1 1
80.8 25.6 1
80.8 49.4 0
82.8 47.6 0
85.5 28.6 1
110 76.1 0
84 60.4 0
84.2 88.6 0
98.9 83.8 0
98.3 98.3 0
116 91.7 0
155 20.9 0
121 24.2 0
130 18.4 0
132 15.7 0
123 23 0
134 5.88 1
133 46.8 0
166 44.2 0
162 46.9 0
137 29.1 0
164 28.5 0
147 28.4 0
138 46.5 0
123 78 0
121 79.2 0
124 74 0
163 91 4
175 21.5 0
174 31.6 0
174 43.5 0
197 29.7 0
174 69.6 4
173 71.5 4
198 97.7 4
187 97.6 4
182 91.4 4
3.73 0.925 1
30.8 21.3 1
6.68 29.1 1
12.8 40.7 1
32.8 54.3 1
23.9 53.8 1
34.2 76.4 0
14.9 86.7 1
21.5 96.4 1
76.6 19.4 1
54.6 23.1 1
76.6 3.08 1
76.5 4.95 1
58.1 41.3 0
77.8 35.2 0
72.5 28.2 1
69.6 46.6 0
45.8 53.3 0
72.2 95.8 0
75.5 92.5 0
61.5 96.4 0
47.7 96 0
105 20.7 1
109 22.5 0
85.4 3.28 1
118 21.1 0
83.3 22.4 1
116 9 1
101 3.6 1
107 28.3 0
108 46.5 0
102 46 0
101 28.3 0
93.1 57.6 0
112 65.2 0
118 76.1 0
105 76.1 0
116 61.7 0
83.3 77.4 0
111 66.7 0
88.4 83.6 0
87.4 96.2 0
113 97.1 0
96.6 99 0
85.7 96.6 0
158 4.43 0
150 3.5 0
139 20.3 0
152 3.6 0
134 21.2 0
122 19.3 0
168 27.5 0
169 25.6 0
169 49.4 4
147 46.3 0
145 75.9 4
140 75.9 0
139 54.7 0
124 62.3 0
139 95.4 4
148 90.2 4
200 20.7 0
190 20.5 0
188 31.8 0
200 46.8 4
183 46.3 4
182 54.5 4
175 95.7 4
195 90.7 4
10.7 20.3 1
36.5 17.1 1
38 6.05 1
36.3 32.3 1
26.3 46.6 1
9.8 53.4 1
37 74.4 0
11.7 54 1
26.8 76.1 1
24.5 84.2 1
2.5 97.4 1
18.8 93.9 1
5.75 83.6 1
67.3 14.9 1
73.3 2.33 1
45.8 1.95 1
40.8 24.2 1
49.2 13.6 1
62.2 21.4 1
52.4 13.8 1
52.3 15.2 1
42.7 5.85 1
56.1 10.4 1
63.3 46.3 0
77.8 38.5 0
66.2 46.6 0
56.8 28.8 1
44.9 26.9 1
49 70.6 0
40.8 79.2 0
43.8 55.1 0
49.6 68.7 0
43.1 77.3 0
54.4 71.5 0
53.9 69.5 0
44 88.5 0
50 86.8 0
54.1 82.3 0
109 6.1 1
103 6.65 1
80.8 24.2 1
83.4 5.25 1
94.8 21.1 1
89.1 13.1 1
84.9 23.1 1
99.6 21.1 1
82.5 19.5 1
93.5 28.3 0
84.4 34.1 0
113 28.9 0
114 46.8 0
118 36.1 0
94.6 76.1 0
116 57.1 0
80.8 79.2 0
84.9 78.1 0
116 65.6 0
82.5 74.5 0
85.5 52.7 0
103 84.6 0
116 87.2 0
167 7.15 0
145 21 0
123 1.58 1
121 0.95 1
123 5.88 1
129 28.5 0
166 46.9 0
155 76.1 4
131 75.7 0
166 76.7 4
123 51.6 0
164 77.5 4
121 51 0
127 54 0
167 74.5 4
123 55.8 0
129 54.3 0
129 84.1 0
123 81.6 0
128 83.8 0
164 98.1 4
121 81 0
124 85.6 0
178 21 0
194 13.2 0
174 8.2 0
172 46.9 0
172 28.1 0
171 25.6 0
171 49.4 4
196 98.9 4
185 84.1 4
5.08 21 1
4.7 5.68 1
0.225 20.9 1
37.6 8.53 1
5.08 0.925 1
5.38 42.4 1
34.4 46.7 1
34.5 28.4 1
10.2 76.1 1
22.7 67.3 1
19.5 70.6 1
21.4 66.1 1
21.4 70 1
19.3 55.9 1
20 65 1
29.1 95.7 0
32.6 84.1 0
13.3 90.1 1
5.05 90.3 1
0 96.1 1
35.5 89.3 0
4.88 97.9 1
55.4 6.3 1
42.7 7.55 1
54.7 2.18 1
63.1 15.2 1
51 16.9 1
55.6 32.8 1
50 36.3 1
53.8 38.7 1
43 48.1 1
70 34.3 0
56.6 69.9 0
59.8 69.6 0
64.8 76 0
64 53.7 0
55.3 58.4 0
52 66.5 0
68.3 54.4 0
55.7 56.1 0
53.9 52.1 0
54.3 77.8 0
77.9 75.4 0
61.6 71.5 0
44.7 78.1 0
42.3 75.7 0
56.3 72.1 0
72.6 84.1 0
48.2 83.6 0
87.3 16 1
93.3 14.8 1
105 1.35 1
93.9 46.6 0
116 43.8 0
111 39.1 0
109 34.7 0
118 38.5 0
96.2 28.4 0
85 48.8 0
112 62.9 0
105 65.5 0
105 63.2 0
110 62 0
83.5 54.6 0
98.9 93.3 0
96.9 92.2 0
102 98.6 1
83.7 94.6 0
158 19.3 0
159 17.6 0
166 21.7 0
169 24.2 0
164 22.5 0
167 19.5 0
148 17.3 0
156 28.4 0
156 46.6 0
124 33.2 0
145 34.3 0
145 40.9 0
134 29.1 0
152 29 0
124 36.2 0
150 28.4 0
135 46.5 0
167 36.1 0
161 66.8 4
169 79.2 4
155 53.2 0
124 68.1 0
157 53.7 0
123 58.2 0
146 84.4 4
157 96.4 4
155 96.9 4
155 83.4 4
157 83.9 4
198 1.18 0
174 16.9 0
180 17 0
182 31.6 0
180 75.8 4
183 73.3 4
178 95.3 4
196 84.3 4
193 93.3 4
177 90.1 4
195 83.8 4
179 91.2 4
36.4 12.8 1
17.8 2 1
5.78 12.7 1
24.7 21.6 1
13.6 8.38 1
12.2 5.38 1
15.9 2.63 1
22.8 32.5 1
30 40.8 1
38.3 27.5 1
38.3 47.5 1
3.73 46.2 1
30.2 34.3 1
5.35 47.5 1
38.9 25.6 1
38.9 49.4 1
36.7 35.8 1
28.4 29.4 1
26.7 35.9 1
21.6 33.7 1
14.2 56.7 1
16.8 58.1 1
28.1 54.5 1
18.1 51.8 1
16.8 51.8 1
21.4 53.6 1
6.58 53.7 1
35.9 65.4 0
27.3 84.5 0
76.2 10.1 1
59.3 3.28 1
47.6 11.2 1
61.3 3.53 1
43.3 2.98 1
40.9 0.95 1
45.9 11.6 1
44.1 9.63 1
60.6 9.65 1
58.9 10.7 1
65.6 38.2 0
78.3 47.5 0
78.3 27.5 1
66.8 36.6 0
78.9 25.6 1
78.9 49.4 0
73.1 41.1 0
74.5 32.1 0
74.6 28.2 1
48.1 38.9 1
64.5 27.6 1
54.7 48.2 0
44.2 58.7 0
69.6 75.7 0
76.2 58.1 0
40.8 51 1
44.4 68.9 0
76.2 65.6 0
44.8 94.3 0
67.5 84.5 0
40.8 81 0
65.8 84.2 0
59.3 93.3 0
92.4 19.4 1
87 8.4 1
83.7 14 1
91.6 17.7 1
90.9 3.23 1
105 8.28 1
80.8 0.95 1
87.9 6.75 1
95.9 3.48 1
94.5 6.43 1
118 28.1 0
118 46.9 0
114 38.4 0
119 25.6 0
119 49.4 0
98.6 46 0
97.8 37.4 0
92.2 74.5 0
99.9 75.4 0
91.4 72.9 0
116 68.1 0
80.8 51 0
87.4 71.1 0
96.3 57.2 0
116 95.5 0
80.8 81 0
92.7 84 0
135 13.4 0
123 11.7 1
161 8.43 0
168 9.85 0
169 0.95 0
123 8.83 1
161 10.9 0
133 9.93 0
152 17.8 0
128 13.1 1
166 31.2 0
123 42 0
150 46.3 0
161 28.5 0
124 39.1 0
164 48.1 0
134 55 0
151 53.7 0
124 71.1 0
134 76.1 0
164 52.2 4
169 51 4
126 75.1 0
124 64.3 0
167 92.3 4
134 95.4 4
164 82.2 4
168 95 4
121 98.9 0
169 81 4
124 88 0
123 97.7 0
200 3.4 0
196 20.6 0
196 1.18 0
171 24.2 0
184 20.9 0
190 16.4 0
194 16.5 0
172 34.4 0
188 45.8 4
180 46.3 0
186 27 0
182 27.6 0
178 68.6 4
187 53.9 4
177 58 4
198 58 4
196 61.9 4
171 79.2 4
189 53.2 4
176 67.6 4
172 74.1 4
197 64.8 4
179 56.8 4
175 84 4
20.8 21.1 1
6.25 16.8 1
33.9 8.38 1
18.7 6.38 1
36.6 3.4 1
38.9 24.2 1
39 0.95 1
13.4 20.3 1
32.1 6.88 1
36.3 43.7 1
1.6 31.3 1
18.3 41.9 1
19.4 39.2 1
17 48.1 1
18.3 48.1 1
8.13 48.1 1
26.2 42.2 1
16.7 28 1
19.2 28 1
36.7 39 1
23.6 46.8 1
22.7 36.5 1
21.1 76 1
4.95 75.6 1
36.1 67.9 0
36.1 57.8 1
38.9 79.2 0
16 67.5 1
16.6 65.7 1
20.6 87.1 1
2.53 92.9 1
8.45 94.1 1
18.1 82 1
7.28 92.6 1
6.23 97.9 1
22.1 84 1
17.4 89 1
16.2 82.6 1
71.6 14.8 1
76.1 16.8 1
66.3 9.08 1
66.5 6.05 1
58.5 16.2 1
69.5 1.2 1
66.3 2.3 1
79 0.95 1
78.9 24.2 1
47.2 6.43 1
58.6 18.9 1
71.5 7.73 1
53.1 21.8 1
67.6 40.9 0
46.1 32.9 1
76.3 43.7 0
61.1 46.3 0
69.8 41 0
47.8 33.4 1
54.2 28.4 1
51.5 47.7 0
52.7 60.4 0
76.4 68.1 0
46.4 71.7 0
48.4 53.7 0
78.9 79.2 0
62.2 84 0
54.3 97.8 0
40.8 98.9 0
101 15.4 1
116 13.6 1
119 24.2 0
88 3.75 1
108 2.23 1
91.3 28.3 1
85.4 42 0
88.5 28.6 1
101 40.9 0
82.7 45.7 0
84.5 31.3 0
87.1 42.8 0
114 32.4 0
98.7 28.4 0
116 71 0
108 68.1 0
108 54.3 0
119 79.2 0
83.9 69.1 0
105 98.7 0
108 84.1 0
84.9 82.3 0
80.8 98.9 4
129 7.65 1
123 14.1 1
124 21.5 0
128 6.25 1
124 31 0
135 40.5 0
135 34 0
123 26.9 0
126 28.5 0
149 34.2 0
123 44.4 0
126 46.9 0
151 37.5 0
123 48.1 0
133 33.2 0
153 46 0
158 74.4 4
166 60 4
158 72.7 4
144 60 0
168 65.1 4
151 96.4 4
140 89.3 4
127 89.8 0
123 91 0
122 93.4 0
167 96.9 4
130 92.6 4
174 13.6 0
183 8.53 0
185 11.4 0
180 13.1 0
187 16.5 0
174 5.43 0
187 8.38 0
187 36.1 0
192 34.2 0
193 32.3 0
172 40.5 0
173 76.6 4
178 72.6 4
197 54 4
173 53.1 4
171 51 4
189 75.8 4
187 73.3 4
195 53.5 4
183 87.5 4
197 93.1 4
171 81 4
192 95.9 4
173 87.1 4
15.8 15.7 1
21.2 4.08 1
20.8 15.1 1
11.6 15.2 1
18.9 15.7 1
8.13 9.5 1
37.9 20.5 1
9.8 16.5 1
14.5 2.63 1
0.6 34.6 1
9.03 37.7 1
15.6 38.8 1
10.1 36 1
8.65 33.3 1
32.4 36.3 1
32.4 38.5 1
4.68 32 1
7.13 32.3 1
15.6 41.6 1
0.25 48.8 1
36.5 71.8 0
18.2 77 1
18.6 73.2 1
15.7 77 1
8.4 85.5 1
16.2 91.8 1
18.1 97.3 1
11.8 93.2 1
15.6 97.3 1
9.33 87.3 1
76.3 13.1 1
42.1 16.4 1
63.6 9.43 1
48.2 2.4 1
57.5 23.1 1
72.2 11.8 1
50.2 7.23 1
50.9 23.8 1
44.4 40.7 1
56.3 39.3 0
63.1 38.4 0
58.5 34.8 1
59.7 43.2 0
61.3 40.6 0
62.1 36.8 0
47 43.2 1
55.2 42.1 0
47 41.3 1
58.9 28.8 1
50.2 26.3 1
48.6 47.7 0
43.3 28.2 1
53.2 46.4 0
61.6 53.5 0
72.2 77.4 0
44.4 64.7 0
50 56.7 0
76.8 77 0
73.1 73.1 0
74.9 77.8 0
56.7 82.4 0
51.7 82.8 0
82.5 17.8 1
100 8.98 1
87.9 23.1 1
117 6.38 1
102 2.7 1
111 43.7 0
91.6 46.6 0
100 34.2 0
82.5 72.8 0
115 75.9 0
98.8 57.1 0
87.9 78.1 0
96.6 51.9 0
88.1 53.2 0
100 58.1 0
83.3 83.2 0
141 6.68 0
122 17.6 0
139 7.73 0
158 28.4 0
158 46.6 0
130 36.6 0
146 31.4 0
164 42.1 0
134 43.3 0
162 43 0
131 38.2 0
167 45.6 0
130 33 0
166 53.3 4
142 57.1 0
163 63.8 4
162 78.1 4
147 56.8 0
135 84.5 0
142 86.9 4
166 83.3 4
162 93 4
142 92.9 4
162 97.6 4
140 81.3 4
169 98.9 4
176 3.75 0
184 2.28 0
191 2.35 0
191 43.7 4
179 32.4 0
179 42.7 0
195 41.8 0
195 38 0
197 45.5 4
197 43.7 0
194 70.8 4
182 77.6 4
173 55.2 4
185 78.8 4
181 83.1 4
176 87.4 4
23.2 12.8 1
12.1 12.5 1
15.4 12.1 1
33.7 2.13 1
10.8 10.6 1
4.1 40.6 1
1.23 27.4 1
10.2 45.9 1
5.25 26.7 1
3.5 36 1
4.6 37.7 1
16.5 34.4 1
15.9 32.5 1
12.1 74 1
11.6 72.3 1
38.9 51 1
38.9 81 0
27.6 92.8 0
52.3 2.1 1
77.5 5.88 1
48.6 23.2 1
77.6 32.3 0
61.6 28.2 1
44.4 43.7 1
48.5 26.3 1
58.4 77.6 0
52.1 78.4 0
51.5 52.6 0
78.9 51 0
56 75.9 0
44.8 82.2 0
75.9 87.6 0
50.7 93 0
78.9 81 0
119 0.95 1
104 14.1 1
103 11 1
97.4 14.9 1
87.4 48.2 0
118 51.6 0
99.2 89.9 0
87.2 90.5 0
108 96.2 0
97 89.9 0
118 81.6 0
89.4 89.8 0
167 17.8 0
146 6.8 0
142 11 0
162 23.1 0
132 2.15 1
127 22.7 0
144 11.1 0
163 16.1 0
163 13.5 0
147 13.6 0
147 8.33 0
135 8.05 1
139 43.4 0
139 31.5 0
127 43.9 0
149 40.6 0
144 37.6 0
127 45.5 0
130 41.1 0
167 72.7 4
150 75.5 4
163 58.6 4
160 56.6 4
148 52.6 0
163 71 4
163 68.8 4
144 52.6 0
144 90.5 4
138 86.7 4
149 93.3 4
148 97.5 4
153 87.2 4
144 97.4 4
153 85.4 4
187 4.08 0
172 20.3 0
181 2.28 0
171 0.95 0
194 9.55 0
196 6.58 0
198 37.3 0
182 34.5 0
186 40.6 0
198 32.9 0
191 47.4 4
182 40.4 0
195 48.1 4
192 77.5 4
192 73.3 4
195 78.8 4
177 51.9 4
185 90.4 4
171 98.9 4
20.8 10.4 1
2.6 15.2 1
19.2 9.43 1
34.9 22.9 1
36.8 22.1 1
33.7 16.2 1
22.6 43.5 1
12.6 31.6 1
21.4 27.3 1
8.85 26.8 1
21.4 46.8 1
0.25 72.4 1
13.8 70.1 1
14.6 52.5 1
10.1 97.1 1
19.4 91.7 1
23 90.4 1
14.1 97.3 1
38.1 98.1 0
25.5 90.4 1
58.7 5.53 1
68.9 18.1 1
60.3 6.55 1
56.4 2.18 1
42.7 31.8 1
57.7 48.2 0
52 29.7 1
42.3 72.8 0
77.8 72.9 0
47.6 78.1 0
56.5 62.4 0
43.2 83.2 0
64.6 91.4 0
63.2 90.3 0
78.1 98.1 4
66 92.8 0
58.2 86.5 0
112 15.8 1
113 22.5 0
103 4.05 1
109 18.1 1
117 8.08 1
104 43.5 0
108 32.2 0
82.8 37 0
118 32.3 0
104 56.8 0
89.7 58.9 0
105 52.6 0
89.7 61.4 0
101 51.1 0
100 83 0
101 87.3 0
118 98.1 0
101 97.6 0
158 13 0
163 6.03 0
140 14.3 0
136 17.7 0
136 2.68 1
139 2.33 1
149 22.3 0
141 16.5 0
144 18.4 0
149 10.3 0
162 3.58 0
141 40.8 0
141 34.2 0
146 43.2 0
162 48.1 0
164 27.3 0
159 77.9 4
161 52.7 4
122 73.7 0
148 87 4
126 97 4
149 82.7 4
161 82.7 4
159 86.8 4
173 21.9 0
184 18.1 0
179 6.78 0
176 39.6 0
176 35.6 0
176 27.5 0
176 47.6 4
195 28.5 0
197 73.5 4
187 92.8 4
189 94.4 4
185 98.6 4
10.6 2.13 1
32.1 22.5 1
4.63 9.23 1
12.2 26.8 1
13.2 34.9 1
14.8 35.8 1
4.35 68.4 1
24.6 72.1 1
13.3 77.4 1
24.1 73.8 1
8.6 60.7 1
31.5 68.2 1
29.2 66.8 1
25.6 67.9 1
29.1 76.9 0
8.43 89.8 1
77.5 7.58 1
42.3 13 1
61.6 18.1 1
77.5 20.2 1
42.6 34.9 1
61.6 61.4 0
64.8 68 0
44.9 52.4 0
51.9 97.3 0
46 97.2 0
82.6 6.35 1
113 10.4 1
103 18 1
110 23.7 0
109 8.6 1
84.6 2.43 1
98.1 17.9 1
109 47.1 0
106 27.1 0
102 27.1 0
106 47.8 0
85.9 27.3 1
101 31.4 0
87.2 66.4 0
113 58.4 0
85.5 66.9 0
86.6 63 0
95.8 59.8 0
82.1 64.9 0
84.7 51.8 0
105 95.7 0
97.1 82.5 0
94.7 87 0
113 88.4 0
91 86.9 0
94.6 94.3 0
84.9 97.5 0
149 2.35 0
153 22.3 0
122 6.5 1
135 22.4 0
131 48 0
136 38.4 0
136 36.4 0
122 36.8 0
142 27.2 0
142 47.8 0
144 47.8 0
144 27.2 0
167 56.3 4
153 82.2 4
167 86.3 4
160 89.3 4
198 15.1 0
179 37.5 0
174 29.4 0
174 45.7 4
179 61.7 4
181 66.1 4
173 64.7 4
176 76.9 4
172 72.4 4
177 60.6 4
188 97.6 4
6.03 3.8 1
1.03 9.28 1
30.3 18.2 1
12.8 47.9 1
22.6 60.3 1
25.2 57.4 1
32.7 72.8 0
8.03 69.7 1
19.4 58.5 1
37.9 75.2 0
36.6 93.8 0
33.6 96.8 0
9.4 82.3 1
25.2 97 0
4.5 82.9 1
29.3 88.8 0
52.1 9.45 1
43.5 21.6 1
66.3 22.2 1
73.9 6.95 1
76.6 2.13 1
66.4 34.1 0
43 37.7 1
71.8 31.2 1
69.5 27.3 1
62.5 65.9 0
61.5 57.3 0
50.4 74.1 0
43.3 53.4 0
66.3 71.8 0
54.5 66.8 0
47.3 90.3 0
66.3 97.3 0
57.7 97.3 0
116 16.9 1
111 4.2 1
114 2.63 1
83 3.38 1
98.1 5.7 1
82.2 9.15 1
90 37.8 0
114 41.7 0
82.2 43.2 0
92.5 34.1 0
82.4 39.8 0
114 48 0
93.1 64.5 0
94.9 64.2 0
110 56 0
111 52.3 0
114 52.5 0
96.1 62.7 0
113 69 0
117 64.5 0
83.1 52.8 0
111 85.9 0
87.5 82.4 0
83 86.3 0
114 82.6 0
91.7 96.5 0
93.8 99 0
130 20.9 0
168 11.7 0
132 22.4 0
152 8.88 0
122 8.2 1
153 2.45 0
155 40.7 0
157 40.6 0
163 36 0
160 38.1 0
167 39.9 0
138 66.6 0
155 68.9 4
130 68.7 0
142 69.5 0
153 65.6 4
130 72.4 0
160 63.2 4
157 69.6 4
168 67 4
124 95.9 4
177 15.6 0
190 28.1 0
172 32.5 0
183 69.5 4
173 94.3 4
173 91 4
192 89.4 4
32.5 13 1
16.9 21.9 1
16.2 18.1 1
19.4 21.9 1
33.9 11.9 1
25.8 2.38 1
37.8 18 1
8.7 5.93 1
28.7 2.58 1
26.7 9.03 1
29.2 7.7 1
31.8 31.6 1
31.4 43.7 1
37.8 36.6 1
26.6 32.8 1
33.7 47.9 1
33.8 27.1 1
29.3 47.8 1
10.3 63.7 1
10.8 67.4 1
0.25 60.4 1
5 57 1
19.6 61.8 1
36.7 64.3 0
26 77.3 1
30.7 97.2 0
36.9 91 0
22.5 97.7 1
13.3 82.8 1
42.8 20 1
45.1 22.4 1
63.4 6.03 1
63.2 22.7 1
49.7 3.73 1
76.4 21.8 1
74.5 22.6 1
71.4 43.7 0
74.4 47.3 0
65.6 31.5 1
66.5 29.9 1
70.4 66.8 0
73.2 62 0
72 57.7 0
70 52.9 0
74.3 53.4 0
77 64.5 0
64.6 73.4 0
70.4 64.3 0
58.7 53.3 0
66.8 59.9 0
43.3 93.3 0
62.5 97.6 0
44.4 96.1 0
109 14.4 1
109 11.3 1
116 3.58 1
101 22.3 1
85.5 11 1
94.5 2.58 1
93.3 4.55 1
96.1 34.2 0
92.8 40.5 0
90.1 42 0
95 40.6 0
86.9 35.8 0
89.8 31.8 0
103 67.3 0
98.2 72.4 0
111 72.4 0
117 55.6 0
82.8 59.4 0
116 53.5 0
104 72.8 0
98.4 52.9 0
90.4 69.3 0
98.3 70.4 0
82.9 91.7 0
82.9 93.5 0
117 85.7 0
117 94.4 0
97.8 99 0
92.4 99 0
113 94 0
116 83.5 0
83.3 96.4 0
130 16.7 0
135 4 1
139 11.3 0
154 12.5 0
153 13.5 0
168 43.1 0
157 34.2 0
149 27.1 0
122 38.5 0
153 31.7 0
155 34.2 0
149 60.6 4
140 60.6 0
152 68.6 4
147 66.2 4
147 63.7 4
137 57.9 0
127 66.7 0
133 70.4 0
134 63.4 0
136 70.4 0
138 73.2 0
157 61.9 4
155 62.8 4
123 59.4 0
130 57.8 0
166 90.6 4
131 89.9 4
137 92.5 4
196 11.2 0
195 2.7 0
173 6.35 0
184 43.1 0
172 42.4 0
182 61.7 4
186 60.4 4
172 68.5 4
184 57.4 4
192 62.8 4
188 59.9 4
190 59.9 4
200 96.2 4
180 96.9 4
194 82.4 4
1.58 22.2 1
29.2 12 1
24.4 6.13 1
3.73 22.2 1
12.7 3.5 1
30.2 28.1 1
7.13 27.9 1
10.8 41.9 1
37.8 38.3 1
3.35 52.8 1
29.1 61.7 1
37.1 61.4 0
33.2 60.4 1
0.85 68.3 1
25.4 61.7 1
1.2 52.8 1
34.2 53.2 1
34.9 77.6 0
29.8 53 1
36.8 76.8 0
8.48 95.7 1
74.5 1.18 1
70.3 22.2 1
64.8 43.3 0
53.8 27.1 1
73.9 26.9 1
69.2 47.9 0
68.1 69.6 0
72.1 69.6 0
56.1 54.3 0
77.6 59.7 0
49.9 76.5 0
65.1 64.8 0
65.6 57.2 0
66.8 63.1 0
43.3 91.6 0
76.6 93.9 4
73.6 96.9 4
70.8 97.3 4
77 91.1 0
42.8 86.3 0
47.3 82.3 0
69.5 91.7 0
114 18 1
106 21.9 1
97.4 22.4 1
98.9 2.35 1
105 40 0
101 47.2 0
110 28.2 0
97.1 43.3 0
104 34.8 0
111 31.7 0
101 76.7 0
107 77.3 0
117 60.3 0
109 77.3 0
95.4 67.9 0
93.6 67.4 0
86.8 56.4 0
99.1 67.3 0
102 61.3 0
98.6 62.1 0
110 88.7 0
117 90.3 0
115 98.1 0
126 10.4 1
144 3.43 0
154 5.58 0
165 2.33 0
157 22.2 0
127 34.6 0
136 27.8 0
160 31.9 0
162 27.3 0
153 27.8 0
127 41.1 0
160 42.3 0
136 47.7 0
152 43 0
168 35.2 0
143 77.1 4
130 65.3 0
130 61.5 0
167 61.3 4
127 60.2 0
141 77.1 4
136 77.3 0
153 55.5 0
122 63.7 0
124 75.9 0
172 17.8 0
176 22.3 0
189 21.8 0
188 29.4 0
199 48.1 4
199 67.2 4
188 69.6 4
196 59.4 4
190 52.4 4
191 66 4
190 67.4 4
193 57 4
193 55.2 4
174 96.2 4
188 89.6 4
197 88.3 4
176 96.7 4
23.3 17.7 1
27.5 15.1 1
22.8 19.4 1
23.9 9.65 1
15.2 46 1
34.2 34 1
34.2 41 1
27.2 47.8 1
3.6 76.9 1
1.45 76.9 1
6.33 72.6 1
8.73 52.4 1
22.4 52.4 1
11.9 59.9 1
15.4 61.3 1
30.6 57.2 1
25.8 83.4 1
32.5 87.3 0
53.8 16.4 1
62.9 33.9 0
60.5 32 1
59.5 66.8 0
47.3 66.1 0
66.8 53.3 0
76.2 54.4 0
47.5 52.5 0
43 56.5 0
77.3 56.5 0
65.3 82.7 0
89.3 11.4 1
114 27.6 0
95 31.4 0
83.6 29.2 1
82.2 48.2 0
105 60 0
96 76.9 0
82.8 57.2 0
109 59 0
110 82.5 0
106 87.4 0
88.3 97.1 0
106 83 0
142 22.3 0
144 22.3 0
156 9.83 0
166 3.28 0
151 12.6 0
166 29.1 0
149 47.5 0
137 53.4 0
141 53.3 0
146 72.5 4
122 72 0
152 62.5 4
152 58.6 4
132 77.3 0
153 52.5 0
122 56.7 0
154 92.9 4
141 96.7 4
154 90 4
135 97 4
153 94.6 4
122 86.5 0
187 21.8 0
199 21.9 0
195 21.9 0
173 8.98 0
186 47.1 4
200 28.2 0
193 30.3 0
181 47.5 4
186 53 4
180 53.1 4
199 52.6 4
195 52.1 4
197 70.6 4
190 85.8 4
173 83.5 4
186 82.7 4
9.53 21.9 1
26.5 18.1 1
37.2 56.3 0
36.1 54.2 1
13.2 54.2 1
26.6 53.4 1
34 83 0
35.5 95.7 0
11.9 95.7 1
14.9 84.2 1
51.6 11.8 1
77.4 17.7 1
49.4 16.1 1
71.8 3.53 1
44.3 18.2 1
52.5 18 1
52.7 40.1 0
50.1 38.4 1
71.8 34.4 0
47 45.3 1
67.1 47.9 0
58 27.5 1
42.8 61.9 0
49.8 63 0
47.1 60.8 0
42.8 63.7 0
53.8 73 0
69.9 87 0
74 83 0
48.6 96.9 0
87.1 2.5 1
95.4 47.2 0
87.6 27.3 1
118 42.7 0
116 46.1 0
111 34.8 0
112 37.6 0
114 73.4 0
117 75.5 0
114 77.4 0
108 70.5 0
82.1 66.8 0
92.9 77.4 0
87.2 51.9 0
109 91.7 0
110 93.1 0
95.1 98 0
159 3.48 0
154 20.3 0
128 4.38 1
130 27.9 0
155 47.3 0
167 32.2 0
165 34.6 0
148 69.2 4
158 76 4
124 53.9 0
166 63.2 4
152 72.3 4
154 76.9 4
157 59.3 4
127 76.4 0
126 53 0
132 53.6 0
155 58.3 4
131 83.1 0
153 97.6 4
132 96.8 4
144 83.1 4
132 87.1 4
135 89.9 4
177 10.3 0
174 38.9 0
174 36.3 0
181 29.5 0
199 77.2 4
183 85.1 4
198 98.9 4
181 95.4 4
191 97.3 4
26 22.4 1
12.5 21.5 1
30.5 3.93 1
3.75 43.5 1
37.4 31.2 1
37.8 72.7 0
22.1 77.3 1
13.2 65.3 1
8.9 76.9 1
19.9 54 1
4.65 63.4 1
14.8 64.4 1
31.2 82.6 0
1.9 95.4 1
19.4 95.8 1
23 82.8 1
3.08 86.6 1
0.75 86.6 1
62.4 2.28 1
47 21.1 1
44.3 11.4 1
65.2 14.2 1
57.9 11.6 1
55.2 8.85 1
44.5 33.1 1
62.1 47.6 0
49.4 33.9 1
66 27 1
56.9 65.2 0
66 77.6 0
48.1 71.8 0
43.2 67.8 0
63.2 82.7 0
71.2 82.6 0
75.5 95.8 4
50 84.3 0
73 89.9 0
61.1 86.9 0
82.5 12.9 1
93.1 22.3 1
94.2 8.3 1
111 45.8 0
92.3 27 1
92.6 47.8 0
116 39.2 0
83.2 32.3 0
97.2 27.2 0
118 67 0
105 90.4 0
109 97.5 0
117 97 0
156 6.3 0
124 4 1
126 3.05 1
159 20.9 0
127 15.2 0
157 47.9 0
123 32 0
139 29.4 0
127 27.2 0
127 48.1 0
139 38.6 0
139 36.6 0
146 29.3 0
168 48.1 4
149 76.7 4
123 69.3 0
139 62.7 0
136 61.1 0
158 52.7 4
159 92.7 4
124 83.7 0
127 82.8 0
136 82.9 4
138 84.2 4
130 95.1 4
158 82.9 4
181 22.2 0
177 2.8 0
187 33.6 0
174 67.2 4
182 75.8 4
188 86 4
172 85.6 4
189 82.1 4
194 95.8 4
176 83 4
35.7 9.15 1
37.5 13.9 1
1.78 0.925 1
22.9 22.8 1
25.2 37 1
0.55 29.3 1
37.5 42.6 1
36.3 29 1
36.3 46 1
12 75.6 1
37.4 66.8 0
18.3 71.3 1
37 86.1 0
35.9 84 0
44.7 7.83 1
57.6 17.3 1
65.7 4.18 1
44.4 45.8 1
76.4 31.3 0
77.6 42.6 0
76.4 28.8 1
76.3 46 0
55.4 37.8 0
62.6 27 1
51.5 28.4 1
62.6 52.2 0
77.6 67 0
55.8 73.6 0
63 77.3 0
77 86.1 0
59.3 95.8 0
75.9 84 0
84.8 16 1
117 12.5 1
104 1.35 1
104 45.6 0
83.8 41.7 0
118 73 0
91.3 76.1 0
101 92.8 0
91.7 83 0
90.9 93.3 0
129 9.03 1
122 13 1
147 20.8 0
124 15.7 0
146 4.93 0
132 8.85 1
139 45.5 0
157 27.1 0
128 46.8 0
122 43.3 0
146 45.3 0
125 89.4 0
158 97.4 4
179 4.2 0
174 3.55 0
173 12.5 0
190 37.1 0
172 60.2 4
178 75.1 4
179 54.3 4
196 98.9 4
19.3 4.5 1
22.3 2.83 1
2.9 0.925 1
7.83 41.3 1
19.2 37.2 1
27.5 40.2 1
25.5 27.4 1
21.2 35.1 1
3.23 59.7 1
20.6 84.6 1
77.5 12 1
67.5 7.63 1
57.5 3.35 1
59.2 20.8 1
56.7 34.9 1
76.2 38.5 0
53.7 42.5 0
44.5 71 0
71.5 75.6 0
117 20.3 0
91.5 21 1
89.2 4.88 1
116 28.9 0
116 31.5 0
84.1 62.4 0
84.9 71.1 0
93.1 53.7 0
101 84.8 0
142 4.8 0
166 5.73 0
136 20.2 0
163 2.33 0
166 41.8 0
143 54.6 0
149 54.3 0
148 84.5 4
143 95.4 4
154 83.9 4
187 11.8 0
189 9.88 0
188 14.9 0
185 7.18 0
183 33.4 0
179 45.1 0
197 46.8 4
192 39.4 0
187 75.8 4
189 95.9 4
15.7 9.68 1
0.4 5.93 1
23.2 29.1 1
19.5 41.1 1
22.4 48 1
1.43 63.3 1
32.1 75.3 0
19.2 75 1
16 69.5 1
27.3 95.3 0
2.3 98.6 1
8.18 83.9 1
1.08 82.4 1
70.7 9.25 1
46.9 18.5 1
49.2 5.88 1
71.8 29.2 1
73.6 37.7 0
43.2 42.6 1
75.9 70 0
50 54.2 0
72.6 55.2 0
62 75.4 0
118 17.8 0
103 20.5 1
96.3 9.38 1
95.7 14.1 1
110 40.6 0
89.9 46 0
107 34 0
98.2 55.8 0
115 63.2 0
91.6 52.6 0
94.8 84.5 0
112 83.8 0
124 29.1 0
134 45.7 0
124 46.3 0
121 27.5 0
121 26.3 0
121 48.8 0
121 47.5 0
149 95.8 4
143 84.4 4
160 96.2 4
192 10.4 0
198 2.55 0
180 10.8 0
183 10.2 0
179 30 0
190 45.7 4
189 40.9 0
191 75.8 4
181 92.2 4
178 84.9 4
5.78 0.925 1
18.2 8.3 1
8.2 4.05 1
31.8 29.6 1
31.4 45.7 1
2.48 41.8 1
6.58 31 1
16.4 42.8 1
24.2 75.4 1
3.43 98.6 1
65 10.2 1
59.6 14.8 1
68.6 20.6 1
71.4 45.8 0
59.7 45.7 0
59.5 41.6 0
56.8 41.2 0
40.8 26.3 1
40.8 47.5 1
40.8 27.5 1
40.8 48.8 1
52.1 31.6 1
75.7 62.6 0
68.4 95.7 0
51.6 90.8 0
108 20.6 0
96.6 20.4 1
108 29.7 0
80.8 26.3 1
80.8 27.5 1
105 54.3 0
104 75.3 0
84.7 90.1 0
103 93 0
115 93.1 0
165 16.1 0
166 13.5 0
134 15.9 0
121 24.2 0
123 24.2 0
134 6.98 1
160 46 0
138 75.7 0
165 58.2 4
165 71 4
121 79.2 0
123 79.2 0
124 60.8 0
198 30.4 0
197 76 4
183 89.7 4
14.4 40.4 1
15.9 30 1
31.2 54.7 1
25.1 54.9 1
55.1 23.7 1
78.9 36 0
53.4 67.8 0
58.2 84 0
50.7 95.5 0
54.5 81.6 0
115 10.5 1
82.7 21.8 1
81.9 20.2 1
102 1.45 1
85.5 23.8 1
118 22.6 0
103 41.6 0
111 29.6 0
119 36.1 0
82.7 76.8 0
81.9 75.2 0
112 63.8 0
85.5 78.8 0
118 77.6 0
95.2 58.4 0
106 97.1 0
116 88.5 0
122 20 0
147 33.4 0
169 26.3 0
169 27.5 0
129 74.9 0
166 68.8 4
160 54.1 4
130 55.3 0
165 98.9 4
137 95 4
162 90.6 4
160 84.3 4
193 19.9 0
196 4.08 0
184 45.2 4
200 54.5 4
174 58.3 4
184 54.9 4
192 53.8 4
194 91.4 4
38.7 6.05 1
36.2 16.2 1
29.9 20.7 1
20.9 43.4 1
13.6 29.4 1
20.3 46.1 1
22.2 68.7 1
19.4 63.7 1
18.2 92.7 1
15.5 88 1
12.1 90.7 1
6.3 98.6 1
48.7 12 1
56.9 5.6 1
69.2 15.8 1
76 8.45 1
42 24.2 1
41.5 5.85 1
45.4 1.15 1
53.6 10.4 1
43.6 48.8 0
45.5 26.3 1
64.8 45.5 0
78.9 37.7 0
73.1 32.5 0
65.5 54.7 0
50.3 67 0
43.6 78 0
42 79.2 0
54.3 79 0
49.6 88.6 0
44.8 89.9 0
56.3 90.2 0
91.3 14.5 1
104 7.83 1
103 2.8 1
80.8 23 1
108 7.35 1
97.7 3.83 1
100 29.3 0
116 41.4 0
85 48.8 0
84.4 35.6 0
102 33.3 0
112 76 0
116 58.4 0
80.8 78 0
84.3 56.2 0
105 84.8 0
169 7.15 0
167 21.8 0
168 20.2 0
169 23 0
164 23.7 0
121 0.95 1
123 0.95 1
140 20 0
148 15.6 0
154 29.2 0
166 37.7 0
167 76.7 4
168 75.1 4
169 78 4
164 78.7 4
121 51 0
123 51 0
154 53.9 0
121 81 0
123 81 0
149 91 4
147 89.5 4
196 14.7 0
171 48.8 4
171 26.3 0
171 27.5 0
171 47.5 4
174 61.8 4
191 83.8 4
7.53 20.3 1
38.7 7.75 1
35.8 11.5 1
4.85 14.8 1
6.25 10.7 1
16.6 1.38 1
17.8 1.38 1
3.28 6.3 1
38.9 26.3 1
38.9 47.5 1
38.9 27.5 1
38.9 48.8 1
5.1 54.5 1
18.7 57.2 1
3.45 90.8 1
14.9 90.2 1
6.9 90.9 1
63.7 4.15 1
41.5 7.55 1
54.3 1.33 1
60.8 8.33 1
61.6 20.6 1
72.4 6.28 1
67.8 35.1 0
55.3 48.8 0
78.9 26.3 1
78.9 47.5 0
78.9 27.5 1
78.9 48.8 0
54.8 60 0
60.4 54.8 0
41.7 75.2 0
45.2 78.7 0
42 51 0
54.3 51.4 0
78.7 75 0
42 81 0
87.5 10 1
91.6 1.98 1
89.9 16.6 1
83.9 10.8 1
80.8 1.6 1
119 37.8 0
119 47.5 0
119 27.5 0
119 26.3 0
119 48.8 0
95 29.2 0
97.9 74.9 0
110 54 0
82 51 0
83.9 67.8 0
108 62.2 0
111 96.4 0
90 84.4 0
82 81 0
101 96.1 0
169 8.85 0
169 1.6 0
154 3.7 0
146 18.3 0
125 34.6 0
132 29.4 0
151 35.2 0
147 41.4 0
144 35.3 0
144 39.8 0
165 48.8 0
146 75 4
125 66.6 0
121 98.9 4
123 98.9 4
175 15.6 0
194 12.1 0
179 15.3 0
171 23 0
178 70.1 4
184 70.8 4
171 78 4
198 84.7 4
199 94.2 4
196 91.1 4
24.2 4.25 1
12.7 7.05 1
30.8 6.43 1
36.1 34.2 1
27.9 34.6 1
18.6 26.7 1
17.3 26.7 1
4.73 48.7 1
3.1 47.5 1
3.38 32.6 1
14.8 57.9 1
17.2 64.4 1
18.1 51.2 1
16.8 51.2 1
3.08 84.1 1
18.1 81.4 1
16.8 81.4 1
62 16.1 1
67.1 1.2 1
42.2 0.95 1
43.7 2.1 1
77.8 2.13 1
64.8 39.6 0
71.3 41.9 0
67.4 28.6 1
62.7 72.8 0
114 20.5 0
97.1 45.7 0
96.6 39.7 0
89.8 71.8 0
116 69 0
110 67.1 0
135 12.1 0
124 10.4 1
160 16.5 0
128 11.1 1
124 41 0
136 55.4 0
161 64.7 4
168 51 4
164 51.4 4
169 92.3 4
168 81 4
164 81.4 4
169 94.1 4
154 96.2 4
192 17 0
185 20.2 0
185 26.4 0
183 26.4 0
199 57.4 4
197 59.7 4
171 74.5 4
173 53.4 4
196 64 4
199 65.1 4
174 89.4 4
15.6 20 1
8.08 17.4 1
38.2 24.2 1
37.7 0.95 1
36.4 2.3 1
36.1 40.7 1
8.7 48.7 1
0.875 48.8 1
18.3 48.7 1
17 48.7 1
25.2 45.8 1
2.83 34.7 1
6.78 75.1 1
35.7 60.1 0
38.9 78 0
19.9 88.4 1
75.5 14.9 1
62.7 7.95 1
68.8 1.2 1
72.6 13.8 1
78.9 23 1
53.7 22.5 1
55.6 29.6 1
66 41.4 0
62.2 39.7 0
52.1 48.3 0
50.7 58.8 0
44.8 66.3 0
67.5 75.8 0
78.2 79.2 0
52.9 81.6 0
54.7 98.6 0
40.8 98.2 0
103 16 1
102 9.53 1
118 24.2 0
98.7 15.9 1
98.5 41.4 0
97.7 35.1 0
89 43.3 0
89.8 29.3 0
113 33.1 0
81.4 46.3 0
81.4 47.6 0
106 66.3 0
92.8 56.4 0
118 79.2 0
85.3 81.5 0
80.8 98.2 4
98.2 99 0
156 4.43 0
123 22.8 0
151 39.5 0
160 29.4 0
122 26.9 0
122 48.1 0
132 39.7 0
131 32.4 0
152 45.4 0
166 33.7 0
146 59.2 0
142 59.5 0
161 67.9 4
169 64.2 4
129 90.6 4
168 97 4
122 91.7 0
163 98.9 4
140 81.3 4
122 93.5 4
180 20.7 0
192 42.5 0
196 42.6 0
173 35.4 0
186 70.9 4
172 76.1 4
171 52.3 4
171 82.3 4
176 89.1 4
199 97.5 4
