24 39 1
104.847 73.0741 0
160.132 48.2132 1
115.298 63.6056 1
136.605 49.0382 1
127.274 56.2575 1
127.63 64.973 1
145.726 58.6383 1
113.411 39.5815 1
0 100 0
0 95.4545 0
0 90.9091 0
0 86.3636 0
0 81.8182 0
0 77.2727 0
0 72.7273 1
0 68.1818 1
0 63.6364 1
0 59.0909 1
0 54.5455 1
0 50 1
0 45.4545 1
0 40.9091 1
0 36.3636 1
0 31.8182 0
0 27.2727 0
0 22.7273 0
0 18.1818 0
0 13.6364 0
0 9.09091 0
0 4.54545 0
0 0 0
200 100 0
195.349 100 0
190.698 100 0
186.047 100 0
181.395 100 0
176.744 100 0
172.093 100 0
167.442 100 0
162.791 100 0
158.14 100 0
153.488 100 0
148.837 100 0
144.186 100 0
139.535 100 0
134.884 100 0
130.233 100 0
125.581 100 0
120.93 100 0
116.279 100 0
111.628 100 0
106.977 100 0
102.326 100 0
97.6744 100 0
93.0233 100 0
88.3721 100 0
83.7209 100 0
79.0698 100 0
74.4186 100 0
69.7674 100 0
65.1163 100 0
60.4651 100 0
55.814 100 0
51.1628 100 0
46.5116 100 0
41.8605 100 0
37.2093 100 0
32.5581 100 0
27.907 100 0
23.2558 100 0
18.6047 100 0
13.9535 100 0
9.30233 100 0
4.65116 100 0
200 0 0
200 4.54545 0
200 9.09091 0
200 13.6364 0
200 18.1818 0
200 22.7273 0
200 27.2727 0
200 31.8182 0
200 36.3636 0
200 40.9091 0
200 45.4545 0
200 50 0
200 54.5455 0
200 59.0909 0
200 63.6364 0
200 68.1818 0
200 72.7273 0
200 77.2727 0
200 81.8182 0
200 86.3636 0
200 90.9091 0
200 95.4545 0
4.65116 0 0
9.30233 0 0
13.9535 0 0
18.6047 0 0
23.2558 0 0
27.907 0 0
32.5581 0 0
37.2093 0 0
41.8605 0 0
46.5116 0 0
51.1628 0 0
55.814 0 0
60.4651 0 0
65.1163 0 0
69.7674 0 0
74.4186 0 0
79.0698 0 0
83.7209 0 0
88.3721 0 0
93.0233 0 0
97.6744 0 0
102.326 0 0
106.977 0 0
111.628 0 0
116.279 0 0
120.93 0 1
125.581 0 1
130.233 0 1
134.884 0 1
139.535 0 1
144.186 0 1
148.837 0 1
153.488 0 1
158.14 0 0
162.791 0 0
167.442 0 0
172.093 0 0
176.744 0 0
181.395 0 0
186.047 0 0
190.698 0 0
195.349 0 0
132.551 61.5659 1
5.7 8.6 0
5.7 13.2 0
10.3 8.6 0
10.3 13.2 0
5.7 17.8 0
10.3 17.8 0
5.7 22.4 0
10.3 22.4 0
5.7 27 0
10.3 27 1
5.7 31.6 1
10.3 31.6 1
5.7 36.2 1
10.3 36.2 1
5.7 40.8 1
10.3 40.8 1
5.7 45.4 1
10.3 45.4 1
5.7 50 1
10.3 50 1
5.7 54.6 1
10.3 54.6 1
5.7 59.2 1
10.3 59.2 1
5.7 63.8 1
10.3 63.8 1
5.7 68.4 1
10.3 68.4 1
5.7 73 1
10.3 73 1
5.7 77.6 1
10.3 77.6 1
5.7 82.2 0
10.3 82.2 0
5.7 86.8 0
10.3 86.8 0
5.7 91.4 0
10.3 91.4 0
14.9 8.6 0
14.9 13.2 0
14.9 17.8 0
14.9 22.4 0
14.9 27 1
14.9 31.6 1
14.9 36.2 1
14.9 40.8 1
14.9 45.4 1
14.9 50 1
14.9 54.6 1
14.9 59.2 1
14.9 63.8 1
14.9 68.4 1
14.9 73 1
14.9 77.6 1
14.9 82.2 1
14.9 86.8 0
14.9 91.4 0
19.5 8.6 0
19.5 13.2 0
19.5 17.8 0
19.5 22.4 0
19.5 27 1
19.5 31.6 1
19.5 45.4 1
19.5 50 1
19.5 54.6 1
19.5 59.2 1
19.5 63.8 1
19.5 68.4 1
19.5 73 1
19.5 77.6 1
19.5 82.2 1
19.5 86.8 0
19.5 91.4 0
24.1 8.6 0
24.1 13.2 0
24.1 17.8 0
24.1 22.4 1
24.1 27 1
24.1 31.6 1
24.1 45.4 1
24.1 50 1
24.1 54.6 1
24.1 59.2 1
24.1 63.8 1
24.1 68.4 1
24.1 73 1
24.1 77.6 1
24.1 82.2 1
24.1 86.8 0
24.1 91.4 0
28.7 8.6 0
28.7 13.2 0
28.7 17.8 0
28.7 22.4 0
28.7 27 1
28.7 31.6 1
28.7 45.4 1
28.7 50 1
28.7 54.6 1
28.7 59.2 1
28.7 63.8 1
28.7 68.4 1
28.7 73 1
28.7 77.6 1
28.7 82.2 1
28.7 86.8 0
28.7 91.4 0
33.3 8.6 0
33.3 13.2 0
33.3 17.8 0
33.3 22.4 0
33.3 27 1
33.3 31.6 1
28.7 36.2 1
33.3 36.2 1
33.3 45.4 1
33.3 50 1
33.3 54.6 1
33.3 59.2 1
33.3 63.8 1
33.3 68.4 1
33.3 73 1
33.3 77.6 1
33.3 82.2 1
33.3 86.8 0
33.3 91.4 0
37.9 8.6 0
37.9 13.2 0
37.9 17.8 0
37.9 22.4 0
37.9 27 0
37.9 31.6 1
37.9 36.2 1
33.3 40.8 1
37.9 40.8 1
37.9 45.4 1
37.9 50 1
37.9 54.6 1
37.9 59.2 1
37.9 63.8 1
37.9 68.4 1
37.9 73 1
37.9 77.6 1
37.9 82.2 0
37.9 86.8 0
37.9 91.4 0
42.5 8.6 0
42.5 13.2 0
42.5 17.8 0
42.5 22.4 0
42.5 27 0
42.5 31.6 1
42.5 36.2 1
42.5 40.8 1
42.5 45.4 1
42.5 50 1
42.5 54.6 1
42.5 59.2 1
42.5 63.8 1
42.5 68.4 1
42.5 73 1
42.5 77.6 1
42.5 82.2 0
42.5 86.8 0
42.5 91.4 0
47.1 8.6 0
47.1 13.2 0
47.1 17.8 0
47.1 22.4 0
47.1 27 0
47.1 31.6 0
47.1 36.2 0
47.1 40.8 0
47.1 45.4 0
47.1 50 0
47.1 54.6 1
47.1 59.2 1
47.1 63.8 1
47.1 68.4 1
47.1 73 0
47.1 77.6 0
47.1 82.2 0
47.1 86.8 0
47.1 91.4 0
51.7 8.6 0
51.7 13.2 0
51.7 17.8 0
51.7 22.4 0
51.7 27 0
51.7 31.6 0
51.7 36.2 0
51.7 40.8 0
51.7 45.4 0
51.7 50 0
51.7 54.6 0
51.7 59.2 0
51.7 63.8 0
51.7 68.4 0
51.7 73 0
51.7 77.6 0
51.7 82.2 0
51.7 86.8 0
51.7 91.4 0
56.3 8.6 0
56.3 13.2 0
56.3 17.8 0
56.3 22.4 0
56.3 36.2 0
56.3 40.8 0
56.3 45.4 0
56.3 50 0
56.3 54.6 0
56.3 59.2 0
56.3 63.8 0
56.3 68.4 0
56.3 73 0
56.3 77.6 0
56.3 82.2 0
56.3 86.8 0
56.3 91.4 0
60.9 8.6 0
60.9 13.2 0
60.9 17.8 0
60.9 22.4 0
60.9 36.2 0
60.9 40.8 0
60.9 45.4 0
60.9 50 0
60.9 54.6 0
60.9 59.2 0
60.9 63.8 0
60.9 68.4 0
60.9 73 0
60.9 77.6 0
60.9 82.2 0
60.9 86.8 0
60.9 91.4 0
65.5 8.6 0
65.5 13.2 0
65.5 17.8 0
65.5 22.4 0
65.5 36.2 0
65.5 40.8 0
65.5 45.4 0
65.5 50 0
65.5 54.6 0
65.5 59.2 0
65.5 63.8 0
65.5 68.4 0
65.5 73 0
65.5 77.6 0
65.5 82.2 0
65.5 86.8 0
65.5 91.4 0
70.1 8.6 0
70.1 13.2 0
70.1 17.8 0
70.1 22.4 0
65.5 27 0
70.1 27 0
65.5 31.6 0
70.1 31.6 0
70.1 36.2 0
70.1 40.8 0
70.1 45.4 0
70.1 50 0
70.1 54.6 0
70.1 59.2 0
70.1 63.8 0
70.1 68.4 0
70.1 73 0
70.1 77.6 0
70.1 82.2 0
70.1 86.8 0
70.1 91.4 0
74.7 8.6 0
74.7 13.2 0
74.7 17.8 0
74.7 22.4 0
74.7 27 0
74.7 31.6 0
74.7 36.2 0
74.7 40.8 0
74.7 45.4 0
74.7 50 0
74.7 54.6 0
74.7 59.2 0
74.7 63.8 0
74.7 68.4 0
74.7 73 0
74.7 77.6 0
74.7 82.2 0
74.7 86.8 0
74.7 91.4 0
79.3 8.6 0
79.3 13.2 0
79.3 17.8 0
79.3 22.4 0
79.3 27 0
79.3 31.6 0
79.3 36.2 0
79.3 40.8 0
79.3 45.4 0
79.3 50 0
79.3 54.6 0
79.3 59.2 0
79.3 63.8 0
79.3 68.4 0
79.3 73 0
79.3 77.6 0
79.3 82.2 0
79.3 86.8 0
79.3 91.4 0
83.9 8.6 0
83.9 13.2 0
83.9 17.8 0
83.9 22.4 0
83.9 27 0
83.9 31.6 0
83.9 36.2 0
83.9 40.8 0
83.9 45.4 0
83.9 50 0
83.9 54.6 0
83.9 59.2 0
83.9 63.8 0
83.9 68.4 0
83.9 73 0
83.9 77.6 0
83.9 82.2 0
83.9 86.8 0
83.9 91.4 0
88.5 8.6 0
88.5 13.2 0
88.5 17.8 0
88.5 22.4 0
88.5 27 0
88.5 31.6 0
88.5 36.2 0
88.5 40.8 0
88.5 45.4 0
88.5 50 0
88.5 54.6 0
88.5 59.2 0
88.5 63.8 0
88.5 68.4 0
88.5 73 0
88.5 77.6 0
88.5 82.2 0
88.5 86.8 0
88.5 91.4 0
93.1 8.6 0
93.1 13.2 0
93.1 17.8 0
93.1 22.4 0
93.1 27 0
93.1 31.6 0
93.1 36.2 0
93.1 40.8 0
93.1 45.4 0
93.1 50 0
93.1 54.6 0
93.1 59.2 0
93.1 63.8 0
93.1 68.4 0
93.1 73 0
93.1 77.6 0
93.1 82.2 0
93.1 86.8 0
93.1 91.4 0
97.7 8.6 0
97.7 13.2 0
97.7 17.8 0
97.7 22.4 0
97.7 27 0
97.7 31.6 0
97.7 36.2 1
97.7 77.6 0
97.7 82.2 0
97.7 86.8 0
97.7 91.4 0
102.3 8.6 0
102.3 13.2 0
102.3 17.8 0
102.3 22.4 1
102.3 27 1
102.3 31.6 1
102.3 82.2 0
102.3 86.8 0
102.3 91.4 0
106.9 8.6 0
106.9 13.2 0
106.9 17.8 1
106.9 22.4 1
106.9 27 1
106.9 31.6 1
106.9 82.2 0
106.9 86.8 0
106.9 91.4 0
111.5 8.6 1
111.5 13.2 1
111.5 17.8 1
111.5 22.4 1
111.5 27 1
111.5 31.6 1
111.5 82.2 0
111.5 86.8 0
111.5 91.4 0
116.1 8.6 1
116.1 13.2 1
116.1 17.8 1
116.1 22.4 1
116.1 27 1
111.5 77.6 0
116.1 77.6 1
116.1 82.2 0
116.1 86.8 0
116.1 91.4 0
120.7 8.6 1
120.7 13.2 1
120.7 17.8 1
120.7 22.4 1
120.7 27 1
116.1 31.6 1
120.7 31.6 1
116.1 68.4 1
116.1 73 1
120.7 68.4 1
120.7 73 1
120.7 77.6 1
120.7 82.2 0
120.7 86.8 0
120.7 91.4 0
125.3 8.6 1
125.3 13.2 1
125.3 17.8 1
125.3 22.4 1
125.3 27 1
125.3 31.6 1
125.3 73 1
125.3 77.6 1
125.3 82.2 1
125.3 86.8 0
125.3 91.4 0
129.9 8.6 1
129.9 13.2 1
129.9 17.8 1
129.9 22.4 1
129.9 27 1
129.9 31.6 1
125.3 36.2 1
129.9 36.2 1
129.9 77.6 1
129.9 82.2 0
129.9 86.8 0
129.9 91.4 0
134.5 8.6 1
134.5 13.2 1
134.5 17.8 1
134.5 22.4 1
134.5 27 1
134.5 31.6 1
134.5 36.2 1
129.9 40.8 1
134.5 40.8 1
129.9 45.4 1
134.5 45.4 1
134.5 77.6 1
134.5 82.2 1
134.5 86.8 0
134.5 91.4 0
139.1 8.6 1
139.1 13.2 1
139.1 17.8 1
139.1 22.4 1
139.1 27 1
139.1 31.6 1
139.1 36.2 1
139.1 40.8 1
139.1 45.4 1
139.1 82.2 0
139.1 86.8 0
139.1 91.4 0
143.7 8.6 1
143.7 13.2 1
143.7 17.8 1
143.7 22.4 1
143.7 27 1
143.7 31.6 1
143.7 36.2 1
143.7 40.8 1
143.7 82.2 0
143.7 86.8 0
143.7 91.4 0
148.3 8.6 1
148.3 13.2 1
148.3 17.8 1
148.3 22.4 1
148.3 27 1
148.3 31.6 1
148.3 36.2 1
143.7 77.6 1
148.3 77.6 1
148.3 82.2 0
148.3 86.8 0
148.3 91.4 0
152.9 8.6 1
152.9 13.2 1
152.9 17.8 1
152.9 22.4 1
152.9 27 1
152.9 31.6 1
148.3 73 1
152.9 73 1
152.9 77.6 0
152.9 82.2 0
152.9 86.8 0
152.9 91.4 0
157.5 8.6 1
157.5 13.2 1
157.5 17.8 0
157.5 22.4 1
157.5 27 1
157.5 31.6 1
152.9 59.2 1
152.9 63.8 1
157.5 59.2 1
157.5 63.8 1
152.9 68.4 1
157.5 68.4 1
157.5 73 0
157.5 77.6 0
157.5 82.2 0
157.5 86.8 0
157.5 91.4 0
162.1 8.6 0
162.1 13.2 0
162.1 17.8 0
162.1 22.4 0
162.1 27 1
162.1 31.6 1
157.5 54.6 1
162.1 54.6 1
162.1 59.2 1
162.1 63.8 1
162.1 68.4 0
162.1 73 0
162.1 77.6 0
162.1 82.2 0
162.1 86.8 0
162.1 91.4 0
166.7 8.6 0
166.7 13.2 0
166.7 17.8 0
166.7 22.4 0
166.7 27 0
166.7 31.6 1
162.1 36.2 1
166.7 36.2 1
166.7 54.6 1
166.7 59.2 0
166.7 63.8 0
166.7 68.4 0
166.7 73 0
166.7 77.6 0
166.7 82.2 0
166.7 86.8 0
166.7 91.4 0
171.3 8.6 0
171.3 13.2 0
171.3 17.8 0
171.3 22.4 0
171.3 27 0
171.3 31.6 0
171.3 36.2 0
166.7 40.8 1
171.3 40.8 0
166.7 45.4 1
171.3 45.4 0
166.7 50 1
171.3 50 0
171.3 54.6 0
171.3 59.2 0
171.3 63.8 0
171.3 68.4 0
171.3 73 0
171.3 77.6 0
171.3 82.2 0
171.3 86.8 0
171.3 91.4 0
175.9 8.6 0
175.9 13.2 0
175.9 17.8 0
175.9 22.4 0
175.9 27 0
175.9 31.6 0
175.9 36.2 0
175.9 40.8 0
175.9 45.4 0
175.9 50 0
175.9 54.6 0
175.9 59.2 0
175.9 63.8 0
175.9 68.4 0
175.9 73 0
175.9 77.6 0
175.9 82.2 0
175.9 86.8 0
175.9 91.4 0
180.5 8.6 0
180.5 13.2 0
180.5 17.8 0
180.5 22.4 0
180.5 27 0
180.5 31.6 0
180.5 36.2 0
180.5 40.8 0
180.5 45.4 0
180.5 50 0
180.5 54.6 0
180.5 59.2 0
180.5 63.8 0
180.5 68.4 0
180.5 73 0
180.5 77.6 0
180.5 82.2 0
180.5 86.8 0
180.5 91.4 0
185.1 8.6 0
185.1 13.2 0
185.1 17.8 0
185.1 22.4 0
185.1 27 0
185.1 31.6 0
185.1 36.2 0
185.1 40.8 0
185.1 45.4 0
185.1 50 0
185.1 54.6 0
185.1 59.2 0
185.1 63.8 0
185.1 68.4 0
185.1 73 0
185.1 77.6 0
185.1 82.2 0
185.1 86.8 0
185.1 91.4 0
189.7 8.6 0
189.7 13.2 0
189.7 17.8 0
189.7 22.4 0
189.7 27 0
189.7 31.6 0
189.7 36.2 0
189.7 40.8 0
189.7 45.4 0
189.7 50 0
189.7 54.6 0
189.7 59.2 0
189.7 63.8 0
189.7 68.4 0
189.7 73 0
189.7 77.6 0
189.7 82.2 0
189.7 86.8 0
189.7 91.4 0
194.3 8.6 0
194.3 13.2 0
194.3 17.8 0
194.3 22.4 0
194.3 27 0
194.3 31.6 0
194.3 36.2 0
194.3 40.8 0
194.3 45.4 0
194.3 50 0
194.3 54.6 0
194.3 59.2 0
194.3 63.8 0
194.3 68.4 0
194.3 73 0
194.3 77.6 0
194.3 82.2 0
194.3 86.8 0
194.3 91.4 0
58.372 29.6157 0
105.388 60.9686 1
128.41 50.9038 1
134.931 56.6644 1
133.953 69.6575 1
110.487 43.6942 1
140.127 69.5129 1
59.0311 25.4088 0
130.516 57.4946 1
104.187 53.2653 1
54.9112 32.9981 0
149.043 65.522 1
105.064 49.0482 1
105 69 1
138 64 1
62.8505 25.1641 0
17.9063 34.6868 1
3.02424 3.06904 0
72.2445 95.6987 0
140.441 59.3297 1
62.1443 33.1748 0
97.1495 66.4951 0
62.5952 29.1098 0
105.798 44.1918 1
18.6348 38.7067 1
54.2037 29.0595 0
25.2698 35.0447 1
160.081 42.2105 1
140.758 79.1645 1
96.6085 61.4918 0
22.3815 37.5077 1
192.425 95.4067 0
146.196 95.699 0
178.583 95.698 0
118.439 4.30051 1
63.0037 4.301 0
30.1476 42.3611 1
164.752 95.6993 0
111.866 59.8688 1
161.05 44.458 1
54.6341 25.5022 0
112.772 74.8494 1
12.4258 4.31999 0
122.864 95.6989 0
156.007 4.30139 1
109.085 48.0708 1
96.1955 74.6617 0
72.5412 4.30136 0
127.529 95.699 0
3.54972 94.109 0
54.107 95.6994 0
40.1697 95.6992 0
136.821 4.30106 1
12.522 95.6618 0
30.4172 38.7912 1
58.5224 33.7376 0
196.487 5.89792 0
118.277 50.7902 1
109.035 4.30123 0
30.3277 4.3013 0
178.316 4.30279 0
145.908 62.9242 1
108.74 78.7502 0
21.0009 95.6971 0
94.9305 4.30076 0
96.7691 56.7745 1
21.4868 34.4211 1
96.3509 38.0823 1
95.6894 95.6994 0
105.523 64.445 1
136.9 78.5885 1
155.213 95.6992 0
76.8321 95.6991 0
63.3861 95.6991 0
112.21 71.1267 1
17.7046 42.6075 1
108.731 74.6281 0
149.673 61.0284 1
76.8098 4.30093 0
100.514 78.8095 0
118.52 95.6995 0
16.8153 4.30477 0
141.712 4.30107 1
132.43 95.6989 0
149.209 70.2892 1
115.228 55.7311 1
7.46689 4.40573 0
35.1695 4.30176 0
26.074 4.30148 0
39.7784 4.30095 0
113.903 95.6992 0
131.859 4.30106 1
96.9946 43.0498 1
81.4883 95.6994 0
151.629 4.30085 1
197.093 88.8571 0
49.0881 4.30075 0
2.87795 11.1747 0
104.032 4.30134 0
44.4131 4.30091 0
197.144 84.2945 0
2.85308 15.7087 0
2.8503 20.2777 0
197.149 79.7227 0
2.85 24.85 0
2.84997 29.4227 0
2.84997 33.9955 1
2.84997 38.5682 1
2.84997 43.1409 1
2.84997 47.7136 1
2.84997 52.2864 1
2.84997 56.8591 1
2.84997 61.4318 1
2.84997 66.0045 1
2.84997 70.5773 1
2.85003 75.15 1
197.15 24.85 0
197.15 29.4227 0
197.15 33.9955 0
197.15 38.5682 0
197.15 43.1409 0
197.15 47.7136 0
197.15 52.2864 0
197.15 56.8591 0
197.15 61.4318 0
197.15 66.0045 0
197.15 70.5773 0
197.15 75.15 0
197.149 20.2774 0
2.85057 79.7226 0
197.144 15.706 0
2.85594 84.2936 0
109.005 53.7511 1
173.936 95.6991 0
35.232 95.699 0
49.069 95.6992 0
132.861 64.9443 1
183.208 4.3087 0
81.3422 4.30061 0
197.093 11.1481 0
147.376 43.857 1
129.259 73.9487 1
127.197 4.30104 1
2.90926 88.8483 0
89.9769 4.30113 0
86.1292 95.6995 0
173.992 4.302 0
164.732 4.30092 0
169.979 4.30084 0
22.2882 41.1579 1
132.876 79.2994 1
26.3954 39.0132 1
149.899 74.6188 1
25.876 95.6991 0
109.263 95.6992 0
53.7403 4.30075 0
152.041 40.2677 1
137.058 95.6988 0
129.322 69.2117 1
120.773 57.2047 1
153.727 44.5308 1
144.974 73.5012 1
150.477 95.6991 0
91.596 43.6541 0
99.5874 34.8537 1
95.7626 34.2312 1
134.257 75.2056 1
158.162 45.7357 1
67.9156 4.30082 0
118.539 30.1085 1
113.459 65.1562 1
7.93404 95.4347 0
127.432 60.8534 1
127.786 38.9591 1
196.501 94.0904 0
159.88 4.30091 1
188.233 95.6482 0
68.1265 95.699 0
127.356 34.3215 1
144.998 67.9257 1
146.611 4.30083 1
21.6882 4.30148 0
183.528 95.691 0
16.3484 95.6898 0
139.869 74.806 1
91.0195 95.6994 0
131.983 38.8922 1
122.784 4.30078 1
168.628 52.0363 1
123.329 68.9793 1
141.73 34.1833 1
105.241 30.1698 1
113.152 51.7366 1
118.579 66.1877 1
44.1473 95.6991 0
117.683 34.5003 1
168.48 38.6931 1
157.174 40.1611 1
192.138 4.57947 0
164.543 51.7748 1
99.5571 4.30082 0
146.637 38.2455 1
151.143 30.3006 1
85.5919 4.30109 0
96.7376 47.8295 1
187.561 4.34307 0
99.6672 95.6992 0
136.363 43.0616 1
101.891 45.6097 1
117.915 70.4486 1
163.876 56.0662 1
154.774 35.0996 1
104.352 95.6989 0
30.241 95.699 0
164.029 34.2245 1
108.969 29.6367 1
113.706 30.4953 1
148.979 49.2796 1
126.679 44.4563 1
141.694 95.6992 0
154.047 49.8743 1
3.16824 6.38475 0
72.561 56.526 0
73.0625 43.8803 0
154.714 60.9813 1
113.884 4.30068 1
58.4588 95.6991 0
114.248 47.432 1
89.7402 55.9013 0
100.619 73.1741 0
68.4359 48.2431 0
102.117 49.582 1
160.14 95.6993 0
109.382 33.6263 1
155.173 30.1889 1
85.7955 56.5501 0
122.351 29.8645 1
142.255 37.6144 1
58.4093 4.30098 0
169.289 95.6991 0
167.914 42.7175 1
155.468 56.0675 1
105.056 35.217 1
91.1311 47.7633 0
77.1386 43.6559 0
94.5604 53.1669 0
122.35 63.2104 1
81.7066 43.566 0
109.132 66.914 1
136.639 71.4024 1
163.592 38.7462 1
101.271 64.0498 1
149.923 55.3398 1
26.2303 42.6133 1
159.236 29.8466 1
135.66 60.9818 1
121.711 41.6464 1
76.2699 56.1797 0
120.985 46.7776 1
132.58 43.0043 1
168.223 47.9557 1
145.314 34.6966 1
81.2392 55.871 0
123.238 52.4928 1
96.3173 70.8932 0
159.992 56.5537 1
100.719 59.3723 1
150.143 35.1324 1
101.902 40.2159 1
68.1617 51.8642 0
104.653 77.7293 0
122.941 34.7205 1
132.351 48.0691 1
116.392 61.1806 1
159.681 34.1199 1
108.573 62.8768 1
86.7935 43.7023 0
80.7607 46.9467 0
115.788 42.6275 1
90.086 52.1397 0
163.788 42.9274 1
76.9359 51.9335 0
163.706 46.9218 1
136.399 52.4989 1
137.984 47.0238 1
85.8074 53.0309 0
76.8048 47.4515 0
81.6134 51.5117 0
108.597 58.994 1
143.852 49.1361 1
72.5833 48.0162 0
106.242 70.9597 1
85.6411 47.8668 0
147.541 58.0504 1
159.512 51.9003 1
100.435 53.8004 1
72.2309 52.3363 0
143.496 55.3079 1
105.071 61.3624 1
132.858 71.8973 1
137.24 66.0813 1
