30.2475 4.30101 0
53.3692 95.6991 0
122.565 56.9088 1
53.5609 4.30098 4
108.765 74.658 1
132.027 95.6992 0
31.258 95.6989 0
67.3771 4.3006 4
86.7348 53.0075 0
90.2998 69.3833 0
99.7236 4.30118 0
44.9366 4.30096 0
178.351 95.6966 0
71.8975 95.6991 0
83.2998 56.9416 0
95.6844 69.771 0
86.6022 70.2122 0
58.4135 95.6991 0
86.867 60.9404 0
95.997 44.0572 0
81.4882 4.30143 0
86.622 43.5558 0
7.61764 95.468 0
192.403 4.52951 0
100.413 39.8566 0
164.901 4.30077 0
174.166 95.6972 0
90.7457 95.699 0
95.3666 4.30069 0
25.9505 4.30095 0
187.91 95.6434 0
160.26 4.30067 1
197.091 88.8574 0
86.1464 4.30106 0
132.407 4.30064 1
76.8684 4.30085 0
141.63 95.6993 0
39.948 4.30075 0
155.626 4.30052 1
150.997 4.30057 1
146.368 4.30064 1
99.4838 61.1146 0
109.258 4.30085 0
141.734 4.30051 1
170.116 95.699 0
197.144 84.2945 0
197.149 79.7227 0
2.84997 38.5682 1
2.84997 43.1409 1
2.84997 47.7136 1
2.84997 52.2864 1
2.84997 56.8591 1
2.84997 61.4318 1
2.84997 66.0045 1
2.84997 70.5773 1
2.85003 75.15 0
197.15 47.7137 0
197.15 52.2864 0
197.15 56.8591 0
197.15 61.4318 0
197.15 66.0045 0
197.15 70.5773 0
197.15 75.15 0
2.84997 33.9955 1
197.15 43.141 0
2.85056 79.7226 0
2.84997 29.4234 1
197.15 38.5688 0
197.149 20.2768 0
2.89083 11.1756 0
2.85453 15.703 0
2.85584 84.2936 0
197.144 15.7063 0
2.85002 24.8553 0
197.147 24.8448 0
197.15 34.0007 0
113.955 4.30073 0
26.8455 95.6991 0
137.075 4.30064 1
118.626 4.30089 0
197.093 11.1512 0
2.90795 88.8487 0
16.8156 4.31287 0
44.5157 95.6993 0
123.09 95.6994 0
12.1868 95.6586 0
2.85043 20.2771 0
197.15 29.4227 0
187.912 4.34082 0
164.809 95.6991 0
127.807 4.3009 1
22.126 95.6983 0
12.1533 4.43034 0
104.027 73.6604 1
104.658 95.6993 0
178.67 4.30182 0
21.4476 4.30225 0
58.4159 4.30112 4
90.8038 4.30098 0
76.8566 95.6994 0
123.237 4.3011 1
117.647 65.9772 1
183.319 4.30775 0
90.5721 44.3881 0
117.562 47.7312 1
105.083 53.2596 1
100.099 53.5685 0
104.864 39.388 0
34.9602 4.30089 0
196.475 94.0991 0
17.0885 95.6937 0
95.3874 74.5053 0
108.658 52.3822 1
117.219 62.4806 1
67.1977 95.6989 0
104.363 4.30098 0
159.713 95.6992 0
49.5865 4.30078 0
7.44378 5.2585 0
63.2877 4.30051 4
72.0017 4.30117 4
113.256 69.8769 1
150.85 95.6992 0
112.767 44.0295 1
87.3863 65.8066 0
98.7247 74.0738 0
95.3271 95.6992 0
35.3929 95.6991 0
3.30375 6.53551 0
87.3428 47.9296 0
174.015 4.30132 0
118.518 95.6994 0
183.262 95.6893 0
109.305 95.6988 0
116.697 51.8798 1
49.1285 95.6991 0
81.5437 95.6993 0
136.944 95.6992 0
91.5667 55.5003 0
103.55 56.4132 1
107.53 48.1169 1
101.484 64.7204 1
102.546 59.6302 1
108.041 55.5846 1
99.9816 57.4702 1
5.7 8.6 0
5.7 13.2 0
10.3 8.6 0
10.3 13.2 0
5.7 17.8 0
10.3 17.8 0
5.7 22.4 1
10.3 22.4 1
5.7 27 1
10.3 27 1
5.7 31.6 1
10.3 31.6 1
5.7 36.2 1
10.3 36.2 1
5.7 40.8 1
10.3 40.8 1
5.7 45.4 1
10.3 45.4 1
5.7 50 1
10.3 50 1
5.7 54.6 1
10.3 54.6 1
5.7 59.2 1
10.3 59.2 1
5.7 63.8 1
10.3 63.8 1
5.7 68.4 1
10.3 68.4 1
5.7 73 1
10.3 73 1
5.7 77.6 1
10.3 77.6 1
5.7 82.2 0
10.3 82.2 0
5.7 86.8 0
10.3 86.8 0
5.7 91.4 0
10.3 91.4 0
14.9 8.6 0
14.9 13.2 0
14.9 17.8 0
14.9 22.4 1
14.9 27 1
14.9 31.6 1
14.9 36.2 1
14.9 40.8 1
14.9 45.4 1
14.9 50 1
14.9 54.6 1
14.9 59.2 1
14.9 63.8 1
14.9 68.4 1
14.9 73 1
14.9 77.6 1
14.9 82.2 0
14.9 86.8 0
14.9 91.4 0
19.5 8.6 0
19.5 13.2 0
19.5 17.8 0
19.5 22.4 0
19.5 27 1
19.5 31.6 1
19.5 36.2 1
19.5 40.8 1
19.5 45.4 1
19.5 50 1
19.5 54.6 1
19.5 59.2 1
19.5 63.8 1
19.5 68.4 1
19.5 73 1
19.5 77.6 1
19.5 82.2 1
19.5 86.8 0
19.5 91.4 0
24.1 8.6 0
24.1 13.2 0
24.1 17.8 0
24.1 22.4 0
24.1 27 1
24.1 31.6 1
24.1 36.2 1
24.1 40.8 1
24.1 45.4 1
24.1 50 1
24.1 54.6 1
24.1 59.2 1
24.1 63.8 1
24.1 68.4 1
24.1 73 1
24.1 77.6 1
24.1 82.2 1
24.1 86.8 0
24.1 91.4 0
28.7 8.6 0
28.7 13.2 0
28.7 17.8 0
28.7 22.4 0
28.7 27 1
28.7 31.6 1
28.7 36.2 1
28.7 40.8 1
28.7 45.4 1
28.7 50 1
28.7 54.6 1
28.7 59.2 1
28.7 63.8 1
28.7 68.4 1
28.7 73 1
28.7 77.6 1
28.7 82.2 1
28.7 86.8 0
28.7 91.4 0
33.3 8.6 0
33.3 13.2 0
33.3 17.8 0
33.3 22.4 0
33.3 27 0
33.3 31.6 1
33.3 36.2 1
33.3 40.8 1
33.3 45.4 1
33.3 50 1
33.3 54.6 1
33.3 59.2 1
33.3 63.8 1
33.3 68.4 1
33.3 73 1
33.3 77.6 1
33.3 82.2 0
33.3 86.8 0
33.3 91.4 0
37.9 8.6 0
37.9 13.2 0
37.9 17.8 0
37.9 22.4 0
37.9 27 0
37.9 31.6 0
37.9 36.2 1
37.9 40.8 1
37.9 45.4 1
37.9 50 1
37.9 54.6 1
37.9 59.2 1
37.9 63.8 1
37.9 68.4 1
37.9 73 1
37.9 77.6 0
37.9 82.2 0
37.9 86.8 0
37.9 91.4 0
42.5 8.6 0
42.5 13.2 0
42.5 17.8 0
42.5 22.4 0
42.5 27 0
42.5 31.6 0
42.5 36.2 0
42.5 40.8 0
42.5 45.4 1
42.5 50 1
42.5 54.6 1
42.5 59.2 1
42.5 63.8 1
42.5 68.4 1
42.5 73 0
42.5 77.6 0
42.5 82.2 0
42.5 86.8 0
42.5 91.4 0
47.1 8.6 0
47.1 13.2 0
47.1 17.8 0
47.1 22.4 0
47.1 27 0
47.1 31.6 0
47.1 36.2 0
47.1 40.8 0
47.1 45.4 0
47.1 50 0
47.1 54.6 0
47.1 59.2 0
47.1 63.8 0
47.1 68.4 0
47.1 73 0
47.1 77.6 0
47.1 82.2 0
47.1 86.8 0
47.1 91.4 0
51.7 8.6 0
51.7 13.2 0
51.7 17.8 0
51.7 22.4 0
51.7 27 0
51.7 31.6 0
51.7 36.2 0
51.7 40.8 0
51.7 45.4 0
51.7 50 0
51.7 54.6 0
51.7 59.2 0
51.7 63.8 0
51.7 68.4 0
51.7 73 0
51.7 77.6 0
51.7 82.2 0
51.7 86.8 0
51.7 91.4 0
56.3 8.6 0
56.3 13.2 0
56.3 17.8 0
56.3 22.4 0
56.3 27 0
56.3 31.6 0
56.3 36.2 0
56.3 40.8 0
56.3 45.4 0
56.3 50 0
56.3 54.6 0
56.3 59.2 0
56.3 63.8 0
56.3 68.4 0
56.3 73 0
56.3 77.6 0
56.3 82.2 0
56.3 86.8 0
56.3 91.4 0
60.9 8.6 0
60.9 13.2 0
60.9 17.8 0
60.9 22.4 0
60.9 27 0
60.9 31.6 0
60.9 36.2 0
60.9 40.8 0
60.9 45.4 0
60.9 50 0
60.9 54.6 0
60.9 59.2 0
60.9 63.8 0
60.9 68.4 0
60.9 73 0
60.9 77.6 0
60.9 82.2 0
60.9 86.8 0
60.9 91.4 0
65.5 8.6 0
65.5 13.2 0
65.5 17.8 0
65.5 22.4 0
65.5 27 0
65.5 31.6 0
65.5 36.2 0
65.5 40.8 0
65.5 45.4 0
65.5 50 0
65.5 54.6 0
65.5 59.2 0
65.5 63.8 0
65.5 68.4 0
65.5 73 0
65.5 77.6 0
65.5 82.2 0
65.5 86.8 0
65.5 91.4 0
70.1 8.6 0
70.1 13.2 0
70.1 17.8 0
70.1 22.4 0
70.1 27 0
70.1 31.6 0
70.1 36.2 0
70.1 40.8 0
70.1 45.4 0
70.1 50 0
70.1 54.6 0
70.1 59.2 0
70.1 63.8 0
70.1 68.4 0
70.1 73 0
70.1 77.6 0
70.1 82.2 0
70.1 86.8 0
70.1 91.4 0
74.7 8.6 0
74.7 13.2 0
74.7 17.8 0
74.7 22.4 0
74.7 27 0
74.7 31.6 0
74.7 36.2 0
74.7 40.8 0
74.7 45.4 0
74.7 50 0
74.7 54.6 0
74.7 59.2 0
74.7 63.8 0
74.7 68.4 0
74.7 73 0
74.7 77.6 0
74.7 82.2 0
74.7 86.8 0
74.7 91.4 0
79.3 8.6 0
79.3 13.2 0
79.3 17.8 0
79.3 22.4 0
79.3 27 0
79.3 31.6 0
79.3 36.2 0
79.3 40.8 0
79.3 45.4 0
79.3 50 0
79.3 54.6 0
79.3 59.2 0
79.3 63.8 0
79.3 68.4 0
79.3 73 0
79.3 77.6 0
79.3 82.2 0
79.3 86.8 0
79.3 91.4 0
83.9 8.6 0
83.9 13.2 0
83.9 17.8 0
83.9 22.4 0
83.9 27 0
83.9 31.6 0
83.9 36.2 0
83.9 40.8 0
83.9 45.4 0
83.9 50 0
83.9 54.6 0
83.9 59.2 0
83.9 63.8 0
83.9 68.4 0
83.9 73 0
83.9 77.6 0
83.9 82.2 0
83.9 86.8 0
83.9 91.4 0
88.5 8.6 0
88.5 13.2 0
88.5 17.8 0
88.5 22.4 0
88.5 27 0
88.5 31.6 0
88.5 36.2 0
88.5 40.8 0
88.5 45.4 0
88.5 68.4 0
88.5 73 0
88.5 77.6 0
88.5 82.2 0
88.5 86.8 0
88.5 91.4 0
93.1 8.6 0
93.1 13.2 0
93.1 17.8 0
93.1 22.4 0
93.1 27 0
93.1 31.6 0
93.1 36.2 0
93.1 40.8 0
93.1 73 0
93.1 77.6 0
93.1 82.2 0
93.1 86.8 0
93.1 91.4 0
97.7 8.6 0
97.7 13.2 0
97.7 17.8 0
97.7 22.4 0
97.7 27 0
97.7 31.6 0
97.7 36.2 0
97.7 40.8 0
97.7 77.6 0
97.7 82.2 0
97.7 86.8 0
97.7 91.4 0
102.3 8.6 0
102.3 13.2 0
102.3 17.8 0
102.3 22.4 0
102.3 27 0
102.3 31.6 1
102.3 36.2 1
102.3 77.6 1
102.3 82.2 1
102.3 86.8 0
102.3 91.4 0
106.9 8.6 0
106.9 13.2 0
106.9 17.8 0
106.9 22.4 1
106.9 27 1
106.9 31.6 1
106.9 36.2 1
106.9 77.6 1
106.9 82.2 1
106.9 86.8 1
106.9 91.4 0
111.5 8.6 0
111.5 13.2 1
111.5 17.8 1
111.5 22.4 1
111.5 27 1
111.5 31.6 1
111.5 36.2 1
106.9 40.8 1
111.5 40.8 1
106.9 73 1
111.5 73 1
111.5 77.6 1
111.5 82.2 1
111.5 86.8 1
111.5 91.4 0
116.1 8.6 1
116.1 13.2 1
116.1 17.8 1
116.1 22.4 1
116.1 27 1
116.1 31.6 1
116.1 36.2 1
116.1 40.8 1
116.1 73 1
116.1 77.6 1
116.1 82.2 1
116.1 86.8 1
116.1 91.4 0
120.7 8.6 1
120.7 13.2 1
120.7 17.8 1
120.7 22.4 1
120.7 27 1
120.7 31.6 1
120.7 36.2 1
120.7 40.8 1
116.1 45.4 1
120.7 45.4 1
116.1 68.4 1
120.7 68.4 1
120.7 73 1
120.7 77.6 1
120.7 82.2 1
120.7 86.8 1
120.7 91.4 1
125.3 8.6 1
125.3 13.2 1
125.3 17.8 1
125.3 22.4 1
125.3 27 1
125.3 31.6 1
125.3 36.2 1
125.3 40.8 1
125.3 45.4 1
120.7 50 1
125.3 50 1
120.7 54.6 1
125.3 54.6 1
120.7 59.2 1
125.3 59.2 1
120.7 63.8 1
125.3 63.8 1
125.3 68.4 1
125.3 73 1
125.3 77.6 1
125.3 82.2 1
125.3 86.8 1
125.3 91.4 1
129.9 8.6 1
129.9 13.2 1
129.9 17.8 1
129.9 22.4 1
129.9 27 1
129.9 31.6 1
129.9 36.2 1
129.9 40.8 1
129.9 45.4 1
129.9 50 1
129.9 54.6 1
129.9 59.2 1
129.9 63.8 1
129.9 68.4 1
129.9 73 1
129.9 77.6 1
129.9 82.2 1
129.9 86.8 1
129.9 91.4 1
134.5 8.6 1
134.5 13.2 1
134.5 17.8 1
134.5 22.4 1
134.5 27 1
134.5 31.6 1
134.5 36.2 1
134.5 40.8 1
134.5 45.4 1
134.5 50 1
134.5 54.6 1
134.5 59.2 1
134.5 63.8 1
134.5 68.4 1
134.5 73 1
134.5 77.6 1
134.5 82.2 1
134.5 86.8 1
134.5 91.4 1
139.1 8.6 1
139.1 13.2 1
139.1 17.8 1
139.1 22.4 1
139.1 27 1
139.1 31.6 1
139.1 36.2 1
139.1 40.8 1
139.1 45.4 1
139.1 50 1
139.1 54.6 1
139.1 59.2 1
139.1 63.8 1
139.1 68.4 1
139.1 73 1
139.1 77.6 1
139.1 82.2 1
139.1 86.8 1
139.1 91.4 0
143.7 8.6 1
143.7 13.2 1
143.7 17.8 1
143.7 22.4 1
143.7 27 1
143.7 31.6 1
143.7 36.2 1
143.7 40.8 1
143.7 45.4 1
143.7 50 1
143.7 54.6 1
143.7 59.2 1
143.7 63.8 1
143.7 68.4 1
143.7 73 1
143.7 77.6 1
143.7 82.2 1
143.7 86.8 1
143.7 91.4 0
148.3 8.6 1
148.3 13.2 1
148.3 17.8 1
148.3 22.4 1
148.3 27 1
148.3 31.6 1
148.3 36.2 1
148.3 40.8 1
148.3 45.4 1
148.3 50 1
148.3 54.6 1
148.3 59.2 1
148.3 63.8 1
148.3 68.4 1
148.3 73 1
148.3 77.6 1
148.3 82.2 1
148.3 86.8 1
148.3 91.4 0
152.9 8.6 1
152.9 13.2 1
152.9 17.8 1
152.9 22.4 1
152.9 27 1
152.9 31.6 1
152.9 36.2 1
152.9 40.8 1
152.9 45.4 1
152.9 50 1
152.9 54.6 1
152.9 59.2 1
152.9 63.8 1
152.9 68.4 1
152.9 73 1
152.9 77.6 1
152.9 82.2 1
152.9 86.8 0
152.9 91.4 0
157.5 8.6 1
157.5 13.2 1
157.5 17.8 1
157.5 22.4 1
157.5 27 1
157.5 31.6 1
157.5 36.2 1
157.5 40.8 1
157.5 45.4 1
157.5 50 1
157.5 54.6 1
157.5 59.2 1
157.5 63.8 1
157.5 68.4 1
157.5 73 1
157.5 77.6 1
157.5 82.2 1
157.5 86.8 0
157.5 91.4 0
162.1 8.6 1
162.1 13.2 1
162.1 17.8 1
162.1 22.4 1
162.1 27 1
162.1 31.6 1
162.1 36.2 1
162.1 40.8 1
162.1 45.4 1
162.1 50 1
162.1 54.6 1
162.1 59.2 1
162.1 63.8 1
162.1 68.4 1
162.1 73 1
162.1 77.6 1
162.1 82.2 0
162.1 86.8 0
162.1 91.4 0
166.7 8.6 1
166.7 13.2 1
166.7 17.8 1
166.7 22.4 1
166.7 27 1
166.7 31.6 1
166.7 36.2 1
166.7 40.8 1
166.7 45.4 1
166.7 50 1
166.7 54.6 1
166.7 59.2 1
166.7 63.8 1
166.7 68.4 0
166.7 73 0
166.7 77.6 0
166.7 82.2 0
166.7 86.8 0
166.7 91.4 0
171.3 8.6 1
171.3 13.2 1
171.3 17.8 1
171.3 22.4 1
171.3 27 1
171.3 31.6 1
171.3 36.2 1
171.3 40.8 1
171.3 45.4 1
171.3 50 1
171.3 54.6 1
171.3 59.2 1
171.3 63.8 0
171.3 68.4 0
171.3 73 0
171.3 77.6 0
171.3 82.2 0
171.3 86.8 0
171.3 91.4 0
175.9 8.6 0
175.9 13.2 0
175.9 17.8 0
175.9 22.4 1
175.9 27 1
175.9 31.6 1
175.9 36.2 1
175.9 40.8 1
175.9 45.4 1
175.9 50 1
175.9 54.6 0
175.9 59.2 0
175.9 63.8 0
175.9 68.4 0
175.9 73 0
175.9 77.6 0
175.9 82.2 0
175.9 86.8 0
175.9 91.4 0
180.5 8.6 0
180.5 13.2 0
180.5 17.8 0
180.5 22.4 0
180.5 27 0
180.5 31.6 0
180.5 36.2 0
180.5 40.8 0
180.5 45.4 0
180.5 50 0
180.5 54.6 0
180.5 59.2 0
180.5 63.8 0
180.5 68.4 0
180.5 73 0
180.5 77.6 0
180.5 82.2 0
180.5 86.8 0
180.5 91.4 0
185.1 8.6 0
185.1 13.2 0
185.1 17.8 0
185.1 22.4 0
185.1 27 0
185.1 31.6 0
185.1 36.2 0
185.1 40.8 0
185.1 45.4 0
185.1 50 0
185.1 54.6 0
185.1 59.2 0
185.1 63.8 0
185.1 68.4 0
185.1 73 0
185.1 77.6 0
185.1 82.2 0
185.1 86.8 0
185.1 91.4 0
189.7 8.6 0
189.7 13.2 0
189.7 17.8 0
189.7 22.4 0
189.7 27 0
189.7 31.6 0
189.7 36.2 0
189.7 40.8 0
189.7 45.4 0
189.7 50 0
189.7 54.6 0
189.7 59.2 0
189.7 63.8 0
189.7 68.4 0
189.7 73 0
189.7 77.6 0
189.7 82.2 0
189.7 86.8 0
189.7 91.4 0
194.3 8.6 0
194.3 13.2 0
194.3 17.8 0
194.3 22.4 0
194.3 27 0
194.3 31.6 0
194.3 36.2 0
194.3 40.8 0
194.3 45.4 0
194.3 50 0
194.3 54.6 0
194.3 59.2 0
194.3 63.8 0
194.3 68.4 0
194.3 73 0
194.3 77.6 0
194.3 82.2 0
194.3 86.8 0
194.3 91.4 0
0 100 0
0 95.4545 0
0 90.9091 0
0 86.3636 0
0 81.8182 0
0 77.2727 0
0 72.7273 1
0 68.1818 1
0 63.6364 1
0 59.0909 1
0 54.5455 1
0 50 1
0 45.4545 1
0 40.9091 1
0 36.3636 1
0 31.8182 1
0 27.2727 1
0 22.7273 0
0 18.1818 0
0 13.6364 0
0 9.09091 0
0 4.54545 0
0 0 0
200 100 0
195.349 100 0
190.698 100 0
186.047 100 0
181.395 100 0
176.744 100 0
172.093 100 0
167.442 100 0
162.791 100 0
158.14 100 0
153.488 100 0
148.837 100 0
144.186 100 0
139.535 100 0
134.884 100 0
130.233 100 0
125.581 100 0
120.93 100 0
116.279 100 0
111.628 100 0
106.977 100 0
102.326 100 0
97.6744 100 0
93.0233 100 0
88.3721 100 0
83.7209 100 0
79.0698 100 0
74.4186 100 0
69.7674 100 0
65.1163 100 0
60.4651 100 0
55.814 100 0
51.1628 100 0
46.5116 100 0
41.8605 100 0
37.2093 100 0
32.5581 100 0
27.907 100 0
23.2558 100 0
18.6047 100 0
13.9535 100 0
9.30233 100 0
4.65116 100 0
200 0 0
200 4.54545 0
200 9.09091 0
200 13.6364 0
200 18.1818 0
200 22.7273 0
200 27.2727 0
200 31.8182 0
200 36.3636 0
200 40.9091 0
200 45.4545 0
200 50 0
200 54.5455 0
200 59.0909 0
200 63.6364 0
200 68.1818 0
200 72.7273 0
200 77.2727 0
200 81.8182 0
200 86.3636 0
200 90.9091 0
200 95.4545 0
4.65116 0 0
9.30233 0 0
13.9535 0 0
18.6047 0 0
23.2558 0 0
27.907 0 0
32.5581 0 0
37.2093 0 0
41.8605 0 0
46.5116 0 0
51.1628 0 0
55.814 0 0
60.4651 0 4
65.1163 0 4
69.7674 0 0
74.4186 0 0
79.0698 0 0
83.7209 0 0
88.3721 0 0
93.0233 0 0
97.6744 0 0
102.326 0 0
106.977 0 0
111.628 0 0
116.279 0 1
120.93 0 1
125.581 0 1
130.233 0 1
134.884 0 1
139.535 0 1
144.186 0 1
148.837 0 1
153.488 0 1
158.14 0 1
162.791 0 1
167.442 0 0
172.093 0 0
176.744 0 0
181.395 0 0
186.047 0 0
190.698 0 0
195.349 0 0
102.29 49.0977 1
107.366 59.2071 1
96.7076 64.5465 1
3.91421 3.38942 0
108.79 64.6705 1
91.3465 61.0828 0
104.818 61.9613 1
87.6272 56.9447 0
104.356 42.9268 1
96.8005 49.9026 1
112.825 61.1948 1
96.0701 55.3125 1
113.731 47.5154 1
192.349 95.3791 0
146.264 95.699 0
62.9415 95.6991 0
96.7402 59.455 1
104.103 38.9615 1
174.153 95.6982 0
112.655 56.4212 1
127.707 95.6993 0
91.4836 70.3268 0
53.8258 95.6991 0
117.953 65.5023 1
91.3898 52.5759 0
86.619 61.7363 0
39.9227 95.6993 0
117.831 48.2784 1
104.31 69.4953 1
95.909 74.8616 1
100.13 44.3471 1
155.45 95.6993 0
117.387 56.8533 1
117.612 61.4589 1
86.9196 51.6948 0
30.7078 95.6992 0
80.9215 4.30126 0
91.1075 95.699 0
99.8475 74.5449 1
100.57 39.3831 1
99.6528 70.3006 1
196.47 5.8814 0
3.53434 94.1175 0
111.609 51.7794 1
91.8201 66.2669 1
103.88 74.3114 1
87.0865 65.5775 0
86.4758 95.6992 0
30.8273 4.30085 0
113.876 65.6059 1
95.5398 70.9535 1
54.0756 4.30091 0
169.67 4.30082 1
67.9101 4.30077 0
113.447 43.5049 1
100.26 4.3007 0
99.7014 95.6991 0
86.6485 47.9093 0
113.679 95.6989 0
91.0129 43.6442 0
101.018 53.3857 1
113.542 70.2082 1
117.047 52.3359 1
103.521 57.3552 1
100.716 61.2333 1
25.9395 4.30164 0
192.389 4.53629 0
7.63901 95.4581 0
164.709 4.30086 1
67.5574 95.6988 0
169.501 95.6993 0
44.4463 4.30107 0
178.679 95.6971 0
76.8092 4.3006 0
197.09 88.8573 0
85.3458 4.30125 0
16.7392 95.6916 0
21.3198 4.30279 0
109.197 4.3008 0
72.2301 95.6992 0
20.7614 95.6972 0
197.144 84.2945 0
113.747 4.30086 1
95.2855 4.30115 0
197.149 79.7227 0
2.84997 33.9955 1
2.84997 38.5682 1
2.84997 43.1409 1
2.84997 47.7136 1
2.84997 52.2864 1
2.84997 56.8591 1
2.84997 61.4318 1
2.84997 66.0045 1
2.84997 70.5773 1
2.85003 75.15 1
197.15 43.1409 0
197.15 47.7136 0
197.15 52.2864 0
197.15 56.8591 0
197.15 61.4318 0
197.15 66.0045 0
197.15 70.5773 0
197.15 75.15 0
