16.3 1.88 0
16.3 13.1 0
17.5 14.4 0
17.5 0.625 0
19.4 7.5 0
18.1 26.3 0
16.3 16.9 0
18.1 28.8 0
16.3 43.1 0
19.4 27.5 0
17.5 44.4 0
17.5 15.6 0
19.4 37.5 0
16.9 27.5 0
16.3 68.1 0
19.4 47.5 0
17.5 45.6 0
17.5 69.4 0
16.3 98.1 0
17.5 99.4 0
17.5 70.6 0
48.8 7.5 0
21.3 7.5 0
22.3 5.95 0
21.9 28.8 0
47.8 39.2 0
21.3 37.5 0
48.7 37.5 0
22.3 36 0
49.4 27.5 0
20.6 27.5 0
48.1 28.8 0
48.1 48.8 0
21.9 48.8 0
49.4 47.5 0
20.6 47.5 0
87.8 5.85 0
87.8 9.15 0
88.7 7.5 0
51.2 7.5 0
51.9 26.3 0
51.9 28.8 0
52 35.8 0
87.8 35.9 4
88.7 37.5 4
51.2 37.5 0
50.6 27.5 0
89.4 27.5 0
88.1 28.8 0
88.1 26.3 0
51.9 48.8 0
50.6 47.5 0
89.4 47.5 4
121 1.88 0
121 13.1 0
123 0.625 0
124 7.5 0
90.8 7.5 0
123 14.4 0
123 26.3 4
123 28.8 4
121 16.9 0
121 43.1 4
91.9 28.8 0
91.3 37.5 4
124 27.5 4
123 44.4 4
90.6 27.5 0
123 15.6 0
124 37.5 4
123 48.8 4
121 46.9 4
91.9 48.8 4
121 68.1 4
124 47.5 4
123 45.6 4
90.6 47.5 4
123 69.4 4
121 98.1 0
123 99.4 0
123 70.6 4
127 8.9 0
159 7.5 0
158 9.05 0
126 7.5 0
127 26.3 4
127 28.8 4
126 37.5 4
159 37.5 4
127 39.1 4
159 27.5 4
126 27.5 4
129 28.1 4
129 26.9 4
127 48.8 4
159 47.5 4
126 47.5 4
162 5.88 0
161 7.5 0
162 35.8 4
161 37.5 4
161 27.5 4
162 48.8 4
161 47.5 4
5.23 1.98 0
0.925 13 0
7.13 1.15 0
2.53 14.2 0
2.5 16.3 0
2.53 44.2 0
19.4 17.8 0
19.4 22.4 0
17.5 20.5 0
18.8 20.5 0
18.1 61.2 0
2.5 68.8 0
2.5 45.6 0
19.4 62.5 0
3.75 46.9 0
18.1 91.2 0
18.8 74.7 0
2.5 71.3 0
7.4 99.3 4
19.4 77.4 0
19.4 72.8 0
19.4 92.5 0
16.9 92.5 0
17.5 94.4 0
18.8 94.4 0
30.8 13.1 0
41.8 2.13 0
41.6 13 0
26.2 2.1 0
27.8 1.15 0
45.3 13.3 0
47 14.1 0
43.1 0.875 0
32.5 14.2 0
47.2 0.8 0
42.9 14.2 0
45.6 1.68 0
30.7 17.6 0
30.8 43.1 0
22 23.4 0
46 16.9 0
48.1 19 0
41.6 43 0
34.2 17.2 0
32.6 16.3 0
45.2 43.4 0
21.7 19.8 0
49.4 17.8 0
47.2 15.6 0
20.9 18.1 0
47 44.2 0
49.4 22.4 0
32.5 44.2 0
20.8 22.2 0
42.7 15.6 0
42.8 44.2 0
48.1 21.1 0
43.9 16.9 0
30.6 47.5 0
30.6 46.3 0
45.4 47.5 0
45.4 46.3 0
41.6 68 0
32.9 67.5 0
22.6 62.9 0
21.1 61.9 0
48.7 62.6 0
45.2 68.3 0
31.9 68.9 0
46.9 69.1 0
32.5 45.6 0
47.2 45.6 0
42.8 69.2 0
42.7 45.6 0
32.5 48.1 0
33.7 46.9 0
30.7 72.6 0
46 71.9 0
48.1 74 0
22 78.4 0
41.6 98 4
32.9 97.5 0
22.6 92.9 0
21.1 91.9 0
31.9 98.9 0
48.7 92.6 4
45.2 98.3 4
21.7 74.8 0
32.6 71.3 0
49.4 77.4 4
49.4 72.8 0
47.2 70.6 0
46.9 99.1 4
20.9 73.1 0
20.8 77.2 0
42.7 70.6 0
42.8 99.2 4
43.9 71.9 0
48.1 76.1 0
69.2 1.93 0
70.4 13.1 0
58.2 2.1 0
58.2 12.9 0
81.6 2.03 0
81.6 13 0
85.2 1.63 0
85.2 13.4 0
55.2 13.4 0
72.2 13.9 0
67.6 0.775 0
57 14.2 0
87 0.85 0
57 0.85 0
87 14.2 0
52.8 14.2 0
82.8 0.775 0
52.8 0.775 0
82.8 14.2 0
54.4 1.63 0
70.7 17.6 0
70.8 43.1 0
88.1 19 0
86 16.9 0
56 16.9 0
51.9 19 0
81.6 43 4
74.2 17.2 0
72.6 16.3 0
85.2 43.4 4
50.6 17.8 0
50.6 22.4 0
57 44.2 0
87 44.2 4
72.5 44.2 4
52.7 15.6 0
89.4 22.4 0
57.2 15.6 0
87.2 15.6 0
89.4 17.8 0
52.8 44.2 0
82.7 15.6 0
82.8 44.2 4
88.1 21.1 0
53.9 16.9 0
51.9 21.1 0
83.9 16.9 0
55.2 43.4 0
81.6 52 4
81.6 68 4
72.9 67.5 4
72.9 52.6 4
71.9 51.1 4
85.3 51.7 4
85.2 68.3 4
51.2 62.6 0
88.7 62.6 4
71.9 68.9 4
87 50.9 4
86.9 69.1 4
56.9 69.1 4
72.5 45.6 4
57.2 45.6 0
87.2 45.6 4
87.2 49.4 4
52.8 69.2 4
82.8 69.2 4
82.8 50.8 4
52.7 45.6 0
82.7 49.4 4
82.7 45.6 4
72.5 49.4 4
54.5 47.5 0
54.5 46.3 0
85.4 46.3 4
85.4 47.5 4
55.2 68.3 4
52.5 90.6 4
70.7 72.6 4
88.1 74 4
86 71.9 4
56 71.9 4
51.9 74 4
52 94.3 4
81.6 98 4
58.2 97.9 4
72.9 97.5 4
71.9 98.9 4
55.2 98.3 4
85.2 98.3 4
51.2 92.6 4
88.7 92.6 4
72.6 71.3 4
50.6 77.4 4
50.6 72.8 4
87.2 70.6 4
57.2 70.6 4
89.4 72.8 4
86.9 99.1 4
56.9 99.1 4
89.4 77.4 4
52.7 70.6 4
82.7 70.6 4
52.8 99.2 4
82.8 99.2 4
88.1 76.1 4
53.9 71.9 4
51.9 76.1 4
83.9 71.9 4
96.5 2 0
91.9 2.35 0
93.2 1.1 0
97.9 0.9 0
92 23.4 0
123 19.7 0
124 19.7 0
91.7 19.8 0
90.9 18.1 0
90.8 22.2 0
124 22.4 0
124 17.8 0
123 61.2 4
91.9 63.4 4
91 61.9 4
124 62.5 4
92 78.4 4
99.4 97.9 4
94.9 98.3 4
91.9 93.4 4
91.7 74.8 4
91.8 97.8 4
91 91.9 4
90.9 73.1 4
93 99 4
90.8 77.2 4
124 72.8 4
124 77.4 4
124 92.5 0
97.7 99.3 4
146 12.8 0
137 12.7 0
137 2.25 0
138 0.95 0
138 14.1 0
147 0.85 0
147 14.1 0
135 12.8 0
149 43 4
136 43 4
139 17.5 0
146 17.5 0
158 23.4 4
127 23.4 0
158 19.8 4
127 19.8 0
138 16.3 0
147 16.3 0
138 44.2 4
147 44.2 4
159 18.1 4
126 18.1 0
159 22.2 4
126 22.2 0
139 67.3 4
146 46.3 4
140 46.3 4
146 67.5 4
146 47.5 4
140 47.5 4
158 63.4 4
127 63.4 4
137 68.6 4
126 61.9 4
148 68.8 4
159 61.9 4
138 45.6 4
147 45.6 4
138 48.1 4
136 47.5 4
136 46.3 4
146 72.5 4
139 97.3 0
139 72.5 4
146 97.5 0
158 78.4 4
127 78.4 4
148 98.8 0
158 93.4 0
127 93.4 0
137 98.6 0
158 74.8 4
126 91.9 0
127 74.8 4
147 71.3 4
138 71.3 4
159 91.9 0
159 73.1 4
126 73.1 4
159 77.2 4
126 77.2 4
191 13 4
168 12.9 4
168 2.05 0
176 2.1 4
165 1.68 0
165 13.3 4
178 1.15 4
167 14.1 4
163 0.875 0
163 14.2 4
167 0.8 0
193 14.2 4
166 16.9 4
162 19 4
193 16.3 4
161 17.8 4
167 15.6 4
167 44.2 4
161 22.4 4
163 15.6 4
163 44.2 4
193 44.2 4
164 16.9 4
162 21.1 4
165 43.4 4
194 46.9 4
168 67.9 4
161 62.6 4
193 67.7 4
167 69.1 4
167 45.6 4
163 69.2 4
192 69.1 4
163 45.6 4
193 45.6 4
164 68.3 4
165 47.5 4
165 46.3 4
162 90.6 0
191 72.5 4
194 72.5 4
162 74 4
168 97.9 0
184 97.4 0
182 98.8 0
161 92.6 0
193 71.3 4
161 72.8 4
167 70.6 4
167 99.1 0
161 77.4 4
163 70.6 4
163 99.2 0
192 99.3 4
164 71.9 4
162 76.1 4
165 98.3 0
166 71.9 4
9.75 12.9 0
17.5 10.3 0
18.8 10.3 0
11.8 14.1 0
19.4 12.2 0
9.75 42.9 0
10.1 17.2 0
17.5 40.3 0
18.8 40.3 0
11.8 44.1 0
11.9 15.9 0
19.4 42.2 0
10.9 46.9 0
13.1 67.8 0
18.1 54.1 0
12.2 45.6 0
9.93 68.3 0
11.8 69 0
19.4 52.9 0
13 81.6 0
10.1 72.2 0
14.3 82.8 0
15.9 82.5 0
11.9 70.9 0
17.1 85 0
17.1 83.7 0
17.1 80 0
17.1 81.2 0
18.4 82.5 0
37.9 2.35 0
34.8 1.88 0
36.7 1.1 0
21 11.9 0
23.2 14.1 0
49.1 11.9 0
47.9 10.1 0
22.3 9.98 0
24.9 17.2 0
21 41.9 0
23.2 44.1 0
23.1 15.9 0
49.1 42 0
22.3 40 0
47.9 54.9 0
24.7 46.3 0
24.7 47.5 0
49.1 53.1 0
20.8 53 0
22.9 45.6 0
22.3 84.5 0
47.9 84.9 4
24.9 72.2 0
49.1 83.1 4
20.8 83 0
23.1 70.9 0
78.1 2.2 0
62.1 12.7 0
65.2 13.1 0
63.3 13.9 0
76.8 0.95 0
50.8 12 0
89.1 12 0
52 10.2 0
64.9 17.2 0
63.2 44.1 0
89.1 42 4
63.1 15.9 0
50.8 42 0
52 40.2 0
87.8 40.1 4
64.5 67.8 4
52 54.8 0
87.9 54.9 4
64.7 46.3 0
64.7 48.8 0
50.8 53 0
89.1 53.1 4
63 50.8 0
62.9 45.6 0
63 69.2 4
62.9 49.4 0
64.5 52.3 4
64.5 97.8 4
52 84.8 4
87.9 84.9 4
64.9 72.2 4
50.8 83 4
89.1 83.1 4
63.1 70.9 4
63 99.2 4
101 13 0
110 13 0
104 13 0
124 10.3 0
114 12.9 0
123 10.3 0
95.3 13.1 0
112 13.9 0
91.1 11.7 0
93.3 13.9 0
103 13.9 0
124 12.2 0
91.9 9.83 0
104 17.6 0
111 17.6 0
110 43 4
114 17.2 0
94.9 17.2 0
123 40.3 4
124 40.3 4
112 16.3 0
103 16.3 0
91 41.9 4
93.2 44.1 4
112 44.2 4
103 44.2 4
93.1 15.9 0
124 42.2 4
92.3 40 4
104 67.3 4
92.2 52 4
113 66.8 4
111 46.9 4
114 68.2 4
104 46.9 4
94.7 47.5 4
94.7 46.3 4
123 54.1 4
102 68.6 4
95.1 68.3 4
93.2 69 4
91 53.2 4
124 52.9 4
112 69.1 4
112 45.6 4
92.9 45.6 4
103 45.6 4
111 72.6 4
104 72.6 4
94.9 72.2 4
92.2 82 4
112 71.3 4
123 84.1 4
103 71.3 4
91 83.2 4
93.1 70.9 4
124 82.9 4
130 13.1 0
126 11.7 0
130 1.93 0
128 13.9 0
128 1.1 0
159 11.9 4
157 14.1 4
157 0.95 0
155 17.2 4
130 17.2 0
126 41.9 4
159 41.9 4
128 44.1 4
157 44.1 4
157 15.9 4
128 15.9 0
158 40 4
154 66.7 4
158 52 4
127 52 4
156 46.9 4
130 47.5 4
130 46.3 4
155 68.3 4
157 45.6 4
130 68.3 4
128 69 4
126 53.2 4
159 53.2 4
157 69 4
128 45.6 4
131 66.7 4
155 72.2 4
158 82 0
127 82 4
130 72.2 4
155 98.3 0
130 98.3 0
128 99 0
126 83.2 4
159 83.2 0
157 99 0
157 70.9 4
128 70.9 4
154 96.7 0
131 96.7 0
158 85.7 0
181 13 4
172 12.8 4
186 2.03 4
187 1.15 4
173 14.1 4
161 12 4
183 14.1 4
162 10.1 4
181 43 4
184 17.5 4
172 42.8 4
175 17.2 4
183 16.2 4
173 44.1 4
183 44.1 4
173 15.9 4
161 42 4
162 40.2 4
164 54.4 4
184 67.1 4
185 46.3 4
185 47.5 4
162 54.8 4
172 67.8 4
175 47.5 4
175 46.3 4
182 68.6 4
175 68.3 4
173 69 4
161 53 4
183 45.6 4
173 45.6 4
183 48.1 4
173 48.1 4
172 46.9 4
181 47.5 4
181 46.3 4
175 72.2 4
162 84.8 0
172 97.8 0
175 98.3 0
183 71.3 4
173 99 0
173 70.9 4
161 83 0
164 84.4 0
8 95.4 4
4.28 92.5 4
5.58 93.4 4
5.18 96.8 4
5.85 95.2 4
43.2 24 0
36.1 26.9 0
38.5 23 0
38.6 26.9 0
46.9 24 0
39.9 26.9 0
46.9 25.2 0
44.4 22.7 0
45.7 22.7 0
45 28.3 0
37.4 25.7 0
37.2 24.2 0
35.5 23 0
37.4 28.2 0
43.2 25.2 0
45.1 25.9 0
66.7 31.4 0
65.1 32.3 0
61.8 32.4 0
62.7 29.6 0
63 31.2 0
66.4 29.6 0
64.6 29 0
61.4 28.4 0
79.7 76.5 4
81.1 76.7 4
81.1 73 4
82.3 75.5 4
82.3 74.2 4
78.8 74.9 4
79.6 73.2 4
108 0.875 0
119 33.4 4
121 32.9 4
122 35.4 4
122 34.2 4
118 75.2 4
109 99.1 0
108 97.7 0
111 99.1 0
119 76.8 4
121 77 4
121 75.1 4
123 75.1 4
121 73.2 4
119 73.5 4
138 8.1 0
141 9.65 0
139 9.6 0
135 9.73 0
136 8.1 0
5.2 13 0
18.1 4.23 0
7.05 13.9 0
18.1 5.48 0
19.4 2.98 0
11.7 0.95 0
9.55 2.1 0
0.225 28.8 0
0.225 27.5 0
12.6 30.9 0
12.9 29.3 0
0.375 32 0
5.45 17.6 0
5.2 43 0
2.08 30.9 0
18.1 34.2 0
2.1 29.4 0
7.33 16.3 0
7.05 43.9 0
18.1 35.5 0
19.4 33 0
14.2 28.1 0
11.7 28.1 0
12.9 26.8 0
13.8 32.1 0
15.4 31.8 0
7.23 48.1 0
5.98 46.9 0
3.03 58.1 0
1.08 58.1 0
7.23 45.6 0
17.5 65.2 0
18.8 65.2 0
19.4 57.7 0
17.3 50.2 0
17.3 49 0
14.8 47.7 0
16 47.7 0
7.23 69.3 0
19.4 67 0
16.9 57.7 0
8.48 46.9 0
18.1 56.5 0
18.1 59 0
5.35 68.1 0
5.45 72.5 0
7.33 71.3 0
11.7 99 4
19.4 87.7 0
9.83 98.3 4
19.4 97 0
18.1 89 0
33.6 5.9 0
46.3 4.65 0
36.6 9.18 0
34.8 7 0
31.8 9.63 0
26.5 12.9 0
34.8 8.55 0
36.6 13.9 0
28 13.9 0
34.7 13.1 0
32.3 0.775 0
21 3.3 0
23.3 0.95 0
49.2 3.15 0
33.6 9.65 0
31.8 5.95 0
30.8 7.8 0
30.6 1.93 0
47.9 5.03 0
30.3 28.6 0
41.3 21.9 0
30.3 27.4 0
26.8 25.8 0
30.5 31.8 0
42.5 20.6 0
42.5 19.4 0
26.5 42.9 0
34.1 35.4 0
23 25.8 0
32.1 30.6 0
35.2 38 0
37 35.8 0
36.6 43.9 0
28 43.9 0
27.7 16.3 0
32.2 29.2 0
34.7 43.1 0
21 33.3 0
36.8 15.9 0
35.2 36.5 0
49.1 33.2 0
24.9 27.7 0
24.9 26.4 0
28.4 29.2 0
28.6 31 0
47.8 35.1 0
32.2 26.7 0
33.4 28 0
22.6 57.3 0
35.8 46.9 0
21.1 58.4 0
48.7 57.6 0
37 45.6 0
49.1 66.8 0
27.7 45.6 0
36.9 69.2 0
20.8 66.9 0
22.3 55.6 0
47.5 59.6 0
35.4 67.8 0
22.3 65.4 0
47.8 65 0
22.1 68.1 0
45 81.2 4
43.4 80.3 0
43.2 78.9 0
47 78.9 4
22.6 87.3 0
27.3 97.5 0
44.5 77.7 0
45.7 77.7 0
28.4 98.9 0
21.1 88.4 0
48.7 87.6 4
27.7 71.3 0
49.1 96.8 4
36.8 70.9 0
36.9 99.2 4
20.8 96.9 0
47.5 89.6 4
35.4 97.8 0
46.7 80.4 4
22.3 95.4 0
47.8 95 4
35 72.2 0
22.1 98.1 0
53.6 4.6 0
63.3 5.83 0
65.1 8 0
68 5.4 0
73.6 2.1 0
83.1 9.95 0
72.1 1.15 0
63.5 1.1 0
65.1 6.45 0
65.4 1.88 0
76.7 14.1 0
84.7 10.4 0
89.1 3.2 0
67.8 14.2 0
50.8 3.13 0
66.2 5.35 0
74.6 12.9 0
52 5 0
66.2 9.1 0
68.2 38.1 0
78.2 37.2 0
84.7 32.8 4
70 38.1 0
77.1 38.6 0
82.3 36.8 4
66.5 42.9 0
84.4 22.5 0
85.7 22.5 0
71 39.9 0
74.1 35.4 0
75.3 38 0
77.1 35.8 0
76.6 43.9 4
67.7 16.3 0
68 43.9 0
72.8 40 0
84.6 34.7 4
74.7 43.1 4
83 35.1 0
75.3 36.5 0
89.1 33.2 4
76.8 15.9 0
50.8 33.1 0
67 39.8 0
67.3 52.6 4
75.8 46.9 4
68.4 51.1 4
51.2 57.6 0
88.7 57.6 4
77 45.6 4
68.4 68.9 4
74.5 46.9 4
50.8 66.9 0
67.7 45.6 0
89.1 66.8 4
77 49.4 4
76.9 50.8 4
76.9 69.2 4
67.7 49.4 4
87.5 59.6 4
52.5 59.6 0
75.4 67.8 4
52 65.1 0
69.6 46.3 0
75.4 52.3 4
87.8 65 4
69.6 47.5 4
67.3 67.5 4
57.1 76 4
57.1 74.8 4
57.1 78.5 4
58.1 81.2 4
62.3 79.5 4
54.6 77.3 4
55.8 77.3 4
59.4 82.4 4
67.3 97.5 4
68.4 98.9 4
51.2 87.6 4
88.7 87.6 4
62.3 81.1 4
67.7 71.3 4
61 82.3 4
50.8 96.9 4
89.1 96.8 4
76.8 70.9 4
76.9 99.2 4
58.3 77.3 4
87.5 89.6 4
75.4 97.8 4
87.8 95 4
75 72.2 4
61 78.2 4
101 2.15 0
123 4.23 0
114 3.2 0
123 5.48 0
102 1.25 0
124 2.98 0
117 14.1 0
117 0.95 0
114 5.08 0
110 5.03 0
111 3.13 0
112 2.25 0
91.9 5.33 0
111 6.75 0
113 6.73 0
118 26.2 4
120 21.9 0
118 42.7 4
116 20.2 0
119 21.7 0
119 18.4 0
117 43.9 4
115 43.1 4
91 33.3 4
124 33 4
117 15.9 0
121 27.4 4
118 20.1 0
119 27.4 4
117 23 0
116 21.7 0
92.3 35.2 4
118 55.2 4
117 57 4
118 58.2 4
115 46.3 4
91.9 56.9 4
115 47.5 4
124 65.2 4
91 58.4 4
123 65.2 4
124 57.7 4
91 66.7 4
117 45.6 4
117 69.2 4
124 67 4
123 59 4
115 57.8 4
123 56.5 4
122 57.7 4
118 83.8 4
99.1 77.6 4
118 81.3 4
104 97.3 4
95.9 81.8 4
91.9 86.9 4
95.2 76.8 4
97.3 78.9 4
115 98.2 0
102 98.6 4
124 95.2 0
91 88.4 4
123 95.2 0
124 87.7 4
117 70.9 4
97.4 80.8 4
121 82.5 4
119 82.5 4
94.8 75.3 4
124 97 0
117 99.2 0
117 82.6 4
118 85.6 4
122 87.7 4
123 89 0
115 72.2 4
118 79.8 4
123 86.5 4
126 3.45 0
143 2.3 0
143 12.8 0
142 0.95 0
142 14.1 0
159 3.3 0
158 5.18 0
127 5.33 0
157 26.2 4
144 43 4
141 43 4
143 43.9 4
143 16.3 0
156 27.4 4
126 33.3 4
159 33.3 4
155 27.4 4
158 35.2 4
127 35.2 4
140 57.2 4
138 58.4 4
136 60.7 4
158 56.9 4
127 56.9 4
126 58.4 4
143 68.7 4
159 58.4 4
136 58.4 4
135 57.5 4
143 45.6 4
126 66.7 4
159 66.7 4
138 60.7 4
135 87.6 0
138 88.5 0
136 88.5 0
140 87.3 0
127 86.9 4
126 88.4 0
143 98.7 0
143 71.3 4
159 88.4 0
126 96.7 0
159 96.7 0
136 90.8 0
138 90.8 0
181 2.03 4
199 2.03 4
167 5.05 4
190 1.98 4
188 13.9 4
183 0.875 4
198 1.18 4
165 4.68 0
173 0.95 4
161 3.23 0
192 0.825 4
167 21 4
167 19.8 4
167 23.5 4
175 28.8 4
186 43 4
165 22.3 4
166 22.3 4
176 32.2 4
178 31.2 4
188 16.3 4
188 43.9 4
177 29.4 4
161 33.1 4
168 22.3 4
174 31 4
174 29.4 4
164 65.4 4
184 58.3 4
181 60.5 4
179 55.5 4
182 57 4
179 57.3 4
181 58.2 4
188 67.6 4
188 69.1 4
161 57.6 4
188 45.6 4
161 66.9 4
183 60.5 4
162 59.6 4
162 65.1 4
167 80.1 4
167 76.1 4
167 74.8 4
167 78.6 4
173 88.4 0
173 86.9 0
165 77.3 4
166 77.3 4
175 87.3 0
176 90.6 0
188 71.3 4
161 87.6 0
161 96.9 0
176 88.8 0
168 77.3 4
162 95.1 0
3.28 9.9 0
0.125 8.13 0
3.18 5.08 0
14 2.2 0
14 12.8 0
1.23 9.9 0
1.13 5.08 0
2.65 0.825 0
3.23 39.9 0
14 21.8 0
0.075 38.2 0
0.55 41.8 0
11.3 20.2 0
14.1 17.2 0
14 42.8 0
18.1 30.6 0
1.18 39.9 0
7.5 25.2 0
9.33 22.6 0
13.1 20.2 0
7.6 23.4 0
15.4 21.9 0
18.1 24.4 0
8.75 26.5 0
6.15 50.8 0
4.28 52 0
0.525 52 0
2.4 51.3 0
2.4 49.4 0
18.8 46.3 0
10.7 76.7 0
15.1 76.9 0
13.7 76.7 0
11.1 75.1 0
13.6 73.4 0
14 97.8 4
4.68 87.2 0
3.38 88.1 4
1.43 88.1 4
0.125 87.2 0
2.68 98.8 4
12.8 75.1 0
0.525 83.9 0
12.5 77.9 0
15.8 75 0
15.1 73.1 0
38.9 12.7 0
42.4 38.2 0
38.9 42.7 0
40.6 16.9 0
39.1 17.1 0
31.5 40 0
22.2 31 0
43.1 39.9 0
33.3 40 0
38.3 32.6 0
37 31.4 0
44.7 40.3 0
35.1 32.1 0
47.9 30.9 0
36.6 55.3 0
47.9 50.9 0
33.8 58.3 0
39.4 46.9 0
37.8 58.1 0
36.3 57 0
22.1 50.8 0
39.2 68 0
40.6 46.9 0
38.7 75.1 0
39.6 76.7 0
41 76.9 0
40.6 71.9 0
39.1 72.1 0
42.2 75.6 0
42.2 74.4 0
22.1 80.8 0
39.2 98 4
61.1 2.35 0
79 12.8 0
57 21 0
57 19.7 0
57 23.5 0
75.9 21.1 0
70.5 29 0
70.5 27.7 0
80.2 27.3 0
75.5 22.7 0
82.7 28.6 0
51.9 24.4 0
88.1 24.4 0
81.5 27.3 0
70.7 32.1 0
78.5 22.7 0
78.9 42.7 4
59.4 16.9 0
73.8 32.1 0
82.7 24.8 0
54.5 22.2 0
55.7 22.2 0
60.9 17.2 0
87.9 30.9 0
80.8 18.1 0
52 30.8 0
83.2 39.9 4
84.6 26.7 0
84.6 28 0
72.4 31 0
77.4 25.4 0
82.1 20.6 0
82.1 19.3 0
82.7 26.1 0
72.4 29.6 0
77.3 23.9 0
84.8 40.3 4
58.2 22.2 0
80.8 21.8 0
59.1 42.9 0
77.7 21.1 0
61 42.8 0
79.3 18.3 0
60.6 48.1 0
59.4 48.1 0
60.8 52.1 0
79.2 52.1 4
60.8 68 4
79.2 68 4
59.1 67.9 4
79.4 46.9 4
80.6 46.9 4
52.1 50.8 0
83.3 80.2 4
83.1 78.8 4
51.9 79.4 4
88.1 79.4 4
52.1 80.8 4
59.4 71.9 4
87.9 80.9 4
60.9 72.2 4
84.3 77.6 4
85.6 77.6 4
79.2 98 4
60.8 98 4
84.9 81.1 4
119 2.2 0
119 12.8 0
107 14.2 0
114 9.8 0
97.9 14.2 0
110 9.93 0
104 28.4 4
104 39.9 4
112 34.9 4
108 32.3 4
110 38.2 4
105 32.4 4
96.9 26.1 4
101 32.3 4
99.5 17.6 0
100 38.2 4
101 41.8 4
96.6 42.9 4
123 30.6 4
110 35.1 4
110 33.2 4
92.2 31 4
108 16.3 0
111 39.9 4
98.1 43.9 4
108 43.9 4
97.7 16.3 0
102 39.9 4
103 31.2 4
103 29.7 4
113 40 4
95 27.9 4
95 26.7 0
106 43 4
123 24.4 4
91.9 25.6 0
123 47.5 4
96 64.7 4
95 58.1 4
118 51.1 4
118 49.8 4
99.7 46.3 4
99.7 47.5 4
96.2 59.6 4
97 50.9 4
95 63 4
95.4 51.9 4
97 49.5 4
108 69.1 4
96.2 61.5 4
108 45.6 4
108 67.7 4
119 67.9 4
121 52.3 4
119 52.3 4
97.8 45.6 4
97.8 69.3 4
124 46.3 4
108 48.1 4
123 50.6 4
106 46.9 4
119 46.9 4
99.5 67.9 4
109 46.9 4
119 89.2 4
118 94.4 0
99.5 72.6 4
117 92.7 0
119 91.7 0
123 80.6 4
123 79.4 4
97.7 71.3 4
108 71.3 4
119 97.9 0
121 92.3 0
122 91.1 0
148 5.08 0
148 9.8 0
150 2 0
134 2.13 0
150 13 0
146 3.4 0
152 1.15 0
146 9.68 0
152 13.8 0
146 5.28 0
133 0.825 0
133 14.2 0
154 2.1 0
154 12.9 0
145 8.15 0
139 22.7 4
145 34.5 4
150 22.7 4
140 34.5 4
146 27.7 4
146 26.4 4
140 27.7 4
136 27.7 4
140 26.5 4
150 26.4 4
136 26.5 4
150 17.5 4
148 23.9 4
138 24 4
135 17.5 0
153 42.9 4
132 42.9 4
144 32.6 4
158 29.4 4
158 31 4
127 31 4
141 32.6 4
133 43.9 4
152 43.9 4
143 29.9 4
152 16.3 0
143 31.7 4
133 16.3 0
148 25.8 4
138 25.8 4
138 28.3 4
148 28.3 4
150 27.7 4
152 25.8 4
152 23.9 4
151 66.5 4
134 66.3 4
150 46.3 4
150 47.5 4
158 49.4 4
151 68.1 4
152 45.6 4
133 45.6 4
152 69.3 4
133 69.3 4
152 48.1 4
153 46.9 4
135 67.9 4
134 96.3 0
135 72.5 4
150 72.6 4
151 98.1 0
152 71.3 4
133 71.3 4
152 99.3 0
133 99.3 0
151 96.5 0
135 97.9 0
182 5.05 4
196 12.9 4
199 12.9 4
177 12.9 4
171 2.2 4
198 13.8 4
178 13.8 4
185 5.05 4
198 28.6 4
196 43 4
169 16.9 4
199 43 4
180 17.5 4
198 26.1 4
175 21.8 4
171 17.1 4
177 42.9 4
162 30.8 4
173 20.1 4
178 43.9 4
198 43.8 4
198 16.3 4
178 16.3 4
199 27.4 4
174 20.2 4
196 17.5 4
197 27.4 4
162 29.4 4
169 42.9 4
173 23 4
172 21.8 4
162 24.4 4
162 25.6 4
195 52.2 4
196 67.3 4
162 50.8 4
197 52.6 4
199 58.1 4
169 46.9 4
196 58.4 4
198 51.2 4
197 57 4
198 45.6 4
198 68.8 4
197 49.4 4
178 45.6 4
178 69.3 4
164 51.7 4
178 48.1 4
180 67.8 4
196 48.2 4
199 46.9 4
162 79.4 0
180 72.6 4
162 80.8 0
169 71.9 4
179 98 0
187 97.8 4
171 72.1 4
196 97.4 4
178 71.3 4
198 98.8 4
198 71.3 4
178 99.3 0
199 88.1 4
188 99.2 4
190 98.4 4
195 97.9 4
164 81.7 0
2.1 22.5 0
8.78 34.5 0
7.58 29.9 0
0.125 21.2 0
0.125 18.7 0
7.3 31.7 0
8.83 32.6 0
4.08 21.3 0
5.4 32.5 0
43.3 6.5 0
42.4 8.13 0
43.3 9.83 0
44.9 10.2 0
37.4 20.2 0
26.8 22.6 0
35.7 20.2 0
25.1 21.8 0
24.7 20.3 0
29.2 76.6 0
27.2 77.8 0
25.1 75.4 0
25.5 77 0
81.9 6.95 0
84.3 4.83 0
82.7 5.23 0
83.5 90.9 4
66.7 77.6 4
62.8 75.2 4
82.3 92.9 4
65 76.8 4
83.1 94.6 4
64.6 75.3 4
84.7 95 4
96.4 9.1 0
95.2 8.05 0
95.2 6.5 0
96.5 5.53 0
112 30.3 4
110 27.6 4
114 28.2 4
114 26.9 4
112 26.3 4
112 28.8 4
111 27.6 4
109 26.3 4
114 31.4 4
100 52.1 4
102 51.4 4
102 49.5 4
104 83.7 4
102 82.1 4
100 82.9 4
131 5.7 0
141 5.38 0
130 6.75 0
131 9.35 0
139 5.33 0
130 8.3 0
136 38 4
149 37.9 4
132 22.6 4
146 39.6 4
139 39.7 4
137 39.7 4
148 39.6 4
130 21.8 0
130 20.2 0
134 21.4 4
134 76.8 4
155 87.8 0
154 89.3 0
130 75.6 4
132 78 4
155 92.7 0
154 91.2 0
130 77.2 4
183 9.78 4
174 9.6 4
186 8.08 4
185 11.7 4
185 9.8 4
176 9.68 4
173 8.05 4
184 22.7 4
199 33.2 4
180 22.7 4
193 39.8 4
196 36.7 4
197 32.3 4
188 22.6 4
192 22.6 4
184 27.7 4
184 26.5 4
181 27.7 4
182 23.9 4
190 41.7 4
181 26.5 4
195 33.1 4
195 35 4
190 38 4
190 18.8 4
190 21.3 4
191 39.8 4
182 25.8 4
182 28.3 4
193 81.5 4
197 79.3 4
194 82.9 4
184 92.4 4
200 82.6 4
183 93.7 0
185 73.5 4
185 76 4
196 83.3 4
198 81.8 4
181 92.5 0
43.5 60.9 0
42.3 62.9 0
43.1 64.6 0
44.6 65 0
32.6 84.2 0
29.3 86.7 0
32.8 88.1 0
31.4 86.7 0
65 26.1 0
66.8 23.6 0
63.3 24.1 0
63.1 25.5 0
65.1 22.8 0
66.9 25.5 0
82.3 63.1 4
83.1 64.8 4
84.7 65.2 4
51.4 46.3 0
52.7 47.5 0
105 9.3 0
105 5.93 0
100 9.3 0
100 5.93 0
103 7.65 0
101 7.63 0
97.1 29.9 4
95.9 34.5 4
97.4 31.7 4
95.9 32.7 4
155 22 4
155 20.4 4
152 56.9 4
154 53.3 4
152 55.1 4
154 58.2 4
154 54.9 4
155 56.7 4
190 29.2 4
192 29.8 4
192 31.2 4
186 32.4 4
188 29.8 4
188 31.6 4
190 32.4 4
190 34.3 4
163 47.5 4
188 50.8 4
192 49.3 4
188 49.3 4
192 50.7 4
190 51.5 4
161 46.3 4
190 48.7 4
190 47.5 4
190 53.5 4
175 76.3 4
172 82.1 4
174 80.9 4
173 79.1 4
177 78.7 4
175 77.9 4
177 80.6 4
175 81.6 4
18.8 16.5 0
17.5 17.8 0
18.8 71.5 0
25.7 36.3 0
26.9 38 0
25.8 39.7 0
47.2 47.5 0
27.9 63.5 0
26.5 62.1 0
48.5 46.3 0
25 66.3 0
26.7 66 0
27.7 67.4 0
27.9 93.6 0
26.5 92.2 0
42.3 93.1 4
43.1 94.9 4
44.6 95.2 4
24.9 96.4 0
56.8 6.23 0
57.7 7.88 0
56.8 9.53 0
55.1 10 0
56.6 51.2 0
54.9 53.8 0
54.9 52 0
88.5 46.3 4
88.5 48.8 4
56.6 54.2 0
57.8 52.5 0
56.8 49.7 0
56.5 91 4
57.7 93 4
55.1 95.1 4
56.8 94.6 4
105 2.13 0
124 16.5 0
123 17.8 0
107 58.1 4
104 54.7 4
102 58.1 4
105 58.5 4
104 57.2 4
124 71.5 4
154 34.4 4
153 29.7 4
153 31.5 4
154 32.5 4
148 58.3 4
146 57.1 4
144 58.3 4
168 8.15 4
195 2 4
167 9.78 4
165 10.2 4
17.5 12.2 0
19.4 9.05 0
18.8 13.4 0
17.5 42.2 0
19.4 39.1 0
18.8 43.4 0
18.1 19.5 0
19.4 19.5 0
0.55 76.6 0
4.5 76.6 0
2.53 77.9 0
19.4 75.8 0
27 8.08 0
44.5 14.2 0
25.9 9.73 0
44.8 0.875 0
25.9 6.4 0
48.8 9.05 0
21.3 9.05 0
48.2 25.9 0
49.1 40.1 0
44.4 44.2 0
20.8 20.6 0
48.8 20.1 0
44.9 16.3 0
21.3 39.1 0
46.8 28.3 0
22.9 47.5 0
44.3 45.6 0
44.4 69.2 0
21.6 46.3 0
44.4 99.2 4
20.8 75.6 0
44.9 71.3 0
48.8 75.1 4
89.1 10.1 0
84.4 0.775 0
84.4 14.2 0
54.4 14.2 0
55.2 0.85 0
51.2 9.05 0
78.3 29.6 0
52.7 17.8 0
77.8 31.4 0
79 32.6 0
82.2 31 0
70.3 21.6 0
80.9 32.3 0
84.4 44.2 4
51.4 16.5 0
51.2 39.1 0
88.8 20.1 0
54.9 16.3 0
51.3 20.1 0
84.9 16.3 0
88.7 39.1 4
72.3 22.9 0
54.4 44.2 0
84.3 45.6 4
84.4 50.8 4
84.4 69.2 4
55.5 45.6 0
84.3 48.1 4
54.4 69.2 4
67.4 87 4
52.7 72.8 4
76.8 78.3 4
66 88.4 4
73.3 77.9 4
63.2 85.4 4
75.4 75.5 4
75.1 77.1 4
84.4 99.2 4
54.4 99.2 4
63.5 87.1 4
62 88.2 4
51.4 71.5 0
76.8 79.9 4
88.8 75.1 4
54.9 71.3 4
51.3 75.1 4
84.9 71.3 4
123 12.2 0
95.2 1.1 0
124 9.05 0
124 13.4 0
90.8 9.05 0
103 23.1 4
123 42.2 4
107 23.1 4
105 21.8 0
124 20.8 0
90.8 20.6 0
124 39.1 4
124 43.4 4
91.3 39.1 4
91.6 46.3 4
92.9 47.5 4
113 84.3 4
112 89.5 4
109 88.1 4
113 87.7 4
110 86.6 4
112 86.3 4
96 99.3 4
90.8 75.6 4
110 89.7 4
121 72 4
126 9.83 0
159 9.98 0
141 37.5 4
159 20.6 4
126 20.6 0
126 40 4
159 39.1 4
144 37.5 4
128 47.5 4
148 62.3 4
144 62.2 4
146 63.5 4
158 46.3 4
127 46.3 4
159 75.6 4
126 75.6 4
166 0.8 0
164 14.2 4
161 9.05 4
163 17.8 4
161 16.5 4
161 39.1 4
165 16.3 4
161 20.1 4
164 44.2 4
165 69.1 4
166 45.6 4
187 81.5 4
163 72.8 4
187 83 4
180 84.3 4
184 83.5 4
181 82.7 4
183 82 4
161 71.5 4
183 79.3 4
161 75.1 4
164 99.2 0
165 71.3 4
9.98 5.83 0
10.1 9.13 0
17.5 2.98 0
15 7.48 0
12.1 9.03 0
13.1 7.48 0
12.1 5.93 0
18.8 1.73 0
19.4 6.1 0
8.9 7.48 0
3.2 35.2 0
1.15 35.2 0
19.4 36.1 0
16.1 28.1 0
13.9 62.4 0
17.5 67 0
9.73 63.4 0
8.55 61.9 0
8.8 65.1 0
18.8 68.3 0
15.5 63.1 0
13 63.9 0
8.58 89.6 0
11.6 93.3 0
17.5 97 0
9.75 93 4
8.58 91.5 4
18.8 98.3 0
12.6 91.8 0
21 5.18 0
48.8 6.1 0
43 34.7 0
44.6 34.3 0
47.2 17.8 0
44.6 32.4 0
30.1 21.9 0
43 31.5 0
23 27.7 0
21.8 26.4 0
48.5 16.5 0
21 35.2 0
42.9 30.1 0
41.8 32.8 0
48.7 36.1 0
38.1 39.1 0
39.2 37.7 0
32.1 23.1 0
47.2 72.8 0
43.3 89.2 4
44.5 85.1 4
25.4 82.7 0
27.1 83 0
28.2 81.6 0
42.9 85.5 4
42.1 87.2 4
48.5 71.5 0
30.7 81.6 0
31.4 79.2 0
89.1 5.08 0
51.6 13.3 0
51.2 6.1 0
55.3 31.2 0
57.8 39.8 0
75.4 27.4 0
58.6 27.7 0
74.2 27.4 0
87.2 17.8 0
57 30.4 0
55.4 27.1 0
55.4 28.3 0
57.3 29 0
86.4 35.8 4
50.8 35 0
88.5 16.5 0
89.1 35.1 4
51.6 43.3 0
72.9 26.1 0
58.7 38.2 0
57.3 26.5 0
74 58.1 4
76.8 55.1 4
78 57.9 4
76.5 56.8 4
72.6 56.7 4
86.3 48.1 4
87.2 72.8 4
88.5 71.5 4
123 2.98 0
124 1.73 0
124 6.1 0
90.8 6.1 0
107 29.4 4
106 28.1 4
91.3 36.1 4
123 36 4
96.4 54.7 4
98.2 55 4
123 67 4
124 68.3 4
98.5 56.8 4
123 97 0
124 98.3 0
159 6.1 0
126 6.1 0
149 32.3 4
147 31.2 4
158 26.8 4
159 36.1 4
126 36.1 4
148 34.2 4
162 13.3 4
161 5.1 0
177 23.8 4
177 25.6 4
161 35 4
162 43.3 4
175 26.3 4
175 95.4 0
172 92.4 0
174 93.6 0
173 93.9 0
5.55 7.25 0
8.13 54.7 0
5.98 54.9 0
12.2 51.6 0
13.5 52.8 0
18.5 48.4 0
16.7 46.5 0
8.7 53.1 0
5.7 56.7 0
12.6 49.9 0
15.1 52.4 0
9.65 85 0
15 87.3 0
10.6 86.8 0
13.4 87.9 0
12.4 86.4 0
6.33 98 4
48.2 13.2 0
31.2 35.2 0
48.2 23.2 0
46.5 39.2 0
48.2 43.2 0
21.9 16.8 0
46.9 22 0
22.4 24.4 0
30.3 37 0
37.3 64.8 0
32.2 51.5 0
34.9 52.7 0
37 63.1 0
33.2 53 0
38.4 62.1 0
38.3 83.4 0
36.8 84.9 0
38 87.6 0
36.5 86.6 0
47 76.9 4
48.2 78.2 4
21.9 71.8 0
37 82.2 0
35.6 83.6 0
75.1 9.1 0
75.1 5.78 0
77.2 8.98 0
78.2 7.43 0
77.2 5.88 0
86.5 9.25 0
88.2 13.2 0
73.9 7.45 0
63.5 35.7 0
65.6 35.6 0
88.2 43.2 4
63.5 38.8 0
62.5 37.3 0
86.5 28 0
86.5 26.7 0
83.3 59 4
63.2 55.3 4
84.5 55 4
62.1 58 4
63.5 57 4
66 58.2 4
82.1 57.1 4
82.9 55.4 4
61.9 62.3 4
63.1 65.1 4
63.4 63.4 4
88.2 51.9 4
71.3 88.3 4
77.9 86.6 4
79.4 87.6 4
55.3 84.7 4
72.7 89.7 4
79.7 83.4 4
77.2 94.6 4
84.1 84.8 4
69.2 93.2 4
65.3 82.7 4
81.3 83.4 4
63 94.9 4
57.9 86.8 4
76.9 92.9 4
68 81.6 4
81.7 86.9 4
78.3 91.9 4
67 83 4
72.7 91.8 4
71.3 93.2 4
82.5 85.2 4
57 85.2 4
63.3 93.2 4
61.9 92.1 4
81.9 71.7 4
55.3 82.9 4
78.2 84.9 4
65.8 91.9 4
83.1 73 4
120 7.55 0
119 7.55 0
118 6 0
118 9.1 0
119 38.1 4
120 38.1 4
102 26 4
100 27.9 4
98.8 21.7 0
118 39.5 4
100 26.6 4
115 36.7 4
122 28 4
94.9 20.5 0
122 26.8 4
97 22.9 0
95.3 22.1 0
91.9 16.8 0
117 36 4
115 38.2 4
120 17.5 0
110 60.5 4
112 63.4 4
99.1 64.7 4
115 52.5 4
112 51.7 4
114 53 4
101 62 4
99.4 62.9 4
112 60.3 4
113 61.8 4
113 55.1 4
113 50 4
110 76.5 4
115 75.6 4
108 77.7 4
115 77.1 4
111 77.7 4
106 76.5 4
123 76.2 4
138 11.5 0
136 11.6 0
143 23.8 4
143 25.6 4
132 25.7 4
158 16.8 4
127 16.8 0
132 28.2 4
132 51.5 4
138 51.9 4
145 53.1 4
134 52.9 4
131 52.5 4
152 63.1 4
154 61.8 4
131 54.1 4
140 53.2 4
132 61.8 4
142 51.8 4
132 59.9 4
130 63.3 4
133 54.5 4
130 55.9 4
134 62.9 4
132 50.2 4
142 49.9 4
155 63.3 4
132 89.9 0
134 92.9 0
132 91.8 0
158 71.8 4
127 71.8 4
130 93.3 0
164 5.75 0
165 31.3 4
182 35.9 4
172 25.1 4
165 34.7 4
183 31.3 4
168 36.8 4
168 27.8 4
185 35.9 4
167 30.5 4
185 39.3 4
167 35.2 4
165 28.4 4
165 27.1 4
186 37.6 4
167 29 4
181 32.4 4
167 26.5 4
198 23.1 4
171 26.4 4
168 33.3 4
173 52.6 4
191 60 4
175 53.3 4
196 63.2 4
172 57.9 4
192 56.1 4
175 54.9 4
195 62 4
173 56.4 4
175 56.7 4
192 58 4
198 62.2 4
172 53.9 4
176 58.2 4
189 60 4
190 90.2 4
188 90.2 4
192 92.3 4
192 94.1 4
168 83.4 0
190 94.6 4
168 86.7 0
188 94 4
188 92.3 4
167 85.1 0
184 88.3 4
185 87.3 4
182 88.3 4
181 87.3 4
15.6 1.25 0
15.6 13.8 0
8.55 1.15 0
3.08 26.1 0
5.58 27.3 0
13.3 37.1 0
5.63 37.8 0
4.33 27.3 0
8.63 39.5 0
12.3 35.5 0
7.45 37.8 0
15.6 16.3 0
15.6 43.8 0
18.8 29.4 0
12.3 38.6 0
15.2 37.1 0
18.8 25.6 0
0.25 63.1 0
1.55 62.2 0
3.5 62.2 0
4.8 63.1 0
15.6 68.8 0
19.4 63.9 0
5.08 64.9 0
18.8 60.2 0
1.05 92.1 4
16.3 70.6 0
15.6 98.8 4
8.83 99.3 4
18.8 90.2 0
18.1 95.1 0
19.4 95.1 0
10.3 81.6 0
19 82.8 0
38.1 6.13 0
39.2 7.53 0
31.8 11.5 0
29.8 13.9 0
33.9 14.2 0
22 13.1 0
48.4 1.9 0
25.2 0.95 0
46.8 2.78 0
29.4 1.15 0
25.9 31.9 0
42.7 41.8 0
29.5 16.3 0
29.8 43.9 0
21.3 29.4 0
33.9 44.2 0
34.9 15.9 0
22 43.1 0
43.3 18.1 0
48.8 29.4 0
44.2 52.9 0
41.8 49.3 0
25.4 53.6 0
28.3 51 0
27 57.8 0
44.2 54.7 0
38 49.3 0
27.1 53.9 0
41.4 53.3 0
37.8 50.8 0
41.8 56.8 0
28.4 56.4 0
42.6 55 0
48.8 49.4 0
29.6 45.6 0
21.3 49.4 0
21.1 60.2 0
48.2 68 0
42.6 52 0
39.8 53.3 0
48.7 60.9 0
34.3 68.6 0
21.5 64.3 0
34.5 46.3 0
48.7 64 0
30.5 56.4 0
27.6 49.3 0
37.3 94.8 4
41.4 82.4 0
37 93.1 4
38.4 92.1 4
29.5 71.3 0
32.9 91.6 0
26.6 88.6 0
31.5 93 0
30.2 98.9 0
21.1 90.2 0
48.2 98 4
48.7 90.9 4
34.3 98.6 4
21.5 94.3 0
48.7 94 4
34 71.3 0
69.1 9.35 0
62 8.9 0
70.1 7.53 0
68.1 3.53 0
60.9 7.5 0
82.7 11.8 0
70.2 1.15 0
69.6 14.2 0
66.2 0.775 0
88.2 1.95 0
51.6 1.88 0
53.2 2.73 0
73.6 13.9 0
61.7 20.8 0
55.4 34.8 0
71.4 35.1 0
60.8 22.3 0
57.1 35.2 0
53.2 21.5 0
71 41.8 0
86.9 21.7 0
69.5 16.3 0
51.3 25.6 0
51.3 29.4 0
69.8 43.9 0
73.9 44.2 4
74.9 15.9 0
88.8 29.4 0
58.4 33.4 0
88.8 25.6 0
56.6 60.7 4
77.2 64.9 4
76.9 63.2 4
78.4 62.1 4
57 64.3 4
72.5 61.9 4
57.9 62.7 4
71.1 63.3 4
64.5 47.5 0
70.2 51.1 4
88.2 68 4
73.9 45.6 4
51.6 68.1 4
70.2 68.9 4
73.9 49.4 4
88.7 60.9 4
51.2 60.9 0
74.3 68.6 4
51.2 64 0
70.8 45.6 4
74.3 51.5 4
88.7 64 4
55.3 64.8 4
70.8 48.1 4
51.3 49.4 0
69 63.3 4
67.6 61.9 4
70.1 76.6 4
53.3 76.5 4
69.5 71.3 4
51.2 89.5 4
74.9 83.3 4
72.2 82.1 4
73.2 83.6 4
50.8 95 4
70.2 98.9 4
88.2 98 4
51.6 98.1 4
88.7 90.9 4
74.3 98.6 4
88.7 94 4
74 71.3 4
121 1.25 0
121 13.8 0
92.1 13 0
91.9 3.45 0
90.8 2.35 0
113 23.2 4
107 37.8 4
102 35.4 4
93.1 27.9 0
121 43.8 4
97 37.8 4
91.3 29.4 0
124 29.4 4
95.8 39.4 4
92 43.1 4
111 22 4
104 35.5 4
117 29.5 4
124 25.6 4
90.6 26.3 0
117 31.2 4
109 55.3 4
118 62.3 4
117 65 4
117 63.3 4
104 62.3 4
109 64.4 4
108 63 4
106 63.5 4
108 51.6 4
107 53.2 4
93.2 62.6 4
91.3 49.4 4
121 68.8 4
124 63.9 4
91 60.2 4
91 64.8 4
124 60.2 4
124 49.4 4
121 46.3 4
120 62.9 4
96.6 94.8 4
98.6 94.4 4
111 81.6 4
100 91.7 4
98.8 92.6 4
96.8 91.5 4
114 92.4 4
93.4 77.3 4
109 81.6 4
102 78.3 4
121 98.8 0
109 92.9 4
110 94.3 4
91.8 96.7 4
90.8 97.7 4
124 93.9 0
91 90.2 4
91 94.8 4
95.7 93 4
113 94 0
108 83.2 4
114 95.1 0
123 74.1 4
154 5.85 0
154 9.13 0
143 7.58 0
151 7.48 0
153 7.48 0
128 8.3 0
158 13.1 4
127 13 0
136 32.2 4
138 31.1 4
154 39.4 4
131 39.1 4
131 35.9 4
159 28.8 4
133 37.5 4
153 37.8 4
126 25.6 4
126 29.4 4
127 43.1 4
158 43.1 4
137 34.1 4
158 24.8 4
152 51.4 4
148 51.9 4
150 52.6 4
159 48.8 4
140 62.9 4
126 49.4 4
126 60.2 4
159 60.2 4
126 64.8 4
159 64.8 4
148 50 4
149 87.4 0
144 78.2 4
154 81.4 0
155 76.1 4
153 84.5 0
149 77 4
142 91.7 0
134 83.2 4
143 82.7 0
151 86.5 0
151 83.1 0
145 83.9 0
153 80.4 0
139 77 4
146 77 4
145 86.4 0
133 84.7 0
151 84.7 0
131 84.4 4
155 77.6 4
147 78.2 0
153 78.4 0
143 87.7 0
137 78.3 4
140 92.9 0
126 90.2 0
159 90.2 0
126 94.8 0
159 94.8 0
149 82.4 0
130 86.1 0
131 82.8 4
132 81.8 4
195 9.18 4
195 5.75 4
200 9.1 4
191 5.73 4
191 9.28 4
196 7.43 4
199 7.43 4
189 7.5 4
180 7.38 4
176 5.2 4
167 3.18 4
189 1.15 4
162 1.98 0
175 0.95 4
200 5.78 4
178 7.4 4
174 5.3 4
166 18.5 4
177 39.8 4
180 38.2 4
181 39.9 4
172 38 4
178 38.1 4
200 37.8 4
173 39.6 4
176 35.2 4
174 35.3 4
163 21.5 4
161 28.8 4
161 26.3 4
178 51.3 4
183 53.2 4
167 49.6 4
170 61.9 4
181 51.8 4
167 60.6 4
167 51.1 4
179 52.5 4
175 63.2 4
167 64.2 4
168 52.4 4
177 61.7 4
168 62.6 4
185 62.8 4
161 49.4 4
162 68.1 4
176 64.9 4
178 64.5 4
179 62.8 4
163 67.2 4
168 58.6 4
161 60.9 4
161 64 4
174 63.5 4
172 75.7 4
193 77.9 4
192 87.3 4
178 94.8 0
166 90.7 0
171 77.4 4
177 84.5 4
195 76.7 4
195 92.1 4
197 93.5 4
179 93.1 0
163 76.6 4
161 89.5 0
167 94.3 0
168 92.7 0
195 88.3 4
162 98.1 1
196 87.1 4
161 94 0
165 94.8 0
166 73.6 4
1.23 11.8 0
4.13 14.2 0
4.33 3.2 0
12.6 24.1 0
1.53 43 0
4.1 16.3 0
4.13 44.2 0
19.4 23.6 0
16.6 21.2 0
9.6 58.8 0
10.8 57.3 0
13.6 58.4 0
12.6 56.9 0
0.9 45.6 0
4.1 68.8 0
0.9 68.8 0
4.73 46.3 0
3.03 48.2 0
7.68 77.8 0
3.2 81.8 0
5.08 82.6 0
0.9 71.3 0
4.1 71.3 0
19.4 78.6 0
7.58 79.8 0
5.75 84.1 0
17 74.7 0
42.8 11.7 0
40.8 13.8 0
34.5 4.03 0
31.4 41.9 0
40.8 43.8 0
41.4 15.6 0
45.1 42.2 0
23.3 22.3 0
41.2 25.3 0
45 26.6 0
32.9 61.8 0
31.5 63.2 0
40.8 68.8 0
41.4 45.6 0
22.2 68.9 0
36.7 78.6 0
35.3 75.8 0
43 73.1 0
34.9 77.4 0
23.7 77.4 0
21.3 79.2 0
41.4 70.6 0
40.8 98.8 4
29.8 74.1 0
22.2 98.9 0
80.8 1.25 0
80.8 13.8 0
85.1 12.2 0
86 5.93 0
56.1 18.5 0
82.7 41.8 4
50.6 23.6 0
80.8 43.8 4
89.4 23.6 0
81.6 16.8 0
82.8 18.1 0
58 57.1 0
80.8 51.3 4
80.8 68.8 4
81.4 45.6 4
81.4 49.4 4
56.2 73.5 4
86.8 76.8 4
50.6 78.6 4
89.4 78.6 4
80.8 98.8 4
99.9 14.2 0
99.6 0.9 0
115 14.1 0
101 16.3 0
91.3 24.2 0
115 15.9 0
114 44.2 4
124 23.6 4
115 18.5 0
121 20.3 0
115 67.7 4
101 45.6 4
115 69.2 4
92 67.9 4
114 45.6 4
101 68.6 4
98.4 86.7 4
96.4 84.7 4
98.2 85 4
104 92.4 4
105 93.5 4
94 82 4
101 71.3 4
105 88.7 4
91.3 79.2 4
100 98.6 4
93 74.9 4
124 78.6 4
96.6 87.9 4
95.5 86.4 4
99.8 87.6 4
104 87.4 4
114 71.3 4
123 91.7 0
149 0.85 0
149 14.1 0
145 13.7 0
136 1.3 0
146 2.05 0
127 2.2 0
158 2.05 0
140 0.95 0
140 14.1 0
135 14.2 0
132 31.7 4
131 32.6 4
128 22.3 0
145 44.2 4
140 44.2 4
141 16.3 0
149 16.3 0
144 16.3 0
136 16.3 0
150 43.9 4
135 43.9 4
126 24.2 4
141 68.7 4
144 68.7 4
149 45.6 4
149 68.8 4
144 45.6 4
141 45.6 4
127 67.9 4
158 67.9 4
136 68.6 4
135 46.9 4
135 45.6 4
149 92.1 0
151 93 0
128 77.7 4
141 98.7 0
136 71.3 4
149 71.3 4
144 71.3 4
141 71.3 4
144 98.7 1
149 98.8 1
159 79.2 0
126 79.2 4
127 97.9 0
158 97.9 1
136 98.6 0
194 14.2 4
180 1.15 4
189 13.9 4
180 13.8 4
186 3.2 4
169 1.25 4
184 0.875 4
165 2.8 0
171 32.1 4
194 27.9 4
194 44.2 4
185 44.1 4
186 16.3 4
199 16.3 4
181 16.2 4
180 43.9 4
161 23.6 4
167 39.8 4
194 16.3 4
165 40.3 4
186 53.1 4
187 56.8 4
188 55.1 4
191 63.2 4
191 64.7 4
195 68.6 4
186 68.5 4
200 68.8 4
186 45.6 4
190 69.1 4
180 46.9 4
180 45.6 4
181 68.6 4
195 47.6 4
200 46.3 4
190 84.7 4
189 76.6 4
180 76.6 4
188 77.8 4
189 71.3 4
196 71.3 4
181 71.3 4
199 71.3 4
185 98.7 0
181 98.8 0
161 78.6 4
191 99.3 4
4.43 0.825 0
8.58 13.9 0
11.1 18.5 0
1.48 17.5 0
8.85 16.3 0
8.58 43.9 0
8.75 69.3 0
9.38 46.3 0
18.8 55.6 0
15.4 78.7 0
10.9 73.4 0
8.75 97 4
8.85 71.3 0
12.6 72.2 0
13.5 79.3 0
18.4 85.8 0
25.3 14.1 0
40.9 1.25 0
45.2 12.1 0
33.8 0.775 0
39.9 22.5 0
25.3 44.1 0
26.1 16.3 0
22.9 19.9 0
34.6 18.5 0
34.5 27.4 0
42.6 66.4 0
48.7 56.1 0
26.2 45.6 0
20.8 55.1 0
23.3 75 0
21.5 85.8 0
48.7 86.1 4
26.1 71.3 0
82.3 3.35 0
74.7 0.95 0
59.1 1.25 0
59.1 13.8 0
66.2 14.2 0
65.4 11 0
65.3 44.1 0
66.1 16.3 0
85.2 42.2 4
58.5 15.6 0
58.2 44.2 0
54.8 40.2 0
51.2 56.1 0
88.7 56.1 4
66.2 45.6 0
66.2 49.4 4
58.2 69.1 4
69 56.5 4
58.5 46.9 0
65.8 51.5 4
65.8 68.6 4
82.6 96.4 4
65.8 98.6 4
51.2 86.1 4
88.7 86.1 4
66.1 71.3 4
59.1 98.8 4
58.5 70.6 4
109 14.2 0
113 11.7 0
106 14.2 0
96.4 14.2 0
111 11.8 0
110 1.95 0
112 1.08 0
106 16.3 0
111 41.8 4
109 16.3 0
102 42.9 4
109 43.9 4
95.4 44.1 4
96.2 16.3 0
105 44.2 4
123 34 4
95.1 66.3 4
106 68.7 4
103 48.2 4
91 55.3 4
110 69.1 4
96.3 69.3 4
96.3 45.6 4
105 46.3 4
110 46.3 4
124 55.6 4
109 71.3 4
106 71.3 4
95 73.6 4
96.2 71.3 4
122 83.5 4
91 85.3 4
113 99.1 0
90.9 71.8 4
119 78.7 4
124 85.6 4
146 11.6 0
141 11.5 0
131 14.2 0
131 0.825 0
155 0.95 0
155 14.1 4
134 5.88 0
137 41.6 4
148 41.5 4
155 44.1 4
130 44.1 4
154 16.3 4
131 16.3 0
128 19.9 0
153 67.7 4
159 55.3 4
126 55.3 4
154 69.3 4
131 69.3 4
131 45.6 4
132 67.7 4
154 46.3 4
138 82.3 0
128 75.3 4
157 92.3 0
154 71.3 4
131 71.3 4
126 85.3 4
154 99.3 0
131 99.3 0
153 97.7 0
132 97.7 0
159 86.8 0
139 83.6 0
182 11.7 4
184 12.9 4
175 14.1 4
169 13.8 4
195 21.6 4
188 25.8 4
175 18.5 4
191 17.6 4
175 44.1 4
176 16.3 4
168 15.6 4
192 25.8 4
190 26.5 4
168 44.2 4
167 55.6 4
176 46.9 4
169 68.8 4
161 56.1 4
168 45.6 4
176 69.3 4
176 45.6 4
176 71.3 4
169 98.8 0
161 86.1 0
168 70.6 4
176 99.3 0
194 99.3 4
13.1 14.1 0
0.3 3.2 0
1.2 0.825 0
13.1 44.1 0
13.1 15.9 0
16.7 32.9 0
14 68.8 0
19.4 51.6 0
13.4 45.6 0
4.18 90.6 4
4.1 97.5 4
1.23 98.8 4
18.4 80 0
39 1.25 0
22.1 2.05 0
34.3 11.5 0
46.5 10.1 0
31.5 4.08 0
39.3 28.4 0
24.9 18.6 0
43.8 21.5 0
42.6 22.7 0
23.6 37.1 0
37.4 29 0
49.1 51.9 0
45 66.8 0
20.8 51.8 0
25.3 73.7 0
49.1 81.9 4
20.8 81.8 0
84.7 2.95 0
79 1.25 0
61 13.8 0
65.5 3.48 0
73.5 41.8 4
61.9 15.9 0
73.6 38.6 0
80 36.6 4
62 44.1 0
86.5 40.1 4
64.9 20.4 0
67.8 41.6 0
82.6 66.6 4
61.8 50.8 0
50.8 51.8 0
61.8 69.2 4
75.9 48.1 4
61.6 49.4 0
61.6 45.6 0
74.7 48.1 4
57.9 79.4 4
64.8 73.6 4
83.5 76.2 4
89.1 81.9 4
85 96.8 4
61.9 70.9 4
50.8 81.8 4
61.8 99.2 4
82.3 77.4 4
59.2 78.2 4
96.6 3.65 0
115 2.03 0
118 17.2 0
93.6 52.1 4
91.3 51 4
122 53.3 4
95.4 48.2 4
124 51.6 4
91.3 81 4
96.1 77.7 4
124 81.6 4
98 76.5 4
91.9 70.9 4
130 3.83 0
130 11.2 0
138 3.45 0
130 18.5 0
157 20.1 4
157 22.5 4
146 21.6 4
157 48.1 4
159 51 4
126 51 4
130 74 4
159 81 0
126 81 4
171 13.8 4
191 42.8 4
171 43.8 4
172 15.9 4
192 48.1 4
171 68.8 4
161 51.8 4
162 52.6 4
171 46.3 4
186 48.1 4
191 46.8 4
183 96.1 0
184 72.3 4
171 98.8 0
161 81.8 0
172 70.9 4
199 98.8 4
162 82.6 0
13 0.95 0
19.4 31.7 0
10.4 27 0
5.88 48.8 0
0.8 48.2 0
0.7 53.8 0
13 99 4
23.8 7.13 0
37.3 11.1 0
37.8 13.9 0
26.1 24 0
37.6 21.8 0
37.8 43.9 0
34 41.9 0
21 32.1 0
38 15.9 0
49.1 32 0
35.8 21.9 0
34 30.9 0
24 62.7 0
38.1 69.2 0
38.3 45.6 0
29.6 67.4 0
42.6 96.7 4
24 92.8 0
43.6 76.4 0
38 70.9 0
38.1 99.2 4
42.3 77.7 0
48 80.4 4
57.2 11.4 0
55.5 11.9 0
62.2 1.1 0
77.9 14.1 0
57.2 4.35 0
53.6 28.3 0
79.5 25.8 0
86.9 23.7 0
84 24.2 0
83.4 38.1 4
83.4 21.2 0
77.8 43.9 4
78 15.9 0
89.1 32 4
50.8 31.9 0
53.6 27.1 0
86.4 32.1 4
85 67 4
78.1 50.8 4
78.1 69.2 4
78.3 45.6 4
87.6 47.5 4
78.3 49.4 4
68.6 48.1 4
55.1 48.5 0
78 70.9 4
78.1 99.2 4
54 91.6 4
79.6 72 4
53.5 94.1 4
104 11.2 0
118 0.95 0
118 14.1 0
95.5 11 0
101 11.2 0
93.3 8.98 0
111 8.1 0
113 8.08 0
119 43.8 4
122 31.7 4
114 41.8 4
91 32.1 4
124 31.7 4
118 24.3 4
117 48.6 4
93.2 58.6 4
118 69.2 4
118 45.6 4
121 57.8 4
122 78.2 4
118 70.9 4
118 99.2 0
119 87.3 4
98.4 73.9 4
122 93.7 0
119 72.3 4
149 3.2 0
138 6.9 0
144 2.55 0
157 28.7 4
155 18.7 4
126 32.1 4
159 32.1 4
153 26.4 4
155 95.2 0
157 87.2 0
182 3.2 4
173 11.5 4
172 0.95 4
168 18.5 4
161 31.9 4
163 23.5 4
200 51.2 4
197 46.9 4
198 48.2 4
168 73.6 4
163 78.6 4
164 80.1 4
4.25 11.8 0
0.825 6.75 0
10.8 31.4 0
4.2 41.8 0
4.43 18.8 0
10.3 21.4 0
13.8 18.5 0
16.6 23.2 0
8.2 28.2 0
16.7 30.6 0
4.03 31.4 0
18.5 50.2 0
14.8 46.5 0
17.9 47.1 0
15.1 71.9 0
45.8 6.35 0
41.3 18.1 0
37.2 34.2 0
34.1 38.6 0
30.7 19.4 0
35.3 33.7 0
39.5 73.4 0
41 73.1 0
45 97 4
62.5 3.95 0
53.5 9.9 0
58.2 18.5 0
53.2 23.5 0
74 33.7 0
79.5 22.2 0
78.6 20.6 0
70.9 19.1 0
64.6 27.6 0
73.3 18.7 0
62.7 27 0
81.7 23.5 0
83.8 46.9 4
58.3 73.5 4
86.8 78.8 4
53.3 78.5 4
63.4 78.3 4
55.5 96.9 4
57.2 96.4 4
86.4 94.7 4
86.6 80.3 4
62.2 77.1 4
93.3 5.73 0
105 41.8 4
106 32.6 4
110 36.7 4
99.6 42.6 4
121 23.1 0
119 54.3 4
101 48.2 4
97.9 48.2 4
122 81.3 4
121 88.8 4
99.4 81.6 4
95.1 98.3 4
122 90 0
149 11.7 0
128 5.98 0
146 6.9 0
133 18.9 0
145 28.9 4
141 28.9 4
145 41.5 4
140 41.6 4
130 27.6 4
130 26.3 4
156 53.6 4
146 66 4
146 93.7 0
133 74.3 4
167 11.7 4
185 6.65 4
165 12.1 4
186 12.6 4
179 28.4 4
172 18.4 4
197 54.6 4
186 72.3 4
5.33 22.1 0
19.4 45.6 0
16.8 62.4 0
23.6 39.8 0
46 60.5 0
46.3 64.6 0
83.1 8.3 0
53.8 35.8 0
79.3 17.1 0
73.2 54.2 4
82.4 53.6 4
53.2 53.9 0
60.6 46.9 0
79.4 48.1 4
80.6 48.1 4
85.2 48.8 4
86.4 64.8 4
86 90.5 4
71.9 95.7 4
62.1 73.5 4
101 4.05 0
107 0.875 0
105 19.3 0
116 26.8 4
93.5 22.5 0
93.8 34.5 4
93.1 26.1 0
123 48.1 4
119 48.6 4
98.6 51 4
122 51.1 4
124 45.6 4
119 95.9 0
107 98.7 0
123 72.9 4
141 3.5 0
158 8.43 4
129 38.4 4
177 11.6 4
193 0.825 4
163 10.2 4
195 41.7 4
198 30.3 4
189 42.5 4
189 17.6 4
164 35.7 4
194 50.7 4
189 46.8 4
200 84.4 4
9.65 66.7 0
16.2 93.1 4
23.8 9.9 0
38.2 18.5 0
47.6 21 0
33.8 23.1 0
23.7 65.2 0
32.8 49.2 0
23.5 66.6 0
32.1 95.5 4
46.2 85.3 4
23.7 95.3 0
46.3 94.9 4
23.5 96.7 0
54.3 6.08 0
70.4 11.2 0
84.9 53.2 4
73.2 48.1 4
50.8 45.6 0
52 48.1 0
78.5 76.9 4
77.6 75.3 4
104 1.25 0
93.1 20.1 0
111 31.4 4
99.4 32 4
121 18.4 0
112 32.5 4
105 98.7 4
93.8 92.7 4
124 75.2 4
156 34.3 4
154 29 4
153 23 4
142 57.9 4
157 57.2 4
139 49.3 4
129 63 4
141 48.7 4
157 63 4
144 48.7 4
156 78.1 4
129 92.9 0
196 1.18 4
194 37.9 4
193 32.3 4
186 22.8 4
193 34.1 4
162 48.1 4
161 45.6 4
175 96.9 0
173 96.4 0
164 91.3 0
10.4 11 0
16.3 9.03 0
19.4 15.9 0
16.9 17.2 0
12.9 66.4 0
0.2 74.1 0
4.85 74.1 0
8.38 94.2 4
7.2 92.7 4
19.4 70.9 0
17.5 71.5 0
41.7 4.03 0
46 1.98 0
29.1 8.35 0
46.9 26.6 0
26.6 41.5 0
47.9 48.1 0
49.1 45.6 0
44.7 46.9 0
29.5 48 0
27.3 68.5 0
24.2 83.7 0
47.6 75.9 4
27.5 96.1 4
26.2 97.2 0
77.5 4 0
87.8 10.2 0
54 1.95 0
83.2 32.2 4
82 33.5 0
87.6 20.7 0
60 28.6 0
84.9 18.1 0
71.7 65.8 4
86.2 55.2 4
64.1 66.3 4
89.1 45.6 4
89.1 49.4 4
71.4 46.9 4
64.2 54 4
55.1 72.9 4
53.5 73.8 4
52.7 75.5 4
61.9 84.2 4
70.7 74.1 4
84.1 72.3 4
75.1 73.8 4
98.3 8.35 0
98.4 6.33 0
95.1 18.8 0
93.7 31.5 4
95.9 29.1 4
124 15.9 0
122 39.7 4
112 65.3 4
105 65.9 4
112 48.7 4
121 62.3 4
105 74 4
98.8 96 4
110 74 4
92.1 75.7 4
124 70.9 4
151 28.7 4
129 52.8 4
139 65.4 4
147 48.8 4
131 48.9 4
139 74.5 4
157 75.7 4
139 95.4 0
191 11.2 4
167 6.78 4
186 28.7 4
165 17.9 4
163 18.8 4
181 41.7 4
190 35.8 4
163 20.5 4
182 49.3 4
168 66 4
166 48.4 4
199 78.1 4
163 73.9 4
167 96.1 0
163 75.6 4
194 74.2 4
166 96.6 0
165 73 4
10.2 3.95 0
16.9 12.8 0
19.4 14.1 0
16.3 6.08 0
8.95 41.4 0
16.9 42.8 0
17.2 20.2 0
19.4 44.1 0
16.9 39.7 0
11.6 48.7 0
16.3 53.4 0
16.8 64.5 0
15.2 85.4 0
13.6 84.5 0
17.6 75.8 0
12.4 81.4 0
37.8 4.25 0
26.7 11.6 0
26.2 3.38 0
46.3 34.6 0
46 18.4 0
47.8 40.2 0
44.3 43.1 0
44.1 29.6 0
44.3 17.5 0
31.6 25.4 0
32.1 65.7 0
45.9 54.9 0
22.2 48.1 0
21 45.6 0
45.8 88.8 4
44 72.5 0
62.2 10.8 0
84.3 13.1 0
80.4 28.8 0
55 17.9 0
53.4 18.8 0
78 34.2 0
86.7 19 0
82.2 29.5 0
52.6 20.5 0
87.7 35 4
84.3 43 4
75.8 31.6 0
56.8 24.9 0
74.5 21 0
87.4 39.1 4
74.1 22.6 0
82.2 48.1 4
58.7 51.6 0
58.1 49.7 0
75.7 53.9 4
53.3 51.1 0
55.7 66.6 4
64 96.1 4
53.7 84.8 4
85.8 85 4
87.5 75.8 4
122 12.8 0
124 14.1 0
122 9.1 0
121 36.7 4
122 42.8 4
124 44.1 4
118 35.2 4
123 20.8 0
111 19.5 0
124 35.3 4
95.8 57 4
103 53.2 4
91 45.6 4
97 58.5 4
92.2 48.1 4
142 35.5 4
156 31.3 4
144 35.5 4
158 47.5 4
127 48.1 4
126 45.6 4
159 45.6 4
130 65.8 4
155 65.8 4
146 74.5 4
155 74.4 4
156 81.6 0
130 95.8 0
129 83 4
176 3.33 4
166 1.93 0
173 41.4 4
176 27.5 4
165 42.1 4
184 65.3 4
192 66.2 4
173 90.9 0
175 91.8 0
190 74.1 4
165 84.8 0
0.75 33.3 0
3.95 56.9 0
6.3 89 4
2.83 93.3 4
7.75 98 4
44.4 13 0
47.4 9.05 0
27 26.8 0
41.1 38.4 0
30.8 33.1 0
47.4 37.4 0
28.1 22 0
25.8 28.1 0
22.4 28.3 0
21.1 25.8 0
48.8 25.2 0
22 20.7 0
49.1 15.9 0
43.4 36.5 0
36.9 38.2 0
38 36.8 0
47.5 28.9 0
36.2 66.1 0
26.1 48 0
45.7 73.4 0
22.4 75.8 0
49.1 70.9 4
75.3 11 0
74.3 3.9 0
83.9 2.1 0
86.9 12.1 0
67.3 37.1 0
53.7 30.4 0
76 25.8 0
67.3 31.2 0
63 34.1 0
65.1 34 0
85.9 37.5 4
50.8 15.9 0
89.1 15.9 0
67.1 29.4 0
59.1 41.7 0
60.1 32.7 0
61 41.6 0
66.1 38.8 0
55.2 42.1 0
85.8 58.6 4
76.1 95.9 4
68.8 95.7 4
86.6 74.1 4
58.5 83.7 4
89.1 70.9 4
50.8 70.9 4
57.2 82.4 4
116 5.83 0
122 6.15 0
109 5.68 0
92.2 8.2 0
104 4.03 0
98.5 19.2 0
118 41.4 4
108 25 4
105 29 4
93.7 39.6 4
99.3 53.5 4
96 53.3 4
114 48.7 4
117 75.6 4
100 78.3 4
115 73.9 4
109 96.2 0
121 71.4 4
141 8.75 0
127 9.23 0
146 31.7 4
140 38.7 4
127 20.7 0
148 29.2 4
156 39.6 4
146 33.6 4
145 38.6 4
140 55.2 4
134 59.5 4
135 55.8 4
129 56.4 4
135 61.5 4
133 48.9 4
134 89.5 0
127 76.1 4
135 91.6 0
190 3.85 4
162 4.98 0
186 41.2 4
176 22.6 4
161 15.9 4
169 22.4 4
180 31.6 4
167 25 4
163 40.2 4
177 55.9 4
175 66.5 4
174 66 4
178 57.6 4
167 81.3 0
161 70.9 4
184 77.8 4
179 88.1 0
13.4 4.05 0
13.4 10.9 0
4.25 8.6 0
16.9 2.35 0
4.2 5.88 0
19.4 1.1 0
0.8 36.9 0
17.3 26.8 0
17.3 29.3 0
16.5 35.7 0
13.4 33.6 0
4.53 33.8 0
6.45 52.1 0
0.25 65.6 0
1.1 60.3 0
4.58 53.3 0
3.05 60.3 0
16.9 67.7 0
19.4 68.9 0
19.2 49 0
16 45.9 0
4.75 66.5 0
14.2 49.5 0
15.5 50.8 0
16.2 88.2 0
16.9 97.7 4
19.4 98.9 0
19 84.9 0
36.5 7.03 0
37.6 8.43 0
47.4 7.35 0
30.8 12.3 0
33.5 12.6 0
49.1 14.1 0
28.7 27.8 0
33 35.6 0
45.7 20.5 0
46.9 42 0
48.8 23.8 0
21 15.9 0
49.1 44.1 0
38.8 41 0
41 30.4 0
27.4 29 0
27.7 30.8 0
40.4 32.3 0
46.4 31.6 0
42.4 26 0
24.5 57.4 0
36.9 48.1 0
35.1 54.5 0
44.2 67.7 0
24.2 55.7 0
36.2 96.1 4
24 81.3 0
42.7 80.7 4
27.3 79.5 0
24.1 88.2 0
21 70.9 0
29.3 78.2 0
44.4 81.6 4
63.4 8 0
78.5 10.9 0
62.3 6.6 0
68.6 6.5 0
66.3 2.38 0
50.8 14.1 0
89.1 14.1 0
67.6 8.33 0
72.2 27.6 0
70.9 36.8 0
73.2 35.6 0
73.4 28.8 0
68.3 22.7 0
70 42.6 0
72.7 42.9 4
86.9 42 4
89.1 44.1 4
50.8 44.1 0
58.8 22.2 0
77.8 39 4
87.1 26.1 0
53.2 40.1 0
76.1 66.1 4
61.8 53.8 4
78.3 53.7 4
61.6 66.5 4
84.2 67.9 4
65.9 48.1 0
74 46.9 4
89.1 51 4
53.7 64.6 4
68.6 65.8 4
82.5 81.6 4
64 81.6 4
84.2 97.7 4
84.1 82.5 4
116 9.13 0
122 2.35 0
95.3 2.75 0
124 1.1 0
103 27.5 4
102 28.8 4
108 31.1 4
113 35.8 4
96.4 24.5 0
123 28.7 4
123 26.2 4
91 15.9 0
114 38.8 4
115 22 0
120 16.3 0
118 32.2 4
116 66.2 4
97.7 62.4 4
122 67.7 4
92.3 64 4
124 68.9 4
97.5 64.1 4
116 54.5 4
99.5 66.3 4
121 64.3 4
114 55.9 4
114 59.2 4
96.4 83.2 4
122 97.7 0
123 77.5 4
124 98.9 0
117 83.1 4
117 85.6 4
114 96.6 0
117 79 4
156 5.8 0
149 6.1 0
127 6.75 0
140 12.8 0
153 3.98 0
153 11 0
136 13 0
139 19.1 4
146 19.1 4
134 27.1 4
141 24 4
132 41 4
158 28.1 4
140 31.6 4
145 25.8 4
141 25.8 4
134 25.9 4
159 26.2 4
158 20.9 4
159 15.9 4
126 15.9 0
139 33.5 4
136 24 4
129 35.8 4
149 35.6 4
150 57.3 4
152 65.6 4
134 65.4 4
152 49.4 4
139 61.2 4
150 48.8 4
134 95.4 0
134 86.1 0
141 87.3 0
159 70.9 4
126 70.9 4
139 91.3 0
129 86.7 0
196 11.1 4
199 11 4
182 5.98 4
161 14.1 4
199 3.9 4
184 19.1 4
163 30.4 4
179 24 4
199 41.3 4
178 41.6 4
179 25.8 4
176 33.3 4
161 44.1 4
199 24.9 4
163 29 4
172 23.3 4
171 22.1 4
163 26.5 4
182 55.1 4
164 55.4 4
165 64.3 4
180 54.5 4
197 65.7 4
196 60.4 4
194 57.9 4
178 49.3 4
164 60.2 4
198 60.3 4
183 61.3 4
179 96.4 0
176 85.9 0
179 81.2 4
178 91.5 0
169 77.3 4
171 87.2 0
174 85.6 0
190 96.6 4
188 96 4
164 94.6 0
2.05 27.3 0
4.28 39.2 0
6.2 25.7 0
3.3 28.6 0
10.5 34.8 0
7.7 35.7 0
14 41.6 0
13.2 26.1 0
15.8 58 0
14 96.5 4
0.95 90.2 4
5.25 98.7 4
19 81.6 0
42 6.53 0
41.1 8.15 0
46.9 11.9 0
49.2 1.1 0
21 14.1 0
23.8 30.8 0
33.2 43 0
23.1 18.2 0
21 44.1 0
21.1 24.4 0
23.6 23.2 0
22.7 38.9 0
31.3 38.4 0
41.2 23.4 0
24 52.2 0
45.9 52.1 0
38.7 66.3 0
39.3 48.1 0
39.4 56.8 0
40.5 48.1 0
37.3 60.1 0
38.6 55.1 0
31.9 57.1 0
38.7 96.3 4
45.4 75.5 0
28.7 84.6 0
23.5 73.3 0
44.2 97.9 4
48.8 78.8 4
31 83.2 0
35 74.1 0
80.2 6.88 0
85.6 7.68 0
69.1 2.75 0
54.6 12.7 0
50.8 1.1 0
87.3 5.15 0
52.7 8.8 0
60.9 19.1 0
69.5 31.1 0
69.3 28.1 0
71.2 33.5 0
69.3 29.4 0
88.2 22.9 0
78.8 41.1 4
83.5 19.3 0
54.1 60.3 0
78.7 66.3 4
62.6 46.9 0
50.8 68.9 4
69.8 48.8 4
78.6 96.1 4
61.6 96.3 4
84.5 74.3 4
54.7 97.8 4
52.1 77.8 4
81.2 71.1 4
50.8 98.9 4
53.7 82.1 4
66.7 79.3 4
119 4.13 0
119 11 0
92.2 6.5 0
90.8 1.1 0
91 14.1 0
109 9.15 0
105 39.1 4
109 28.8 4
98.4 26.4 4
101 37.1 4
101 33.8 4
98.5 38.5 4
96.7 41.3 4
92.5 28.6 4
91 44.1 4
108 27.6 4
104 33.9 4
115 17.2 0
109 38.4 4
119 28.7 4
91.9 26.7 0
118 60.5 4
122 59.7 4
122 47.5 4
116 51.7 4
108 66.3 4
92.2 60.7 4
108 49.3 4
104 95.9 4
116 92.3 0
92.6 78.1 4
90.8 98.9 4
93.7 87 4
123 93.1 0
116 94 0
124 90.6 0
150 8.8 0
159 14.1 4
126 14.1 0
135 7.58 0
135 9.2 0
153 41.3 4
134 37.9 4
132 23.9 4
128 18.2 0
126 44.1 4
159 44.1 4
137 35.6 4
134 22.7 4
138 29.2 4
159 24.8 4
147 60.5 4
145 60.5 4
150 74.5 4
135 77.5 4
128 73.6 4
188 8.1 4
182 8.7 4
187 2.33 4
165 13 4
163 3.1 0
163 9.08 4
199 35.3 4
198 36.9 4
188 38.1 4
162 22.7 4
173 30.9 4
173 29.3 4
161 27.5 4
185 56.8 4
189 66.1 4
161 68.9 4
179 66.1 4
179 61.3 4
171 74 4
180 74.1 4
186 93 4
162 77.8 4
161 98.9 1
175 73.5 4
3.18 12.9 0
0.225 12.6 0
2.68 24.1 0
3.13 43 0
6.28 29.1 0
13.6 22.9 0
10.7 23.7 0
0.525 43.8 0
17.9 22.4 0
1.43 46.9 0
4 47.5 0
9.68 76.5 0
2.48 83.7 0
17.6 77.4 0
4.4 85.3 0
22.8 8.98 0
33.5 2.93 0
40.5 27.9 0
41.9 42.6 0
42 16.9 0
30.4 42.6 0
35.2 17.2 0
33.2 60.1 0
40.6 63 0
49.1 68.9 4
42.8 58.9 0
47.3 63.6 0
37.4 75.8 0
38.3 77.4 0
43.1 91.1 4
34.4 87 0
28.3 87.7 0
32.1 89.7 0
41.8 71.9 0
49.1 98.9 4
34.2 84.5 0
28.7 72.8 0
52.7 7.1 0
81.9 12.6 0
53 11.8 0
89.1 1.1 0
66.4 12.1 0
82 42.5 4
52 22.7 0
81 16.2 0
65.1 18.7 0
83.1 60.9 4
68.6 54 4
58.3 66.1 4
67.1 46.9 4
89.1 68.9 4
55.5 47.2 0
57.4 72.3 4
82.8 89.1 4
68 76.7 4
80.5 92.8 4
88.1 78.1 4
89.1 98.9 4
87.3 93.7 4
93.5 10.9 0
93.3 3.85 0
114 12.8 0
114 1.08 0
113 25.1 4
113 42.9 4
101 43.8 4
123 22.4 4
93.2 65.9 4
119 66.5 4
100 57 4
103 80.3 4
96.3 72.6 4
122 85 4
92.3 73.2 4
148 2.05 0
145 12.4 0
145 1.2 0
128 11.1 0
144 8.18 0
129 31.5 4
151 38.1 4
157 18.4 4
154 86.5 0
152 88 0
158 93.7 0
151 95.5 1
139 85.7 0
132 80.3 4
168 2.38 4
163 12 4
184 2.05 4
161 1.1 0
177 8.68 4
172 3.43 4
167 17.3 4
186 34.4 4
185 31.7 4
183 29.3 4
196 27.7 4
168 41.7 4
169 48.4 4
195 52.9 4
165 51.1 4
173 48.8 4
196 46.3 4
191 54.7 4
199 47.6 4
167 72.3 4
194 79.8 4
184 90.5 4
196 78.5 4
197 96 4
196 85.2 4
198 87.5 4
195 96.4 4
182 90.6 0
180 93.3 0
17.5 8.4 0
3.53 2.05 0
3.08 17.5 0
0.5 16.2 0
8.23 18.4 0
10.1 19.7 0
16 18.5 0
9.6 72.5 0
16.4 72.8 0
42 12.5 0
35.2 28.9 0
22.3 36.3 0
28.4 37.5 0
47.3 61.8 0
46.7 66.4 0
21 68.9 0
22.9 78.2 0
21 98.9 4
86.4 3.28 0
81.5 2.58 0
57.3 17.2 0
67.5 26.5 0
62 23.4 0
74.4 40.5 4
87.3 62 4
80.5 63.2 4
81.4 46.9 4
59.1 46.3 0
87.3 63.8 4
56.9 89.1 4
87.3 91.9 4
59.8 93.2 4
86.7 96.5 4
68.7 88.7 4
106 8.53 0
106 6.5 0
110 12.9 0
98.5 2.55 0
104 42.9 4
115 28.9 4
110 42.6 4
98.7 29 4
115 30.6 4
96.3 67.3 4
101 60.3 4
101 47 4
91 68.9 4
122 54.8 4
93 81 4
123 82.2 4
104 85.7 4
99.6 84.2 4
96.1 99.3 4
106 82.9 4
93.2 72.3 4
134 4 0
141 6.33 0
148 12.9 0
128 4.1 0
140 2.15 0
126 1.1 0
159 1.1 0
139 21.8 4
151 31.8 4
146 42.6 4
139 42.7 4
136 42.4 4
149 42.3 4
127 23.1 4
150 19.1 4
156 23.8 4
153 53 4
145 55.1 4
151 54.2 4
154 59.9 4
159 68.9 4
126 68.9 4
146 96.2 1
152 91.9 0
128 78.5 4
158 90.4 0
126 98.9 0
159 98.9 1
195 3.88 4
181 12.6 4
185 13.7 4
164 7.4 4
174 6.78 4
180 19.1 4
193 42.8 4
195 19.1 4
190 43.7 4
176 17.6 4
190 16.3 4
187 17.6 4
187 51.7 4
190 46.2 4
189 53.7 4
173 76.9 4
192 82.4 4
193 83.8 4
172 78.5 4
176 82.8 4
182 72.3 4
186 76.3 4
185 71 4
174 83.3 4
1.55 2.05 0
12.9 17.2 0
11.4 63.6 0
13.5 71.3 0
16.6 78.7 0
21.1 1.1 0
22.5 6.35 0
36.2 12.3 0
26.1 17.6 0
23.3 41.7 0
27 59.9 0
22.9 64.1 0
41.8 67.2 0
47.3 92.1 4
29.3 93 0
26.5 90.7 0
40.5 93.2 4
26.5 72.8 0
22.9 94.2 0
47.3 93.9 4
54.7 4.2 0
59.1 7.88 0
76.8 28.9 0
87.7 33.2 4
72.6 24.6 0
84 52.4 4
81.8 67.4 4
77.2 48.1 4
86.7 66.6 4
61.6 48.1 0
66.6 84.9 4
64.9 84.6 4
60 86.9 4
53.1 96.7 4
62.8 90.3 4
81.8 97.2 4
66 72.6 4
65.3 90.3 4
78 79.3 4
52.7 90.5 4
52.3 94.8 4
74.1 72.9 4
116 2.03 0
123 8.48 0
100 12.3 0
103 24.7 4
92.2 20.9 0
96.3 35.7 4
123 32.8 4
123 39.1 4
109 59.3 4
108 56 4
105 60.6 4
104 47.6 4
106 53.9 4
92.6 51.1 4
123 52 4
96.3 47 4
93.6 48.9 4
115 84.4 4
115 86.9 4
118 72.3 4
94.4 78.9 4
121 79.5 4
131 2.73 0
137 2.5 0
131 12.3 0
132 6.48 0
132 8.58 0
131 17.6 0
149 21.8 4
147 23 4
150 63.1 4
143 62.7 4
157 95.6 1
131 73 4
158 88.3 0
175 12.7 4
172 8.25 4
193 29.5 4
188 24 4
186 26 4
173 17.2 4
191 24 4
189 28.1 4
194 48.8 4
187 46.8 4
178 77.7 4
199 72.6 4
185 97.3 0
184 85.3 4
181 97.5 0
182 85.4 4
8.08 7.23 0
17.5 6.7 0
18.1 39.1 0
17.9 31.7 0
10.1 88.8 0
11.9 89.7 0
23.4 11.8 0
39 21.4 0
34.8 40.5 0
22.6 61.2 0
29.4 63.2 0
44.2 45.6 0
29.2 68.5 0
38.4 72.1 0
39.9 86.9 4
41.8 97.4 4
46.7 96.7 4
63.6 2.7 0
55.9 32.5 0
77.5 19.3 0
52.9 29 0
85.9 24.8 0
62.2 39.5 0
61.3 37.9 0
52.9 26.5 0
57.6 31.7 0
69.8 17.9 0
73.9 17.5 0
83 22.9 0
79.9 57 4
56.7 55 0
54.9 67.5 4
72.1 76.9 4
73.5 80.1 4
63 72.3 4
75.2 80.9 4
105 12.3 0
96.5 12.1 0
116 12.8 0
117 38.8 4
118 37.4 4
109 22.5 4
118 16.3 0
121 24.3 4
92.7 38.7 4
122 37.3 4
121 55.8 4
111 83.5 4
93.2 97.9 4
113 90.8 4
107 88.1 4
109 85.1 4
121 86.9 4
96.2 96.4 4
110 91.1 4
159 9.35 4
154 35.6 4
154 17.8 4
128 39.3 4
157 38.7 4
158 55.7 4
158 76.5 4
128 80.3 4
154 96.2 1
172 12.4 4
174 25.1 4
184 21.8 4
181 21.8 4
193 21.7 4
166 67.2 4
166 47.1 4
177 94.7 0
179 84 4
170 93.2 0
165 97.5 1
4.3 36.6 0
5.68 19.6 0
9.88 28.8 0
18.1 37.4 0
6.4 62.8 0
18.5 46.5 0
10 52.9 0
6.68 64.6 0
18 63.8 0
5.83 76.9 0
3.23 79.7 0
1.55 72.9 0
3.5 72.9 0
12.5 94.5 4
13.5 93 4
25.4 42.7 0
29.6 18.1 0
25.8 68.5 0
23.7 67.4 0
42.3 84.2 4
25.7 98.6 0
43.9 83.8 4
23.6 97.5 4
58.1 12.3 0
58.1 3.5 0
78.2 17.1 0
58.1 36.9 0
52.6 35 0
65.2 21.8 0
80.3 23.9 0
86.6 53.4 4
73 59.9 4
77.4 60 4
62.9 60.3 4
88.2 48.1 4
78.3 46.9 4
57.2 48.5 0
74.6 53.1 4
53.2 49.1 0
73.3 96.8 4
74.6 92.4 4
58.1 97.3 4
67.5 92.6 4
74.6 90.3 4
123 6.78 0
93.3 18.4 0
118 47.3 4
118 97.1 0
121 95.6 0
159 6.73 0
128 36.7 4
148 67.3 4
145 67.2 4
136 52.7 4
131 58.2 4
157 52.6 4
169 8.35 4
168 12.5 4
182 34.4 4
163 39.1 4
165 32.4 4
162 34.9 4
169 26.6 4
167 31.7 4
165 43 4
176 52.9 4
171 59.7 4
170 58.5 4
200 63.1 4
187 89 4
187 79.6 4
188 83.8 4
175 75.8 4
188 82.3 4
181 78.3 4
7.68 2.78 0
13.6 39.3 0
10.3 38.3 0
15.2 38.3 0
9.9 60.6 0
13.5 60.9 0
17.5 94.5 4
10.9 83.2 0
25.5 12.7 0
25.8 5.8 0
25.8 35.6 0
39.7 18.9 0
37.1 17.2 0
33.4 25.5 0
30.4 51.4 0
34.2 47.9 0
36.3 51.2 0
43 48.1 0
41.7 51.2 0
39.6 52 0
31.4 54.3 0
33.5 96.6 4
37.5 89.7 4
39.7 83 4
34.9 92.4 4
72.4 12 0
72.7 7.45 0
52.5 39 0
87.9 29.1 0
86.3 28.3 0
54.4 43 0
60 63.1 4
52 52.1 0
66 62.9 4
67.2 60.1 4
78.8 89.5 4
79.7 81.6 4
72.2 86.8 4
70.5 97.1 4
77.3 88.5 4
106 18.1 0
92.7 37 4
110 63.4 4
109 62 4
103 63.1 4
111 52.2 4
124 46.9 4
121 49.2 4
111 54.3 4
98.9 49 4
92.9 94.1 4
113 76.9 4
104 77.2 4
122 72.3 4
143 3.75 0
156 8.43 4
128 28.2 4
128 25.7 4
157 37 4
153 24.8 4
146 52.4 4
158 61.1 4
128 64.4 4
128 61.1 4
158 64.4 4
153 82.5 0
147 86.3 0
157 74 4
152 81.5 0
143 89.4 0
128 94.3 0
128 91 0
147 83.8 0
131 88.5 0
193 6.45 4
193 8.55 4
181 37.5 4
183 39.2 4
170 37.3 4
177 36.7 4
163 42 4
163 63.3 4
164 66.1 4
170 53.1 4
176 59.9 4
187 61.3 4
192 89.1 4
167 88.8 0
194 92.8 4
163 93.5 0
163 96.4 1
193 94.6 4
9.23 12 0
8.35 57.6 0
1.55 67.2 0
3.5 67.2 0
13 55 0
8.48 67.7 0
9.53 56.1 0
17.5 91.5 4
9.13 95.7 4
8.2 84.6 0
33 19.5 0
27.7 52.4 0
34.9 62.6 0
30.6 96.9 4
22.6 89.8 0
47.1 86.6 4
36.5 80.8 0
32.6 78.7 0
69.6 12.4 0
56.6 39.8 0
80.1 34.3 0
58.2 42.9 0
52.8 42 0
52.9 61.7 0
60.2 57.1 4
73.1 66.9 4
52.9 63.5 0
74.5 62.7 4
70.3 67.2 4
81.6 52.8 4
71.6 56.6 4
53.3 66.4 4
70.2 82.6 4
76.7 84.6 4
93.3 41.5 4
92.5 32.6 4
105 36.7 4
92.7 23.3 0
113 66.2 4
92.8 55.5 4
115 62.2 4
113 47.5 4
123 63.7 4
92.9 90.8 4
114 72.9 4
108 79.5 4
96.8 89.4 4
98.9 89.4 4
110 79.5 4
111 93.9 4
158 11.2 4
134 31.9 4
157 41.5 4
129 41.2 4
132 34.5 4
153 28 4
132 29.3 4
135 67 4
141 47.4 4
143 47.4 4
144 80.9 0
142 77.7 4
151 77.9 4
148 80.7 0
135 97 0
189 12 4
180 2.95 4
177 6.05 4
185 42.3 4
175 39.5 4
199 18.1 4
167 38.1 4
173 36.7 4
184 52.9 4
163 61.5 4
191 61.6 4
195 67 4
193 63.1 4
172 62.6 4
189 57.5 4
199 93.2 4
176 97.9 0
172 81.8 4
191 97.4 4
163 90.2 0
5.35 4 0
15.7 10.9 0
12.5 12.2 0
13.9 67.4 0
17 59.9 0
10.1 48.1 0
5.8 91.1 4
16.4 86.2 0
9.45 79.6 0
36.2 5.15 0
29.1 11 0
25.2 2.23 0
28.7 41.2 0
47.5 26 0
33.5 66.8 0
42.6 45.6 0
29.1 46.8 0
22.7 82.2 0
34 73.2 0
75.4 2.75 0
65.3 41.9 0
62 42.8 0
75.1 19.7 0
57.2 59.1 4
87.1 56.4 4
50.8 46.9 0
67.5 57.1 4
65.5 53.2 4
65.4 67.1 4
86.7 86.2 4
52.9 86.1 4
65.3 96.9 4
69.6 72.8 4
76.9 72.5 4
78.4 73.6 4
98.6 10.2 0
99.5 4.45 0
114 19.5 0
96.4 17.9 0
94 29.7 4
102 21.8 4
121 17.2 0
120 61.1 4
94.1 53.5 4
101 67 4
106 72.7 4
102 73.3 4
101 92.8 4
99.9 96.7 4
107 93.4 4
101 87.2 4
156 3.93 0
156 29.7 4
157 32.4 4
154 66.8 4
141 66.7 4
128 54.9 4
129 66.3 4
132 66.8 4
149 47.5 4
132 47.7 4
157 66.3 4
150 89.5 0
140 73.3 4
145 73.2 4
148 73.2 4
141 96.7 1
137 73.3 4
129 96.2 0
138 80.4 0
157 78.9 0
132 96.8 0
141 83.6 0
200 12.2 4
195 12.3 4
175 2.18 4
180 42.6 4
173 33.3 4
197 22.2 4
171 27.5 4
170 32.3 4
182 66.8 4
180 48.1 4
186 66.7 4
193 54.9 4
161 46.9 4
164 49 4
191 77 4
163 86.1 0
196 90.4 4
172 97.4 0
196 72.9 4
189 72.8 4
12.4 2.8 0
7.78 42.3 0
18.1 15.9 0
17.6 52.2 0
12.9 47.4 0
18.1 70.9 0
6.4 80.4 0
12.9 79.2 0
40.8 3.15 0
26 33 0
45.9 36.3 0
27.5 23.3 0
36.6 40.1 0
42.2 29.9 0
46 30.3 0
34.2 22 0
46.6 47.5 0
46.8 56.1 0
49.1 46.9 0
22.7 55.3 0
27 46.8 0
23 86.7 0
63.6 9.88 0
78.5 3.05 0
79.7 27.3 0
76 33.2 0
52.5 31.5 0
62.8 52.6 4
57.4 67.4 4
70.2 52.5 4
62.6 67.8 4
89.1 46.9 4
62.5 97.6 4
52.4 83 4
87.1 83.2 4
121 11 0
110 3.78 0
103 3.15 0
121 41.6 4
95.5 42.5 4
123 15.9 0
94 57.5 4
109 67.6 4
106 67.3 4
109 48 4
94.5 83.4 4
104 90.8 4
117 73.9 4
109 72.7 4
123 70.9 4
118 77.8 4
154 2.83 0
154 12.2 4
142 10.6 0
131 42.2 4
141 40.5 4
144 22.8 4
154 46.3 4
128 51.8 4
129 49.6 4
135 83.3 0
128 85.1 4
154 73.4 4
149 97.1 1
176 42.8 4
192 35.7 4
177 67.5 4
167 54.1 4
168 47.1 4
190 67.6 4
173 51.7 4
167 57.9 4
169 66.9 4
177 48.1 4
192 85.7 4
168 97 0
194 97.8 4
163 83.1 0
15.7 4.2 0
18.1 14.1 0
13.1 42.8 0
16.3 41.6 0
18.1 44.1 0
15.6 33.7 0
3.15 32.7 0
2.88 54.4 0
16.1 66.3 0
17 56.5 0
6.18 50.1 0
2.73 91.4 4
1.38 97.1 4
3 95.8 4
29.4 2.68 0
38.9 3.15 0
41.1 40.9 0
38.2 35.2 0
27.7 19.5 0
48.7 27.6 0
37.7 42.2 0
47.6 32.7 0
22.7 53.2 0
47.2 53.1 0
24.2 48.7 0
21 46.9 0
31.7 74.7 0
47.2 82.3 4
61.1 11.9 0
77.4 12.1 0
72.7 37.3 0
76.7 40.2 4
54.3 24.9 0
79.9 37.5 4
63.1 21 0
61.2 27.2 0
66.9 40.6 0
77.2 52.4 4
53 56.4 0
57 80.7 4
81.7 77.4 4
115 7.4 0
123 14.1 0
111 7.33 0
119 42.5 4
114 40.7 4
123 44.1 4
99.9 21.6 4
91 46.9 4
92.7 85.4 4
99.2 77.2 4
113 97.4 0
140 17.8 4
154 42.5 4
140 36.6 4
144 40.4 4
146 29.8 4
145 36.5 4
126 46.9 4
159 46.9 4
156 47.5 4
157 80.6 0
129 81.3 4
188 4.2 4
194 17.8 4
178 27.1 4
172 42.4 4
193 26.8 4
162 31.5 4
167 42.9 4
164 25 4
163 52.1 4
171 66.9 4
177 72.8 4
5.23 10.5 0
2.9 7.23 0
18.1 1.1 0
5.25 41.1 0
18.6 28.1 0
18.1 68.9 0
16.7 50.8 0
14.2 48.3 0
12.9 97.8 4
16.2 96.4 4
18.1 98.9 4
38.3 10.3 0
23.9 28.7 0
22.5 31.9 0
33 37.3 0
21.1 27 0
33.1 32.2 0
34.2 34 0
37.6 67.5 0
38.2 46.8 0
37.6 97.5 4
24 91.3 0
42.3 78.7 0
46.1 80.8 4
80.6 10.7 0
69.7 4.63 0
67.9 10.2 0
73.1 33.9 0
82.2 38.4 4
77.7 42.4 4
86.5 30.9 4
77.6 67.6 4
77.5 97.3 4
54.3 80.4 4
117 3.95 0
121 4.28 0
123 1.1 0
117 23.7 4
106 31.3 4
112 37.2 4
121 31.1 4
97.9 52.4 4
116 49.8 4
123 68.9 4
97.8 65.7 4
117 53.7 4
123 98.9 0
118 87.3 4
99.6 74.6 4
117 95.4 0
140 7.5 0
150 4.23 0
135 11.1 0
145 17.8 4
148 17.8 4
137 17.8 4
144 27.6 4
141 27.6 4
140 29.7 4
159 27.4 4
146 35 4
156 85.9 0
181 4.13 4
169 19.9 4
182 17.8 4
199 54.5 4
163 56.6 4
186 49.6 4
169 74.8 4
198 97.4 4
170 83.2 0
165 81.3 0
11.6 32.8 0
4.63 29.7 0
11.3 25.7 0
19.2 47.7 0
17.3 45.9 0
45.4 3.33 0
23.3 3.33 0
30 65.7 0
37.1 74.1 0
45.6 90.7 4
24.8 79.5 0
81.3 8.23 0
61.5 4.73 0
58.8 19.7 0
66.3 17.7 0
65.8 28 0
85.6 60.5 4
84.4 46.3 4
85.2 47.5 4
72.7 74.4 4
64.4 79.6 4
85.3 88.7 4
59.1 77.3 4
85.8 81.7 4
109 11 0
117 11 0
110 30.5 4
98.5 41 4
124 27.4 4
93.9 24.5 0
121 29.4 4
118 67.7 4
121 66.2 4
101 80.4 4
151 10.7 4
148 7.43 0
145 6.93 0
144 10.6 0
127 32.6 4
134 40.5 4
129 23.9 4
139 35 4
143 92.9 0
135 75 4
188 10.7 4
181 10.6 4
187 6.68 4
183 7.3 4
173 2.18 4
199 30.3 4
192 19.2 4
171 19.6 4
188 40.7 4
181 29.4 4
186 19.2 4
162 27.8 4
187 95.5 4
4.55 23.7 0
11.7 22.5 0
15.7 26.1 0
6.9 27.4 0
11.4 66.1 0
8.78 74 0
41.1 10.7 0
30.9 4.83 0
22.4 23.2 0
45.3 58.5 0
80.2 4.38 0
81.1 41 4
63.3 17.4 0
58.9 74.5 4
67.6 74.2 4
80.5 95.3 4
108 2.7 0
109 17.4 0
107 34.7 4
101 17.5 0
106 41 4
115 25.6 4
117 28.2 4
109 40.9 4
91.2 27.3 4
109 36.9 4
106 49.4 4
123 46.3 4
108 97.2 0
98.6 83 4
97.2 97.4 4
137 6.9 0
143 5.65 0
151 40.7 4
142 55.9 4
136 47.4 4
156 59.5 4
148 93.2 1
144 97.4 1
192 2.7 4
178 10.6 4
196 54.1 4
181 73.8 4
187 73.8 4
180 95.8 0
173 72.2 4
15.6 23.7 0
15.7 61.5 0
48.8 21 0
40.6 65.5 0
31 49.1 0
28.9 95.5 4
45.6 84 4
77.3 27.3 0
63.2 40.7 0
74.4 24.3 0
80.5 65.7 4
73.3 48.8 4
54.2 54.7 0
63.7 83.5 4
60.3 84.7 4
84 71.1 4
54.4 88.7 4
79.3 77.1 4
61.3 77 4
106 10.4 0
100 29.9 4
99.8 33.5 4
97.4 28.2 4
94.2 35.7 4
114 31.7 4
101 54.6 4
124 75.3 4
133 4.6 0
133 10.5 0
158 23.8 4
150 29.6 4
146 49.9 4
141 59.6 4
137 65 4
149 59.6 4
153 94.4 1
137 95 1
169 4.45 4
197 3.05 4
164 37.4 4
178 19.2 4
183 41.1 4
185 29.7 4
188 35.9 4
196 30 4
172 47.6 4
198 74.2 4
198 85.6 4
180 86.1 4
9.05 4.63 0
13 83.1 0
46.4 1.1 0
29.4 26.5 0
27.7 25.5 0
48.7 39.1 0
44.2 16.3 0
42.1 36.6 0
29.4 38.8 0
24.5 59.5 0
24.9 85 0
40.5 95.7 4
48.8 76 4
53.6 1.1 0
59.1 10.4 0
88.7 9.15 0
84.7 13.9 0
59.1 5.38 0
57 41.7 0
54.3 37.5 0
75.4 29.7 0
84.1 31.2 4
88.8 20.8 0
54.3 32.7 0
59.3 31.1 0
84.9 16.8 0
72.2 54.1 4
71.5 47.5 4
53.4 72.6 4
55 71.7 4
61.1 74.2 4
59.8 95.7 4
51.4 75.6 4
95.7 1.65 0
116 40.7 4
123 20.2 4
119 36.6 4
111 49.9 4
110 65.3 4
103 65.6 4
104 74.7 4
94.3 96 4
112 74.4 4
105 97.3 4
91.4 75.3 4
136 4.38 0
135 19.2 0
156 35.5 4
150 34 4
150 65.6 4
143 65.2 4
193 10.4 4
178 4.18 4
172 10.8 4
165 1.13 4
163 17.5 4
165 16.6 4
161 20.6 4
193 65.5 4
193 51.5 4
198 77.3 4
163 72.6 4
165 71.7 4
161 75.6 4
179 85.4 4
193 96 4
8.08 9.83 0
11 41.3 0
18.5 20.2 0
6.35 66.1 0
11.4 95.8 4
18.3 75.2 0
48.7 9.05 0
45.9 17.2 0
40.3 34.3 0
44.7 43.8 0
43.9 71.3 0
83.9 29.2 4
58 24.3 0
53.3 17.5 0
87.9 19 0
54.9 16.6 0
88.6 36.1 4
52 15.9 0
51.3 20.5 0
88.7 39.1 4
84.8 43.8 4
82.8 47.5 4
67.1 95.1 4
74.6 94.9 4
52 70.9 4
88.7 75.9 4
106 4.6 0
108 26.2 4
105 52.5 4
97.7 60.3 4
126 8.45 0
156 10.3 4
152 19.4 4
133 57.8 4
137 54.7 4
129 58.8 4
155 82.8 0
168 6.98 4
174 23.3 4
175 41.4 4
168 24.5 4
194 31.2 4
162 15.9 4
164 32.7 4
186 24.2 4
183 50.3 4
172 65.1 4
192 74.5 4
177 96.3 0
176 92.7 0
162 70.9 4
2.95 37.9 0
16.5 36.9 0
3.98 59.1 0
15.2 55 0
8.85 50.7 0
15.6 90 0
6.18 74.4 0
7.83 98.7 4
7.78 88.2 0
45.7 5.83 0
23.7 5.75 0
44.8 13.8 0
33.6 13.4 0
23.7 35.5 0
48.7 37.4 0
47.8 15.9 0
47.8 42.2 0
21.3 20.3 0
36 49.1 0
34.9 94.9 4
21.7 75.4 0
45.7 72.2 4
47.8 70.9 4
72.8 4.83 0
73.7 10.1 0
87.8 12.3 0
84.3 1.33 0
52 14.1 0
69 36.6 0
66 32.8 0
61.4 34.4 0
87.2 37.5 4
51.7 27.7 0
89.1 17.2 0
72.8 43.7 4
70.9 28 0
50.8 43.4 0
58 53.2 0
79.9 54.5 4
74.1 46.3 4
86.9 47.5 4
67 65.4 4
87.8 74.2 4
89.1 72.2 4
84.6 98.5 4
91.4 8.2 0
110 24.4 4
103 19.3 0
98 24.9 4
104 28.2 4
117 34 4
114 57.4 4
117 81 4
157 6.73 0
137 13.8 0
139 13.8 0
126 20.3 0
151 22.1 4
152 35.9 4
150 55.5 4
136 62 4
151 60.9 4
133 88.1 0
136 92.1 0
140 89.1 0
126 75.7 4
169 10.9 4
161 5.98 0
162 14.1 4
178 32.8 4
174 28.1 4
187 27.7 4
186 21.9 4
162 44.1 4
199 65.6 4
178 54.9 4
200 61.2 4
177 59.3 4
168 79.8 4
200 95.7 4
170 95.7 0
180 89.9 0
5.63 35.2 0
19 85 0
48.7 7.35 0
31.8 13.4 0
29.5 7.25 0
47.8 14.1 0
46.5 12.8 0
46.9 20.6 0
22.2 18.6 0
21 17.2 0
49.1 43.4 0
48.8 22.6 0
42.4 25.4 0
34.9 65.1 0
39 58.9 0
44.6 68.4 0
36.4 53 0
32.8 55 0
22.6 73.7 0
21 72.2 0
32.6 83.5 0
88.2 6.18 0
68 1.6 0
89.1 13.4 0
66.2 1.6 0
69.4 34.3 0
68.2 32.8 0
60.4 25.1 0
68.4 25 0
71 43.7 4
87.5 27.1 4
87.8 44.1 4
86.5 42.8 4
74.5 65.2 4
60 65.6 4
87.8 51 4
70.5 48.8 4
65.4 48.8 4
84.6 68.6 4
81.7 80.2 4
82.4 71.1 4
91 17.2 0
115 64.8 4
116 60.7 4
123 60.4 4
91.3 63.2 4
124 76.9 4
111 95.9 0
126 6.75 0
136 28 4
127 26.9 4
129 34.4 4
127 18.6 0
159 17.2 4
126 17.2 0
159 20.5 4
153 48.2 4
142 75.2 4
127 74 4
159 72.2 4
126 72.2 4
129 89 0
195 41.1 4
195 59.9 4
164 88.4 0
178 82.3 4
185 78.1 4
182 76.8 4
0.775 26.7 0
9.43 36 0
3.38 46.3 0
1.43 46.3 0
5.95 98.7 4
19 82.9 0
6.85 85.8 0
27.7 3.95 0
48 1.1 0
22.3 14.1 0
31.5 43.8 0
21.4 38.9 0
42.6 16.3 0
33.3 43.8 0
22.3 44.1 0
41.8 23.4 0
45.5 50 0
41.7 46.8 0
38.5 53.8 0
46.7 75.5 4
27.7 85.7 0
44.6 98.7 4
48.8 77.6 4
30.5 77.7 0
86.9 7.68 0
51.5 8.8 0
83.1 13.9 0
55.1 13.5 0
52 1.1 0
68.1 19.3 0
88.8 22.4 0
89.2 27.9 4
83.5 18 0
60.2 54.6 4
67.1 54.6 4
54.8 46.6 0
63.3 47.5 0
50.8 68.2 4
80.9 90.5 4
84.5 73 4
55.1 98.5 4
51.4 77.2 4
50.8 98.2 4
91.4 6.5 0
90.8 1.75 0
92.3 14.1 0
103 38 4
99.2 37.3 4
105 35.1 4
114 16.3 0
123 21.8 4
92.3 44.1 4
111 19.3 0
114 34 4
123 35.3 4
91.3 61.4 4
100 59.2 4
94.6 89 4
101 95.3 4
117 90 0
124 93.1 0
91.4 76.9 4
124 91.3 0
91.5 98.9 4
123 73.6 4
148 1.2 0
146 1.2 0
159 13.4 4
127 14.1 0
128 12.2 0
130 29.3 4
126 43.4 4
135 35.5 4
158 44.1 4
143 61 4
138 49.1 4
151 75.4 4
134 79.8 4
140 85.7 0
187 1.18 4
161 9.08 4
165 13.8 4
167 1.13 4
162 2.88 0
185 1.18 4
177 21.7 4
185 33.6 4
195 38.4 4
174 32.1 4
161 22.2 4
183 54.8 4
180 65.1 4
165 53.8 4
184 58.7 4
181 62 4
188 65.3 4
195 46.3 4
161 68.2 4
186 91.1 4
180 79.4 4
161 77.2 4
161 98.2 1
199 89.6 4
181 91.4 0
