4.25 13.8 0
2.85 38 0
18.9 88.3 0
49.2 1.75 0
33.3 43.8 0
44.8 48.7 0
44.3 51.3 0
46.3 67.7 4
41.7 46.8 0
48.9 77.8 4
86.9 7.68 0
51.3 7.25 0
52 1.1 0
71.2 43.7 4
82 23.3 4
84.8 48.7 4
84.3 51.3 4
68.3 53.4 4
86.3 67.7 4
72.7 46.2 4
81.7 46.8 4
80.8 90.2 4
84.3 73.2 4
82.2 71.1 4
94.1 98.1 4
98.2 99 4
129 12.1 4
146 78.7 0
162 2.88 4
192 43.6 4
161 22.1 4
192 49.5 4
173 79.9 0
197 90.9 0
197 74.5 4
183 74.6 4
12.6 88.5 0
22.3 14.1 0
22.3 44.1 0
21 67.7 0
39.5 95.2 4
46.8 75.7 4
22.3 99 4
70.9 46.2 4
66.7 78.4 4
91 13.4 4
104 36 4
92.3 44.1 4
106 54.2 4
92.3 69 4
146 13.8 4
127 14.1 4
158 14.1 4
140 28.5 4
139 43.6 4
126 43.4 4
159 43.4 4
143 59.7 4
158 69 0
127 69 4
158 99 1
127 99 1
194 43.6 4
164 47.6 4
0.825 24.5 0
5.53 35.2 0
18.6 21.7 0
40.6 27.4 0
31.5 43.8 0
42.6 16.3 0
83.1 13.9 0
69.1 36.5 4
82.6 16.3 4
64.7 28.6 0
61.8 25.5 0
53.6 67.6 4
88.8 77.6 4
113 43.8 4
92 94.7 4
91.3 77 4
148 13.8 4
145 28.3 4
137 43.6 4
135 50.5 4
167 1.13 4
161 77.4 0
3.1 43.8 0
1.15 43.8 0
18.7 77.6 0
43.1 43.8 0
41.2 60.9 0
87.8 1.1 0
65.8 12.8 0
51.3 39 0
83.1 43.8 4
51.3 22.1 0
69.7 32.3 4
54.2 53.1 4
51.3 77.4 4
109 23.8 4
91 63.3 4
101 46.4 4
95.3 92.3 4
107 78.6 4
159 63.2 4
135 58.6 4
140 60.9 4
159 93.2 1
159 76.9 0
161 1.75 4
167 16.6 4
34 2.13 0
23.6 42.7 0
42.4 71.2 4
54.9 43.7 0
81.2 60.9 4
113 13.8 4
116 60 4
148 35.3 4
144 89.8 1
167 46.4 4
8.23 13.8 0
3.08 16.3 0
1.13 16.3 0
16.7 17.1 0
11.5 79.9 0
43.1 13.6 0
62.4 19.1 0
124 21.9 4
96.3 46.4 4
101 59.2 4
139 92.3 1
127 74.1 4
136 88.8 1
174 10.7 4
161 9.1 4
167 90.1 0
167 71.9 0
17.4 74.3 0
34.3 16.4 0
86 2.43 0
56.6 16.6 0
74.4 16.3 0
52 46.3 0
56.6 71.9 4
102 13.8 4
114 1.1 0
103 37.9 4
99.1 37.3 4
101 43.8 4
95.8 71.5 4
129 2.93 4
142 55.6 4
154 46.3 4
159 73.6 0
165 13.8 4
175 49.2 4
162 46.3 4
12 1.05 0
21.3 21.9 0
21.6 77 0
83 98.3 4
91.5 7.98 0
108 92.5 4
112 71.4 4
146 1.33 4
127 1.1 4
158 1.1 4
126 21.9 4
159 21.9 4
154 71.4 0
175 32.3 4
8.78 17.1 0
10.7 18.3 0
8.83 87.9 0
41.8 6.58 0
24.2 33.1 0
35.1 28.4 0
53.3 42.8 0
57.7 59.8 4
122 17.3 4
111 43.8 4
92.9 48.2 4
122 84 0
99.9 99 4
113 98.8 0
148 1.33 4
146 43.7 4
137 55 4
150 84.4 1
188 10.3 4
190 19.2 4
175 16.3 4
168 37.3 4
12.5 16.2 0
18.1 15.9 0
2.9 54 0
1.63 88.8 0
18.8 72.2 0
40.7 4.2 0
43 68.7 4
47.8 46.3 0
82.7 1.33 0
51.3 37.3 0
83 68.7 4
60 49.3 4
87.8 46.3 4
111 1.1 0
105 13.8 4
104 43.8 4
124 39 4
123 15.9 4
104 26.3 4
110 66.4 4
123 75.5 4
123 70.9 4
131 13.1 4
131 1.83 4
148 43.7 4
156 47.5 4
137 85.7 1
187 18.9 4
21.5 9.18 0
25.6 16.4 0
25.9 71.5 0
51.6 60.2 4
88.5 94 4
111 13.8 4
133 65.1 4
157 71.4 0
163 12.9 4
185 33.4 4
188 34.8 4
176 71.9 4
167 98.7 1
161 94.4 1
45.8 25.4 0
55.1 98.3 4
65.5 71.4 4
91.5 20.5 4
110 98.8 0
131 16.4 4
154 16.4 4
167 43.7 4
173 16.3 4
18.1 8.48 0
25.7 43.7 0
48.5 64.3 4
88.5 64.3 4
99.5 19.1 4
112 23.7 4
116 95.5 0
185 46.2 4
165 68.5 4
198 84.7 0
18.1 14.1 0
18.1 44.1 0
18.1 69 0
2.85 85.1 0
18.8 97.7 4
21.9 1.1 0
39.7 22.7 0
22.3 46.3 0
40.9 84.3 4
48.9 81.7 4
48.4 86.4 4
63.3 1.55 0
56.6 13.7 0
72.1 79.2 4
74 71.7 4
76.3 80.3 4
78.4 71.1 4
124 8.4 4
102 3.05 0
91.5 6.28 0
123 14.1 4
123 44.1 4
103 61.4 4
91 46.9 4
123 69 4
110 71.4 4
106 71.4 4
123 99 1
127 46.3 4
158 46.3 4
163 7.43 4
186 1.15 4
182 46.2 4
185 79.9 4
183 78.9 4
173 71.9 4
18.8 39.1 0
36.6 13.4 0
79.8 22.6 4
91.4 38.7 4
91.9 52 4
102 47.9 4
91.9 82 4
158 8.43 4
158 38.4 4
127 38.4 4
159 27.3 4
150 52.7 4
134 79.7 0
126 77.4 4
162 52 4
171 84.3 0
188 74.1 4
18.9 31.2 0
2.55 61.6 0
27.6 36.2 0
48.4 88.2 4
75.4 28.3 4
53.5 97.4 4
63.4 71.4 4
88.8 81.5 4
124 37.3 4
123 82.2 0
141 4.03 4
136 1.83 4
158 51.9 4
126 57.3 4
133 59.1 4
126 87.3 0
200 98.9 4
184 98.5 4
161 81.3 0
11.2 51.4 0
41.1 88.9 4
51.3 81.2 4
97.9 35.3 4
117 84.6 4
140 2.13 4
133 95.2 1
158 82.1 0
145 71.5 0
140 71.5 4
191 27.9 4
186 29.3 4
164 67.6 4
182 98.5 4
18.9 83.5 0
38.5 71.2 4
88.9 26.4 4
73.7 55.7 4
78.5 55.1 4
56.9 68.6 4
51.6 64.2 4
91.5 27.5 4
102 86 4
139 16.6 4
146 16.6 4
156 24.3 4
135 33.4 4
126 59.1 4
126 89.1 0
192 25.4 4
18.1 6.78 0
21.2 27.1 0
44.4 98.3 4
58 37.3 0
92.4 18.8 4
118 16.4 4
98.8 29.9 4
109 57 4
91.9 56.2 4
92.9 57.8 4
99.6 83.3 4
102 80.3 4
137 16.6 4
148 16.6 4
131 71.9 4
171 56.6 4
169 88.3 0
18.1 1.1 0
9.1 96.8 4
71.1 17 0
124 6.7 4
123 1.1 4
92.4 11.1 4
124 32.8 4
107 60.6 4
104 46.5 4
134 29.5 4
144 49.6 4
178 10.6 4
183 7.18 4
192 16.6 4
174 59.7 4
18.8 37.4 0
11.2 37.9 0
7.2 84.5 0
17.6 82 0
48.9 27.6 0
71.5 59.5 4
91.4 37 4
94.5 67.6 4
100 85.2 4
158 6.73 4
127 36.7 4
158 36.7 4
150 59 4
148 61.4 4
150 47.8 4
187 7.68 4
173 26.4 4
194 16.6 4
192 79.7 4
196 77.5 4
6.15 3.7 0
18.9 27.6 0
79.1 59.1 4
75.1 61.2 4
59.2 90.5 4
124 27.4 4
150 33.4 4
140 80.6 0
133 89.2 1
184 16.3 4
191 57 4
189 59.5 4
173 91 0
193 91.2 4
6.43 6.28 0
10.2 1.05 0
23.7 12.9 0
28.5 59.9 0
32.3 82.7 4
37.8 81.9 4
33.8 72.1 0
79.4 53.1 4
182 16.3 4
170 27.9 4
21.1 6.15 0
33.1 68.3 0
33.9 98.2 4
32.3 87.8 4
56.6 43.7 4
77.9 82.4 4
87.9 86.1 4
51.5 90 4
117 1.1 4
107 90.6 4
152 28.9 4
156 67.6 4
156 97.6 1
188 51.1 4
162 56.3 4
45 1.2 0
30.9 16.9 0
32 72.1 0
55.1 46.2 4
70.1 80.5 4
76.7 86.8 4
97.7 1.43 0
126 63.1 4
126 93.1 1
176 52.7 4
6 55.5 0
18.1 46.3 0
37.3 16.4 0
31.3 68.3 0
21.8 56 0
39.2 53.1 0
48.1 56.1 4
22.3 65.7 0
30.5 85.2 4
21.8 86.9 0
46.1 97.3 4
29.8 91.4 4
72.7 13.1 0
77.3 16.3 0
64.8 57.9 4
66.6 60.7 4
60.8 56.3 4
72.9 68.4 4
88.1 56.1 4
51.9 56.1 4
73 98.2 4
51.9 86.1 4
93 29.3 4
113 55.7 4
115 51.8 4
123 46.3 4
123 77.1 4
167 13.8 4
162 58.1 4
171 81.8 0
162 86.1 0
1.58 3.03 0
4.55 46.5 0
3.43 71.9 0
1.48 71.9 0
21.3 59.6 0
38.8 90.5 4
47.4 83.2 4
77.2 72.8 4
87.2 90.7 4
74.1 88.7 4
93.7 42.4 4
93.2 63.9 4
116 65.9 4
156 12.2 4
157 41.5 4
128 41.5 4
176 1.13 4
48.1 57.9 4
21.8 88.7 0
70.9 13.1 0
88.1 57.9 4
71.1 68.4 4
71.2 98.2 4
70.9 71.6 4
91.5 22.1 4
91.5 32.3 4
101 68.5 4
149 68.6 0
149 98.6 1
148 91.3 1
191 68.2 4
162 87.9 1
26 1.3 0
26.3 7.38 0
24.2 97.7 4
60.5 36.5 0
59.4 26.3 0
95.9 12.7 4
112 93.8 0
121 72.5 4
132 62.6 4
180 23.8 4
163 18.8 4
184 43.2 4
185 68.3 4
194 47 4
194 68.2 4
189 98.1 4
0.875 46.9 0
0.75 68.8 0
30.3 98.7 4
54.3 4.83 0
73.1 18.3 0
105 16.9 4
96.6 68.5 4
92.7 96.8 4
139 5.85 4
157 63.8 4
141 68.5 4
145 68.5 4
157 93.8 1
141 98.5 1
145 98.5 1
199 1.73 4
182 43.2 4
182 68.3 4
17.9 18.4 0
1.88 96.7 0
2.45 82.5 0
18 93.9 4
25.8 13.9 0
46.8 18.5 0
86.5 13.2 0
86.8 18.5 4
58.4 30.7 0
87.5 74.3 4
56.8 98.3 4
51.5 94 4
93.6 2.53 0
107 33.7 4
112 46.8 4
123 93.8 1
138 3.95 4
136 68 4
164 1.78 4
169 30.8 4
163 74.1 0
5.45 59.6 0
8.53 46.5 0
17.1 56 0
5.58 79.2 0
29 1.58 0
48 0.65 0
46.5 43.2 0
75.1 1.8 0
52.5 18.8 0
86.5 43.2 4
68 34 4
52.5 74.1 4
95.9 16.6 4
132 3.65 4
180 1.88 4
181 13.1 4
189 1.63 4
171 36.1 4
162 64.2 4
167 68.5 4
192 98.6 4
181 71.9 4
9.7 12 0
4.33 68.4 0
8.63 54.7 0
46.6 73.4 4
63.9 10.9 0
87.2 36.2 4
75.6 32.1 4
114 16.9 4
93.8 53.4 4
156 2.98 4
153 68.6 0
153 98.6 1
191 71.4 4
1.08 13 0
2.83 11.9 0
18.2 64 0
35.8 3.88 0
25.7 68 0
21.3 63.6 0
65.6 42.9 4
87.5 28.3 4
123 18.6 4
122 42.7 4
94.2 47 4
102 72 4
93.1 86.4 4
151 89 1
194 71.4 4
8.53 43.5 0
19.4 17.2 0
11 58.8 0
16.7 96 4
47.8 2.95 0
33 18.2 0
48.7 17.2 0
47.8 44.4 0
33.3 26.2 0
42.8 98.3 4
48.7 72.2 4
88.7 10.4 0
87.8 14.4 4
88.7 17.2 4
51.2 17.2 0
87.8 44.4 4
65.3 46.9 4
59.4 51.8 4
64.9 68.1 4
88.7 72.2 4
51.2 72.2 4
65.2 98.4 4
105 1.2 4
124 17.2 4
93.6 72.8 4
124 72.2 4
122 97.2 1
140 46.8 4
132 92.6 1
162 0.65 4
161 17.2 4
176 68.3 4
167 60.7 4
161 72.2 0
17.2 32.5 0
12.6 98.2 4
9.18 71.7 0
48.7 40.4 0
77.2 1.8 0
64.4 32.5 4
88.5 32.4 4
88.7 40.4 4
95.8 43.4 4
122 89.7 0
154 1.88 4
154 13.1 4
154 43.1 4
131 43.1 4
158 29.1 4
137 46.8 4
131 47.4 4
175 43.7 4
172 68.5 4
171 63 4
12.1 13.2 0
16.2 12.2 0
47.3 36.3 0
42.5 29.3 0
33.3 48.1 0
21.9 94.3 4
26.3 98.7 4
51.4 31.4 0
73.7 26.3 4
110 46.8 4
90.8 97.7 4
137 71.7 4
137 98.1 1
162 31.5 4
12.2 68.4 0
8.3 68.4 0
16.4 67.4 0
48.6 10.2 0
30.1 12.3 0
47.3 12 0
38.2 43.2 0
28.1 33.5 0
48.3 93.9 4
60.8 34 0
75.8 41.9 4
122 12.2 4
102 23.7 4
105 68.6 4
109 68.6 4
124 85.5 0
126 9.6 4
128 11.5 4
127 32.1 4
148 71.8 0
181 27.1 4
164 53.5 4
176 98.3 0
19.4 13.4 0
12.7 43.8 0
16.9 42.8 0
19.4 43.4 0
12.7 46.3 0
19.4 67.7 0
37.4 1.75 0
48.7 13.4 0
21.3 13.4 0
22.3 16.3 0
21.3 43.4 0
48.7 67.7 4
22.3 68.7 0
22.3 71.3 0
48.7 97.7 4
21.3 97.7 4
62.4 13.1 0
65.1 1.55 0
51.2 13.4 0
65.8 16.4 0
51.2 43.4 0
63.2 46.9 4
62.8 68.1 4
88.7 67.7 4
51.2 67.7 4
63.1 98.4 4
88.7 97.7 4
51.2 97.7 4
86.7 82.8 4
124 13.4 4
92.3 14.4 4
114 42 4
92.3 16.3 4
124 43.4 4
91.3 43.4 4
92.3 45.6 4
91.3 67.7 4
123 53.8 4
124 55.6 4
124 67.7 4
118 71.6 4
92.3 71.3 4
104 73.3 4
124 97.7 1
126 13.4 4
159 13.4 4
127 16.3 4
158 16.3 4
127 44.4 4
158 44.4 4
157 56.6 4
159 67.7 0
129 48.7 4
126 67.7 4
127 71.3 4
159 97.7 1
126 97.7 1
161 13.4 4
173 43.7 4
171 33.7 4
161 43.4 4
161 67.7 4
161 97.7 1
11.3 71.7 0
34.7 13.4 0
37.9 27.2 0
48.6 32.5 0
23.5 17.7 0
23.8 72.8 0
37.2 73.3 4
62.4 43.7 4
74.4 37 4
53.5 58.6 4
87.2 96.1 4
122 31.8 4
118 43.7 4
123 35.2 4
94.1 93.7 4
93.8 83.1 4
129 17.7 4
157 17.7 4
129 67.7 4
129 97.7 1
191 11.6 4
172 1.75 4
190 21.7 4
195 57.3 4
197 61.2 4
163 96.5 1
47.5 29.6 0
68.7 3.43 0
67.4 10.9 0
77.9 43.2 4
73.5 48.1 4
53.5 47.4 0
111 16.3 4
99.3 23.4 4
118 98.2 1
136 12 4
159 32.3 4
156 53 4
174 7.18 4
161 4.75 4
187 21.5 4
161 40.2 4
163 42.1 4
184 23.8 4
163 82.6 0
7.13 2.45 0
9.2 80.9 0
23 2.4 0
21.3 40.2 0
22.6 42.1 0
35.2 61.3 0
47.2 66.4 4
31.1 59 0
77.6 13.1 0
74.2 43.7 4
87.2 66.4 4
53.2 82.5 4
101 1.85 0
117 87.4 0
93.2 79.1 4
157 26.1 4
149 54.5 4
136 81.4 0
185 13.6 4
198 55 4
190 51.8 4
3.43 1.25 0
16.2 3.03 0
18.9 85.3 0
25.6 49.9 0
36.8 98.2 4
51.3 10.2 0
52.5 12.1 0
63.7 16.4 0
51.4 27.7 0
90.8 1.75 0
188 2.78 4
168 18.6 4
162 27.9 4
172 98.3 0
9.28 61.1 0
43.2 1.2 0
23.1 28.1 0
34.8 39.8 0
32.9 55.3 0
39.1 59.3 0
38.2 55.2 0
56.9 46.2 4
118 13.1 4
122 2.95 4
115 93.1 0
97.7 73.4 4
126 5.45 4
128 3.58 4
139 24.8 4
146 24.8 4
127 28.5 4
136 24.8 4
149 24.9 4
177 46.5 4
188 76.9 4
19.4 1.75 0
18.8 51.9 0
20.8 1.75 0
23.7 23.5 0
21.9 31.5 0
27.2 18.2 0
21.8 53 0
48.1 53.2 4
37.7 68.4 0
38 46.2 0
21.9 82.4 0
62.3 3.43 0
88.7 1.75 0
51.2 1.75 0
78.1 27.1 4
88.1 53.2 4
78 46.2 4
72.6 73.2 4
124 1.75 4
123 63.6 4
124 51.9 4
118 46.3 4
101 97.5 4
126 1.75 4
159 1.75 4
127 53 4
127 83 0
157 86.7 1
157 79.1 0
4.18 42.2 0
37.4 11.4 0
32.4 3.7 0
47 26.4 0
77.7 68.4 4
77.6 98.1 4
58.5 80.5 4
117 18.2 4
121 23.5 4
177 7.3 4
185 71.5 4
12.1 2.98 0
3.73 98.6 4
34.6 23.8 0
75 23.8 4
52.8 66.3 4
106 82.9 4
145 52.6 4
129 73.2 4
168 73.8 0
4.63 20 0
57.5 73.8 4
102 11.9 4
111 11.7 4
146 46.5 4
156 83.3 0
158 72.7 0
191 46.3 4
177 73.8 4
57.6 18.4 0
67.1 72.9 4
115 1.1 0
110 64 4
121 67 4
120 84 0
97.3 99 4
131 68.7 4
148 46.5 4
131 98.7 1
173 46.5 4
178 80.5 0
16.9 22.4 0
17.2 26.3 0
5.25 98.6 4
37.7 24.5 0
111 2.75 4
105 42 4
114 83.1 4
105 80.5 4
184 27 4
8.53 6.95 0
19.4 46.9 0
16.9 47.5 0
10.8 98.2 4
18.1 71.3 0
18.1 98.7 4
22.6 7.68 0
28.8 41.2 0
35.5 16.4 0
48.7 46.9 0
21.3 46.9 0
54.2 2.43 0
80.3 18.7 4
75.5 16.3 0
88.7 46.9 4
51.2 46.9 0
88.7 89.2 4
122 59.7 4
122 47.5 4
124 46.9 4
95.7 99 4
126 46.9 4
159 46.9 4
161 46.9 4
0.35 1.78 0
139 73.2 0
199 97.5 4
15.5 83.1 0
47.1 6.55 0
40.3 18.7 0
51.3 40.2 0
52.5 42.1 0
53.4 88.4 4
102 16.2 4
92.9 34.4 4
113 68.8 4
140 12.1 4
146 73.3 0
163 36.6 4
168 42.4 4
8.48 26.9 0
51.6 51.8 4
85.1 89.1 4
106 2.85 4
118 2.95 4
123 73.8 4
139 13.9 4
77.9 24.3 4
118 68 4
137 13.9 4
139 27.3 4
136 27.3 4
197 11.7 4
161 10.3 4
163 12.2 4
2.93 48.4 0
23.1 57.8 0
99.2 3.28 0
146 27.2 4
149 27.2 4
147 67 4
147 97 1
196 1.73 4
173 11.7 4
31.8 96.8 4
58.1 3.2 0
56.7 1.33 0
91.5 9.2 4
93.7 12 4
103 67.1 4
94.6 90.5 4
92.4 89.3 4
37.8 34.4 0
45.5 82.1 4
48.4 85.2 4
77.4 34.1 4
78.3 74.6 4
75.1 71.7 4
114 62.9 4
93.5 66.3 4
96.8 87.8 4
97.1 89.7 4
133 9.38 4
176 13.7 4
178 3 4
198 49.7 4
4.23 7 0
85.6 27.1 4
123 42.1 4
124 40.2 4
139 66.5 4
21.5 10.4 0
22.8 12.3 0
52.7 96.1 4
93.7 17.9 4
123 95.9 1
141 40.2 4
128 56.6 4
128 86.5 0
173 66.8 4
170 53.3 4
191 96.7 4
10.7 47.8 0
56.9 5.6 0
88.5 34.3 4
92.2 3.18 0
120 28.8 4
157 66.3 4
157 96.3 1
174 13.7 4
177 19 4
163 66.3 4
183 53.1 4
186 89.9 4
18.1 9.7 0
17.5 11.6 0
2.58 67.2 0
22.7 36.6 0
36.7 39.3 0
85.1 20.8 4
52.9 36.6 0
83.2 22 4
117 41.9 4
164 24.3 4
181 47.7 4
17.6 66.1 0
35.6 33.8 0
23.6 66.7 0
46.8 89.6 4
81.4 10.5 4
124 9.63 4
91.5 5.05 0
123 11.5 4
91.9 55.1 4
114 74.1 4
156 27.9 4
129 34 4
174 2.88 4
10.7 42.2 0
18.1 42.2 0
18.8 40.3 0
17 53 0
18.2 54.8 0
27.3 2.88 0
42.2 40.7 0
67.1 24.5 0
63.7 41.6 4
103 3.05 0
91.4 39.9 4
92.7 41.8 4
94.2 25.3 4
158 9.65 4
157 11.5 4
158 39.6 4
127 39.6 4
156 42.5 4
129 42.5 4
200 81 4
176 88.2 0
17.1 36.8 0
18.3 34.9 0
15.8 60.3 0
48.6 34.3 0
52.9 32.5 0
52.7 25 0
84 75.3 4
82.8 77.2 4
124 36 4
134 17.9 4
151 17.9 4
139 96.5 1
148 81.7 0
195 13.7 4
17.5 58.8 0
9.93 66.8 0
15.8 89.9 0
46.6 1.85 0
45.6 28.3 0
23.2 96.4 4
82.1 8.08 0
83.1 12.5 0
57.6 42.4 4
106 7.9 4
148 12.5 4
159 34.1 4
157 35.3 4
26.2 22.8 0
32.8 31.8 0
47 96 4
35 72.1 0
74 11.2 0
75.8 13.1 0
82 40.8 4
75.2 46.9 4
76.9 48.1 4
115 43.2 4
117 28.2 4
150 10.6 4
138 10.1 4
144 40.3 4
128 63.9 4
128 93.9 1
163 59.7 4
18.1 5.55 0
17.5 3.68 0
35.6 66.7 0
34.2 68.3 0
28.4 47.3 0
30.3 47.3 0
35 98.2 4
74.1 33 4
69.3 18.4 0
87.9 85 4
112 18.2 4
112 38.2 4
92.8 26.9 4
104 98.5 4
168 4.23 4
175 1.13 4
163 32.7 4
162 55.2 4
185 82.9 0
184 84.3 0
4.68 2.65 0
10.5 19.7 0
22.4 25.3 0
44.7 76.1 4
42.9 77.3 4
85.2 8.15 0
124 5.48 4
104 8.1 4
123 3.6 4
113 31.3 4
97.2 47.6 4
120 79.5 4
113 72.6 4
154 73 0
197 41.7 4
195 43.6 4
17.8 88.5 0
16.1 74.8 0
35 46.9 0
21.8 54.8 0
36.7 48.1 0
48.1 55 4
23.6 84.4 0
21.8 85.7 0
82.4 17.4 4
88.1 55 4
51.9 55 4
64.8 84.6 4
51.9 85 4
74.1 98.2 4
116 10.6 4
91.4 35.8 4
114 48.1 4
116 46.3 4
121 54 4
122 55.8 4
99.3 47.6 4
97.6 77.9 4
91.9 84.9 4
158 5.5 4
157 3.63 4
127 35.5 4
158 54.8 4
127 54.8 4
127 84.8 0
142 85.3 1
176 17.6 4
191 42.4 4
163 22.1 4
191 40 4
162 85 0
196 98.6 4
6.65 12.8 0
4.83 12.8 0
13.5 75.2 0
30.4 10.1 0
43.4 42.5 0
44 22.9 0
45.9 21.7 0
29.7 74.9 0
52.7 6.7 0
68.5 40.4 4
83.4 42.5 4
75.9 68.4 4
74.3 66.8 4
62.4 85.4 4
87.2 92.5 4
87.6 79.9 4
87.6 78 4
75.4 96.3 4
114 12.5 4
110 31.2 4
110 38.1 4
91 62.2 4
91 60.3 4
91.9 50.9 4
91.9 49.5 4
91.9 80.9 4
143 12 4
146 8.2 4
128 27.3 4
140 42.4 4
159 62 4
159 60.2 4
157 50.8 4
155 48.8 4
159 92 1
159 90.2 1
183 11.7 4
198 28.4 4
168 46.4 4
174 96.6 0
12.4 31.2 0
18.9 30.1 0
18.9 28.9 0
15.4 16.2 0
13.5 16.2 0
11.4 22.1 0
42.3 17.4 0
70.5 42.5 4
115 16.9 4
124 26.2 4
122 28.1 4
91.3 77.8 4
144 13.8 4
136 43.6 4
153 46.3 4
195 35 4
197 35.6 4
171 18.3 4
180 33.6 4
163 50.8 4
164 48.8 4
163 79.6 0
163 77.6 0
18.7 80.4 0
18.7 78.4 0
21.9 3.05 0
24.8 1.3 0
21.1 4.93 0
30.6 42.5 0
33.7 37.4 0
34 42 0
51.6 34.8 0
51.3 22.9 0
51.3 80.1 4
51.3 78.2 4
107 10.5 4
119 22.8 4
98.8 51.8 4
113 97.7 0
149 8.18 4
131 11.3 4
134 41.7 4
158 81 0
159 77.7 0
167 2.48 4
200 89.1 0
3.3 17.9 0
39.6 71.2 4
41.6 71.2 4
27.4 72.8 0
96.8 1.43 0
103 18.1 4
123 65.7 4
115 88.2 0
172 16.3 4
179 85.5 0
181 86.2 0
0.075 43.8 0
4.75 30.6 0
7.7 17.1 0
40.8 11.6 0
42.3 13.6 0
47.7 23 0
45.9 24.2 0
64.5 79.3 4
109 40.8 4
111 42.6 4
119 16.4 4
98.5 42.2 4
121 16.4 4
123 21.8 4
122 81.2 0
192 48.2 4
183 73.3 4
172 75.2 0
174 73.3 4
3.78 32.6 0
18.1 48.1 0
27 42.5 0
33.6 29.7 0
80.2 3.13 0
81 21.2 4
87.9 22.9 4
87.9 24.7 4
70 46.2 4
67.7 48.1 4
62.7 78.2 4
95.2 1.43 0
105 12.6 4
94.3 28.7 4
100 43.8 4
96.8 28.7 4
123 48.1 4
145 4.3 4
152 74.8 0
158 84.9 0
153 77.6 0
162 34.8 4
8.93 2.45 0
2.48 3.03 0
4.28 23.1 0
0.05 16.3 0
22.5 22.1 0
23.4 79.5 0
21.6 77.8 0
85.6 3.58 0
86.9 5.45 0
82.2 98.3 4
146 2.4 4
132 16.4 4
153 16.4 4
126 22.7 4
159 22.7 4
128 66.4 4
128 96.4 1
168 98.7 1
29.5 38.8 0
40.9 21.2 0
47.9 78.2 4
47.9 80.1 4
61.2 73.2 4
80.4 96.4 4
62.5 71.4 4
81.9 72.2 4
80 72.2 4
86.6 87.6 4
149 1.33 4
145 42.5 4
161 93.2 1
163 90.8 1
48.5 4.83 0
45 60.4 4
40.6 67.1 4
42.2 68.7 4
81.9 1.33 0
75.5 29.9 4
82.2 68.7 4
53.4 53.1 4
113 7.75 4
109 98.8 0
151 3.2 4
149 43.7 4
128 23.9 4
157 23.9 4
194 3.35 4
177 21.5 4
179 58.5 4
12.4 28.6 0
48.5 63.2 4
59 11.8 0
57.5 13.7 0
79 17.5 0
85.3 60.4 4
88.5 63.2 4
80.5 67.1 4
115 7.95 4
101 31 4
117 26.1 4
117 58.8 4
120 58 4
107 97.3 4
151 41.8 4
198 1.73 4
2.78 96.7 0
100 49.1 4
183 3.03 4
184 1.15 4
170 47.9 4
169 97 0
38.9 17.5 0
40 33.5 0
64.8 26.2 0
63.1 24.3 0
109 71.4 4
186 46.2 4
175 48 4
83 37.6 4
107 71.4 4
43.4 37.7 0
21.3 34.9 0
23.2 32.8 0
79.6 33.3 4
59.6 66.7 4
57.8 68.6 4
91.5 29.9 4
91.5 31.2 4
132 71.9 4
126 78.2 4
128 80.5 0
167 6.78 4
186 17.7 4
191 17.9 4
10.1 4.38 0
0.2 97.1 0
51.6 61.2 4
51.6 63.1 4
52.8 48 0
113 34 4
111 67.3 4
135 1.83 4
167 23.8 4
192 85.5 0
0.075 38.7 0
94.3 87.6 4
116 72.8 4
132 5.63 4
133 1.83 4
139 35.6 4
174 22.2 4
200 52.1 4
85.7 37.5 4
144 71.5 0
142 71.5 0
169 11.8 4
197 25.6 4
185 98.5 4
14 58.5 0
80.4 30.1 4
103 30.5 4
105 33 4
101 33.1 4
107 48.3 4
116 97 1
140 16.6 4
145 16.6 4
136 16.6 4
149 16.6 4
199 13 4
195 16.6 4
180 55.5 4
181 98.5 4
186 96.6 4
181 89.1 0
5.65 1.4 0
15.8 57 0
40.6 30.3 0
96.7 26 4
105 46.5 4
164 6.9 4
198 24.2 4
199 94.2 0
109 33.8 4
121 30.2 4
95.7 52.3 4
96.6 60.2 4
151 47.8 4
134 73.6 4
197 18.3 4
195 31.1 4
193 33 4
45.8 37.6 0
26.9 25 0
37 41.4 0
86.9 9.93 0
85.6 11.8 0
56.5 23.6 0
141 19.1 4
144 19.1 4
141 32.3 4
137 87.3 1
150 82.5 0
181 16.3 4
179 96.8 0
179 90.6 0
190 83.9 0
8.28 96.8 4
52.6 3.08 0
51.4 4.95 0
88.5 31.3 4
88.5 30 4
102 1.85 0
118 34.2 4
115 68.8 4
102 98.5 4
115 71.2 4
115 98.8 1
144 32.2 4
126 62 4
126 60.1 4
126 91.9 1
126 90.1 1
168 13.8 4
51.4 29 0
51.4 30.3 0
76 35 4
51.4 26.5 0
93.3 91.9 4
99.8 96.5 4
167 20.4 4
162 29.1 4
162 30.4 4
163 25.9 4
198 98.6 4
193 98.6 4
24.3 26.3 0
39.3 43.2 0
70.1 28.2 4
85.4 81.2 4
82.9 79.9 4
94.7 96.7 4
146 35.5 4
132 21.8 4
153 21.8 4
127 31 4
127 29.8 4
155 78.3 0
194 8.03 4
198 66.8 4
190 88.1 0
30 28 0
31.3 73.4 0
84.9 18.7 4
120 32.9 4
120 71.6 4
119 71.6 4
123 77.9 4
113 76.9 4
117 79.8 4
94.7 78.5 4
188 39.6 4
164 19.6 4
165 52.3 4
15.4 31.3 0
47.2 40 0
45.9 41.9 0
48.6 31.4 0
30.3 31.2 0
48.6 30.1 0
73.3 19.4 0
87.2 40 4
85.9 41.9 4
86.3 75.5 4
109 1.65 4
117 11.8 4
108 26.6 4
119 43.7 4
121 43.7 4
94.4 58.5 4
97.8 68.5 4
96.1 94.8 4
121 88.6 0
93.8 82 4
155 52 4
171 1.75 4
200 68.6 4
196 47 4
182 60.3 4
195 68.2 4
180 81.5 0
16.7 17.5 0
15.5 96.9 4
44.8 18.7 0
28.1 49.7 0
30.5 51.6 0
31.9 49.2 0
38.7 74.5 4
40.1 77 4
79 43.2 4
75.7 40.1 4
59.8 96.7 4
57.7 98.3 4
67.7 85 4
96.9 11.5 4
115 13.7 4
113 40.8 4
91.5 22.9 4
123 24.6 4
94.7 62.5 4
95.1 48.2 4
99.8 68.5 4
99.6 94.6 4
119 98.2 1
120 98.2 1
159 31.2 4
159 29.9 4
150 68.6 0
150 98.6 1
156 74.3 0
188 66.5 4
184 58.2 4
164 80.9 0
166 75.7 0
167 79.5 0
164 75.1 0
188 98.1 4
8.13 10.9 0
14.4 21.3 0
5.63 46.5 0
7.45 46.5 0
4.5 71.9 0
0.4 71.9 0
18 92.7 4
16.8 72.7 0
27 13.9 0
28.9 13.9 0
35.2 43.2 0
78.7 13.1 0
78.2 1.8 0
53.8 19.8 0
54.4 80.8 4
62.8 88.3 4
56.3 75.7 4
51.5 90.9 4
56.9 79.5 4
53.8 75.1 4
51.5 92.8 4
66.3 90.1 4
68.8 87.7 4
98.5 9.55 4
119 36.4 4
97.1 16.6 4
123 90.8 1
123 92.7 1
136 35.9 4
152 68.6 0
152 98.6 1
181 1.88 4
163 5 4
164 3.13 4
179 40.8 4
186 43.2 4
199 43.1 4
180 66.6 4
181 68.3 4
186 68.3 4
171 68.5 4
168 68.5 4
199 71.9 4
15 13.2 0
13 13.2 0
15 1.93 0
6.23 73.6 0
12.3 73.1 0
30 16.9 0
26.4 20.2 0
28.1 16.9 0
28.4 66.3 0
37.9 98.2 4
63.7 5.03 0
67.2 5.03 0
65.4 3.15 0
73.9 1.8 0
72.7 3.68 0
66.7 8.78 0
64.3 8.78 0
87.4 2.9 0
88.7 4.78 0
67 41.8 4
56.4 20.3 0
82 90.3 4
90.8 0.65 0
104 40.7 4
106 16.9 4
90.8 98.7 4
102 89.5 4
154 59.7 4
155 62.3 4
181 43.2 4
169 17 4
190 68.2 4
162 63 4
187 47.4 4
162 61.1 4
3.15 41 0
13.2 68.4 0
15.1 68.4 0
30.3 68.3 0
29.5 77.9 0
44.5 73.8 4
60 81.7 4
120 1.85 4
119 1.85 4
119 13.1 4
112 10.4 4
109 11.6 4
120 13.1 4
122 19.3 4
110 87 4
94.1 74.7 4
122 86.1 0
97 75.3 4
135 68 4
142 68.5 4
144 68.5 4
157 48.2 4
142 98.5 1
144 98.5 1
156 92.4 1
180 13.1 4
191 1.63 4
200 16.7 4
177 68.3 4
174 78.8 0
176 78.7 0
176 75.1 4
180 71.9 4
187 87.9 4
19.4 0.65 0
19.4 14.4 0
9.08 24 0
8.33 34.6 0
2.8 38.6 0
5.63 43.5 0
7.45 43.5 0
13.7 43.8 0
19.4 16.3 0
15.6 43.8 0
19.4 44.4 0
6.1 18.7 0
18.2 62.9 0
13.7 46.3 0
18.8 50.8 0
19.4 68.7 0
18.8 49.4 0
15.6 46.3 0
19.4 45.6 0
16.9 98.7 4
19.4 98.7 4
19.4 71.3 0
38.4 1.75 0
35.9 9.78 0
39 13 0
34.4 11.8 0
48.7 14.4 0
21.3 14.4 0
48.8 0.65 0
20.8 0.65 0
35.4 6.03 0
33.2 19.3 0
38.1 28.8 0
21.9 30.4 0
21.9 29.2 0
48.7 16.3 0
21.3 16.3 0
21.3 44.4 0
48.7 44.4 0
48.1 52.1 0
21.8 51.9 0
23.1 49.9 0
46.5 58.5 4
21.3 48.1 0
48.7 48.1 0
38.8 68.4 4
48.7 68.7 4
41.1 46.2 0
21.3 68.7 0
21.3 60.6 0
21.3 62.5 0
39.1 46.2 0
21.3 45.6 0
48.7 45.6 0
46.1 48.7 0
45.5 51.3 0
26.9 68 0
21.9 81.3 0
48.7 71.3 4
21.3 98.7 4
48.7 98.7 4
21.3 71.3 0
61.4 13.1 0
60.9 1.88 0
88.7 14.4 4
88.7 0.65 0
51.2 0.65 0
51.2 14.4 0
86 24.7 4
88.7 16.3 4
51.2 16.3 0
88.7 44.4 4
51.2 44.4 0
74.1 41.9 4
88.1 52.1 4
62.3 46.9 4
88.7 48.1 4
61.8 68.1 4
88.7 68.7 4
81.1 46.2 4
51.2 68.7 4
79.1 46.2 4
88.7 45.6 4
51.2 45.6 0
86.1 48.7 4
85.5 51.3 4
58.7 71.9 4
62.1 98.4 4
88.7 71.3 4
88.7 98.7 4
51.2 71.3 4
51.2 98.7 4
91.3 14.4 4
124 0.65 4
124 14.4 4
91.3 16.3 4
91.3 44.4 4
124 16.3 4
124 44.4 4
121 35.1 4
91.3 68.7 4
119 46.3 4
121 46.3 4
124 50.8 4
124 49.4 4
124 68.7 4
91.3 45.6 4
124 45.6 4
109 84.7 4
91.3 71.3 4
124 98.7 1
124 71.3 4
129 4.45 4
128 6.33 4
129 10.7 4
128 8.78 4
153 1.88 4
153 13.1 4
126 0.65 4
159 14.4 4
126 14.4 4
159 0.65 4
152 43.1 4
133 43.1 4
159 16.3 4
126 16.3 4
126 44.4 4
159 44.4 4
127 51.9 4
128 49.9 4
132 47.4 4
126 48.1 4
159 68.7 0
126 68.7 4
126 45.6 4
159 45.6 4
126 98.7 1
159 98.7 1
159 71.3 0
126 71.3 4
127 81.9 0
161 0.65 4
161 14.4 4
179 29 4
172 43.7 4
161 16.3 4
161 44.4 4
169 43.7 4
161 68.7 4
161 45.6 4
197 73.2 4
195 71.4 4
169 71.9 0
178 71.9 4
161 98.7 1
161 71.3 0
13.4 98.2 4
8.1 71.7 0
13.7 88.1 0
23.8 19.6 0
31.8 27.5 0
21.8 89.6 0
39.5 96.5 4
70.1 1.88 0
69.9 13.1 0
68 13.1 0
58.8 16.8 0
58.8 43.7 4
61.4 43.7 4
86.8 58.5 4
70.1 68.4 4
78.8 68.4 4
66 68.1 4
67.4 66.5 4
66.5 46.9 4
70.2 98.2 4
78.7 98.1 4
66.6 77.9 4
69.9 71.6 4
68 71.6 4
66.3 98.4 4
67.8 96.5 4
104 10.7 4
118 19.8 4
108 18.2 4
97 43.4 4
116 66.8 4
101 90.7 4
98.5 72 4
156 58 4
190 12.9 4
176 43.7 4
176 41.2 4
163 48.1 4
162 88.9 1
3.73 4.43 0
12.7 78.8 0
47.3 9.95 0
46 11.8 0
46 80.1 4
74.3 37.6 4
80 74.1 4
66.2 74.9 4
101 72 4
127 25.7 4
158 25.7 4
13.5 1.93 0
3.4 10.8 0
1.68 23.6 0
15.4 27.5 0
18.3 23.7 0
18.3 25.6 0
7.23 68.4 0
5.4 68.4 0
34.9 17.5 0
42 98.3 4
29.3 98.7 4
27.4 98.7 4
23.7 91.5 4
21.9 93.2 4
74.9 17.4 0
72.1 27.6 4
72.2 49.5 4
71.3 52.4 4
112 3.95 4
129 19 4
156 19 4
156 82.2 0
192 10.1 4
171 55.6 4
177 98.3 0
198 90.5 0
178 88.2 0
190 71.4 4
16.6 81.5 0
18.9 85.3 0
32.6 9.6 0
33.1 5.85 0
48.3 92.8 4
48.3 90.9 4
62.7 16.4 0
85.9 95.9 4
104 34.5 4
109 46.8 4
119 87.8 0
141 29.5 4
136 46.8 4
141 46.8 4
168 51.8 4
200 96.4 4
171 98.3 0
30 1.58 0
31.9 1.58 0
24 74.2 0
69.3 37.9 4
61.5 18.1 0
66.9 16.4 0
68.8 16.4 0
100 11.9 4
100 38.6 4
103 38.4 4
106 43.2 4
108 68.6 4
97.9 98 4
148 35.8 4
144 29.4 4
135 49.2 4
136 71.7 4
135 98.1 1
154 89.9 1
5.28 34.7 0
45.9 66.3 4
68.4 52.4 4
85.9 66.3 4
106 68.6 4
150 71.8 0
199 34.6 4
183 55.2 4
42 60.9 4
78.1 28.7 4
70.3 31.2 4
106 5.33 4
105 74.9 4
96.3 98 4
107 77.6 4
134 10.2 4
176 28.7 4
9.78 28.5 0
47.1 25.2 0
46.9 62 4
109 24.2 4
110 16.3 4
120 82.3 0
120 85.4 0
156 88.1 1
1.83 30.4 0
40.7 2.95 0
42.3 1.2 0
60 48 4
82.3 60.9 4
87.2 62 4
57.8 46.2 4
51.6 50.7 0
51.6 49.3 0
117 2.95 4
116 81.8 4
152 79.9 0
178 46.5 4
7.35 8.58 0
0.85 32.4 0
6.2 98.6 4
52.5 11.9 0
51.3 10 0
104 5.53 4
107 1.65 4
115 1.1 4
119 68 4
120 68 4
186 13.6 4
163 42 4
178 31.5 4
161 40.1 4
172 46.5 4
180 46.5 4
185 80.3 0
182 79.3 0
16.8 84.6 0
45.8 8.05 0
43 7.93 0
21.3 40.1 0
123 60.6 4
123 62.5 4
113 86.2 4
194 98.6 4
112 83.9 4
188 11.4 4
53.5 59.6 4
99.1 59.3 4
106 98.5 4
133 66.7 4
132 68.7 4
152 51.5 4
132 98.7 1
163 96.5 1
37.3 36 0
74.9 23.6 4
54 24.4 0
105 26.7 4
140 37.8 4
193 1.63 4
197 48.2 4
186 71.5 4
34.6 23.5 0
23.6 43 0
142 40.5 4
129 74.5 4
178 17.7 4
198 85.6 0
4.45 8.43 0
27.7 37.5 0
41.1 41.9 0
80.2 11.7 0
86.7 28.8 4
98.6 17.8 4
199 46.3 4
111 24.1 4
145 46.5 4
149 46.5 4
196 10.2 4
172 11.7 4
176 31.2 4
37.7 24.1 0
70.5 19.5 0
143 4.15 4
167 42.4 4
190 46.3 4
188 72.8 4
14.9 18.9 0
12.3 17.6 0
17.4 77.3 0
35.1 35.4 0
34.5 32.3 0
46.6 83.4 4
48.4 85.2 4
82 13.6 4
80.8 41.9 4
77 73.5 4
75.1 71.7 4
133 19.3 4
152 19.3 4
134 96.8 1
183 5.33 4
46.8 28.8 0
52.9 31.4 0
52.8 66.3 4
92.9 34.3 4
102 86.7 4
141 1.18 4
128 28.6 4
172 19.7 4
191 96.7 4
186 85.2 0
187 83.8 0
122 26.8 4
100 16.2 4
92.7 24.7 4
93.8 50.9 4
93.8 49.5 4
98.1 87.5 4
98.4 89.4 4
98.4 81.4 4
99.4 79.7 4
145 10.6 4
149 13.7 4
145 37.9 4
140 73.2 0
157 76.8 0
169 3.1 4
187 16.3 4
167 47.6 4
0.5 2.8 0
9.93 98.2 4
13.7 71.4 0
15.6 71.4 0
16.9 91.2 0
59 3.2 0
57.6 1.33 0
52.5 42 0
51.3 40.1 0
52.6 22.3 0
77.8 24.1 4
52.6 79.5 4
52.6 77.6 4
112 36.4 4
122 79.2 4
91.2 91.7 4
91.2 89.8 4
141 12.1 4
146 12.5 4
151 11.8 4
145 73.3 0
178 11.8 4
177 13.7 4
161 10.2 4
173 13.7 4
173 17.6 4
190 16.3 4
16.2 2.58 0
6.6 23.1 0
42.3 43.7 0
82.1 6.63 0
79.8 16.2 0
85.9 21.6 4
82.3 43.7 4
84 22.8 4
81.7 16.2 4
63.7 83.3 4
63.6 81 4
119 24.6 4
117 41.9 4
95.2 80.7 4
100 86 4
140 13.9 4
136 13.9 4
157 28.7 4
143 48.3 4
153 47.6 4
187 42 4
194 42.4 4
195 40.5 4
163 31.6 4
175 58.3 4
40.1 72.5 4
42 72.5 4
88.7 90.2 4
61.3 84.1 4
61.9 79.9 4
88.7 92 4
88.8 80.3 4
88.8 78.4 4
94.7 10.8 4
98.9 4.3 0
91.5 9.05 4
119 18 4
121 18 4
91.9 55.1 4
92.8 77.2 4
159 50.8 4
159 49.4 4
153 71.7 0
174 2.88 4
195 37.5 4
193 37 4
177 16.3 4
171 73.2 0
180 84 0
182 84.7 0
172 71.4 4
17.1 30.1 0
17.1 28.8 0
17 53 0
18.2 54.8 0
16.9 46.9 0
6.83 91.3 0
39.7 16.1 0
22.7 38.2 0
21.3 25.1 0
41.7 16.1 0
21.3 23.3 0
74.4 21.7 0
110 36.3 4
123 28.8 4
124 22.9 4
123 30.1 4
91.3 26.3 4
122 46.9 4
188 2.78 4
199 30.7 4
161 24.9 4
161 23.1 4
161 80.2 0
161 78.2 0
4.78 16.6 0
8.65 18.5 0
16.9 61.2 0
18.9 89.8 0
15.3 79.6 0
85.2 6.7 0
53.4 89.3 4
83.2 74.3 4
82 76.1 4
99.6 40.9 4
146 6.73 4
132 13.2 4
137 38.1 4
168 1.35 4
161 50.7 4
161 49.3 4
18.7 59.7 0
42 10.5 0
43.5 12.5 0
21.5 10.3 0
27.8 43.8 0
29.7 43.8 0
32 38.3 0
29.8 71.3 0
27.9 71.3 0
62.4 75.2 4
63.7 73.3 4
85.9 93.4 4
102 42.5 4
97.5 46.3 4
144 1.08 4
137 42.4 4
141 43.9 4
144 43.9 4
151 59 4
155 80.6 0
194 12.2 4
179 22.6 4
197 30 4
190 43.8 4
6.95 13.9 0
5.13 13.9 0
1 42.5 0
35.3 30.2 0
45.8 76.9 4
35 72.1 0
43.9 78.1 4
74 11.2 0
75.8 13.1 0
88.5 34.1 4
72.2 40.7 4
58.1 25.7 0
76.9 48.1 4
75.2 46.9 4
82.8 92.8 4
92.2 3.03 0
123 42 4
124 40.1 4
115 43.2 4
99.6 46.3 4
123 80.9 0
111 72.6 4
111 97.7 0
139 7.55 4
149 6.7 4
136 40.5 4
127 21.5 4
158 21.5 4
176 53.1 4
18.1 9.55 0
17.5 11.4 0
9.88 32.3 0
17.8 86.7 0
32.4 40.7 0
43.2 21.9 0
45 20.7 0
35.6 66.7 0
34.2 68.3 0
35 98.2 4
81.3 4.28 0
67.9 43.8 4
69.7 43.8 4
87.9 85 4
83.4 97.2 4
110 29.2 4
110 76.9 4
175 1.13 4
162 55.2 4
183 47.7 4
22.6 8.45 0
29.2 11.7 0
34.2 21.6 0
48.4 60.1 4
28.1 46.1 0
30 46.1 0
24.5 78.4 0
22.7 76.7 0
81.6 95.3 4
124 9.48 4
91.5 4.9 0
113 6.43 4
108 13.7 4
123 11.4 4
129 22.8 4
156 22.8 4
129 33.8 4
1.25 17.9 0
21.8 54.8 0
41.7 66 4
36.7 48.1 0
48.1 55 4
43.4 67.6 4
35 46.9 0
23.6 84.4 0
21.8 85.7 0
26.9 77.2 0
26.4 74.2 0
56.7 42.4 4
73 31.7 4
88.7 60.1 4
88.1 55 4
51.9 55 4
83.4 67.6 4
51.9 85 4
74.1 98.2 4
115 6.63 4
106 13.7 4
108 42 4
110 43.8 4
114 48.1 4
116 46.3 4
93.5 66.3 4
91.9 84.9 4
158 9.5 4
157 11.4 4
131 17.7 4
154 17.7 4
158 54.8 4
127 54.8 4
158 59.7 4
158 61.6 4
151 73.5 0
127 84.8 0
199 2.83 4
169 49.1 4
162 85 0
18.3 34.8 0
48.6 34.2 0
52.7 8.25 0
83.1 2.48 0
81.7 65.9 4
75.9 68.4 4
74.3 66.8 4
72.6 73.2 4
75.4 96.3 4
97.6 13.8 4
124 35.9 4
92.5 61.9 4
122 55.6 4
92.5 60 4
121 53.8 4
158 89.8 1
158 91.7 1
163 37.4 4
18.1 42.1 0
18.8 40.2 0
3.05 91.2 0
23.7 13.2 0
48.9 23.4 0
35.9 19.7 0
48.9 25.2 0
48.9 78.4 4
48.9 80.3 4
88.9 23.4 4
76 19.7 0
88.9 25.2 4
52.7 96.1 4
81.7 71.1 4
79.7 71.1 4
99.6 13.8 4
93.7 17.9 4
115 16.9 4
92.8 29.3 4
91.4 39.8 4
92.7 41.7 4
123 95.9 1
137 3 4
148 2.4 4
158 39.5 4
127 39.5 4
148 38.2 4
128 41.4 4
157 41.4 4
159 34 4
157 35.2 4
128 62.8 4
128 92.7 1
173 66.8 4
7.8 30.4 0
10.7 47.8 0
1.1 97.1 0
23 1.95 0
24.8 1.3 0
79.6 22.2 4
71.9 38.2 4
78.2 19.7 4
52.8 46.8 0
150 4.28 4
148 42.5 4
128 57.4 4
157 66.3 4
128 87.3 0
157 96.3 1
163 66.3 4
174 55.3 4
18.1 5.4 0
11.9 58.3 0
42.6 63.4 4
46.8 88.6 4
116 4.15 4
123 73.8 4
149 40.6 4
163 13.2 4
177 57.9 4
17.6 66.1 0
15.7 86 0
39.5 22.2 0
38.1 19.7 0
22.6 65.7 0
47.2 64.1 4
73.8 29.7 4
68.3 49.5 4
87.2 64.1 4
70.5 47.6 4
124 5.33 4
123 3.45 4
114 2.3 4
107 72.9 4
10.7 42.2 0
63.7 41.6 4
82.9 63.4 4
97.6 2.45 0
91.4 35.6 4
103 67.1 4
158 5.35 4
157 3.48 4
127 35.3 4
147 67 4
147 97 1
158 84.9 0
178 3 4
186 22.6 4
8.63 1.4 0
2.93 48.4 0
9.93 66.8 0
23.2 31.7 0
23.2 96.4 4
101 97.5 4
133 3.8 4
163 58.7 4
0.35 1.03 0
21.1 4.78 0
28.8 32.4 0
47 96 4
51.6 34.6 0
53.4 53.1 4
139 66.5 4
128 77 4
25.9 42.5 0
52.9 37.4 0
117 72.8 4
140 33.7 4
151 49.1 4
195 5.55 4
1.65 2.8 0
104 18.1 4
120 57.9 4
145 33.6 4
199 92.4 0
167 98.7 1
23.1 57.8 0
116 33.9 4
118 97 1
131 73.2 4
162 34.7 4
161 94.3 1
17.1 37.6 0
31.8 96.8 4
120 31.2 4
101 54.7 4
178 54.9 4
174 96.6 0
2.58 67.2 0
58.1 11.8 0
56.6 13.7 0
91.5 32.1 4
115 78.2 4
134 23.1 4
151 23.1 4
198 97.5 4
48.5 4.68 0
47.3 2.8 0
38.1 41.4 0
101 2.88 0
121 25.3 4
107 33.1 4
139 96.5 1
168 97 1
18.1 72.7 0
39.9 59.2 0
123 65.7 4
180 27.6 4
172 64.3 4
22.3 42 0
94.9 1.43 0
112 18.2 4
95.3 93 4
141 78.6 0
163 8.43 4
168 18.8 4
189 98.1 4
6.6 1.4 0
31.1 18 0
77.9 41.4 4
56.9 68.6 4
111 2.85 4
105 29 4
143 2.25 4
145 78.7 0
133 74.9 4
186 1.15 4
17.5 48.1 0
88.3 9.98 0
51.6 64.2 4
57.5 73.8 4
93.8 53.3 4
122 48.1 4
134 12.1 4
129 67.4 4
129 97.4 1
183 11.7 4
185 46.2 4
167 73.8 0
16.9 56.1 0
27.3 2.88 0
21.3 34.7 0
54.1 12.6 0
87.1 35.9 4
57.6 18.7 0
58.4 80.6 4
118 11.8 4
110 10.4 4
118 43.7 4
105 52.6 4
102 47.8 4
143 59.7 4
172 1.75 4
164 42.7 4
163 46.8 4
7.05 20 0
0.95 98.9 0
27.2 18.8 0
86.6 86.8 4
110 67.3 4
93.1 86.3 4
127 17.7 4
158 17.7 4
185 17.7 4
177 73.2 4
34.6 16.1 0
47.4 67.6 4
77.6 13.1 0
88.5 32.2 4
74.6 16.1 4
87.4 67.6 4
86.7 82.7 4
87.4 97.6 4
122 42.6 4
115 68.8 4
115 71.2 4
115 98.8 1
105 79.5 4
136 57.5 4
140 60.9 4
16.2 12.1 0
4.6 42.2 0
37.2 73.3 4
36.8 98.2 4
33.1 73.4 0
22.4 72.7 0
62.3 3.48 0
105 41.9 4
104 46.5 4
143 89.8 1
192 17.9 4
164 97.8 1
183 73.3 4
37.5 11.4 0
47.2 36 0
75.9 35.6 4
67.2 73.6 4
118 1.85 4
93.4 9.7 4
122 12 4
114 42 4
107 84.1 4
127 32 4
157 53 4
140 91.2 1
163 53.3 4
175 48 4
167 90.1 0
19.4 13.3 0
18.8 51.9 0
21.9 0.65 0
48.6 40.1 0
21.8 53 0
48.1 53.2 0
37.7 68.4 4
38 46.2 0
21.9 82.4 0
51.2 13.3 0
88.6 40.1 4
70 17.5 0
88.1 53.2 4
78 46.2 4
53.1 82.6 4
124 13.3 4
124 51.9 4
118 46.3 4
91.9 83 4
159 13.3 4
137 16.6 4
148 16.6 4
142 42.7 4
142 55.6 4
127 53 4
127 83 0
163 82.6 0
1.1 10.7 0
16.6 26.7 0
48.6 32.3 0
77.7 68.4 4
77.6 98.1 4
93.4 56.9 4
117 66.8 4
108 93.6 4
109 74.1 4
122 89.7 1
97.8 73.9 4
126 9.6 4
139 16.6 4
146 16.6 4
140 28.4 4
128 72.6 4
167 13.8 4
194 16.6 4
16.9 42.7 0
19.4 43.3 0
16.7 96 4
8.5 88.8 0
51.2 43.3 0
59 60.5 4
115 13.7 4
117 18.5 4
124 43.3 4
91.3 43.3 4
122 97.2 1
159 32.1 4
145 28.3 4
126 43.3 4
159 43.3 4
137 55 4
182 16.3 4
168 38.5 4
161 43.3 4
192 48.2 4
182 98.5 4
184 98.5 4
2.9 54 0
1.63 88.8 0
48.7 10.2 0
38 27 0
35.2 43.2 0
77.2 1.8 0
68.6 3.48 0
51.4 4.8 0
52.6 2.93 0
67.3 11 0
75.2 43.2 4
98.5 6.83 0
102 10.6 4
161 38.9 4
172 68.5 4
16.8 3.53 0
12.1 13.2 0
1.5 1.03 0
11.3 73.1 0
46.5 56.7 4
33.3 48 0
65.1 1.6 0
86.1 13 0
73.6 48.2 4
90.8 1.6 0
96.6 68.5 4
90.8 97.7 4
121 72.5 4
186 33.7 4
188 34.8 4
16.6 32.8 0
12.2 68.4 0
16.4 67.4 0
34.9 13.4 0
54.4 67.6 4
86.8 56.7 4
122 2.8 4
156 46.9 4
156 73 0
12.7 43.8 0
0.45 56.2 0
12.7 46.3 0
19.4 67.7 0
0.325 60.6 0
18.1 97.7 4
19.4 97.7 4
37.4 1.75 0
22.3 14.4 0
48.8 1.6 0
23.5 18.3 0
22.3 16.3 0
22.3 44.4 0
22.3 46.9 0
21.3 67.7 0
22.3 45.6 0
48.7 97.7 4
21.3 97.7 4
62.4 13.1 0
51.2 1.6 0
63.2 46.9 4
62.8 68.1 4
51.2 67.7 4
63.1 98.4 4
56.8 98.3 4
51.2 97.7 4
124 1.6 4
92.3 14.4 4
95.9 16.6 4
92.3 16.3 4
122 35 4
124 67.7 4
92.3 45.6 4
91.3 67.7 4
92.8 96.7 4
124 85.5 0
92.3 71.3 4
124 97.7 1
127 14.4 4
126 1.6 4
159 1.6 4
154 68.6 0
127 46.9 4
127 68.7 4
127 45.6 4
158 45.6 4
159 67.7 0
129 48.7 4
154 98.6 1
158 83 0
158 71.3 0
127 98.7 1
159 97.7 1
161 1.6 4
173 43.7 4
161 67.7 4
161 97.7 1
9.5 12.1 0
8.63 46.5 0
2.85 85.1 0
18 93.8 4
18 83 0
25.9 13.9 0
40.9 84.3 4
48.4 86.4 4
54.1 42.7 0
62.4 43.7 4
73.4 79.2 4
75.9 79.5 4
51.5 93.9 4
74 71.7 4
103 61.4 4
124 55.5 4
123 53.6 4
94.2 46.9 4
123 77.1 4
123 93.8 1
98.4 99 4
128 3.58 4
126 5.45 4
129 12.6 4
157 56.6 4
161 4.83 4
163 2.95 4
184 51.3 4
167 68.5 4
185 90.9 4
10.8 3.33 0
31.3 11.2 0
22.4 12.1 0
32.6 3.73 0
46.4 43.1 0
47.1 81.4 4
75.1 1.8 0
65.9 41.8 4
85.8 17.5 4
86.4 43.1 4
78.6 73 4
93.7 63.9 4
100 99 4
126 59.1 4
134 79.7 0
142 87.4 1
126 89.1 1
180 1.88 4
162 64.1 4
176 68.3 4
172 85.3 0
2.55 61.6 0
45.5 62.9 4
51.6 32.8 0
51.6 51.8 4
87.5 74.3 4
91.5 22.1 4
101 68.5 4
93.8 73.2 4
154 1.88 4
154 13.1 4
154 43.1 4
131 43.1 4
149 68.6 0
133 58.2 4
131 47.4 4
149 98.6 1
139 88.7 1
191 11.3 4
182 68.3 4
194 47 4
194 68.2 4
8.63 43.5 0
18.1 17.2 0
19.4 17.2 0
18.2 64 0
11.2 51.4 0
47.8 14.4 0
45.8 17.4 0
47.8 16.3 0
47.8 44.4 0
21.3 63.6 0
47.8 46.9 0
47.8 45.6 0
41.1 88.9 4
48.7 72.2 4
63.8 11 0
88.7 4.63 0
87.8 14.4 4
87.8 0.65 0
78 26.9 4
52.5 19.1 0
87.8 16.3 4
63.7 16.4 0
51.2 17.2 0
87.8 44.4 4
85.8 62.9 4
87.8 46.9 4
87.8 45.6 4
52.5 74.1 4
88.7 72.2 4
51.2 72.2 4
97.9 35.3 4
95.8 43.4 4
124 17.2 4
123 18.8 4
124 72.2 4
156 63.8 4
162 12.1 4
190 28.5 4
186 29.3 4
175 43.7 4
182 43.2 4
184 43.2 4
163 19 4
161 17.2 4
168 43.7 4
185 68.3 4
172 98.3 0
162 74.1 0
161 72.2 0
15.9 21 0
9.28 71.7 0
36 3.9 0
46.6 73.5 4
51.4 28.4 0
57.9 43.7 4
51.4 27.1 0
78.5 55.1 4
73.7 55.7 4
65.4 46.9 4
64.9 68.1 4
65.2 98.4 4
134 33.7 4
146 81.5 0
157 93.9 1
200 1.1 4
181 13.1 4
162 28.5 4
193 24.8 4
186 47.4 4
181 71.9 4
175 88.8 0
2.9 4.2 0
4.65 46.5 0
3.53 71.9 0
1.38 71.9 0
2.98 95.5 0
56.7 37.9 0
94.2 13.1 4
108 56.5 4
94.5 67.6 4
120 83.8 0
156 12 4
136 68 4
189 1.63 4
177 1.13 4
162 32.8 4
199 82 0
170 89 0
8.4 68.4 0
46.5 13.2 0
21.9 94.3 4
26.3 98.7 4
107 60.6 4
134 29.5 4
141 68.5 4
145 68.5 0
141 98.5 1
145 98.5 1
162 14.4 4
191 68.2 4
176 98.3 0
11.2 37.9 0
6.93 86.3 0
48.3 93.9 4
86.5 1.8 0
71.5 59.5 4
98.6 1.03 0
92.8 30.9 4
93.7 42.3 4
115 28.3 4
129 42.1 4
156 42.1 4
148 61.4 4
157 86.7 1
143 84.5 1
187 6.23 4
174 25.8 4
200 98.9 4
195 78.8 0
194 71.4 4
193 79.7 0
0.775 46.9 0
0.65 68.8 0
22.2 2.9 0
51.3 38.9 0
65.8 16.4 0
75.1 61.2 4
79.1 59.1 4
59.2 90.5 4
100 1.03 0
93.3 2.38 0
110 46.8 4
104 73.5 4
102 72 4
151 33.7 4
156 67.6 4
140 80.6 0
133 88.2 1
156 97.6 1
180 34.7 4
191 57 4
189 59.5 4
162 60.1 4
173 91 0
193 91.2 4
18.3 23 0
31.3 68.3 0
28.5 59.9 0
32.3 82.7 4
37.8 81.9 4
42.8 98.3 4
67.1 24.5 0
79.4 53.1 4
113 29.6 4
122 59.5 4
105 68.6 4
121 67 4
170 26.7 4
173 46.5 4
33.1 68.3 0
21.3 59.6 0
33.9 98.2 4
32.3 87.8 4
77.9 82.4 4
91.5 7.83 0
112 46.8 4
107 90.6 4
151 29.5 4
137 46.8 4
187 51.1 4
162 56.3 4
4.43 68.4 0
21.8 88.6 0
70.9 13.1 0
51.9 57.9 4
71.1 68.4 4
51.9 87.9 4
70.1 80.5 4
71.2 98.2 4
70.9 71.6 4
76.7 86.8 4
92.4 18.8 4
156 2.83 4
140 46.8 4
137 71.7 4
136 98.1 1
177 46.5 4
162 87.9 1
191 71.4 4
17.5 0.65 0
18.8 0.65 0
18.8 45.6 0
4.7 55.2 0
17.5 45.6 0
43.2 1.2 0
21.9 28.5 0
23.1 26.7 0
48.1 27.5 0
21.8 56 0
39.2 53.1 0
30.5 85.2 4
21.8 86.9 0
29.8 91.4 4
72.7 13.1 0
88.1 27.5 4
64.8 57.9 4
66.6 60.7 4
72.9 68.4 4
51.9 56.1 4
56.9 46.2 4
61.9 57.5 4
73 98.2 4
51.9 86.1 4
111 16.3 4
114 16.9 4
113 55.7 4
115 51.8 4
124 45.6 4
123 45.6 4
127 56 4
127 86 0
148 71.8 0
139 71.7 4
171 81.8 0
162 86.1 1
12.8 1.93 0
8.25 95.3 0
21.3 32.8 0
24.2 97.7 4
38.8 90.5 4
30.3 98.7 4
56.9 8.5 0
74.1 88.7 4
107 30.3 4
146 71.8 0
165 13.8 4
48.3 89.9 4
53.5 97.4 4
124 38.9 4
99.7 53 4
123 63.6 4
148 91.3 1
18.1 8.33 0
26 1.3 0
29 1.58 0
26.3 7.38 0
60.5 36.5 4
53.5 46.2 0
117 68.8 4
111 93.9 0
93.2 92.8 4
117 98.8 1
117 71.2 4
132 61.7 4
131 68.7 4
131 98.7 1
181 46.5 4
164 67.6 4
78.7 16.2 4
124 8.25 4
91.5 6.13 0
123 75.5 4
185 13.6 4
1.83 81.2 0
57.5 31.6 0
88.8 81.4 4
122 31.1 4
116 89.3 0
158 8.28 4
159 51.9 4
126 64.3 4
126 94.3 1
169 30.8 4
3.2 6.88 0
18.3 36 0
4.48 59.6 0
5.58 79.2 0
38.6 16.1 0
46.1 97.3 4
68 34 4
51.3 81.3 4
55.1 98.3 4
87.4 93 4
91.5 20.5 4
118 16.6 4
124 37.1 4
171 36.1 4
161 81.3 0
164 89.7 1
0.475 12.6 0
18.8 39 0
9.48 54.1 0
38.6 71.3 4
106 1.65 4
110 12.5 4
91.4 38.6 4
91.9 51.9 4
107 96 4
95.4 99 4
127 38.3 4
158 38.3 4
161 51.8 4
165 68.5 4
195 98.6 4
21.1 7.7 0
47.1 25.8 0
35.7 18.4 0
87.1 25.8 4
75.7 18.4 0
59.6 65.5 4
106 4.13 4
117 13.7 4
97.4 30.5 4
115 26.2 4
130 80.5 0
151 89 1
185 71.5 4
18.1 6.63 0
12.7 71.4 0
37 43.2 0
77 43.2 4
77.9 18.4 4
59.4 51.8 4
51.6 48.7 0
51.6 47.4 0
96.3 2.45 0
123 82 0
133 91.7 1
174 13.7 4
167 60.7 4
11.5 16.4 0
41.5 34 0
27 72.7 0
63.3 1.6 0
82.6 35.8 4
64.4 32.5 0
124 6.55 4
116 59.3 4
105 98.5 4
36.7 13.4 0
47.2 7.55 0
43 35.9 0
37.9 18.4 0
81.8 23 4
91.4 36.8 4
99.5 31.5 4
158 6.58 4
127 36.6 4
158 36.6 4
148 46.5 4
158 48.2 4
193 1.63 4
169 10.6 4
173 16.3 4
173 71.4 4
81 33.8 4
60.8 34 0
73.2 42 4
63.5 72 4
102 23.7 4
106 49.6 4
146 46.5 4
127 66.4 4
127 96.4 1
176 13.7 4
168 8.15 4
174 23.4 4
194 85.4 0
18.3 21.4 0
18.7 73.6 0
41.8 22.9 0
44.4 98.3 4
56.7 1.33 0
82.8 13.6 4
54.7 61 4
112 26 4
92.9 48.1 4
112 98.8 0
171 33.7 4
9.48 16.4 0
16.3 18.6 0
21.1 6 0
48.9 81.4 4
51.6 35.9 0
78.6 71.1 4
137 1.18 4
128 16.4 4
157 16.4 4
154 46.3 4
154 71.7 0
176 16.3 4
192 23 4
194 57.8 4
191 46.3 4
198 62.5 4
176 71.4 4
196 86 0
46.6 2.15 0
48.7 66.6 4
64.8 26.2 0
63.1 24.3 0
88.7 66.6 4
88.7 96.6 4
99.3 23.4 4
92.7 23.9 4
104 16.2 4
102 16.2 4
122 83.8 0
148 13.7 4
139 1.18 4
174 6.25 4
193 30.5 4
191 32.5 4
186 16.3 4
168 24.8 4
18.3 31.5 0
9.2 80.9 0
18.7 77 0
31.1 59 0
35.2 61.3 0
23.4 71.4 0
87.4 11.9 4
85.4 29.4 4
56.6 16.9 0
82.3 29.8 4
56.6 71.9 4
122 17.5 4
102 97.5 4
131 1.98 4
131 13.2 4
146 13.7 4
149 54.5 4
136 86.6 1
136 81.4 0
167 16.8 4
191 52.6 4
198 55 4
182 89.6 4
167 71.9 0
25.7 17 0
43 43.7 0
42.5 30 0
83 43.7 4
82.5 16.2 4
52.6 25.9 0
65.6 72 4
112 1.2 4
124 32.6 4
96.4 46.3 4
137 13.9 4
131 16.4 4
154 16.4 4
196 25.2 4
197 19.5 4
162 35.9 4
164 25.9 4
167 46.2 4
199 53 4
187 95 4
0.625 7.93 0
9.28 61.1 0
21.1 1.6 0
21 13.3 0
25.9 39 0
26.7 43.8 0
31.9 54.9 0
38.2 55.2 0
69.1 20.8 0
88.8 77.6 4
91 13.3 4
111 68.8 4
115 92.1 0
111 71.2 4
139 13.9 4
126 13.3 4
158 13.9 4
140 22.9 4
145 22.9 4
126 18.6 4
159 18.6 4
149 83.4 1
159 77.2 0
191 16.3 4
168 41.1 4
191 83.1 0
189 78.2 0
8.13 13.9 0
45 1.2 0
42.5 16.1 0
21.3 22.5 0
46.5 68.9 4
45.7 83.5 4
51.3 22.4 0
86.5 68.9 4
55.1 46.2 0
76.8 74.4 4
86.5 98.9 4
51.3 77.4 4
99.8 33.6 4
124 22.1 4
99.7 57.1 4
92 94.6 4
95.9 71.9 4
114 98.8 1
127 11.5 4
141 20.3 4
144 20.3 4
129 71.3 4
185 4.6 4
193 43.8 4
161 22.3 4
197 23.8 4
180 95.3 4
161 77.4 0
180 92.2 4
6.18 97 0
48.5 5.9 0
45.5 29.5 0
21 43.3 0
48.7 64.5 4
21.1 73.6 0
42.4 71.3 4
57.2 10.9 0
66.7 43.8 4
53.7 31.5 0
88.7 64.5 4
88.7 94.5 4
93.9 34.6 4
104 43.7 4
102 43.7 4
92.3 44 4
100 60.4 4
113 68.8 4
91.2 88.8 4
113 71.2 4
130 29.2 4
127 44 4
158 44 4
178 6.58 4
167 1.35 4
194 3.83 4
163 46.2 4
3.53 43.8 0
1.38 43.8 0
21.3 37.7 0
31.7 16.1 0
25.5 71.4 0
65.8 12.9 0
71.7 16.1 0
59.8 95.4 4
97.7 25.3 4
91.2 87.1 4
148 1.08 4
148 43.9 4
137 43.9 4
126 21.9 4
159 21.9 4
144 53.9 4
133 77.4 0
198 65.5 4
167 96.1 1
199 84.8 0
191 88.5 0
9.75 1.4 0
3.8 16.6 0
1.65 16.6 0
16.2 71.4 0
17.5 71.4 0
43.1 13.9 0
49.1 13.3 0
34.2 2.15 0
28.2 24.8 0
47.7 42 0
33.5 16.1 0
43.1 68.9 4
86.9 7.25 0
89.1 13.3 4
69.7 27 0
87 20.4 4
87.7 42 4
73.5 16.1 0
83.1 68.9 4
81 89.5 4
81.7 80.3 4
88.7 89.2 4
83.1 98.9 4
105 13.7 4
96.4 13.8 4
118 37.3 4
101 46.3 4
91.5 77.4 4
146 1.08 4
140 43.9 4
145 43.9 4
131 71.3 4
141 74.4 0
170 55.4 4
179 81.6 0
32.4 42 0
30.4 78.9 0
39.7 78.3 4
21.1 76.9 0
83.1 1.15 0
88.7 87.4 4
84.5 73.2 4
112 13.7 4
113 1.2 4
117 40.8 4
111 43.8 4
104 26 4
110 63 4
155 29.3 4
126 73.5 4
144 74.5 0
188 37 4
191 43.8 4
164 31.7 4
181 62.2 4
197 90.2 0
2 13.9 0
4.15 13.9 0
9.15 35 0
18.9 88.8 0
46.9 20.4 0
49.1 43.3 0
22.3 69 0
22.3 99 4
88.3 8.75 0
89.1 43.3 4
68 79 4
68.9 84.3 4
102 12.5 4
92.9 12 4
92.3 69 4
127 0.95 4
158 0.95 4
126 67.7 4
158 69 0
159 63.1 4
126 97.7 1
158 99 1
174 3.83 4
184 27.7 4
185 59 4
176 79.3 0
173 79.3 0
192 95.7 4
18.7 58.7 0
16.4 52.9 0
18.1 46.9 0
18.9 87 0
47.8 12.1 0
29.7 26.7 0
23.6 39.2 0
21.3 35.9 0
30.7 43.8 0
21.3 25.7 0
24.4 49.9 0
44.8 48.7 0
44.3 51.3 0
41.7 46.8 0
46.9 75.5 4
30.8 71.3 0
52 13.9 0
84.8 48.7 4
84.3 51.3 4
81.7 46.8 4
61.5 88.9 4
69.9 87 4
66 90.8 4
114 13.7 4
91.3 26.9 4
91.3 28.1 4
113 43.8 4
123 28.2 4
123 26.9 4
91.5 63.2 4
123 46.9 4
105 71.6 4
129 2.93 4
135 34.7 4
159 93.2 1
188 3.93 4
161 13.3 4
179 39.6 4
181 65.1 4
188 64.9 4
168 80.1 0
