11.2 9.98 1
0.525 8 1
4.88 50.2 0
14 67.7 0
2.13 74.3 0
4.63 77 0
46 11.4 0
37.4 7.83 0
47.3 23.7 0
42.6 23.8 0
19.4 20.3 1
34.9 8.68 0
45.1 40.1 0
17.3 30.8 0
16.4 58.5 0
45.6 52.5 0
19.2 40.8 0
21.3 75.4 0
39.3 95.3 0
28.4 74.6 0
16.4 88.7 0
58.8 77.4 0
43.1 98.9 0
16.4 86.9 0
52.5 70.9 0
24.4 87.7 0
64.4 15.1 0
82.6 23.8 0
80.8 50.7 0
74.3 26.5 0
62.3 69 0
71 50.2 0
64.8 80.5 0
82.2 71.1 4
61 97.7 4
118 24.2 0
91.5 1.1 1
110 15.4 0
106 16.3 0
110 51.5 0
91.2 57.3 4
91.2 59.1 4
92.3 69 4
91.2 87.3 4
159 17.1 0
169 18.4 0
139 1.63 0
137 1.63 0
159 5.9 0
163 23.7 0
161 12.5 0
130 10.4 0
168 1.1 0
166 44.5 4
146 41.9 4
153 32.6 0
155 36 4
122 30.9 0
131 52.1 4
153 48.2 4
143 80.9 4
169 77.7 4
162 71.1 4
156 77.3 4
158 75.9 4
187 7.6 0
178 20.8 0
199 8.73 4
187 1.15 4
181 11.7 0
174 35.2 4
196 32.6 4
172 69 4
199 55.1 4
198 95.7 0
171 87.3 4
171 89.1 4
171 97.7 4
0.475 10 1
5.23 1.28 1
2.13 26.2 1
13.7 36.8 0
4.08 26.2 1
13.5 77.1 0
13.2 99 0
22.4 11.4 0
26 15.2 0
58.4 9.28 0
39.8 14.5 0
52.5 1.25 1
59.1 1.75 0
30 12.8 0
16.3 23 1
43.1 38.6 0
52.7 44.8 0
21.9 40.2 0
24.1 48.5 0
34.3 26.5 0
44.8 26.5 0
22 28.6 0
46.5 68.9 0
43.1 68.9 0
38.9 52.7 0
34.9 59.7 0
43.2 71.6 0
46.5 98.9 0
88.1 18.5 0
68.9 1.28 1
67.2 2.8 1
87.8 1.1 1
69.9 39.5 0
61.6 36.7 0
83 68.3 4
85.7 51.8 0
88.7 77.4 4
83.1 98.4 4
116 11.4 0
102 35.7 0
112 32 0
109 66.4 4
102 61.4 4
117 72.4 4
91.2 76.9 4
118 70.9 4
91.2 89.1 4
158 12.7 0
147 20.8 0
155 23.8 0
165 1.23 0
122 24.2 0
131 1.33 0
134 20.2 0
124 23 0
129 64.6 4
135 60.3 4
140 33.4 0
159 53.4 4
155 26.3 0
163 68.4 4
157 26.3 0
146 90.9 4
143 90.6 4
147 84.6 4
122 76.8 4
163 98.4 4
123 73.5 4
174 15.4 0
172 8.2 0
185 1.15 4
193 17.6 0
185 17.5 0
196 6.25 4
171 63.1 4
185 27 4
183 61.2 4
190 46.6 4
200 36.5 4
187 81.2 4
185 79.6 4
185 98.1 0
171 76.9 4
186 90.7 4
182 98.1 0
176 95.2 4
13.6 8 1
13.7 38.4 0
8.05 26.2 1
9.05 71.6 0
51.2 14.8 0
49.1 2.9 0
57.5 21.4 0
58.4 19.8 0
54.5 23.3 0
34.3 1.25 0
33.9 55.6 0
50.7 53.1 0
59.1 26.9 0
17.9 26 0
16 27.9 0
36.4 40.3 0
19.1 33.4 0
56.1 33.8 0
16.9 94.3 0
25 98.7 0
53.1 98.8 0
58.7 94.4 4
16.3 72.2 0
70.8 18.2 0
73 24.1 0
74.3 1.25 1
80.1 47.5 0
85.7 45.2 0
84.4 26.7 0
61.6 38.3 0
88.6 64 4
89.1 26.9 0
88.6 94 4
119 20 0
94.3 36.1 0
118 69 4
91.2 63.1 4
91.2 93.1 4
111 78.2 4
119 77 4
114 71.5 4
95.6 71.4 4
118 99 4
158 15.1 0
152 14.8 0
134 17.6 0
122 18.5 0
130 23.8 0
157 23.8 0
140 17.4 0
140 12.7 0
145 34.5 0
160 40.1 4
164 26.7 0
143 61.2 4
124 33.6 0
121 37.3 0
148 68.7 4
169 64 4
145 68.7 4
121 27.9 0
123 26.1 0
155 53.3 4
128 61.6 4
131 44 0
148 61.2 4
127 54.4 4
168 26.3 0
145 39 0
128 47.5 4
146 77.1 4
153 76.5 4
152 74 4
129 83.7 4
122 88.1 4
130 71.3 4
148 98.7 4
122 86.3 4
168 94 4
128 71.3 4
145 98.7 4
121 72.2 4
180 15.2 0
172 6.5 0
192 37.6 4
171 37 4
186 61.3 4
192 26.2 4
182 68.7 4
185 68.7 4
194 26.2 4
186 45.1 4
179 34.9 4
178 36.5 4
171 93.1 4
199 84.9 4
196 79.5 4
193 81.1 4
186 85 4
194 84.9 4
176 71.4 4
13.6 6.3 0
13.9 1.75 0
12.7 26.3 0
2.88 84.7 0
6.58 84.1 0
36.4 1.25 0
54.3 26.6 0
54.2 68.4 0
44.3 50.4 0
16.9 69 0
58.8 52.4 0
34 42.9 0
17.5 53.2 0
36.7 51.9 0
31.2 92.5 0
35 89.5 0
22.9 98.7 0
16.9 99 0
58.8 82.4 0
18.8 97.7 0
88.1 8.38 1
84.2 1.83 1
76.4 1.25 1
71.2 24.1 0
62.2 3.28 1
61.1 1.75 1
73.2 44.2 0
76.5 40.1 0
69.7 61.2 0
73.4 68.4 4
61 26.9 0
67.3 33.8 0
75.7 79.1 4
78.3 71.1 4
73.6 71.6 4
98.5 20 0
91.8 9.05 1
119 1.75 0
91.9 42.9 0
92.3 26.3 0
107 29.3 0
92.9 99 4
91.9 82 4
111 87.3 4
168 6.08 0
169 12.5 0
128 23.8 0
136 47.4 4
139 51.3 4
121 38.9 0
121 67.7 4
158 72.3 4
121 97.7 4
171 1.75 0
193 32.5 4
172 42.7 4
171 38.6 4
189 33.6 4
172 52.2 4
199 38.9 4
187 40 4
186 41.8 4
172 26.3 0
195 54.9 4
3.25 23.5 1
1.3 23.5 1
13.4 19.8 1
13.9 51.5 0
13.3 42.8 0
4.25 91.3 1
49.6 10.6 0
16.5 8.35 0
56.5 7.73 0
45.8 1.65 0
26.8 1.28 0
33.9 23.8 0
34.6 17.2 0
26.2 57.3 0
23.2 50.6 0
55.9 67.4 0
58.3 39.1 0
16.9 64.4 0
16.2 51.3 0
59 43.3 0
39.9 50.4 0
25 68.7 0
25.6 26.4 0
19.1 35.7 0
44.7 89.5 0
28.8 87.5 0
33.3 85.9 0
61.6 19.9 0
88.1 6.68 1
73.6 41.7 0
70.4 54 0
80.2 41.2 0
70.8 26.5 0
88.2 56.1 4
71.6 68.4 0
88.5 39.5 0
61.7 75.6 0
71.1 78.9 4
71.8 71.6 4
94.6 14.4 0
92.9 1.1 1
112 1.13 1
93.9 29.8 0
91.6 37 0
118 55.7 4
118 33 0
119 43.4 0
119 86.1 4
122 8.38 0
145 15.6 0
167 7.78 0
154 1.25 0
143 4.93 0
166 2.33 0
128 41.3 0
169 39 4
141 26.6 0
145 26.6 0
149 41.1 4
155 43.4 4
143 52.8 4
121 47.2 4
138 85.9 4
136 85.6 4
131 80.6 4
169 81.5 4
177 1.65 0
171 19.9 0
179 9.88 0
174 29.7 4
196 39.1 4
172 81.9 4
176 92.7 4
5.75 11.2 1
10.8 15.1 1
8.73 1.45 0
12.5 21.4 1
8.08 98.6 0
16.5 6.65 0
36.9 17.3 0
28.6 1.28 0
16.9 1.1 0
48.7 33.6 0
26.9 54.9 0
43.2 26.5 0
31.5 68.6 0
33.3 68.6 0
22.9 68.7 0
16.2 47.6 0
21.8 36.7 0
18.7 67.8 0
78.4 14.7 0
80 10.8 0
62.5 21.5 0
77.3 26.5 0
61.2 47.4 0
77.3 87.6 4
78.1 82.1 4
87.9 86.1 4
91.8 7.35 1
111 16.7 0
117 22.8 0
118 59.2 4
91.6 38.6 0
119 47.1 4
118 26.3 0
108 38.7 0
111 83.8 4
118 89.5 4
109 89.4 4
144 7.33 0
152 20.6 0
122 6.68 0
156 1.25 0
122 1.1 0
133 34.3 0
168 56.1 4
141 58.8 4
129 50.6 4
168 86.3 4
136 71.9 4
179 1.65 0
172 21.5 0
195 51.5 4
190 40.4 4
193 61.6 4
193 44.3 4
199 61.7 4
199 89 4
1.3 1.28 1
6.75 2.73 0
6.43 14.6 1
3.5 68.5 0
1.55 68.5 0
12.6 65.7 0
13.5 55.8 0
13.9 47.8 0
13.1 86.7 0
6.2 98.6 0
2.2 88.9 0
32.6 12.9 0
52.9 23.3 0
58.4 18 0
50.8 36.1 0
44 35.7 0
49.4 40.3 0
46.5 26.5 0
37.3 26.5 0
39.7 45.9 0
59 47 0
56.9 55.6 0
21.6 32.5 0
40.6 88.5 0
51.8 89.4 0
33.3 71.6 0
36.2 79.8 0
47.7 71.7 0
46.4 73.3 0
23.5 80.4 0
85.9 2.93 1
72.8 28 0
82.8 26.7 0
63.8 67.4 0
66.8 26.5 0
66.8 55.1 0
87.4 28.6 0
74.9 89.6 4
73.2 98.2 4
62.7 73.9 0
68.7 90.1 4
76.8 72.6 4
61.9 86.1 0
72.2 87.7 4
87.3 90.7 4
119 6.03 0
114 23.5 0
104 11.6 0
103 13.5 0
111 63 4
137 22.8 0
163 1.23 0
138 48 4
152 34.8 0
163 26.7 0
167 60.7 4
149 37.1 4
147 47.8 4
167 90.7 4
190 8.93 0
190 59.2 4
199 34.1 4
181 45.5 4
181 26.8 4
174 67.3 4
181 58.6 4
186 75.2 4
13.6 59.6 0
11.9 41 0
2.25 77.2 0
13.1 88.5 0
0.75 71.8 0
58.4 12.4 0
31 23.1 0
55.8 3.63 0
50.6 44.3 0
30.7 26.8 0
30.7 60.9 0
52.7 26.6 0
52.6 68.4 0
16.2 38.7 0
58.1 64 0
55.6 48.9 0
16.2 37.1 0
38.6 90.3 0
26.7 86.5 0
33.6 81.3 0
31.5 71.6 0
57.5 74.1 0
34 98.4 0
30.2 97.9 0
57.1 85.5 0
85.9 22.6 0
82.6 1.83 1
61.6 60 0
87 35 0
87.2 60.6 4
71.4 98.2 4
69.5 81.2 4
61.3 89.7 4
62.3 95.8 4
119 18.2 0
105 31.1 0
118 63.2 4
93.4 44.7 0
110 55.5 4
99.3 47 0
94.3 67.6 4
118 93.5 4
105 79.5 4
166 22.5 0
122 21.8 0
137 68.3 4
159 45.5 4
129 37.9 0
166 28 0
139 68.3 4
137 26.8 0
149 26.9 0
137 98 4
145 71.6 4
140 98 4
122 83.4 4
140 71.6 4
167 74.4 4
190 23 4
186 23 4
173 3.4 0
197 12.9 0
173 44.4 4
183 28.8 4
173 41.2 4
195 68.6 4
174 50.5 4
193 72 4
191 88 4
198 91.3 4
191 72 4
12.5 3.2 0
9.18 68 0
13.6 63.6 0
42.5 1.55 0
16.9 17.5 1
47.4 1.65 0
57.8 23.8 0
57.8 0.65 0
27 23.1 0
26.6 49.6 0
57.8 25.6 0
19.1 27.3 0
17.3 29.1 0
16.6 26.6 0
42.2 55.5 0
57.3 28.5 0
26 81.4 0
29.4 79.2 0
58.7 72.2 0
58.8 89.2 4
65.9 23.4 0
61.6 18.1 0
87.8 23.8 0
81.9 45.9 0
83 35.9 0
66.3 59.2 0
61.2 56.1 0
88.3 32.2 0
65.9 68.4 0
61.6 64 0
87.8 25.6 0
86.5 73.2 4
61.7 77.2 0
87.8 71.3 4
102 23 0
119 8.93 0
119 23 0
113 10.1 0
96.5 30.2 0
112 57.1 4
97.7 34.8 0
113 69 4
118 52.7 4
114 26.4 0
116 68 4
109 80.3 4
102 72 4
119 72.2 4
141 23.5 0
145 23.5 0
168 23.8 0
121 23 0
146 36.5 4
161 43.9 4
153 68.4 4
122 29.2 0
131 26.6 0
122 26.7 0
124 27.4 0
149 58.7 4
167 34.8 4
147 88.8 4
169 72.2 4
167 83 4
182 23.5 4
179 16.4 0
197 15.3 4
173 63.4 4
176 68.2 4
191 68.3 4
172 47.5 4
189 88.1 4
193 91.2 4
182 72 4
190 98.2 0
7.43 9.38 1
9 23.4 1
13.4 18.1 1
12.7 23.8 0
12.7 68.7 0
11.2 72.9 0
12.7 71.3 0
14.3 97.7 0
16.9 13.7 0
22.9 22.8 0
36.9 23.8 0
32.8 28.3 0
58.8 36.3 0
48.2 53.1 0
22.3 26.3 0
58.7 67.7 0
15.6 67.7 0
29.7 59.1 0
47 96.9 0
25.7 71.7 0
58.8 84.2 0
51.7 81.5 0
58.7 97.7 4
15.6 97.7 0
17.5 96.4 0
61.6 12.6 0
88.1 13.4 0
62.3 23.8 0
62.7 9.1 0
83.2 38.5 0
88.2 53.1 0
88.7 36.5 0
62.9 49 0
87.3 66.1 4
88.7 67.7 4
61.3 67.7 0
62.3 25.6 0
62.7 44.6 0
61.8 52.2 0
65.7 98.1 4
66.1 71.7 0
61.3 93.7 4
87.3 96.1 4
62.3 71.3 0
88.7 97.7 4
62.3 98.7 4
92.5 20.4 0
91.8 12.2 0
106 23.5 0
118 13.1 0
110 23.5 0
92.3 23.8 0
114 7.1 0
104 34 0
96.5 68.6 4
93.5 41.3 0
101 68.6 4
110 26.9 0
105 68.4 4
111 69 4
91.5 47.6 0
99.6 41.6 0
119 67.7 4
102 27.9 0
117 42.1 0
91.3 67.7 4
105 71.5 4
110 71.5 4
94.4 78.3 4
118 73.7 4
119 83.2 4
93.4 72.7 4
92.3 71.3 4
119 97.7 4
90.7 97.7 4
135 4.25 0
122 13.1 0
161 21.1 0
149 1.6 0
129 3.15 0
169 10.6 0
161 51.2 4
159 49.2 4
131 67.9 4
168 32.2 4
157 68.1 4
167 66.1 4
121 42 0
169 67.7 4
128 32.6 0
123 54 4
121 55.7 4
130 35.7 0
135 81.2 4
153 98.4 4
131 73.2 4
130 98.4 4
149 71.4 4
157 98.4 4
167 96.1 4
169 97.7 4
122 94 4
137 79.1 4
176 23.5 0
195 23.6 4
171 18.2 0
172 23.8 0
177 30.3 4
181 49.2 4
171 67.7 4
191 34.2 4
174 53.4 4
194 98.6 0
173 72.7 4
172 71.3 4
172 96.4 4
172 98.7 4
1.38 27.8 1
12.3 52.5 0
57.3 42.3 0
58.2 32 0
58.8 54.2 0
16.4 55.5 0
16.3 31.7 0
34.7 52.7 0
16.8 42.8 0
19.6 53.2 0
54 36.4 0
31.4 55.6 0
19.7 91.9 0
23.6 71.7 0
17.6 83.8 0
57.4 96.5 4
16.2 81.8 0
57.5 79.9 0
61.1 5.15 0
64.8 1.53 1
63 2.18 0
88.5 42.5 0
87.9 83.1 4
98.9 14.9 0
100 1.38 1
118 2.93 0
117 57.2 4
107 58.6 4
116 38.2 0
102 54.6 4
118 34.8 0
108 36.2 0
93.3 63.8 4
93.3 93.7 4
112 73 4
117 87.9 4
128 1.83 0
139 28.4 0
169 36.2 4
168 53.1 4
153 28.2 0
169 42.1 4
127 26.3 0
145 51.5 4
122 48.6 4
128 98.4 4
154 71.3 4
123 96.1 4
172 12.8 0
173 56.6 4
180 41.2 4
191 56.7 4
173 83 4
177 98.1 0
13.2 0.65 0
11.3 28 0
10.6 44.9 0
8.8 28 1
11.8 94.1 0
3.88 71.3 0
10.7 96.2 0
13.3 82.1 0
22.1 1.8 0
15.6 1.75 0
18.4 2.9 0
25.8 51.7 0
51.7 51.2 0
41.8 51.2 0
37.8 68.3 0
17.9 46 0
23.5 27.6 0
17.5 66.5 0
57 60.5 0
37 98.4 0
38.2 71.9 0
16.4 85.7 0
46 80.6 0
25.9 96.6 0
77.1 23.3 0
86.3 17.6 0
88.7 1.75 1
61.9 0.65 0
78 68.1 4
75.5 26.5 0
77.7 98.2 4
61.9 83.2 0
118 0.65 0
90.7 1.75 1
112 2.8 1
109 60.2 4
91.9 53 4
93.1 56.6 4
102 26.2 0
93.6 83 4
99.5 98.6 4
115 71.5 4
167 17.5 0
121 1.75 0
140 3.88 0
123 2.93 0
169 1.75 0
147 28.4 0
121 31.8 0
121 52 4
147 52.9 4
154 49.8 4
141 81.1 4
157 71.3 4
134 93.9 4
172 0.65 0
200 16.2 4
188 2.5 4
192 51.3 4
184 35.2 4
189 54.9 4
173 86.6 4
186 96.3 0
173 78.9 4
13.6 32.2 0
13.7 26.9 0
43.1 16.4 0
32.6 21.9 0
16.9 23.8 0
37.7 2.8 0
58.9 59 0
19.6 61.6 0
35.5 26.5 0
25.8 66.7 0
42.4 73.5 0
16.9 71.3 0
68.3 15 0
70.7 16.6 0
72.9 14.7 0
70.6 13.1 0
62.2 28.6 0
85.4 59 4
88.8 89.2 4
101 12.5 0
95.9 23.2 0
91.5 17.9 0
100 9.58 0
102 9.5 0
105 26.2 0
117 27.6 0
91.3 26.9 0
119 26.9 0
101 84.2 4
116 95.9 4
151 16.6 0
145 1.33 0
123 17.3 0
155 22.1 0
149 23.6 0
167 13.4 0
147 16.8 0
158 2.48 0
169 59.2 4
135 42.3 4
159 33 4
165 59.1 4
169 26.9 4
122 68.7 4
121 63.4 4
153 51.7 4
149 67 4
138 73.5 4
124 77.6 4
165 89.3 4
122 98.7 4
122 71.3 4
187 13.8 0
171 26.9 4
179 81.4 4
172 93.9 4
0.675 98.4 1
12.1 97.6 0
56.2 22.1 0
57.8 3.03 0
57.4 92.9 4
74.2 24.1 0
74.9 22.3 0
71.7 2.53 1
61.2 32.2 0
64.3 42.8 0
86.1 27.3 0
88.7 59.1 4
85.3 89.1 4
108 1.13 1
118 21.6 0
117 32 0
92.1 97.7 4
93 86.4 4
117 98 4
113 96.8 4
128 67.7 4
168 47.5 4
123 59.5 4
123 65.5 4
168 89.2 4
122 85.2 4
149 97 4
172 9.43 0
199 11.9 4
183 50.2 4
200 98.4 0
178 88.8 4
13.6 12.6 0
12.1 57.6 0
13.7 39.5 0
13.9 94.2 0
46.6 18.7 0
58.4 10.5 0
45.9 21.2 0
49.9 20.7 0
54.5 2.53 0
26.2 42.8 0
56 27.2 0
56.9 47.7 0
32 96.3 0
76.2 66.5 4
61.6 39.5 0
74.6 68.4 4
77.9 74.5 4
63.2 88.1 4
74.8 71.6 4
112 22 0
91.3 32.7 0
116 49.8 4
93.5 96.3 4
139 21.3 0
131 88.5 4
173 10.7 0
181 4.23 0
171 32.7 4
181 85.8 4
182 90.1 4
11.8 2.1 0
12.3 35.4 0
7.3 72.9 0
44.3 3.2 0
56.8 14.2 0
25.6 1.28 0
35 23.8 0
43.9 54.3 0
56.8 66.1 0
39.7 54.7 0
17.9 27.9 0
53.6 78.6 0
50.4 72.5 0
61.6 10.7 0
88.4 47.8 0
70.1 66.7 0
88.2 55 4
70.4 73.3 4
104 21.5 0
98.5 1.38 1
118 54.6 4
117 64.3 4
113 99 4
97.6 75.2 4
97.3 77.8 4
119 85 4
96 73.2 4
123 11.2 0
147 5.33 0
131 22.4 0
168 4.85 0
149 10.5 0
129 17 0
167 2.98 0
155 66.5 4
129 57.8 4
160 28 0
129 27.9 0
123 28 0
121 40.1 0
164 75.4 4
163 77.3 4
124 82.3 4
197 1.25 4
172 5.28 0
175 1.65 0
184 21.6 4
174 2.3 0
193 67 4
171 39.8 4
191 27.8 4
173 66 4
11.2 22.2 0
9.95 1.45 0
13.6 5.08 0
11.3 66.7 0
18.4 11.7 0
16.5 9.58 0
24 3.08 0
47.7 22.4 0
25.5 20.9 0
35.9 66.9 0
58.3 40.3 0
17.8 59.7 0
34.5 68.6 0
47.7 79.3 0
57.2 87.5 0
52 75.5 0
63.8 22.2 0
88.5 40.6 0
62.9 66.1 0
62.8 35.3 0
65.9 28.2 0
62.8 58.4 0
87.2 38.5 0
61.6 43.4 0
64 73 0
87.9 85 4
63.6 96.8 4
91.8 10.3 0
115 23.5 0
103 67 4
112 28.3 0
118 66.7 4
93.4 66.3 4
104 73.4 4
93.3 80.2 4
98 98.6 4
92.6 77 4
122 9.6 0
162 18.6 0
137 2.93 0
135 6.63 0
145 11.7 0
168 55 4
139 41.3 4
140 39.4 0
166 36.4 4
123 44.2 0
146 73 4
155 96.7 4
168 85.2 4
174 22.3 0
193 21.6 4
192 96.8 0
177 77.5 4
176 73 4
178 75 4
182 96.7 0
13.5 54.6 0
3.58 43 0
4.18 44.9 0
2.98 33.1 1
8.2 45.5 0
13.1 85.6 0
16.5 5.43 0
56.7 5.5 0
31.4 2.53 0
17.1 3.55 0
57.1 38 0
49.3 67.2 0
36.4 49.9 0
30.6 48.8 0
43.2 57.4 0
40.4 28 0
36.4 48 0
25.4 33.8 0
36.3 73.5 0
34.5 71.6 0
18.4 93.5 0
58.8 81.3 0
50.8 96.8 0
17.8 90 0
45.7 83.1 0
51.7 70.9 0
78.6 4.4 1
88.1 5.45 1
80.2 20.7 0
86.8 3.58 1
62.7 46.4 0
63 53.5 0
75.6 96.4 4
74.3 98.2 4
61.9 85 0
85.4 80.3 4
87.3 92.5 4
114 2.85 0
91.9 54.9 4
118 40 0
91.6 39.7 0
104 41 0
117 48.3 4
104 50.1 4
138 10.3 0
122 5.45 0
163 22.3 0
158 23.8 0
122 3.58 0
169 40.2 4
167 62.5 4
158 26.3 0
157 86.2 4
167 92.5 4
167 78.1 4
167 80.1 4
184 1.15 4
197 43.7 4
172 54.8 4
185 28.2 4
172 84.8 4
13.6 34.1 0
13.9 50.4 0
11.7 43.2 0
13.9 49.1 0
2.13 73.1 0
11.4 84 0
13.5 77.9 0
37.9 22.1 0
42.8 22.5 0
22.6 61.7 0
47.4 68.9 0
41.9 65.9 0
30.7 46.5 0
59 44.4 0
59 45.7 0
43.4 67.6 0
45.3 46.9 0
55.2 58.9 0
22.8 91.9 0
57.1 84.3 0
35.2 98.4 0
22 98.7 0
42.3 79.4 0
20 98.7 0
58.8 78.2 0
53.3 73.8 0
82.4 22.5 0
76.8 2.58 1
67.5 47.9 0
63.5 27.4 0
86.8 57.5 4
87.2 62.4 4
79.7 29.8 0
87.5 77.8 4
81.8 75.9 4
83 74 4
118 7.3 0
117 1.83 0
119 4.8 0
115 69 4
117 45.7 4
115 26.4 0
112 45.3 4
117 44.4 0
117 82.3 4
132 2.83 0
125 23.8 0
127 23.8 0
158 4.65 0
167 57.6 4
168 37.8 4
151 43.3 4
123 36.7 0
161 66.5 4
162 68.4 4
122 46.1 4
167 87.8 4
160 96.7 4
127 72.5 4
162 98.4 4
125 73.8 4
182 47.4 4
198 49.2 4
171 62 4
197 27.5 4
171 60.1 4
172 80.8 4
181 94.9 0
171 77.7 4
173 97.3 0
12.2 9.05 0
0 67.2 0
6.98 26.2 1
2.2 46.4 0
5.15 26.2 1
12.7 47.2 0
11.8 79.3 0
6.03 78.5 0
49.9 2.9 0
33.2 1.25 0
51.8 1.25 0
41.5 20.8 0
29.1 36.5 0
57 57.4 0
49.2 51.2 0
18.3 63.4 0
23.3 46.9 0
17.3 49.7 0
57.5 51.8 0
17.3 48.3 0
44.7 49.1 0
16.2 39.9 0
18 41.4 0
42.8 95.9 0
43.5 97.8 0
52.4 98.8 0
69.9 1.28 1
73.1 1.25 1
86.6 51.7 4
87 33.8 0
80.9 66.4 4
61.2 34.1 0
82.3 68.3 4
61.2 55 0
80.6 96.5 4
82.3 98.4 4
81.8 72.1 4
79.9 72.1 4
86.7 87.6 4
93.8 22 0
115 1.18 0
110 1.13 1
118 28.2 0
91.2 62 4
113 49.4 4
91.2 60.1 4
112 43.1 0
99 57.5 4
104 47.7 0
101 81.7 4
91.8 84.7 4
119 77.8 4
98.7 90 4
91.2 91.9 4
91.2 90 4
117 94.6 4
108 98.4 4
129 65.6 4
154 30.2 0
142 67 4
144 68.7 4
143 96.7 4
144 98.7 4
162 72.1 4
154 86.3 4
162 81.5 4
173 36.1 4
187 29.7 4
186 68.7 4
195 26.2 4
180 66.9 4
181 68.7 4
171 92 4
171 90.1 4
13.6 10.7 0
4.3 1.28 0
4.05 53 0
1.7 53.3 0
5.45 33.2 0
7.4 40.8 0
12.3 28.7 0
8.93 97.1 0
49.3 18.2 0
38.4 26.5 0
38.6 49.4 0
29.3 39.3 0
26.8 26.4 0
35.7 60.5 0
38.6 47.5 0
66.8 4.25 0
66.6 7.15 0
68.5 45.7 0
63.1 41.5 0
78.1 28.1 0
117 11.7 0
119 10.2 0
103 1.38 1
95.2 3.8 1
101 37 0
107 46.4 0
99.2 59.9 4
117 79.2 4
111 95.2 4
135 21.5 0
147 22.1 0
153 1.25 0
153 43.9 4
122 34.8 0
125 54.2 4
123 55.9 4
132 52.4 4
157 88.9 4
151 82.2 4
150 79.5 4
159 73.4 4
162 79.4 4
192 1.35 4
189 47.5 4
176 96.8 0
10.4 41.4 0
5.05 37.2 0
9.93 91.9 0
13.1 96.3 0
56.5 1.93 0
20 68.7 0
57 33.6 0
27.8 28.1 0
17.9 32.8 0
16.6 34.7 0
43.1 43.9 0
21.9 68.7 0
40.7 44.3 0
34.7 54.8 0
55.4 50.6 0
70.2 24.1 0
68.6 22.5 0
67.1 43.2 0
64.5 48 0
75.5 49.4 0
76.1 47.6 0
88.7 35.2 0
93.3 2.43 1
104 2.5 1
95.1 44.4 0
100 48.4 0
93 36.1 0
98.2 44.9 0
91.3 34.6 0
105 45.3 0
99 51.1 0
104 98.4 4
98.4 87.4 4
118 96.7 4
147 2.93 0
167 33.6 4
123 33 0
144 45.3 4
142 26.6 0
144 26.6 0
125 89.8 4
123 88.3 4
156 80.3 4
182 6.73 0
179 3.08 0
175 44.1 4
181 53.4 4
172 44.9 4
172 50.1 4
172 46.2 4
172 48.7 4
187 67 4
171 34.6 4
184 52.6 4
176 50.7 4
180 88.2 4
0.225 23.5 1
4.33 23.5 1
5.88 21.9 1
10.3 98.6 0
49.4 28.1 0
33.4 46.2 0
22.9 59.1 0
41.4 53.5 0
35.9 35.4 0
57 62.3 0
58.8 35.1 0
86.8 12.4 0
86.8 9.25 0
88.7 10.5 0
84.9 11.1 0
73.2 32.6 0
78.2 51.4 0
93.3 13.8 0
95.6 6.3 1
101 40 0
91.5 45 0
91.5 46.3 0
117 51.6 4
102 52.6 4
93.9 74.5 4
163 8.68 0
166 8.38 0
152 2.85 0
139 36.9 0
136 37.5 0
169 35 4
125 44.2 4
154 90.7 4
153 82.5 4
166 81.5 4
199 1.25 4
183 30 4
178 44.6 4
199 97 0
174 78.1 4
0.6 15 1
2.35 1.28 0
4.58 68.5 0
6.3 66.4 0
0.925 35.2 1
1.43 59.8 0
6.63 35.3 0
58.4 15.2 0
55.1 7.13 0
52 6.9 0
29.6 1.28 0
58.4 17.1 0
58.7 4.9 0
46.9 63.5 0
42.4 26.5 0
47.4 26.5 0
29.1 66.6 0
33.4 34.1 0
17.9 36.3 0
53.2 80.5 0
45.7 95.8 0
48.6 71.7 0
48.4 98.1 0
49.9 81.4 0
45 93.9 0
56.2 79.4 0
77.4 7.13 0
82.7 60.2 4
77 34.3 0
69.8 26.5 0
67.9 26.5 0
82 26.7 0
61.8 49.7 0
79.5 32.9 0
88.3 31.1 0
73.9 58.9 0
76.4 60 4
61.8 51.1 0
88.3 29.8 0
82.9 79.6 4
93.1 6.8 1
91.3 4.95 1
91.9 3.08 1
108 11 0
110 12 0
98.3 26.7 0
107 49.2 4
95.1 50.8 4
93.3 49 4
95 81.2 4
97.9 79.9 4
165 18.6 0
166 21.1 0
162 1.23 0
142 3.58 0
160 1.23 0
168 31.1 4
162 26.7 0
136 40.4 4
158 58.3 4
163 60.3 4
167 29.2 4
130 74.4 4
166 75.6 4
129 76.9 4
135 71.9 4
133 71.9 4
153 88.9 4
162 90.8 4
183 2.58 4
196 2.6 4
175 41.9 4
178 26.8 4
180 26.8 4
186 48.3 4
178 79.8 4
174 74.3 4
5.65 3.9 0
4.75 6.3 0
3.73 16.3 1
8.75 49.4 0
2.55 29 1
4.85 60.3 0
12.3 51.4 0
0.75 41.7 0
1.83 37.2 0
0.65 57.5 0
5.28 98.6 0
3.4 96.9 0
41.3 10.7 0
32.2 6.6 0
57.3 43.4 0
19.4 50.9 0
58.2 29.7 0
58.2 31 0
30.6 68.6 0
16.8 43.9 0
16.8 45.3 0
51.8 68.4 0
51.9 26.6 0
19.1 46.7 0
26.5 40.6 0
50 57.6 0
48.4 58.8 0
34.4 50.7 0
27.3 68 0
23.2 89.4 0
53.3 93.2 0
16.2 78.7 0
16.2 80.7 0
47.1 87.4 0
18.7 73.7 0
57.1 82.5 0
18.7 84.5 0
19 95.6 0
44.2 80.4 0
24 94.8 0
84.4 18.8 0
80.8 18.2 0
84.9 21.3 0
81.8 1.83 1
73 29.5 0
77.7 55.3 0
78.8 57.9 4
88.5 43.6 0
82.3 90.4 4
86.2 75.3 4
86.8 81.7 4
117 15.7 0
119 17.3 0
104 58.2 4
95.2 42.1 0
118 60.2 4
118 62.1 4
102 56 4
98.4 42.6 0
115 43 0
115 99 4
118 90.5 4
118 92.3 4
145 9.43 0
134 4.13 0
122 16 0
162 11.2 0
137 7.55 0
165 12.1 0
122 14.1 0
160 22.4 0
134 13.5 0
167 10.3 0
139 5.18 0
137 58.2 4
159 30 4
153 58.4 4
141 68.3 4
155 60.3 4
128 58.9 4
135 26.8 0
134 28.4 0
125 57.9 4
141 45.2 4
150 46 4
132 26.6 0
125 46.8 4
136 68.3 4
168 52 4
167 50.7 4
169 43.2 4
150 68.4 4
123 47.4 4
186 6.43 4
190 1.35 4
197 54.8 4
185 32.9 4
178 42.4 4
196 68.6 4
199 26.3 4
185 46.5 4
200 68.5 4
198 67.1 4
199 71.9 4
195 72 4
196 73.8 4
173 81.9 4
185 94.9 0
13.7 23.8 0
14.3 0.65 0
4.5 50.7 0
8.1 68 0
6.43 57.8 0
13.6 60.6 0
13.6 62.4 0
13.7 68.7 0
13.7 25.6 0
11.1 46 0
13.3 81 0
11 74.2 0
13.7 71.3 0
14.3 98.7 0
13.1 89.5 0
21 1.8 0
19.6 1.8 0
18.1 23.8 0
19.4 21.6 0
21.9 22.8 0
45.6 11.4 0
36.4 4.48 0
41.6 1.55 0
39 1.55 0
28.1 23.1 0
30 23.1 0
16.9 16.6 0
36.9 7.63 0
16.9 14.6 0
48.1 1.65 0
34.4 8.48 0
52.6 22.2 0
44 9.23 0
58.7 23.8 0
58.7 0.65 0
15.6 23.8 0
15.6 0.65 0
41 59.3 0
38.9 68.3 0
47.6 47 0
29.8 26.8 0
43.4 63.4 0
48.2 54.7 0
21.3 26.3 0
58.7 68.7 0
16.3 30.7 0
19.4 26.3 0
16.3 29.4 0
58.7 25.6 0
15.6 68.7 0
15.6 25.6 0
23.9 39.6 0
19.7 55.1 0
57.5 53.6 0
55.6 54.2 0
18.1 71.3 0
29.3 97.9 0
30.6 71.6 0
46 74.7 0
56.1 75.2 0
40.4 81.6 0
41.2 71.9 0
39.3 71.9 0
41.2 83.8 0
58.7 71.3 0
58.7 98.7 4
15.6 98.7 0
15.6 71.3 0
49.6 87 0
21.3 74.2 0
38.1 98.4 0
39.3 96.5 0
17.5 86.4 0
20.9 85 0
27.4 97.9 0
88.1 16.3 0
61.6 17.2 0
88.1 14.4 0
88.7 23.8 0
61.3 23.8 0
88.7 0.65 1
60.8 0.65 0
78.8 22 0
61.6 13.5 0
63.2 15.1 0
67.1 23.4 0
80.3 50.5 0
61.6 61 0
69 68.4 4
79.1 68.1 4
61.6 62.8 0
67.1 68.4 4
88.7 68.7 4
61.3 68.7 0
88.7 25.6 0
61.3 25.6 0
70.4 98.2 4
79.9 74 4
78.8 98.2 4
88.7 71.3 4
88.7 98.7 4
61.3 71.3 0
61.3 98.7 4
63.6 80.5 4
61.9 82.1 4
101 23 0
118 14 0
106 15.9 0
91.3 23.8 0
119 23.8 0
119 0.65 0
90.7 0.65 1
110 2.8 0
110 53.1 4
112 36 0
115 37.2 0
91.3 68.7 4
119 68.7 4
91.3 25.6 0
119 25.6 0
91.3 28.1 0
104 88.4 4
101 72 4
102 90.9 4
91.3 71.3 4
119 71.3 4
119 98.7 4
90.7 98.7 4
102 96.9 4
147 8.78 0
125 18.3 0
160 18.2 0
168 16.3 0
168 14.4 0
125 1.83 0
127 1.83 0
142 23.5 0
144 23.5 0
169 23.8 4
169 0.65 0
121 23.8 0
121 0.65 0
129 12.3 0
131 11.2 0
157 22.1 0
123 68.7 4
168 48.8 4
132 67.9 4
168 46.3 4
152 26.9 0
150 26.9 0
158 68.1 4
152 68.4 4
152 46.6 4
166 65.9 4
136 55.1 4
126 26.3 0
169 68.7 4
121 50.9 4
121 30.7 0
121 29.4 0
121 49.5 4
125 26.3 0
169 25.6 4
121 68.7 4
121 25.6 0
134 66.2 4
167 44.5 4
169 28.1 4
145 42.8 4
157 28.3 0
122 43.1 4
136 98 4
123 98.7 4
141 98 4
122 78.8 4
143 71.6 4
125 76.3 4
158 98.4 4
141 71.6 4
166 95.9 4
169 71.3 4
169 98.7 0
121 98.7 4
121 71.3 4
124 72.5 4
122 80.8 4
150 98.4 4
187 23 4
189 23 4
177 23.5 4
180 23.5 4
171 17.3 0
171 23.8 4
171 0.65 0
199 44.6 4
183 36.7 4
178 68.2 4
181 40.1 4
179 50.1 4
171 68.7 4
171 25.6 4
171 28.1 4
176 52.5 4
187 72 4
190 72 4
181 72 4
186 91.9 4
171 71.3 4
171 98.7 0
7.93 23.4 0
13.4 17.2 0
1.55 6.58 0
41 13.7 0
43.4 18.3 0
40.2 33 0
47.1 49.2 0
40 41.8 0
17.6 55.8 0
18.9 65.5 0
28.7 73.3 0
22.6 71.7 0
26.8 71.7 0
56 96.3 4
58.8 90.2 4
58.8 92 4
64.3 7.75 0
65.3 2.98 0
74.5 56.1 0
69.9 35.9 0
85.9 65.9 4
69.1 71.7 4
61.7 78 0
67.2 71.7 4
85.9 95.9 4
61.3 90.7 4
61.3 92.6 4
66.9 98.1 4
68.5 96.3 4
109 23.5 0
108 6.65 0
109 15.1 0
93.3 62.6 4
109 26.9 0
99.7 68.6 4
97.7 68.6 4
113 33.7 0
116 33.7 0
110 69 4
119 30.8 0
119 29.5 0
93.7 52.2 4
101 27.9 0
117 35.5 0
118 81 4
115 72.9 4
109 71.5 4
117 74.2 4
131 7.03 0
130 4.65 0
153 23.3 0
124 21.1 0
158 55.7 4
134 96.4 4
125 97.1 4
127 98.4 4
139 89.1 4
132 98.4 4
153 71.3 4
150 71.4 4
158 71.3 4
152 98.4 4
133 89.2 4
122 92.9 4
155 78.3 4
159 75.3 4
189 13.4 4
199 23.6 4
196 23.6 4
179 22 4
191 11.6 4
172 13.8 0
173 15.4 0
174 62 4
174 58 4
176 59.4 4
189 68.3 4
183 91.8 4
189 98.2 0
187 98.2 0
1.33 11 1
13.6 31.2 0
13.6 29.9 0
39.2 23.3 0
43.7 14.3 0
33.2 29.4 0
44.3 41.3 0
35.1 27.6 0
53.6 51.9 0
57.9 48.9 0
43.6 74.9 0
56.1 93.9 4
61.9 3.15 0
61.1 5.03 0
74.9 28 0
79 48 0
61.2 29.9 0
61.2 31.1 0
86.9 45.2 0
105 6.35 0
107 23.5 0
102 60.8 4
94.4 57.7 4
109 67.4 4
106 68.4 4
93.3 92.6 4
112 74.4 4
101 86.1 4
107 71.5 4
158 12.3 0
150 1.6 0
134 16 0
135 59.8 4
141 33.2 0
155 55.6 4
144 40.9 4
135 91.1 4
199 7.75 4
187 32.7 4
189 26.6 4
179 37.6 4
174 87.5 4
195 98.6 0
178 98.1 0
7.73 28 0
54.9 14.2 0
51.8 14.8 0
40.5 50.3 0
26.2 35.6 0
42.4 39.8 0
37.5 55.9 0
37.7 58.6 0
33.1 49.4 0
35.1 47.7 0
74.9 22.3 0
71.3 50.2 0
88.4 50.4 4
88.4 49.1 4
88.4 46.6 0
101 1.38 1
115 57 4
113 77.1 4
110 97.3 4
157 14.7 0
135 23.7 0
133 23.7 0
131 15.4 0
145 33.3 0
140 30.2 0
129 48.1 4
152 72.7 4
153 77.9 4
122 85.2 4
192 15.7 4
196 6.6 4
200 47.3 4
185 39.6 4
180 35.9 4
177 88.8 4
13.6 13.5 0
0.5 4.18 0
8.28 74.2 0
7.85 77 0
6.78 71.3 0
4.95 71.3 0
45.5 18.8 0
44.9 21.3 0
23.5 27.6 0
24.6 66.7 0
50.7 73.6 0
74.2 24.1 0
70.2 38.8 0
98.9 21.2 0
97.1 23.2 0
91.5 15 0
91.5 17 0
106 1.13 1
91.3 31.7 0
117 55.1 4
107 28.1 0
106 26.2 0
114 47.1 4
92.6 29.8 0
101 26.2 0
104 50.7 4
91.4 80.1 4
94.2 87.5 4
91.4 78.2 4
101 98.6 4
142 1.33 0
150 23.6 0
129 21 0
128 18.2 0
144 1.33 0
127 67.7 4
124 66.4 4
131 43.9 4
134 43.7 4
150 41.6 4
121 60.3 4
121 62.2 4
148 67 4
180 8.73 0
188 2.5 4
171 31.6 4
179 51.9 4
173 29.7 4
184 41.4 4
172 92.7 0
175 80.4 4
173 76.8 4
12 15.1 0
5.3 42.6 0
5.9 44.6 0
8.75 46.6 0
13.7 39.5 0
13.9 93.1 0
1.73 98.4 0
48.3 23.8 0
35 23.8 0
51 21 0
47.9 65.9 0
23.8 37.3 0
21.9 50.1 0
52.1 36.3 0
21.5 47.3 0
52 95.7 0
20.2 96.9 0
22.2 96.9 0
80 3.15 0
78.1 1.33 0
76.2 66.5 4
61.6 39.5 0
74.6 68.4 4
61.6 44.5 0
61.6 45.8 0
80.5 28.3 0
76.6 73.5 4
74.8 71.6 4
119 50.7 4
119 49.3 4
116 46.9 4
94.6 97.3 4
93.3 98.7 4
98.6 73.8 4
111 99 4
119 85 4
97 71.9 4
136 1.3 0
135 46.7 4
155 43.1 4
141 41 4
125 82.7 4
147 97 4
175 1.65 0
181 1.43 0
197 50.9 4
186 26.2 4
181 98.7 0
177 71.7 4
179 73.6 4
4.55 12.2 0
13.5 43.7 0
2.93 31.8 0
11.1 50 0
12.7 48.5 0
12.3 76.7 0
12 91.3 0
32.3 4.2 0
24 3.08 0
51 4.18 0
55.1 21 0
25.6 1.28 0
52.9 2.53 0
45.9 67.6 0
28.5 48.9 0
34.5 68.6 0
45.3 55.1 0
58.9 61.9 0
45.5 57.1 0
16.4 60.7 0
18.1 26.9 0
42.3 68.7 0
16.4 62.6 0
58.9 60 0
21.1 57.5 0
45.4 89.9 0
18.9 88.8 0
16.5 90.8 0
46.7 77.6 0
16.5 92.7 0
21.2 88.2 0
55.8 81.3 0
43.9 82.9 0
57.4 77.7 0
52.6 76.7 0
52.1 71.9 0
72.7 6.4 0
79.9 23.7 0
81.8 23.7 0
88.7 60.1 4
88.2 55 4
67.7 34.6 0
63 52.4 0
88.7 61.9 4
88.8 80.4 4
88.8 90.2 4
88.8 78.4 4
83 92.9 4
88.8 92 4
86 93.5 4
97.7 2.7 1
105 14.3 0
115 23.5 0
105 33 0
117 39 0
103 48.2 4
134 6.5 0
162 23.7 0
159 20.7 0
152 21.9 0
140 42.8 4
168 55 4
162 65.3 4
140 58.2 4
169 60.2 4
145 47.2 4
169 62.1 4
166 63.5 4
163 67.2 4
163 62.9 4
121 40.1 4
147 28.4 0
138 86.7 4
169 80.4 4
163 74.3 4
168 85.2 4
162 95.6 0
135 86.5 4
168 90.2 4
168 92.1 4
166 93.5 4
162 76.1 4
169 78.4 4
162 93.2 0
172 5.15 0
172 3.28 0
171 39.8 4
199 52.9 4
176 91.2 4
197 98.6 4
12.8 3.08 0
13.6 4.95 0
9.95 1.45 0
5.68 14.5 0
2.58 48.5 0
13.5 54.6 0
2.6 55.6 0
4.95 55.4 0
13.8 46.3 0
10.6 78.2 0
58.4 10.5 0
36.8 22.1 0
42.1 23.7 0
35.9 66.9 0
40.7 67.1 0
16.2 50.2 0
58.3 40.3 0
58.8 51.3 0
19 58.1 0
16.2 48.9 0
41.6 97 0
42.4 98.9 0
53.5 97.6 0
46.9 84.7 0
74.6 2.58 0
75.5 32.7 0
70.8 52.9 0
67.1 28.2 0
82 65.3 4
83.4 67.2 4
83.2 62.7 4
88.5 40.6 0
85.9 63.3 4
78.9 26.6 0
81.7 95.4 4
87.9 85 4
61.9 85 4
83.4 97.2 4
82.9 76.9 4
84.1 75.1 4
105 12.4 0
109 4.23 0
105 42.8 0
117 63.1 4
112 52 4
119 44.2 4
119 45.5 4
117 87.9 4
117 83.4 4
168 4.73 0
127 22.3 0
125 22.3 0
169 40.2 4
123 26.9 0
129 50.6 4
121 89.7 4
125 71.2 4
163 97.2 0
127 71.2 4
172 9.43 0
192 27.8 4
180 96.8 0
4.18 2.45 0
4.38 27.4 0
11.4 84 0
13.1 85.6 0
34 2.93 0
51.8 23.9 0
40.9 22 0
36.9 27.6 0
56.8 66.1 0
42.8 34.5 0
18 42.5 0
40.3 29.9 0
20.1 66.8 0
36.3 73.5 0
34.5 71.6 0
51.2 88.9 0
35.2 98.4 0
49.4 84.3 0
54 75 0
88.1 5.33 0
86.8 3.45 1
86.6 52.8 4
71.1 66.7 4
86.1 27.3 0
75.6 96.4 4
74.3 98.2 4
81.7 71.1 4
79.7 71.1 4
91.6 39.7 0
115 69 4
117 27 0
113 56.7 4
115 26.4 0
91.8 51 4
91.9 54.9 4
91.8 49.6 4
117 76.7 4
132 1.5 0
150 58.5 4
121 44.4 4
121 45.7 4
132 50.7 4
138 73.5 4
161 71.1 4
123 91.2 4
173 10.7 0
194 12.2 4
190 9.38 4
172 54.8 4
187 27.7 4
173 85.7 4
6.4 39 0
5.4 31.9 0
11.3 66.7 0
18.4 11.7 0
16.5 5.3 0
16.5 9.58 0
32.6 21.9 0
17.1 3.43 0
25.5 20.9 0
42.1 48.9 0
49.2 52.8 0
40.2 47.2 0
43.8 45.1 0
33.6 31.9 0
31.3 35.7 0
58.4 84.9 4
42.8 77.8 0
61.6 10.7 0
63.8 22.2 0
68.6 2.73 0
63.3 48.7 0
62.9 66.1 0
69.1 48.5 0
81.5 34.4 0
76.4 29.6 0
71.4 73.3 4
112 10.9 0
118 20.7 0
91.8 10.3 0
104 3.93 0
97.4 29 0
116 53.2 4
97.4 57.7 4
97.5 60.1 4
92.6 59.4 4
97.1 98.6 4
116 78.2 4
106 98.4 4
91.8 84.7 4
123 11.2 0
122 9.6 0
139 21.3 0
122 5.33 0
122 3.45 0
166 1.88 0
155 8.33 0
155 66.5 4
153 28.9 0
129 27.9 0
160 89.3 4
159 72.3 4
174 22.3 4
185 1.15 4
177 29 4
172 61.6 4
179 46.4 4
172 59.8 4
173 66 4
172 89.2 4
11.2 22.2 0
6.1 29.2 0
44.3 3.2 0
41.4 45.6 0
16.2 39.9 0
56 27.2 0
56.7 50 0
23.5 64.8 0
63.4 3.95 0
62.7 5.83 0
63.1 41.5 0
62.8 59.4 0
61.2 55 0
64 73 4
63.6 96.8 4
112 22 0
99.2 14.3 0
117 12.6 0
94.5 1.33 1
118 2.8 0
119 4.68 0
115 1.18 0
94.6 61.1 4
102 54 4
93.4 66.3 4
108 51.4 4
118 66.7 4
94.5 91.1 4
97.1 90.3 4
92.5 89.4 4
146 35.3 4
167 32.5 4
141 28.4 0
143 33.3 0
155 96.7 4
154 84.4 4
193 1.35 4
184 21.6 4
186 3.93 4
195 14.6 4
197 4.13 4
173 50.3 4
173 44.6 4
12.1 57.6 0
0.975 67.2 0
13.6 34 0
12.1 40.8 0
12.3 36.2 0
11.3 27.4 0
1.05 73.1 0
50.5 17.1 0
27.6 8.6 0
52.1 58.5 0
57 32.5 0
22.9 68.7 0
37.6 34 0
47 96.9 0
32 96.3 0
87.2 39.2 0
63.2 88.1 4
104 21.5 0
113 2.85 0
103 67 4
106 57.9 4
93.2 44.7 0
112 28.3 0
99.1 46.4 4
98 50.8 4
117 93.4 4
104 73.4 4
96.9 87.7 4
140 4.88 0
153 7.75 0
161 36.1 4
122 54.9 4
123 53.2 4
146 73 4
123 86.5 4
194 26.2 4
182 28 4
193 67 4
182 68.7 4
177 96.8 0
2.23 2.45 0
0.125 49.1 0
7.03 50.3 0
0.875 27.9 0
56.5 15.2 0
37.7 3.23 0
25 8 0
25.6 26.4 0
57.1 38.8 0
17.5 28.1 0
51.4 80.4 0
86.2 17.5 0
70.6 9.53 0
68.4 40.9 0
71.6 34.3 0
62.8 36.1 0
87 33.7 0
71 28 0
86.8 56.7 4
74.1 49.7 0
78.3 53.2 4
80.9 58.4 4
61.2 34 0
63.5 27.4 0
100 41.1 0
137 21.5 0
166 17.5 0
167 6.55 0
167 13.1 0
145 68.7 4
139 35.3 4
131 46.6 4
155 36.7 4
156 39.1 4
167 83 4
131 73.1 4
145 98.7 4
185 14 4
193 21.6 4
196 31.4 4
185 68.7 4
174 91 0
192 96.8 0
173 97.3 0
12.3 45 0
12.5 72.7 0
10.3 98.6 0
29.4 13.6 0
26 15.2 0
23.4 11.7 0
57.1 8.68 0
50.1 22.6 0
58.3 42.2 0
16.6 34.6 0
17.9 32.7 0
17.9 46 0
42.5 61.3 0
55.8 56 0
54 44.8 0
45.7 92.1 0
57.4 97.5 4
16.2 81.8 0
57.2 87.5 4
86.8 13.4 0
88.3 32.1 0
88.5 42.5 0
86.8 82.8 4
86.7 86.8 4
93.8 22 0
119 10.2 0
93.3 12.8 0
117 59 4
91.3 34.5 0
116 40.7 4
91.8 98.7 4
123 17.1 0
134 2.8 0
161 11.8 0
159 34.2 4
129 65.6 4
168 53.1 4
169 42.1 4
133 48.1 4
122 34.7 0
123 32.9 0
168 38.6 4
123 28.2 0
144 90.6 4
144 80.9 4
124 77.5 4
167 97.6 0
123 83.8 4
182 12 4
184 16.3 4
178 3.08 0
199 2.78 4
173 41.3 4
171 34.5 4
186 67 4
180 81.3 4
185 79.6 4
187 81.2 4
186 96.9 0
3.35 23.5 0
1.2 23.5 0
13.6 10.7 0
13.5 52.8 0
8.1 97.1 0
13.3 82.1 0
13.1 96.3 0
22.1 1.8 0
58.4 18 0
36.4 40.3 0
46.5 26.5 0
37.8 68.3 0
58.8 35 0
57 63.5 0
55.6 46.5 0
38.2 71.9 0
42.4 73.3 0
37 98.4 0
17.3 83.5 0
16.1 85.4 0
47.7 71.7 0
71.7 3.68 0
71.6 19.5 0
77.7 22 0
71.2 24.1 0
73.8 22.3 0
78 68.1 4
88.7 35.1 0
87.4 28.6 0
61.9 83.2 4
77.7 98.2 4
96.4 1.33 1
119 55.4 4
118 25.6 0
115 99 4
93.7 73.2 4
93.2 82.2 4
118 96.7 4
160 16.6 0
163 1.23 0
156 4.38 0
145 26.6 0
123 37.5 4
122 42 4
121 52 4
122 48.3 4
146 30.3 0
160 40.1 4
146 90.9 4
147 84.6 4
146 78.4 4
129 83.7 4
180 15.2 4
174 2.63 0
183 61.2 4
173 36.9 4
179 41.3 4
200 81.2 4
199 85 4
174 73 4
12.2 8.13 0
11.8 2.43 0
12.7 23.8 0
14.3 1.63 0
12.7 25.6 0
12.7 68.7 0
2.88 84.7 0
0.225 80.8 0
14.3 97.7 0
16.9 13.7 0
22.9 22.8 0
56.6 12.4 0
43.9 16.1 0
58.7 4.78 0
15.6 1.63 0
18.4 2.78 0
58.7 1.63 0
57.4 2.9 0
34.1 41.8 0
26 44.5 0
31.2 27.9 0
16.3 31.6 0
22.3 26.3 0
58.7 67.7 0
34.9 26.1 0
15.6 67.7 0
19.5 52.7 0
43.2 26.5 0
58.8 54.2 0
17 65.8 0
57.4 93 4
15.6 97.7 0
58.4 83.1 4
44.8 78.8 0
17.1 95.9 0
24.3 96.1 0
61.6 12.6 0
62.3 23.8 0
65.2 1.45 0
73 24.1 0
88.7 1.63 1
60.8 1.63 0
76.5 40.1 0
82.8 26.7 0
61.3 67.7 0
74.6 26.5 0
62.3 25.6 0
73.9 44.9 0
88.7 67.7 4
62.3 71.3 0
62.3 98.7 4
88.7 97.7 4
119 18.2 0
92.3 23.8 0
119 1.63 0
91.3 4.83 0
90.7 1.63 1
93.1 8.5 0
91.9 2.95 1
93.3 41.3 0
113 54.1 4
92.3 26.9 0
118 28.2 0
92.3 25.6 0
91.3 67.7 4
119 39.3 4
93.7 53.3 4
119 67.7 4
92.3 71.3 4
115 71.4 4
119 97.7 4
111 87.3 4
118 82.1 4
152 14.8 0
131 9.15 0
141 16.2 0
122 13.1 0
147 22.1 0
169 10.3 0
121 1.63 0
150 11 0
140 12.7 0
123 2.8 0
147 61.2 4
166 28 4
167 57.6 4
131 26.6 0
157 68.1 4
122 67.7 4
135 41.9 4
169 34.9 4
121 67.7 4
169 67.7 4
143 61.2 4
123 56.9 4
136 71.9 4
167 87.8 4
157 98.4 0
122 97.7 4
121 97.7 4
129 88.5 4
177 1.65 0
199 9.68 4
172 23.8 4
184 2.58 4
171 1.63 0
192 37.6 4
193 31.6 4
174 53.2 4
172 46.9 4
172 48.1 4
178 48.1 4
172 26.9 4
172 25.6 4
171 67.7 4
185 61.3 4
186 83.7 4
193 81.1 4
194 83.5 4
196 79.5 4
182 85.2 4
172 71.3 4
172 98.7 0
173 83.9 4
3.6 68.5 0
9.28 68 0
5.28 83.8 0
34.2 16.3 0
42.5 1.55 0
56.4 19.4 0
16.9 17.5 0
33.9 23.8 0
57.8 23.8 0
38.1 23.3 0
52.6 68.4 0
16.2 55 0
16.2 41.7 0
57.8 25.6 0
57.3 28.5 0
26.2 68 0
33.3 85.9 0
29.8 88.5 0
35 89.5 0
31.2 91.1 0
23.6 71.7 0
16.9 72.2 0
57.8 71.3 0
15.6 72.2 0
46.4 73.1 0
85.9 22.5 0
61.6 18.1 0
88.7 10.5 0
87.8 23.8 0
69.7 61.2 4
73.4 68.4 4
61.2 53.2 0
87.8 25.6 0
87.4 66.6 4
78.6 73 4
71.1 78.9 4
75.7 79.1 4
73.6 71.6 4
87.5 74.3 4
88.7 72.2 4
87.4 96.6 4
107 2.55 0
111 1.68 0
119 31.7 0
119 35.2 0
93 36.9 0
93.2 56.3 4
93.2 96.3 4
119 86.1 4
119 72.2 4
144 13.1 0
145 15.6 0
166 22.5 4
128 1.83 0
168 23.8 4
139 51.3 4
128 41.3 4
154 68.4 4
131 67.9 4
138 28.7 0
137 26.8 0
163 26.7 4
168 26.9 4
121 31.7 0
127 26.3 0
127 47.7 4
168 25.6 4
167 66.6 4
128 98.4 4
167 74.3 4
169 72.2 4
121 72.2 4
123 96.1 4
123 81.2 4
172 12.8 0
176 23.5 4
176 68.2 4
173 56.7 4
195 68.6 4
171 85.7 4
6.8 2.63 0
9.1 23.4 0
13.4 18.1 0
13.6 32.1 0
13.6 63.6 0
13.7 38.4 0
12.6 28.7 0
6.33 98.6 0
4.25 91.3 0
28.6 1.28 0
26.8 1.28 0
47.4 1.65 0
16.9 23 0
15.6 23 0
27 23.1 0
49.6 10.6 0
51.7 52.8 0
31.6 68.6 0
37.6 29.5 0
21.7 66.8 0
33.3 68.6 0
52.7 26.6 0
25.8 58.4 0
56 44.1 0
25.7 71.7 0
56.5 73.4 0
26.3 97.9 0
74.8 6.45 0
66 23.4 0
82.6 1.83 0
80 10.8 0
74.4 41.4 0
80.2 41.2 0
61.6 38.3 0
88.4 51.5 4
61.6 64 0
66 68.4 4
65.7 98.1 4
66.1 71.7 4
61.3 93.7 4
102 23 0
114 23.5 0
119 23 0
118 7.3 0
117 21.9 0
92.1 64.2 4
96.5 68.6 4
118 64.6 4
117 33.4 0
116 68 4
92 94.2 4
118 89.5 4
118 73.6 4
109 89.4 4
141 2.63 0
129 16.6 0
147 2.93 0
129 3.33 0
121 23 0
156 23.3 0
168 0.65 0
159 4.65 0
137 68.3 4
131 57.3 4
142 54.1 4
139 68.3 4
168 56.1 4
149 26.9 0
133 34.3 0
149 68.4 4
137 98 4
145 71.6 4
153 98.4 0
140 98 4
168 86.3 4
140 71.6 4
130 98.4 4
157 71.3 4
132 81.3 4
122 94 4
122 73.4 4
200 23.6 4
182 23.5 4
171 18.2 4
186 23 4
189 1.35 4
193 44.3 4
195 38.4 4
198 61.7 4
191 40.8 4
173 63.5 4
193 72 4
182 72 4
8.8 1.45 0
9.28 26.8 0
13.5 55.8 0
13.6 59.6 0
12.6 65.7 0
7.75 72.7 0
36.6 16.5 0
31 23.1 0
55.9 22.7 0
32 13.7 0
47.8 33.2 0
22.9 31.2 0
55.9 67.4 0
36.2 32 0
25.2 31.8 0
57.7 45.7 0
26.9 54.9 0
31.6 71.6 0
30.3 97.9 0
78.4 14.7 0
86.8 8.33 0
63.8 67.4 0
61.2 32.1 0
70 68.4 4
62.2 28.6 0
77.3 87.6 4
78.1 82.1 4
71.4 98.2 4
61.9 86.1 4
61.7 77.2 4
72.2 87.7 4
106 23.5 0
110 23.5 0
117 2.15 0
113 16.7 0
108 40 0
101 68.6 4
110 26.9 0
97.8 48.1 4
105 68.4 4
111 69 4
111 63 4
111 83.8 4
102 72 4
112 72.9 4
105 71.5 4
110 71.5 4
91.4 81.2 4
93 86.2 4
138 11.5 0
141 23.5 0
154 23.3 0
145 23.5 0
168 2.85 0
122 21.6 0
152 34.8 4
143 30.3 0
155 27 0
121 38.9 4
157 27 4
132 53.9 4
149 71.4 4
154 71.3 4
149 98.4 4
190 23 4
195 23.6 4
196 43.3 4
171 38.6 4
193 61.6 4
174 67.3 4
191 72 4
186 75.2 4
13.1 86.7 0
13.1 88.5 0
1.63 78.4 0
2.2 88.9 0
51.6 18.5 0
50.6 44.3 0
49.4 40.3 0
44.8 26.5 0
17.5 25.6 0
16.3 25.6 0
17.9 37.2 0
40.6 88.5 0
36.2 79.8 0
38.6 90.3 0
23.1 81.2 0
33.3 71.6 0
34 98.4 0
58.8 89.2 4
85.9 2.8 0
84.4 26.7 0
67.9 54.8 0
65.6 26.7 0
61.6 43.4 0
74.9 89.6 4
73.2 98.2 4
69.5 81.2 4
68.7 90.1 4
61.3 89.7 4
70.1 71.7 4
62.3 95.8 4
91.5 14.1 0
111 45.1 4
93.6 28.5 0
119 51.8 4
114 26.4 0
91.3 32.6 0
113 69 4
94.3 67.6 4
105 79.5 4
149 1.6 0
165 1.23 0
138 48 4
128 67.7 4
168 48.1 4
168 46.9 4
150 36.4 4
123 65.5 4
121 25.6 0
123 25.6 0
159 85.3 4
172 8.2 0
172 6.38 0
190 59.2 4
199 34.1 4
196 28.8 4
174 28.5 4
191 68.3 4
171 32.6 4
180 57.4 4
198 91.3 4
190 98.2 0
194 98.6 4
171 94.2 0
176 98.6 0
13.6 6.18 0
13.6 12.6 0
13.5 42.6 0
5.05 79.4 0
29.3 46.1 0
24.7 46.2 0
30.7 60.9 0
54.2 68.4 0
58.8 33.1 0
33.6 81.3 0
29.4 79.2 0
17.6 89.6 0
58.4 86.1 4
27.8 87.5 0
78.8 23.7 0
63.2 8.1 0
68.3 8.25 0
62.5 21.5 0
81.3 45.2 0
88.8 81.5 4
62.7 73.9 4
87.4 93 4
95.9 23.2 0
119 12 0
91.5 17.9 0
108 45.7 4
111 42.9 4
97.7 34.8 0
99.5 53.3 4
95.8 27.3 0
118 53.5 4
91.6 38.6 0
101 81.6 4
136 23.7 0
130 22.2 0
131 23.7 0
156 10.5 0
159 46.2 4
164 26.7 4
142 65.7 4
121 63.3 4
167 63 4
163 43.9 4
129 37.9 4
147 88.8 4
143 95.4 4
169 81.5 4
167 93 0
124 85.1 4
161 81.8 4
172 21.5 4
176 27.2 4
191 26.6 4
199 59.4 4
181 65.5 4
193 91.1 4
192 88.5 4
12.5 21.4 0
16.5 6.53 0
45.8 1.65 0
54.3 26.6 0
35.6 37.8 0
34.6 62.3 0
36.7 26.1 0
29.7 59.1 0
58.8 52.4 0
31.8 39.9 0
57.7 55.8 0
18.3 67.1 0
22 52 0
25.5 82.2 0
18.3 97.2 0
22.5 98.2 0
84.2 1.83 0
61.6 9.45 0
88.1 6.55 0
77.1 1.33 0
61.6 19.9 0
82 39.1 0
66.3 59.2 0
61.2 57.9 0
88.4 47.2 4
88.4 48.4 4
61.2 56.1 0
87.3 62.9 4
77.8 26.6 0
69.8 45.1 0
114 1.18 0
119 21.4 0
100 35.7 0
102 26.2 0
119 43.1 4
105 26.2 0
118 41 4
109 80.3 4
95.9 71.9 4
122 6.55 0
169 12.1 0
154 2.2 0
159 48.5 4
133 58 4
169 33 4
162 51.2 4
131 35 0
150 79.5 4
150 83.4 4
134 81.9 4
161 79.7 4
179 16.4 4
171 19.9 4
191 47.5 4
191 34.2 4
176 71.7 4
172 96.4 0
188 87.7 4
8.18 8.65 0
13.4 19.8 0
7.78 91.5 0
1.83 71.3 0
11.6 71.4 0
12.1 97.6 0
3.98 71.3 0
13.9 94.2 0
16.5 8.35 0
56.5 16.7 0
36.5 1.68 0
45.8 22.5 0
47.4 23.8 0
49.4 29.3 0
40 45.9 0
30.4 55.3 0
16.4 63.7 0
17.6 59.2 0
16.2 38.7 0
33.9 53.1 0
58.9 63 0
27.6 28.8 0
23.9 59.7 0
16.2 53.2 0
17.4 51.6 0
16.5 93.8 0
58.7 96.6 4
69.8 21.3 0
75 1.33 0
88.7 12.4 0
75.7 46.6 0
76.1 28.1 0
81.3 28.3 0
61.7 75.6 4
78.6 71.1 4
114 6.4 0
119 5.9 0
91.8 0.975 1
93.1 2.3 1
91.8 52.1 4
91.7 42.9 0
92.1 46.9 4
111 93.3 4
118 94.6 4
97.7 98.6 4
91.4 77.4 4
117 98 4
99.9 98.6 4
91.2 97.7 4
155 14.7 0
122 8.38 0
162 7.13 0
149 23.6 0
145 1.33 0
163 35.8 4
144 28.5 0
128 31.6 0
121 43.3 4
121 59.3 4
145 52.8 4
134 54.6 4
121 57.6 4
138 77.9 4
158 80.3 4
169 96.6 0
128 71.2 4
127 89.4 4
180 1.43 0
191 56.7 4
173 45.9 4
199 36.5 4
173 49 4
172 52.1 4
172 42.9 4
182 26.2 4
171 77.2 4
181 87.6 4
171 83.8 4
4.9 20.6 0
3.7 18 0
13.2 0.975 0
12.1 39.6 0
13.6 35.2 0
0.15 60.5 0
13.8 73.6 0
9.5 71.4 0
13.2 99 0
0.4 98.4 0
30.6 6.5 0
51.4 8.15 0
58.1 13.4 0
34.4 1.68 0
53.1 1.28 0
23.5 28.9 0
46.4 68.7 0
56.5 98.8 4
58.7 94.4 4
49.3 72.8 0
78.8 8.38 0
88.1 18.4 0
82.6 23.7 0
61.9 0.975 0
76.8 35.2 0
76.5 74.3 4
88.8 77.7 4
97.5 7.08 0
118 0.975 0
109 10.1 0
110 36.9 0
97.9 55.5 4
118 69 4
93.9 48.4 4
118 99 4
152 4 0
168 18.4 4
139 1.3 0
137 1.3 0
163 23.7 4
128 23.6 0
160 2.48 0
148 65.8 4
148 54.1 4
162 58.2 4
125 79.1 4
130 71.2 4
166 98.9 0
169 77.7 4
121 82.3 4
124 72.1 4
178 8.8 4
172 0.975 0
181 54.3 4
185 26.2 4
186 53.1 4
199 95.8 4
182 98.7 0
184 98.7 0
5.65 6.18 0
8.2 35.8 0
5.85 62 0
6.58 65.7 0
3.23 95.7 0
9.1 98.6 0
13.8 76.9 0
54.6 18.1 0
42.9 23.7 0
50.9 12.7 0
48.2 63.4 0
29.5 65.5 0
51.4 38.5 0
43.1 68.7 0
58.9 57.2 0
58.9 59 0
34 44 0
26 53.1 0
52.1 91.9 4
46.5 98.9 0
53.1 98.8 4
43.1 98.9 0
58.7 77.6 0
18.7 75 0
16.9 78.1 0
70.9 12 0
74.4 13.7 0
63.4 2.43 0
61.2 35.2 0
61.6 47.7 0
61.6 46.4 0
83.1 68.9 4
88.7 64.5 4
73.8 59.4 4
76.2 60.5 4
76.2 65.7 4
81.2 89.5 4
81.8 80.3 4
88.8 87.4 4
88.8 89.2 4
83.1 98.9 4
88.7 94.5 4
99.1 8.85 0
116 15.7 0
92.5 21.2 0
102 9.5 0
110 3.1 0
103 33.2 0
119 48.7 4
109 60.2 4
95 54.7 4
92.4 74.1 4
119 77 4
118 70.9 4
112 99 4
122 18.3 0
147 16.8 0
131 1.5 0
145 9.9 0
136 12.7 0
165 50.7 4
140 46.5 4
137 54.9 4
135 36.4 4
140 26.9 0
169 59.2 4
163 68.9 4
169 64.5 4
154 49.8 4
159 57.9 4
134 29.6 0
148 95.8 4
154 92 0
142 81.1 4
122 76.7 4
164 73.2 4
168 89.2 4
163 98.9 0
169 94.5 0
127 82.9 4
130 76.9 4
197 55.4 4
192 49.9 4
189 53.8 4
184 33.1 4
175 47.4 4
185 65.6 4
179 79.8 4
1.63 26.2 0
3.78 26.2 0
13.8 46.9 0
13.8 48.2 0
1.58 37.8 0
14 67.7 0
40.6 10.1 0
38.2 8.88 0
44.5 8 0
52.5 23.9 0
19.4 20.3 0
24.3 4.03 0
33.8 10.2 0
57.8 0.975 0
56.5 2.25 0
40.9 52.9 0
27.9 47.8 0
49.1 59.8 0
35.2 65.5 0
51.2 34.9 0
16.9 26.9 0
58.8 37.9 0
26.1 41.3 0
43.2 71.4 0
24.1 89.9 0
39.3 95.3 0
50.4 90.2 0
54.3 73.1 0
16.1 88.3 0
16.1 86.6 0
52.3 71.1 0
21.3 75.4 0
48 74.2 0
20.8 84.2 0
64.4 15.1 0
73.1 21.1 0
73.8 3.73 0
67.1 15 0
71.4 17.9 0
80.2 17 0
82.4 10.8 0
87.8 0.975 0
69.5 53.4 0
88.7 57.3 4
64.2 51.7 0
88.7 59.1 4
62.3 69 0
88.7 38.1 0
64.8 80.5 4
84.6 73.2 4
82.4 71.1 4
61 97.7 4
91.5 19.6 0
118 24.2 0
109 8.13 0
112 36.6 0
115 63 4
91.3 35.7 0
119 58.3 4
119 56.5 4
92.3 69 4
119 46.1 4
117 47.3 4
98.5 79.8 4
114 99 4
117 72.3 4
114 71.4 4
116 83.9 4
147 9.25 0
151 16.6 0
128 11.4 0
138 8.73 0
123 22.8 0
166 44.5 4
135 64.8 4
141 56.2 4
146 42.6 4
122 36 4
122 26.9 0
169 37.8 4
155 62.7 4
154 40.7 4
126 42.9 4
153 51.7 4
147 46.1 4
162 71.1 4
182 9.95 4
186 6.43 4
187 48.3 4
199 65.9 4
171 35.7 4
172 69 4
171 63.2 4
183 35.3 4
195 75.1 4
172 73.9 4
171 97.7 0
