40 37 0
155.439 41.9128 1
113.684 69.6899 0
97.5551 39.5311 0
106.73 34.9989 0
115.039 60.997 0
131.351 47.6834 1
30.2544 38.4788 1
150.311 53.321 1
155.974 52.7393 1
155.532 46.7775 1
142.234 51.6718 1
117.088 54.9678 0
77.2398 47.0267 0
164.591 49.7377 0
116.636 47.0049 0
155.401 59.5304 0
84.7632 56.7556 0
111.652 64.9037 0
68.4326 61.9326 0
136.414 52.9451 1
27.4884 34.9175 1
2.97878 3.07935 0
109.335 70.1551 0
76.9281 61.3355 0
192.415 95.3794 0
146.848 60.8001 0
62.8617 95.6992 0
113.309 25.1592 0
12.088 4.32291 0
86.4095 30.5363 0
59.8888 60.7135 0
173.16 47.2308 0
82.2709 62.0421 0
109.718 74.7326 0
113.949 95.6994 0
72.6055 45.3899 0
53.6924 95.6993 0
122.267 34.1009 1
160.949 45.018 0
160.755 51.6161 0
118.267 30.025 1
86.7738 69.5388 0
3.51187 94.0983 0
132.852 95.6992 0
100.5 45.5954 0
31.7814 47.2066 1
128.058 95.6994 0
100.787 65.9119 0
119.801 39.968 0
109.678 4.30073 0
167.159 43.7197 0
80.9093 33.7478 0
123.467 4.30081 0
155.038 29.9844 1
63.5038 4.30086 0
156.094 95.6988 0
196.491 5.89754 0
169.768 4.30126 0
86.5268 95.6992 0
40.2804 95.6992 0
31.8691 30.2924 1
178.293 95.6971 0
165.147 4.30113 0
71.8799 40.0594 0
44.165 4.30101 0
99.7028 95.6987 0
71.9259 95.6992 0
141.946 95.6992 0
146.158 55.8457 0
145.961 4.30122 0
113.256 74.3525 0
111.547 36.3332 0
164.525 95.6986 0
117.976 43.1839 0
26.3274 4.3008 0
26.7353 38.2945 1
109.714 25.5903 0
131.871 34.4314 1
48.7789 33.5923 0
68.2796 48.2496 0
164.054 34.5134 0
172.702 43.6517 0
109.529 30.5405 0
67.5982 69.7341 0
146.468 29.6936 1
146.973 95.6987 0
90.6537 29.9485 0
48.2724 41.0994 1
137.7 46.308 1
49.0691 4.30113 0
122.123 48.7821 0
32.7 43.0043 1
7.59145 95.4426 0
164.064 60.9202 0
164.069 29.8127 0
151.739 95.6991 0
174.017 95.6976 0
30.7082 95.6986 0
90.6124 70.0828 0
90.742 4.30123 0
137.043 4.30059 1
35.7928 46.747 1
168.587 56.5307 0
81.5703 4.30114 0
146.639 33.584 1
72.2999 69.4327 0
123.344 52.9457 0
67.7222 4.30071 0
168.556 34.2825 0
174.068 4.30114 0
132.508 4.30066 0
76.9649 4.30091 0
12.1285 95.6568 0
141.645 4.30083 1
53.7388 4.30095 0
197.091 88.8613 0
2.87582 11.1772 0
131.951 65.73 0
76.8708 95.6994 0
197.144 84.2949 0
2.85282 15.709 0
2.85027 20.2777 0
2.85 24.85 0
2.84997 29.4227 0
2.84997 33.9955 1
2.84997 38.5682 1
2.84997 43.1409 1
2.84997 47.7136 1
2.84997 52.2864 1
2.84997 56.8591 1
2.84997 61.4318 1
2.84997 66.0045 1
2.84997 70.5773 1
2.85003 75.15 1
197.15 24.85 0
197.15 29.4227 0
197.15 33.9955 0
197.15 38.5682 0
197.15 43.1409 0
197.15 47.7136 0
197.15 52.2864 0
197.15 56.8591 0
197.15 61.4318 0
197.15 66.0045 0
197.15 70.5773 0
197.15 75.15 0
197.149 79.7227 0
197.149 20.2774 0
2.85054 79.7225 0
197.144 15.7062 0
2.85559 84.2931 0
16.7357 95.6922 0
16.773 4.3056 0
150.918 4.30104 0
113.968 4.30071 0
41.081 26.3534 1
136.681 56.9043 0
131.942 56.9081 0
30.6042 4.3006 0
128.333 65.0723 0
197.094 11.15 0
2.90564 88.8436 0
90.7798 95.6994 0
48.8744 29.5393 0
99.9965 4.30104 0
21.3629 95.6981 0
93.4079 54.2023 0
183.919 4.31166 0
39.2547 4.30098 0
95.3431 4.30109 0
72.3128 4.30113 0
26.0349 95.6983 0
86.1504 4.30132 0
44.5999 95.6994 0
32.4599 34.6568 1
123.107 95.6994 0
68.1017 31.3855 0
100.567 34.3531 0
72.8257 60.5407 0
127.26 35.0575 1
54.2381 52.174 0
125.993 46.3859 0
187.977 4.34459 0
104.437 60.7406 0
110.044 41.2691 0
122.926 69.9738 0
160.121 60.4248 0
49.4778 47.3544 1
72.5436 30.5068 0
136.462 39.7173 1
67.1667 95.6992 0
35.9497 25.2266 1
164.222 56.0498 0
77.2321 29.484 0
196.478 94.0997 0
39.8735 47.0415 1
118.93 69.0623 0
128.078 4.30063 0
35.589 95.6989 0
178.965 4.30274 0
58.7256 4.30084 0
168.241 52.3992 0
169.754 95.6988 0
21.7036 4.30172 0
81.8068 95.6993 0
100.132 70.263 0
7.16687 4.44564 0
168.012 38.3771 0
104.998 4.30106 0
141.365 56.2678 1
40.2179 34.082 0
53.6394 33.921 0
58.7318 51.9993 0
63.5622 70.2184 0
58.2132 39.1231 0
155.937 4.30075 0
118.842 4.30108 0
183.497 95.6872 0
104.913 95.6993 0
95.1075 34.6118 0
151.018 46.6984 1
188.298 95.6391 0
192.179 4.57996 0
34.8749 4.30078 0
159.893 95.6987 0
159.762 30.4571 0
90.4367 43.7415 0
160.658 4.30078 0
62.9189 29.1711 0
147.265 44.0694 1
109.695 95.6993 0
104.011 70.1383 0
100.144 29.9682 0
77.565 25.4858 0
44.5368 47.4393 1
67.1119 52.9523 0
81.1598 74.1552 0
58.3181 95.6994 0
94.8258 65.681 0
156.692 37.3323 1
95.0279 95.6989 0
54.5665 47.9767 1
42.5482 43.8052 1
54.0051 42.7816 1
115.597 65.4798 0
150.394 30.3312 1
131.522 61.6506 0
63.8407 65.5921 0
36.0467 30.1716 1
77.2056 69.6896 0
141.943 34.3544 1
43.2326 32.7386 0
115.233 33.9605 0
142.316 40.364 1
131.048 52.2239 0
3.14173 6.38485 0
137.107 95.6992 0
82.1483 68.8743 0
54.644 55.8118 0
59.249 65.2115 0
70.3117 57.0522 0
118.404 95.6993 0
160.289 38.9922 0
49.1632 95.6991 0
122.49 29.9756 1
44.8591 24.9643 0
77.5725 74.5244 0
81.0883 25.1305 0
150.984 60.7399 0
90.1307 34.4553 0
59.2166 47.6149 0
66.9928 39.9477 0
123.872 42.8416 0
103.909 30.2899 0
42.23 38.6326 0
80.8226 28.7016 0
58.475 56.6262 0
57.3878 34.8098 0
58.3707 43.752 0
75.3543 56.7185 0
123.226 38.1405 0
73.2444 50.6513 0
64.9749 58.8196 0
89.4627 65.4847 0
53.5401 38.0179 0
69.8851 65.5904 0
37.505 39.8928 1
69.5886 44.0817 0
151.448 55.9496 0
79.8493 64.4339 0
151.973 43.3877 1
84.7363 64.5648 0
79.2646 54.3152 0
118.973 37.0281 0
83.589 39.0802 0
80.3695 59.1166 0
102.006 54.1098 0
84.1829 60.5013 0
0 100 0
0 95.4545 0
0 90.9091 0
0 86.3636 0
0 81.8182 0
0 77.2727 1
0 72.7273 1
0 68.1818 1
0 63.6364 1
0 59.0909 1
0 54.5455 1
0 50 1
0 45.4545 1
0 40.9091 1
0 36.3636 1
0 31.8182 1
0 27.2727 0
0 22.7273 0
0 18.1818 0
0 13.6364 0
0 9.09091 0
0 4.54545 0
0 0 0
200 100 0
195.349 100 0
190.698 100 0
186.047 100 0
181.395 100 0
176.744 100 0
172.093 100 0
167.442 100 0
162.791 100 0
158.14 100 0
153.488 100 0
148.837 100 0
144.186 100 0
139.535 100 0
134.884 100 0
130.233 100 0
125.581 100 0
120.93 100 0
116.279 100 0
111.628 100 0
106.977 100 0
102.326 100 0
97.6744 100 0
93.0233 100 0
88.3721 100 0
83.7209 100 0
79.0698 100 0
74.4186 100 0
69.7674 100 0
65.1163 100 0
60.4651 100 0
55.814 100 0
51.1628 100 0
46.5116 100 0
41.8605 100 0
37.2093 100 0
32.5581 100 0
27.907 100 0
23.2558 100 0
18.6047 100 0
13.9535 100 0
9.30233 100 0
4.65116 100 0
200 0 0
200 4.54545 0
200 9.09091 0
200 13.6364 0
200 18.1818 0
200 22.7273 0
200 27.2727 0
200 31.8182 0
200 36.3636 0
200 40.9091 0
200 45.4545 0
200 50 0
200 54.5455 0
200 59.0909 0
200 63.6364 0
200 68.1818 0
200 72.7273 0
200 77.2727 0
200 81.8182 0
200 86.3636 0
200 90.9091 0
200 95.4545 0
4.65116 0 0
9.30233 0 0
13.9535 0 0
18.6047 0 0
23.2558 0 0
27.907 0 0
32.5581 0 0
37.2093 0 0
41.8605 0 0
46.5116 0 0
51.1628 0 0
55.814 0 0
60.4651 0 0
65.1163 0 0
69.7674 0 0
74.4186 0 0
79.0698 0 0
83.7209 0 0
88.3721 0 0
93.0233 0 0
97.6744 0 0
102.326 0 0
106.977 0 0
111.628 0 0
116.279 0 0
120.93 0 0
125.581 0 0
130.233 0 0
134.884 0 0
139.535 0 0
144.186 0 0
148.837 0 0
153.488 0 0
158.14 0 0
162.791 0 0
167.442 0 0
172.093 0 0
176.744 0 0
181.395 0 0
186.047 0 0
190.698 0 0
195.349 0 0
108.958 62.206 0
114.695 39.8953 0
76.9482 38.1426 0
143.75 47.6055 1
63.5574 49.1939 0
5.7 8.6 0
5.7 13.2 0
10.3 8.6 0
10.3 13.2 0
5.7 17.8 0
10.3 17.8 0
5.7 22.4 0
10.3 22.4 0
5.7 27 0
10.3 27 1
5.7 31.6 1
10.3 31.6 1
5.7 36.2 1
10.3 36.2 1
5.7 40.8 1
10.3 40.8 1
5.7 45.4 1
10.3 45.4 1
5.7 50 1
10.3 50 1
5.7 54.6 1
10.3 54.6 1
5.7 59.2 1
10.3 59.2 1
5.7 63.8 1
10.3 63.8 1
5.7 68.4 1
10.3 68.4 1
5.7 73 1
10.3 73 1
5.7 77.6 1
10.3 77.6 1
5.7 82.2 1
10.3 82.2 1
5.7 86.8 0
10.3 86.8 0
5.7 91.4 0
10.3 91.4 0
14.9 8.6 0
14.9 13.2 0
14.9 17.8 0
14.9 22.4 0
14.9 27 1
14.9 31.6 1
14.9 36.2 1
14.9 40.8 1
14.9 45.4 1
14.9 50 1
14.9 54.6 1
14.9 59.2 1
14.9 63.8 1
14.9 68.4 1
14.9 73 1
14.9 77.6 1
14.9 82.2 1
14.9 86.8 0
14.9 91.4 0
19.5 8.6 0
19.5 13.2 0
19.5 17.8 0
19.5 22.4 0
19.5 27 1
19.5 31.6 1
19.5 36.2 1
19.5 40.8 1
19.5 45.4 1
19.5 50 1
19.5 54.6 1
19.5 59.2 1
19.5 63.8 1
19.5 68.4 1
19.5 73 1
19.5 77.6 1
19.5 82.2 1
19.5 86.8 0
19.5 91.4 0
24.1 8.6 0
24.1 13.2 0
24.1 17.8 0
24.1 22.4 1
24.1 27 1
24.1 31.6 1
24.1 36.2 1
24.1 40.8 1
24.1 45.4 1
24.1 50 1
24.1 54.6 1
24.1 59.2 1
24.1 63.8 1
24.1 68.4 1
24.1 73 1
24.1 77.6 1
24.1 82.2 1
24.1 86.8 0
24.1 91.4 0
28.7 8.6 0
28.7 13.2 0
28.7 17.8 0
28.7 22.4 1
28.7 27 1
28.7 31.6 1
28.7 36.2 1
28.7 40.8 1
28.7 45.4 1
28.7 50 1
28.7 54.6 1
28.7 59.2 1
28.7 63.8 1
28.7 68.4 1
28.7 73 1
28.7 77.6 1
28.7 82.2 1
28.7 86.8 0
28.7 91.4 0
33.3 8.6 0
33.3 13.2 0
33.3 17.8 0
33.3 22.4 1
33.3 27 1
33.3 45.4 1
33.3 50 1
33.3 54.6 1
33.3 59.2 1
33.3 63.8 1
33.3 68.4 1
33.3 73 1
33.3 77.6 1
33.3 82.2 1
33.3 86.8 0
33.3 91.4 0
37.9 8.6 0
37.9 13.2 0
37.9 17.8 0
37.9 22.4 1
37.9 50 1
37.9 54.6 1
37.9 59.2 1
37.9 63.8 1
37.9 68.4 0
37.9 73 0
37.9 77.6 0
37.9 82.2 0
37.9 86.8 0
37.9 91.4 0
42.5 8.6 0
42.5 13.2 0
42.5 17.8 0
42.5 22.4 0
42.5 50 1
42.5 54.6 1
42.5 59.2 1
42.5 63.8 0
42.5 68.4 0
42.5 73 0
42.5 77.6 0
42.5 82.2 0
42.5 86.8 0
42.5 91.4 0
47.1 8.6 0
47.1 13.2 0
47.1 17.8 0
47.1 22.4 0
47.1 50 1
47.1 54.6 1
47.1 59.2 0
47.1 63.8 0
47.1 68.4 0
47.1 73 0
47.1 77.6 0
47.1 82.2 0
47.1 86.8 0
47.1 91.4 0
51.7 8.6 0
51.7 13.2 0
51.7 17.8 0
51.7 22.4 0
47.1 27 0
51.7 27 0
47.1 45.4 1
51.7 45.4 1
51.7 50 1
51.7 54.6 0
51.7 59.2 0
51.7 63.8 0
51.7 68.4 0
51.7 73 0
51.7 77.6 0
51.7 82.2 0
51.7 86.8 0
51.7 91.4 0
56.3 8.6 0
56.3 13.2 0
56.3 17.8 0
56.3 22.4 0
56.3 27 0
51.7 31.6 0
56.3 31.6 0
56.3 59.2 0
56.3 63.8 0
56.3 68.4 0
56.3 73 0
56.3 77.6 0
56.3 82.2 0
56.3 86.8 0
56.3 91.4 0
60.9 8.6 0
60.9 13.2 0
60.9 17.8 0
60.9 22.4 0
60.9 27 0
60.9 31.6 0
60.9 68.4 0
60.9 73 0
60.9 77.6 0
60.9 82.2 0
60.9 86.8 0
60.9 91.4 0
65.5 8.6 0
65.5 13.2 0
65.5 17.8 0
65.5 22.4 0
65.5 27 0
65.5 73 0
65.5 77.6 0
65.5 82.2 0
65.5 86.8 0
65.5 91.4 0
70.1 8.6 0
70.1 13.2 0
70.1 17.8 0
70.1 22.4 0
70.1 27 0
70.1 73 0
70.1 77.6 0
70.1 82.2 0
70.1 86.8 0
70.1 91.4 0
74.7 8.6 0
74.7 13.2 0
74.7 17.8 0
74.7 22.4 0
74.7 27 0
74.7 73 0
74.7 77.6 0
74.7 82.2 0
74.7 86.8 0
74.7 91.4 0
79.3 8.6 0
79.3 13.2 0
79.3 17.8 0
79.3 22.4 0
79.3 77.6 0
79.3 82.2 0
79.3 86.8 0
79.3 91.4 0
83.9 8.6 0
83.9 13.2 0
83.9 17.8 0
83.9 22.4 0
83.9 77.6 0
83.9 82.2 0
83.9 86.8 0
83.9 91.4 0
88.5 8.6 0
88.5 13.2 0
88.5 17.8 0
88.5 22.4 0
83.9 27 0
88.5 27 0
83.9 73 0
88.5 73 0
88.5 77.6 0
88.5 82.2 0
88.5 86.8 0
88.5 91.4 0
93.1 8.6 0
93.1 13.2 0
93.1 17.8 0
93.1 22.4 0
93.1 27 0
93.1 73 0
93.1 77.6 0
93.1 82.2 0
93.1 86.8 0
93.1 91.4 0
97.7 8.6 0
97.7 13.2 0
97.7 17.8 0
97.7 22.4 0
97.7 27 0
93.1 31.6 0
97.7 31.6 0
93.1 68.4 0
97.7 68.4 0
97.7 73 0
97.7 77.6 0
97.7 82.2 0
97.7 86.8 0
97.7 91.4 0
102.3 8.6 0
102.3 13.2 0
102.3 17.8 0
102.3 22.4 0
102.3 27 0
102.3 73 0
102.3 77.6 0
102.3 82.2 0
102.3 86.8 0
102.3 91.4 0
106.9 8.6 0
106.9 13.2 0
106.9 17.8 0
106.9 22.4 0
106.9 27 0
106.9 73 0
106.9 77.6 0
106.9 82.2 0
106.9 86.8 0
106.9 91.4 0
111.5 8.6 0
111.5 13.2 0
111.5 17.8 0
111.5 22.4 0
111.5 27 0
111.5 73 0
111.5 77.6 0
111.5 82.2 0
111.5 86.8 0
111.5 91.4 0
116.1 8.6 0
116.1 13.2 0
116.1 17.8 0
116.1 22.4 0
116.1 27 0
116.1 73 0
116.1 77.6 0
116.1 82.2 0
116.1 86.8 0
116.1 91.4 0
120.7 8.6 0
120.7 13.2 0
120.7 17.8 0
120.7 22.4 0
120.7 27 0
120.7 73 0
120.7 77.6 0
120.7 82.2 0
120.7 86.8 0
120.7 91.4 0
125.3 8.6 0
125.3 13.2 0
125.3 17.8 0
125.3 22.4 0
125.3 27 0
125.3 73 0
125.3 77.6 0
125.3 82.2 0
125.3 86.8 0
125.3 91.4 0
129.9 8.6 0
129.9 13.2 0
129.9 17.8 0
129.9 22.4 0
129.9 27 1
125.3 31.6 0
129.9 31.6 0
125.3 68.4 0
129.9 68.4 0
129.9 73 0
129.9 77.6 0
129.9 82.2 0
129.9 86.8 0
129.9 91.4 0
134.5 8.6 0
134.5 13.2 0
134.5 17.8 1
134.5 22.4 1
134.5 27 1
134.5 31.6 1
129.9 36.2 0
134.5 36.2 1
129.9 63.8 0
134.5 63.8 0
134.5 68.4 0
134.5 73 0
134.5 77.6 0
134.5 82.2 0
134.5 86.8 0
134.5 91.4 0
139.1 8.6 0
139.1 13.2 0
139.1 17.8 1
139.1 22.4 1
139.1 27 1
139.1 31.6 1
139.1 36.2 1
134.5 50 0
134.5 54.6 0
139.1 50 0
139.1 54.6 0
134.5 59.2 0
139.1 59.2 0
139.1 63.8 0
139.1 68.4 0
139.1 73 0
139.1 77.6 0
139.1 82.2 0
139.1 86.8 0
139.1 91.4 0
143.7 8.6 0
143.7 13.2 0
143.7 17.8 0
143.7 22.4 0
143.7 27 1
143.7 31.6 1
143.7 59.2 0
143.7 63.8 0
143.7 68.4 0
143.7 73 0
143.7 77.6 0
143.7 82.2 0
143.7 86.8 0
143.7 91.4 0
148.3 8.6 0
148.3 13.2 0
148.3 17.8 0
148.3 22.4 0
148.3 27 0
148.3 59.2 0
148.3 63.8 0
148.3 68.4 0
148.3 73 0
148.3 77.6 0
148.3 82.2 0
148.3 86.8 0
148.3 91.4 0
152.9 8.6 0
152.9 13.2 0
152.9 17.8 0
152.9 22.4 0
152.9 27 0
152.9 63.8 0
152.9 68.4 0
152.9 73 0
152.9 77.6 0
152.9 82.2 0
152.9 86.8 0
152.9 91.4 0
157.5 8.6 0
157.5 13.2 0
157.5 17.8 0
157.5 22.4 0
157.5 27 0
157.5 63.8 0
157.5 68.4 0
157.5 73 0
157.5 77.6 0
157.5 82.2 0
157.5 86.8 0
157.5 91.4 0
162.1 8.6 0
162.1 13.2 0
162.1 17.8 0
162.1 22.4 0
162.1 27 0
162.1 63.8 0
162.1 68.4 0
162.1 73 0
162.1 77.6 0
162.1 82.2 0
162.1 86.8 0
162.1 91.4 0
166.7 8.6 0
166.7 13.2 0
166.7 17.8 0
166.7 22.4 0
166.7 27 0
162.1 31.6 0
166.7 31.6 0
162.1 59.2 0
166.7 59.2 0
166.7 63.8 0
166.7 68.4 0
166.7 73 0
166.7 77.6 0
166.7 82.2 0
166.7 86.8 0
166.7 91.4 0
171.3 8.6 0
171.3 13.2 0
171.3 17.8 0
171.3 22.4 0
171.3 27 0
171.3 31.6 0
166.7 36.2 0
171.3 36.2 0
166.7 54.6 0
171.3 54.6 0
171.3 59.2 0
171.3 63.8 0
171.3 68.4 0
171.3 73 0
171.3 77.6 0
171.3 82.2 0
171.3 86.8 0
171.3 91.4 0
175.9 8.6 0
175.9 13.2 0
175.9 17.8 0
175.9 22.4 0
175.9 27 0
175.9 31.6 0
175.9 36.2 0
171.3 40.8 0
175.9 40.8 0
171.3 45.4 0
175.9 45.4 0
171.3 50 0
175.9 50 0
175.9 54.6 0
175.9 59.2 0
175.9 63.8 0
175.9 68.4 0
175.9 73 0
175.9 77.6 0
175.9 82.2 0
175.9 86.8 0
175.9 91.4 0
180.5 8.6 0
180.5 13.2 0
180.5 17.8 0
180.5 22.4 0
180.5 27 0
180.5 31.6 0
180.5 36.2 0
180.5 40.8 0
180.5 45.4 0
180.5 50 0
180.5 54.6 0
180.5 59.2 0
180.5 63.8 0
180.5 68.4 0
180.5 73 0
180.5 77.6 0
180.5 82.2 0
180.5 86.8 0
180.5 91.4 0
185.1 8.6 0
185.1 13.2 0
185.1 17.8 0
185.1 22.4 0
185.1 27 0
185.1 31.6 0
185.1 36.2 0
185.1 40.8 0
185.1 45.4 0
185.1 50 0
185.1 54.6 0
185.1 59.2 0
185.1 63.8 0
185.1 68.4 0
185.1 73 0
185.1 77.6 0
185.1 82.2 0
185.1 86.8 0
185.1 91.4 0
189.7 8.6 0
189.7 13.2 0
189.7 17.8 0
189.7 22.4 0
189.7 27 0
189.7 31.6 0
189.7 36.2 0
189.7 40.8 0
189.7 45.4 0
189.7 50 0
189.7 54.6 0
189.7 59.2 0
189.7 63.8 0
189.7 68.4 0
189.7 73 0
189.7 77.6 0
189.7 82.2 0
189.7 86.8 0
189.7 91.4 0
194.3 8.6 0
194.3 13.2 0
194.3 17.8 0
194.3 22.4 0
194.3 27 0
194.3 31.6 0
194.3 36.2 0
194.3 40.8 0
194.3 45.4 0
194.3 50 0
194.3 54.6 0
194.3 59.2 0
194.3 63.8 0
194.3 68.4 0
194.3 73 0
194.3 77.6 0
194.3 82.2 0
194.3 86.8 0
194.3 91.4 0
110.884 47.0879 0
92.9146 37.8788 0
109.594 57.7005 0
74.6954 64.9039 0
127.177 49.8859 0
98.0442 61.5103 0
88.898 38.3675 0
63.0489 35.8612 0
150.345 34.3923 0
83.5059 46.2237 0
152.417 50.184 1
123.348 57.0136 0
123.286 65.2079 0
106.302 46.5583 0
87.7492 59.846 0
110.917 66.2081 0
44.8972 29.5978 0
134.216 44.5765 0
127.041 39.0968 0
127.769 54.5472 0
101.395 68.307 0
110.862 34.0979 0
37.6512 35.3752 0
155.191 33.2765 0
103.4 39.4516 0
167.959 48.0324 0
159.749 56.2274 0
55.0496 52.1442 0
119.12 52.2453 0
146.609 52.2385 0
78.1249 32.5149 0
63.7196 44.5284 0
153.277 38.6432 0
114.001 44.3974 0
119.127 44.9746 0
118.381 59.3671 0
71.1246 35.5392 0
36.3725 43.4996 1
155.975 60.2671 0
