18.4 17.7 1
19.7 8.95 1
26 7.8 1
24.8 4.23 1
2.53 23.8 1
35.7 2.3 1
3.2 19.8 1
9.6 36.1 1
37.7 0.95 1
4.73 48.8 1
3.03 47.7 1
7.6 40.1 1
12.3 4.23 1
1.73 10.1 1
33.3 34.5 1
22.2 41.5 1
4.83 30.2 1
26.4 86.7 1
7.08 90.6 1
18.3 51.3 1
17.1 51.3 1
17.7 98.9 1
16.5 98.9 1
22.3 68.8 1
4.5 69.5 1
18.2 92.9 1
29.4 74.4 1
0.525 69.2 1
13.8 60.7 1
61.2 6.55 1
76.1 41.1 0
55.7 7.05 1
78.7 28 1
78.7 26.7 1
79 1.6 1
41.3 46.3 1
41.3 47.6 1
60.1 38.5 1
60.2 94.7 0
55 86.6 0
60.3 55.2 0
41.3 87.8 0
64.6 89.1 0
41.3 86 0
42 51.1 1
66.5 79.1 0
115 25.2 0
103 15.1 1
104 39.6 0
88.2 25 1
81.3 25.7 1
108 18.4 1
109 9.95 1
81.3 46.4 0
81.3 47.6 0
97 73.5 0
115 69.6 0
112 78.3 0
94.3 96 0
90.3 90.7 0
82 51.1 0
101 59 0
136 31.6 0
152 39.9 0
162 7.1 0
137 36.6 0
128 22.9 0
124 41.3 0
122 48.1 0
157 18.8 0
138 30 0
122 26.1 0
153 36.3 0
162 69.8 4
165 51.5 0
128 75.6 0
194 21 0
173 26.3 0
194 32.7 0
181 85.2 4
178 75.8 4
194 57.2 4
194 70.2 4
171 56.3 4
172 99 4
171 58.1 4
0.775 27.9 1
28.4 28.8 1
32.6 20.5 1
26.6 42 1
38.9 47.5 1
38.9 48.8 1
38.8 27.2 1
38.8 28.4 1
17 1.18 1
18.2 1.18 1
18.2 48.6 1
16.9 48.6 1
5.25 1.35 1
7.75 41.9 1
6.43 29.5 1
20 58.4 1
17.6 64.2 1
27.1 74.7 1
7.85 98.6 1
6.03 98.6 1
22.9 72.6 1
8.9 75.6 1
62.7 24.3 1
60.9 4.08 1
63.9 47.3 0
62.6 36.1 1
69.5 22 1
49.2 30.1 1
78.7 9.45 1
67.3 1.23 1
78.9 47.5 0
78.9 48.8 0
69.1 1.23 1
42.2 0.95 1
43.6 2.15 1
59.6 80.5 0
69 54.6 0
42 99 0
75.4 62.1 0
75.8 69.5 0
67.7 95.3 0
66.9 75.6 0
108 29 0
103 11.8 1
88.7 35.7 0
112 37.6 0
119 19.4 0
119 47.5 0
119 48.8 0
118 27.3 0
118 28.6 0
111 9.75 1
108 8 1
88.7 33.2 0
104 29.9 0
103 32.8 0
80.8 1.6 1
97 81.8 0
85 86 0
115 63.1 0
115 93.1 0
112 74.8 0
116 81.6 0
82 99 0
85 62.4 0
116 89.4 0
147 9.35 0
137 46 0
146 39.2 0
128 17.9 0
121 19.8 0
169 22.5 0
165 36 0
143 16.4 0
136 9.95 0
169 1.6 0
135 90.1 0
152 88.4 4
154 57.9 0
156 90.4 4
159 61 0
129 58.9 0
121 51.1 0
123 51.1 0
168 99 4
166 97.9 4
156 73.6 4
187 29.6 0
187 25.3 0
191 36.8 0
177 38.8 0
199 19.8 0
185 45.9 0
179 35.7 0
183 42.2 0
171 19.8 0
179 80.3 4
185 89.3 4
198 67.2 4
180 58.7 4
171 87.4 4
171 89.2 4
36.2 41.1 1
36 16.1 1
5.58 7.75 1
24.7 11 1
38.7 20 1
32.1 26.4 1
31.1 28.7 1
24.5 74 1
38.7 75.5 0
9.6 81.4 1
28.7 54.8 1
28.9 66.7 1
13.5 82.1 1
14.6 62.8 1
71.4 45.7 0
75.9 19.4 1
57 37.5 1
61.8 33.9 1
73.4 15.7 1
76 14.8 1
71.2 14.3 1
55.3 48.7 0
41.1 21.1 1
50.3 32.4 1
64.4 74.1 0
48.4 87.5 0
110 40.9 0
89 43.8 0
81.4 19.7 1
96.5 87.1 0
95.8 90.3 1
132 19.2 0
153 45.8 0
138 19.6 0
128 11.6 1
121 37.8 0
161 42.1 0
165 48.8 0
121 36 0
138 9.75 0
158 16.2 0
158 3.38 0
143 95.5 0
166 83 4
162 74.6 4
128 66.9 0
124 82.8 0
151 59.9 0
150 62.4 0
149 95.5 4
123 77 0
188 41.1 0
175 39.3 0
180 43 0
200 8.48 0
179 46.4 0
183 95.6 4
198 95.3 4
171 76.1 4
178 56.4 4
184 58.2 4
31.5 45.6 1
29.9 13.6 1
37.9 6.05 1
10.9 14.5 1
25.2 20.8 1
26.3 36 1
10.4 30.4 1
35.7 34.2 1
20.6 42.8 1
21 78.8 1
24.4 80.8 1
49.1 35.9 1
59.9 13.5 1
62.1 12.8 1
44 13.6 1
47.4 8.13 1
41.4 5.9 1
44.9 48.8 1
54.6 1.2 1
45.3 1.2 1
51.2 71.1 0
50.2 89.6 0
41.5 75.2 0
54.4 51.3 0
105 41.8 0
96.8 45.8 0
101 10.2 1
94.2 12.8 1
116 31.1 0
116 41.6 0
84.4 31.3 1
84.9 48.9 0
114 4.9 1
88.5 72.4 0
108 95.7 1
111 54.1 0
81.4 76 0
119 75.3 0
91 75.4 0
140 46.2 0
148 17.6 0
161 10.7 0
121 8.08 1
121 0.95 1
123 0.95 1
121 6.23 1
129 9.93 1
129 88.1 0
161 86.6 4
130 89.7 0
123 99 0
121 99 0
165 98.9 4
169 74.4 4
179 15.3 0
171 47.5 0
171 48.8 0
199 28.2 0
190 3.63 0
172 28.7 0
181 17.9 0
12.2 20.7 1
28.2 39.4 1
17.5 28.3 1
28 45.9 1
26.4 22.1 1
26.4 14.7 1
3.3 54.7 1
32.9 80.9 0
25 95.1 1
30.4 78.6 0
31.4 70.8 1
32.5 95 0
11.3 73.7 1
12.7 66.8 1
62.2 14.9 1
60 15.6 1
59.6 46 0
45.4 26.5 1
75.6 29.7 1
52.5 59.4 0
44.3 89.5 0
48.1 72.6 0
89.8 19.4 1
116 39.2 0
112 32.6 0
90.3 14.3 1
89.1 16.2 1
110 18.1 1
96.8 54.1 0
83.6 51.1 0
93.8 84.5 0
87 97.8 0
129 45.9 0
148 41.8 0
147 36.6 0
125 31.3 0
169 7.03 0
145 29.9 0
169 8.88 0
169 47.5 0
169 48.8 0
166 31.2 0
161 25.9 0
143 36.4 0
147 30.7 0
132 10.5 0
123 22.6 0
155 66.6 4
137 55.3 0
156 54.2 0
195 46 4
187 45.5 0
192 25.6 0
195 24.7 0
191 29.9 0
191 95.5 4
185 54.3 4
9.75 21.3 1
15.5 4.3 1
27.1 32.8 1
0.925 1.35 1
35.4 61.7 1
3.58 76.8 1
35.8 80.4 0
2.23 95.8 1
47.4 22 1
46.6 12.9 1
48.7 10.1 1
68.9 14.5 1
68.3 44.6 0
54.5 42.5 1
49.8 58.8 0
58.2 73.7 0
93.2 2.6 1
94 7.68 1
100 1.75 1
97.8 1.75 1
83.6 99 0
96.3 78.9 0
88.9 69.8 0
102 96.7 1
116 79.1 0
90.6 84.1 0
106 54.4 0
89.1 77.1 0
116 58.3 0
82.1 94.9 0
134 16.5 0
126 8.75 1
141 6.93 0
169 20.9 0
166 15.9 0
156 95.3 4
147 72.6 0
160 54.5 0
160 89.7 4
165 61.3 4
165 86.6 4
124 86.9 0
190 40.2 0
184 40 0
183 10.9 0
175 23.4 0
174 32.4 0
187 54.4 4
174 67.7 4
14.4 42.3 1
36.4 22.5 1
5.93 17.6 1
16.4 58.1 1
28.1 78.9 1
19.5 96.1 1
57.5 11.9 1
47.6 23.9 1
48.7 4.3 1
69.3 9.85 1
69.5 28.2 1
41.7 25.9 1
44.6 71 0
54 89.2 0
42 66.6 0
87.7 20.8 1
95.5 10.4 1
84.1 15 1
109 4.18 1
83.8 39.5 0
99.1 54 0
93.7 76.3 0
86 74.7 0
88.9 80.4 0
128 7.13 1
124 38.8 0
135 7.78 1
160 28.4 0
148 34.2 0
132 21.9 0
134 24.8 0
121 47.5 0
121 48.8 0
141 17.8 0
124 46.3 0
163 25.2 0
162 93.2 4
137 94.7 0
166 68.3 4
131 54 0
180 11.5 0
198 4.55 0
196 54.6 4
179 90.9 4
29.3 31.1 1
3.15 34.4 1
29 6.48 1
2.25 42.4 1
5.95 34.2 1
10.8 42.8 1
15.7 15.4 1
2.98 37.7 1
4.93 40.2 1
36.3 46.1 1
22.2 76.6 1
37.6 83.3 0
12.1 96 1
19.8 74.8 1
15.1 79.9 1
20.7 54.2 1
18.7 67.4 1
44.5 36.9 1
77.7 17.4 1
63.7 9.03 1
62 47.9 0
47.6 42.5 1
51.5 28.6 1
66 19.6 1
76.3 46.1 0
50.8 4.3 1
72.8 3.83 1
69.7 40.3 0
72.9 30 1
57.5 54.8 0
53.4 82.8 0
49.9 54.2 0
75.4 77.4 0
48.3 84.3 0
50 81.5 0
104 45.7 0
85.3 8.88 1
95.4 4.35 1
110 88.9 1
106 96.8 1
116 71.9 0
83.7 97 0
88.3 54.5 0
84 68.6 0
99.2 97.1 1
86 93.6 0
111 67.7 0
163 2.28 0
167 32.6 0
148 23.4 0
142 31.7 0
166 13.6 0
163 17.4 0
143 23.4 0
160 23 0
157 21.9 0
144 75.2 0
143 69.9 0
161 95.7 4
153 65.4 4
150 75.5 0
124 73.5 0
130 94 0
194 2.93 0
183 35.6 0
179 4.65 0
197 77.2 4
20.1 21 1
3.68 43.7 1
35.9 25.7 1
22.3 4.08 1
31.3 8.38 1
32.9 13.9 1
22.3 27 1
18.5 82.9 1
21.8 83.9 1
4.68 89.5 1
10.6 54.7 1
9.53 95.8 1
2.88 85 1
62.4 21.3 1
44.7 15.7 1
66.2 46.3 0
49.6 21.6 1
49.8 23.5 1
66.5 29.3 1
53.5 40.3 1
52.5 30.8 1
59.6 28.9 1
77 31.4 1
44.4 79.1 0
55.4 79.8 0
77.3 82 0
49.8 95.8 0
43.8 82.3 0
48 78.2 0
42 64.5 0
100 36.9 0
97.6 37.7 0
107 35.1 0
89.7 46.3 0
85.2 12.1 1
112 12.5 1
92.5 97.6 0
84.1 82.1 0
109 70 0
160 46.1 0
166 5.48 0
146 45.8 0
127 15.9 0
141 72.4 0
122 81.6 0
193 6.35 0
175 14.5 0
193 8.45 0
190 10.6 0
177 97.9 4
175 94.2 4
13.9 22.7 1
37.4 43.9 1
9.15 24.8 1
5.75 25.5 1
24.7 25.9 1
36.9 12.8 1
18.7 37.1 1
11.3 9.58 1
8.25 52.4 1
35.5 54.6 1
37.2 93.8 0
36.1 95.9 0
16.4 73.9 1
22.3 97.7 1
2.53 91.4 1
53.7 8.93 1
50.5 39.7 1
63.4 2.68 1
43.8 41.9 1
75.8 8.3 1
54 12.6 1
50.9 8.68 1
77.4 43.9 0
68 36.5 1
75.8 36.4 0
58.9 27.1 1
74.4 2.6 1
74.2 41.3 0
62.9 52.5 0
62.8 97.6 0
75.8 54.4 0
61 75.7 0
77.7 67.1 0
111 46 0
90.7 27.4 1
116 20.6 0
87.2 2.5 1
94.8 27.5 1
83.9 42.1 0
91.9 24.9 1
82.7 13.3 1
111 2.7 1
116 46.2 0
118 67.3 0
107 66.8 0
82.7 67.3 0
116 53.7 0
166 41.8 0
122 43.4 0
127 48.1 0
162 22.3 0
158 1.25 0
149 81 0
145 52.5 0
146 78.1 0
160 67 4
158 97.1 4
152 78.3 4
167 66.8 4
148 52.4 0
174 45.7 0
173 43.5 0
199 47.4 4
183 7.53 0
179 2.68 0
181 97.2 4
174 82.9 4
178 87.4 4
173 69.4 4
173 60.2 4
28.8 3.83 1
11.4 2.35 1
11.6 25.6 1
19.5 25.6 1
16.1 9.58 1
35.9 70.8 0
14.6 75.6 1
15.9 69.9 1
6.1 52.4 1
22.9 52.5 1
71.4 43.7 0
66.8 24.6 1
65.7 48.8 0
69.9 47.1 0
56.4 3.3 1
57.9 2.1 1
65.3 32.8 1
57.8 30.6 1
47.4 15.1 1
66.9 7.78 1
77.6 89 0
77.1 64.3 0
76.7 93.9 0
65.6 96.9 0
65.6 53.1 0
47 91.7 0
58.3 96.3 0
73.2 90.1 0
77.9 85.5 0
74.6 84.1 0
67.9 81 0
61.4 78.9 0
45.4 66.4 0
55.1 74.5 0
117 23.4 0
111 34.7 0
113 2.7 1
90.2 61.3 0
117 64.6 0
109 52.7 0
118 83.1 0
83.1 64.2 0
91.2 64.6 0
109 83.5 0
107 86.6 1
108 85 0
95.4 64.1 0
95.6 60.7 0
153 29.2 0
156 6.18 0
160 32.1 0
130 32.3 0
153 5.93 0
126 41.3 0
155 0.95 0
168 81.7 4
167 63.8 4
153 52.2 0
132 96.3 0
159 53 0
148 97.4 4
125 76.5 0
173 3.43 0
175 8.18 0
177 47.5 0
176 2.48 0
174 74.3 4
179 68.5 4
172 72.1 4
189 58.8 4
199 53.1 4
174 85.8 4
185 83.2 4
183 80.3 4
174 96.7 4
31.5 43.6 1
25 6.1 1
35.7 31.9 1
30 47 1
12.6 17.3 1
25.9 2.28 1
20.5 46.2 1
15.5 36.6 1
31.2 40.9 1
37.3 88.7 0
25.7 53.1 1
26.7 96.6 0
34.2 96.9 0
76.5 3.55 1
42.3 32.6 1
65.9 3.9 1
74.2 19.8 1
55.5 31.8 1
58.3 17.8 1
52.9 15.5 1
50.7 16.4 1
42.1 48.2 1
71.6 33 1
75.1 34 0
76.9 79.4 0
47.3 52.5 1
75.6 96 0
49.9 75.7 0
48.2 97.5 0
42.8 93.8 0
62.2 69.8 0
70.9 78.4 0
64.6 72.4 0
70.2 80.8 0
55.5 95 0
69.1 75.2 0
108 24.7 0
117 44 0
92.4 48.1 0
103 8.23 1
101 47.8 0
82.1 48.2 0
116 13 1
109 58.9 0
111 56.1 0
96.8 97.7 1
163 36.3 0
130 40.3 0
126 28 0
147 3.88 0
158 47.9 0
124 15.2 1
155 19.1 0
167 3.15 0
149 47.9 0
132 47.8 0
144 97.3 4
141 53.3 0
135 96.5 0
125 66.3 0
132 76.7 0
122 75.5 0
135 53.3 0
133 74.2 0
175 10.9 0
193 77.8 4
189 97.5 4
186 96.9 4
177 59.6 4
19.4 16.5 1
34.4 47.4 1
15.1 46.2 1
34.3 41.2 1
11.7 35.4 1
35.4 7.6 1
12.7 27.8 1
17.7 86.4 1
20.2 87.8 1
36.6 56.5 1
33.6 53.5 1
30.7 53.1 1
36.9 59.3 1
0.95 53 1
15.2 54.6 1
22.4 90.1 1
18.7 62.7 1
33.3 92.5 0
4.28 57.2 1
5.9 68.1 1
19.2 91.5 1
2.85 97.4 1
36.9 85.8 0
16.5 87.7 1
9.33 66.8 1
59.7 20.6 1
74.4 47.4 0
42.1 12.1 1
68.8 34.2 1
77.8 38.6 0
77.8 36.7 0
75.6 24.2 1
51.3 18.8 1
40.6 28.1 1
40.6 26.9 1
53.5 17.9 1
76.9 56.3 0
73.9 53.3 0
68.1 92.8 0
59.2 66.9 0
73.7 97 0
71 52.9 0
77.2 59.1 0
60.2 92.2 0
70.8 97.3 0
62.7 60.6 0
77.7 72.4 0
59.2 64.4 0
71.8 87.2 0
54.2 76.3 0
102 24.8 1
94.2 22.8 1
102 27.5 0
83.1 29.4 1
114 41.7 0
117 32.3 0
95.2 47.4 0
82 33 1
103 21.3 1
119 26.9 0
119 28.1 0
107 21.2 1
102 18.8 1
101 40.2 0
103 28.7 0
83.1 3.38 1
85 26.9 1
85.2 54.3 0
100 67.8 0
83.1 87.3 0
87.5 63.3 0
83.2 57 0
87.5 86.2 0
113 64.3 0
94 93.5 0
104 73.2 0
113 58.5 0
112 85.9 0
114 88.6 0
114 52.6 0
117 55.6 0
91.6 52.6 0
83.1 90.6 0
117 59.8 0
83.2 60.3 0
113 69.6 0
111 83.8 0
139 27.2 0
133 30.6 0
155 31.5 0
157 34.2 0
149 2.53 0
155 47.3 0
141 3.68 1
146 12.4 0
165 2.2 0
137 28.4 0
121 26.9 0
121 28.1 0
136 38.2 0
154 35.3 0
134 47.8 0
123 27.4 0
152 81.6 4
139 60.6 0
134 67.3 0
134 61.5 0
146 56.5 0
133 65.7 0
129 77.7 0
125 58.9 0
122 63.2 0
153 97.4 4
136 79.7 0
139 77.5 0
137 60.6 0
136 57.8 0
147 67.1 0
141 66.6 0
134 79.7 0
122 78.5 0
157 75.4 4
186 21.3 0
193 17 0
184 47.7 4
184 43.7 0
182 48.3 0
182 22.2 0
182 26.3 0
171 26.9 0
171 28.1 0
173 30.9 0
199 83.2 4
191 84.7 4
196 74.6 4
187 89 4
198 80.1 4
180 74.9 4
196 58.5 4
190 63.4 4
188 62.3 4
198 92.8 4
194 96.7 4
189 91.9 4
178 64.9 4
189 94 4
178 53.4 4
172 64.2 4
180 83 4
17.2 31.8 1
0.975 14.1 1
22.4 17.1 1
4.3 11.9 1
20.4 13.2 1
22.7 10.9 1
16 33 1
30.8 25.5 1
6.28 3.9 1
11 6.1 1
8.95 8.9 1
7.1 64.7 1
3.08 60.4 1
1.13 60.4 1
6.83 62.9 1
25.5 88.7 1
12.1 89.7 1
25.2 92.6 1
7.8 87 1
8.08 85.2 1
9.98 89.7 1
37.7 67.5 0
31.9 89.5 0
29.9 97 0
29.1 57.3 1
14.4 83.7 1
14.4 86.2 1
49.3 46 1
77.2 6.35 1
55.5 19.3 1
46.4 64 0
42.8 56.4 1
60.3 57.7 0
56.7 62.2 0
42.8 59.6 0
43.2 53.5 1
109 27.2 0
82.7 8.2 1
82.7 6.35 1
90.3 38.3 0
114 38.3 0
101 33.5 0
112 25.2 0
98.1 25.6 1
84.7 2.43 1
103 67.1 0
107 80.2 0
111 92.4 1
116 94.3 0
95.7 52.1 0
105 60 0
92.4 59.1 0
110 74.7 0
89.7 92.4 0
112 93.3 0
88.9 52.3 0
108 73.4 0
88.8 94 0
116 97.1 0
113 81.6 0
152 18.3 0
151 13.8 0
145 39.9 0
160 38 0
157 14.4 0
147 83.8 4
139 83.3 0
147 86.3 4
164 82.7 4
141 96.9 0
138 69.1 0
140 75 0
162 81.8 4
143 80.9 0
168 78.4 4
124 95.5 0
124 53.7 0
127 81.1 0
125 81.7 0
126 96.5 0
136 73.5 0
166 75.7 4
155 55.8 0
190 18.9 0
199 17.6 0
183 29.6 0
179 45.2 0
194 62.9 4
182 67.8 4
200 97.3 4
188 69.3 4
31.4 21.9 1
33.5 16.1 1
12.2 33.1 1
22.7 48.3 1
25.5 19.4 1
9.05 13.8 1
11 31.8 1
10.9 71.5 1
13.2 97.9 1
37.4 63.7 0
10.8 69.6 1
47 36.3 1
65.5 16.2 1
71.6 12.2 1
77.4 13.2 1
56.9 22.1 1
71.2 84.2 0
71.3 72.4 0
66.6 89.9 0
42.1 83.1 0
73.7 77 0
70.6 70.1 0
73.3 68.4 0
66.9 84.4 0
96.8 43.4 0
109 47.3 0
117 4.1 1
112 7.5 1
90.2 42.4 0
106 48 0
117 14.5 1
114 48 0
110 63 0
99.1 82.9 0
109 61.5 0
82.2 81.5 0
111 98 0
99.6 61.2 0
100 64.2 0
118 88.6 0
83.3 94 0
133 12.8 0
153 43.4 0
132 39.2 0
136 12.3 0
155 40.9 0
149 10.6 0
157 40.8 0
166 25.2 0
134 4.15 1
137 42.4 0
159 11.2 0
150 26.6 0
129 43.7 0
157 4.33 0
136 41.3 0
150 89.3 4
143 93 4
148 93 4
136 92.2 0
142 62.6 0
149 63.1 0
130 61 0
129 65 0
123 60.4 0
145 64.5 0
142 58.6 0
122 92.8 0
166 92.4 4
156 92.8 4
149 58 0
173 8.08 0
196 42.4 0
173 38.1 0
194 47.3 4
192 35.9 0
173 6.23 0
173 36.2 0
172 15.8 0
190 67 4
192 69.8 4
191 65.6 4
179 57.4 4
172 81.8 4
176 67.9 4
28.3 22.3 1
21.5 2.13 1
28 43.5 1
9.53 2.35 1
26.1 48.3 1
12.8 48.2 1
37.9 38.6 1
37.9 36.7 1
21.1 38.9 1
25.3 16.7 1
23.7 36.1 1
37.5 9.05 1
19 80.1 1
22.1 65.6 1
13.4 53.3 1
38.1 51.9 1
21.3 63.9 1
43.4 28.8 1
42.9 38.9 1
73.7 9.05 1
43.9 7.53 1
43.2 97 0
78.1 51.9 0
46.8 89.2 0
104 43.6 0
92.8 41.1 0
117 16.4 1
95 41.2 0
96.4 55.7 0
89.8 73.4 0
101 75 0
95.4 57.5 0
107 93.3 1
90.1 57.4 0
118 85.6 0
118 51.8 0
98.7 86.3 0
89.2 55.8 0
114 98.1 0
167 38.9 0
122 32.8 0
130 18.3 0
168 43.2 0
122 17.4 0
167 37 0
155 11.6 0
141 12.5 0
139 17.9 0
139 11.2 0
142 47.9 0
144 47.9 0
153 3.33 0
122 22 0
143 89.6 0
126 52.6 0
162 52.8 0
140 88.5 0
160 75.8 4
159 78.6 4
130 52.1 0
189 7.28 0
187 43.1 0
197 15.4 0
172 17.6 0
190 5.5 0
176 27.5 0
176 32.6 0
179 27.5 0
190 48 4
192 31.4 0
184 74.9 4
181 71.9 4
184 67.6 4
198 64.3 4
37.8 17.8 1
10.2 46.4 1
6.13 14.7 1
17.9 23 1
22.4 80.3 1
23.5 60.1 1
37.9 73.3 0
26 60.1 1
32.9 61.3 1
77.5 21.4 1
45.6 28 1
76.4 16.5 1
59.6 43.5 0
42.1 43.3 1
57.7 48.1 0
73 17.9 1
42.3 34.4 1
69.8 26.7 1
69.3 42.6 0
51.9 66.8 0
53.2 65 0
44.8 98 0
48.4 67.2 0
52.9 61.3 0
63.6 84.3 0
62.1 82.8 0
44.8 52.4 1
49.1 71.4 0
91.8 7.18 1
112 19.7 1
114 32 0
86.8 36.9 0
87.8 7.33 1
114 20.1 1
86 32.1 1
82.1 43.4 0
82 17.3 1
106 2.35 1
87.2 33.4 0
85 38.6 0
98 72 0
104 56.9 0
105 52.8 0
95 85.9 0
103 82 0
104 77.6 0
101 98.6 1
100 52 0
97.1 91.6 1
99.1 92.7 1
150 29.1 0
163 31.1 0
145 37.3 0
162 3.53 0
153 8.25 0
144 28.3 0
127 37.8 0
126 2.78 1
136 2.68 1
124 9.93 1
164 20 0
168 17.4 0
122 12.8 1
143 27.1 0
164 32 0
141 42.3 0
146 43.7 0
124 3.73 1
148 29.7 0
167 46.9 0
156 68.5 4
160 84.1 4
157 65.4 4
163 86.8 4
167 53.5 4
123 68.8 0
125 88.3 0
127 89 0
167 59.5 4
122 89.4 0
130 91.5 0
122 87.6 0
183 4.1 0
186 40.4 0
185 11.5 0
196 10.8 0
180 30.1 0
179 31.9 0
194 13.5 0
173 22.6 0
198 9.7 0
190 82.6 4
186 78.1 4
188 81.8 4
184 52.6 4
190 75.4 4
186 72.1 4
193 81.4 4
180 63.7 4
176 52.2 4
185 56.8 4
181 51.2 4
23.3 32.6 1
37.5 30.6 1
32.9 2.13 1
18.8 40.8 1
25.4 32.5 1
27.3 34.9 1
37.9 22 1
13.8 4.08 1
4.35 78.7 1
25.2 66.2 1
5.6 80.6 1
9.75 56.3 1
8.58 57.8 1
25.1 84.4 1
26.9 65.9 1
30.2 68.2 1
37.5 78.3 0
38.9 99 0
0.175 95.6 1
30.4 85.5 0
31.6 83 0
42.7 17.5 1
57.3 41.6 1
44.3 20.3 1
61 46.7 0
48.1 2.45 1
47.3 48.2 1
65.5 27.8 1
58.7 6.85 1
69.3 12.4 1
55.6 42 1
53.6 46.5 0
61.8 42.3 0
63.1 43.6 0
77.4 24.7 1
41.1 23.9 1
42.1 72.8 0
42.1 77.4 0
56.5 52.2 0
47.8 60.7 0
77.8 74.9 0
58.7 71.9 0
58.4 88.5 0
71.6 64.4 0
62.6 90.1 0
78.9 99 0
58.4 85.5 0
59.6 83.8 0
43.2 63.7 0
111 43.9 0
103 4.48 1
90.6 30.1 1
88.1 3.75 1
92.1 3.85 1
91.6 20.3 1
94.7 30.1 0
95.6 20.2 1
95.1 35.8 0
92.9 35.9 0
96.3 31.9 0
112 39.2 0
81.9 23 1
87.3 48.2 0
83.9 20.6 1
119 0.95 1
97.3 18.5 1
118 37.9 0
97.5 14.3 1
96.1 13.2 1
90 31.9 0
118 36 0
98.7 55.6 0
99 57.3 0
95.1 83.2 0
116 91.7 0
94.8 68.4 0
118 72.3 0
103 86.1 1
82 78.2 0
83.9 74.6 0
81.9 71.9 0
119 99 0
85.3 97.1 0
96.3 69.4 0
104 87.4 1
91.1 68.5 0
103 91.6 1
156 22.2 0
154 27.5 0
163 5.85 0
126 21.1 0
127 9.88 1
128 19.8 0
127 32.2 0
168 11.8 0
129 28.2 0
129 4.1 1
139 2.33 1
162 48.1 0
145 1.35 1
165 5.4 0
153 26.3 0
160 25.2 0
124 21.3 0
163 60.9 4
123 71.9 0
160 57 0
168 72 4
167 94 4
149 71.8 0
151 73.1 4
167 56.3 4
187 33.7 0
189 35.6 0
177 15.4 0
180 13.2 0
171 0.95 0
184 18.3 0
177 23.4 0
179 22.1 0
194 86.2 4
194 89.5 4
194 52.7 4
197 85.4 4
200 74.6 4
199 90.4 4
188 56.3 4
195 90.1 4
173 53.6 4
171 51.1 0
183 85.5 4
172 78.1 4
20.4 32.1 1
11.4 12.9 1
16.6 16.4 1
8.18 34.9 1
12.7 41.5 1
8.13 48.2 1
39 0.95 1
34.6 21.3 1
13.5 10.5 1
3.65 46.4 1
0.175 48.9 1
16.1 6.18 1
36.3 82.2 0
5 75.2 1
5.78 72.1 1
36.1 92.3 0
10.2 60.3 1
16.6 80.9 1
4.45 83.7 1
30.2 76.9 1
12.3 60.3 1
20.6 67.6 1
12.3 93.5 1
13.2 92 1
58.8 3.35 1
52.6 1.98 1
78 28 1
42.1 10.2 1
55.7 24.5 1
51.9 47.8 0
79 0.95 1
57 9.98 1
77.4 26.1 1
53.1 25.3 1
67.8 67.5 0
65.2 65.5 0
71.3 60.9 0
65 63 0
65.6 58.6 0
65 87.2 0
51.6 52.6 0
51.4 97.1 0
56.4 69.6 0
76.5 68.1 0
67 57.2 0
70.3 58.5 0
53.9 69.6 0
42.6 89.2 0
102 13.2 1
118 5.98 1
88.5 13 1
82 34.9 0
86.8 12.2 1
85.7 14.1 1
87.4 14.9 1
82 38.9 0
118 8.75 1
117 68.3 0
97.4 77.4 0
114 79.1 0
118 78.1 0
108 54.3 0
87.2 75.6 0
86.5 73.2 0
89.9 88.4 0
95.8 96.7 1
129 35.4 0
129 8.25 1
142 8 0
138 22.2 0
166 20 0
132 2.3 1
144 9 0
136 24.8 0
139 7.98 0
164 16.5 0
167 28.9 0
167 26.4 0
147 32.3 0
134 89.5 0
153 86.8 4
130 83.8 0
155 83 4
132 82.8 0
153 85.1 4
157 82.3 4
130 57.4 0
129 86.3 0
166 85 4
134 84.2 0
167 90.4 4
132 89.5 0
161 91.8 4
158 89.7 4
162 97.6 4
169 51.1 0
131 72.8 0
131 55.6 0
130 74.4 0
122 56.2 0
167 87.2 4
184 33.3 0
186 15.9 0
193 42.6 0
197 37.5 0
186 13.5 0
185 2.13 0
191 41.5 0
198 46.2 4
196 35.7 0
200 2.45 0
200 6.43 0
189 2.08 0
176 74.6 4
194 72.2 4
179 96.5 4
196 68.4 4
178 92.1 4
190 52.1 4
171 99 4
179 78 4
180 91.9 4
192 57.2 4
184 62.6 4
171 93.2 4
176 93.6 4
18.9 19.3 1
2.03 27.6 1
27.4 7 1
32.8 33.3 1
3.23 36.1 1
31.4 32.2 1
1.08 33.6 1
0.9 36.9 1
3.95 41.1 1
3.28 28.8 1
2.3 22.1 1
35.9 3.4 1
17 1.8 1
18.2 1.8 1
9.88 37.2 1
36.4 24 1
33.6 7.6 1
4 9.28 1
22.5 5.95 1
21.5 7.5 1
8.8 38.9 1
5.35 47.6 1
30.8 2.13 1
0.325 10.3 1
3.9 2.18 1
21.7 28.5 1
18.3 8.88 1
15.6 40.3 1
33.4 36.2 1
15.5 12.9 1
31.7 37.7 1
18.8 47.3 1
16.3 47.3 1
8.08 30.3 1
5.58 32.2 1
28.1 87.5 0
18.3 58.6 1
20.7 56.7 1
20.7 76.1 1
15.6 59.3 1
16.5 91.9 1
21.2 73.9 1
27.9 77.2 1
8.78 94.2 1
7.6 92.7 1
17.1 52 1
21.3 96.4 1
7.78 97.9 1
17.7 98.3 1
16.5 98.3 1
18.8 94.2 1
21.9 53.7 1
5.33 98.6 1
36.1 84.7 0
29.7 72.8 1
18.9 52.6 1
2.43 69.3 1
18.3 65.1 1
62.7 27.7 1
64.3 36.9 1
45.4 42 1
68.1 21.3 1
50.8 6.8 1
72.5 7.38 1
48.7 6.8 1
48.8 41.2 1
61.5 29 1
73.1 25 1
66.4 36.8 1
40.9 0.95 1
62.3 7.18 1
76.7 39.4 0
74.7 38.1 0
64.3 20.4 1
56 5.18 1
73.7 5.7 1
42.6 45.7 1
77.4 9.45 1
73.5 39.2 0
61.9 53.7 0
61.8 96.3 0
54.1 84.8 0
76.1 80.9 0
48.2 53.7 0
56.3 56.6 0
42.1 85 0
40.8 51.1 1
59.3 74.6 0
53.8 57.8 0
55.2 93.2 0
54.8 90.9 0
43.9 68.9 0
46.5 71.6 0
85.5 42.2 0
106 29.2 0
106 36.4 0
118 19.8 0
98.5 45.9 0
105 38.1 0
104 16.7 1
106 18 1
88.8 22.5 1
110 6.78 1
87.3 43 0
95.1 6.23 1
81.9 24.4 1
100 46.5 0
82.6 45.7 0
87.5 26.3 1
87.2 68.5 0
91.9 90.7 0
80.8 51.1 0
85.5 67.7 0
94.9 74.9 0
85.7 81.9 0
90.1 82.1 0
87.4 81.1 0
102 59.5 0
132 27.5 0
123 25.5 0
164 41.9 0
140 37.9 0
127 24.1 0
143 30.7 0
130 21.8 0
136 35.4 0
149 40.9 0
163 41.5 0
127 25.5 0
123 24.2 0
150 34.5 0
153 38.3 0
123 44.4 0
133 26.2 0
126 46.9 0
168 23 0
157 20.1 0
152 46 0
139 30.7 0
150 46.6 0
135 33.5 0
133 9.33 1
123 48.1 0
153 23.1 0
157 28.9 0
162 24.5 0
152 35.5 0
122 20.4 0
122 28.8 0
134 94.9 0
164 67.5 4
163 68.4 4
154 89.7 4
153 58.7 0
152 63.1 0
123 80.5 0
159 95.9 4
159 63.1 4
123 79.3 0
127 59.5 0
164 52.3 0
169 99 4
137 88.7 0
149 67.7 0
131 69 0
130 68 0
157 71.4 4
161 72.4 4
151 66.1 4
123 75 0
134 54 0
154 74.3 4
197 31 0
194 22.5 0
196 20.7 0
177 6.53 0
185 8.15 0
174 25.6 0
195 31.8 0
200 68 4
185 87.3 4
198 54.5 4
174 71.2 4
172 55.5 4
172 89.8 4
184 91.7 4
172 58.7 4
30.8 11.9 1
27.2 28 1
23.7 21.6 1
31.5 10 1
21.9 21.5 1
5.38 42.5 1
38.3 47.5 1
31.7 18.2 1
38.1 27.2 1
25.1 9.28 1
25.9 26.7 1
1.53 2.18 1
38.9 49.4 1
34.1 26.3 1
0.575 17.3 1
3.6 24.7 1
33.8 31.7 1
32.4 30.6 1
5.5 27.5 1
9.28 41.6 1
37.5 29.1 1
21.2 26.1 1
23.6 75.7 1
13 65.2 1
23.7 71.4 1
23.6 69.7 1
7.98 79.9 1
8.08 77.9 1
3.93 87.1 1
27.2 54.2 1
9.83 74.6 1
29.7 64.2 1
2.85 93.3 1
14 63.7 1
61.2 37.3 1
62 25.9 1
62.3 3.93 1
63.1 33.8 1
55.4 12.4 1
43.6 31.6 1
63.2 46.7 0
78.3 47.5 0
71.4 21.8 1
69.8 1.23 1
66.6 2.33 1
43.2 3.03 1
78.9 49.4 0
56.4 39.3 1
54.7 39.8 1
60.8 27.2 1
54.8 48.1 0
76.2 5.43 1
72.4 31.5 1
75.9 32.5 1
73.2 33.9 1
67.2 54.2 0
62.4 74.8 0
75.6 92.3 0
49.9 56.7 0
49.8 93.3 0
40.8 99 0
75.8 60.8 0
69.2 95.9 0
54.2 81.3 0
45.4 83.2 0
43.7 81.1 0
49 79.4 0
46.2 78.5 0
47.1 83.7 0
67.4 77.6 0
49.5 83.1 0
116 26.7 0
116 29.2 0
97.4 10.7 1
105 11.3 1
105 34 0
118 47.5 0
119 49.4 0
80.8 0.95 1
83.5 5.25 1
99.4 10.7 1
108 11.3 1
114 12.8 1
104 31.5 0
99.6 2.65 1
96.4 2.85 1
84.8 56 0
111 76.8 0
104 95.4 1
116 61.5 0
114 73.1 0
91.3 96.3 0
80.8 99 0
84 84.2 0
89.4 96.4 0
147 7.78 0
166 34.5 0
163 11.5 0
164 12.8 0
147 5.75 0
159 46.7 0
160 43.6 0
169 0.95 0
164 3.08 0
155 58.9 0
151 53.4 0
123 51.7 0
157 59.8 0
167 97 4
121 51.1 0
124 85.5 0
124 84.2 0
127 75.7 0
196 4.1 0
190 38.5 0
189 30.2 0
191 24.6 0
189 24.6 0
178 10.7 0
178 39.9 0
177 36.8 0
183 9.15 0
172 20.2 0
185 28.1 0
185 26.9 0
179 41.7 0
177 81.5 4
176 82.5 4
196 95.4 4
172 86.6 4
188 95.9 4
178 62 4
176 96.9 4
9.98 23.2 1
25.4 23.7 1
36.3 42.8 1
6.13 6.5 1
4.28 18.2 1
25.2 12.8 1
37.9 20.4 1
36.8 39.3 1
31.2 27.9 1
12.4 24.1 1
18.9 27 1
36.8 35.9 1
9.33 53.4 1
28.2 95.5 0
38 75.9 0
25.8 74 1
15.7 72.1 1
0.8 90.3 1
16.3 62.6 1
63.2 23 1
50 37.6 1
53.5 10.7 1
43.7 40 1
76.3 42.8 0
59.4 33.4 1
42.3 21.1 1
45.7 2 1
65.2 8.43 1
58.1 32.2 1
42.7 5.9 1
45.6 48.2 1
76.2 87.6 0
76.3 65.7 0
76.4 71.5 0
57.4 80.1 0
43.6 55.2 1
42.1 75.8 0
65.8 74.5 0
76.5 85.9 0
65.7 79.6 0
63.2 79.6 0
109 29.7 0
111 31.3 0
91.5 46.8 0
82.7 19.6 1
85.5 3.28 1
85 48.9 0
117 82 0
116 65.9 0
94.2 78.4 0
82.6 76 0
133 17.8 0
136 17.9 0
150 3.68 0
157 17.2 0
122 8.7 1
122 6.23 1
122 37.8 0
159 15.9 0
122 36 0
161 16.6 0
165 48.8 0
146 53.7 0
166 80.6 4
151 96.2 4
167 79.1 4
127 66.3 0
123 61.7 0
163 75.3 4
167 74.4 4
174 42.5 0
181 35 0
174 33.4 0
174 29.3 0
181 42.8 0
174 40.6 0
176 46.3 0
177 3.63 0
174 5.3 0
174 35.3 0
180 47.7 0
172 76.5 4
176 86.2 4
175 58.8 4
179 86.1 4
12.1 19.4 1
35.8 11.7 1
11.3 29 1
25.3 41.6 1
26.9 3.43 1
37.2 6.05 1
28 14.8 1
36.4 9.83 1
23.2 41.4 1
33.4 70.8 0
24.3 53.9 1
23.7 96.2 1
10.5 82.9 1
36.4 68.5 0
5.03 53.7 1
12.3 82.2 1
13.8 68.5 1
58 36.2 1
47.6 30 1
46.4 8.15 1
66.6 5.78 1
43.3 13 1
57.1 34.6 1
66.8 33.7 1
55 2.05 1
55.8 33.3 1
49.9 33.5 1
59.1 19 1
52.5 72 0
64.3 53.9 0
64.2 96.1 0
53.8 97.6 0
54 52.1 0
43.6 95.2 0
53.7 73.3 0
83.3 32 1
107 41 0
109 41 0
112 36 0
92 13.2 1
107 9.38 1
105 9.38 1
103 46.5 0
114 46.8 0
96.6 80.6 0
117 84.3 0
118 75.7 0
110 96.6 1
83.9 65.5 0
89.8 53.5 0
98.6 96.3 1
95.8 88.4 0
166 39.9 0
123 42.2 0
161 8.2 0
128 46.9 0
147 15.9 0
129 13.1 0
121 0.95 1
168 5.95 0
142 19.2 0
150 21.7 0
150 19.2 0
123 1.58 1
128 15.1 0
167 8.88 0
142 21.7 0
157 2.2 0
146 96.1 4
166 65 4
123 98.4 0
164 98.1 4
121 99 0
158 54 0
154 53.2 0
174 12.7 0
196 26.3 0
172 47.5 0
171 49.4 0
198 27.5 0
180 16.9 0
173 62.7 4
11.1 16.2 1
14.3 28.3 1
33 46.1 1
16.2 28.9 1
21.7 47 1
35.8 87.2 0
32.2 54.6 1
35.5 57.9 1
13 74.7 1
72.4 15.1 1
40.8 49.4 1
73 46.1 0
56.7 18.2 1
72.5 54.4 0
75.8 57.7 0
72.3 95.9 0
47.3 96.6 0
45.6 97.1 0
45.6 53.3 1
57.4 95.4 0
52.2 75.7 0
48.8 74.2 0
116 22.6 0
110 16.4 1
115 4.33 1
108 46.7 0
116 42.9 0
80.8 49.4 0
89.8 17.5 1
111 14 1
83.2 51.9 0
88.9 71.4 0
116 57 0
113 53.7 0
92.2 76.1 0
84.3 89.4 0
84.4 59.1 0
147 40.3 0
168 47.5 0
156 46.7 0
167 20.8 0
123 16.5 0
169 49.4 0
131 46.5 0
147 46.6 0
131 10.6 1
139 54.7 0
160 87.8 4
123 64.1 0
154 96.4 4
193 27.1 0
192 28.4 0
174 66.4 4
181 58.9 4
185 95.4 4
192 95.7 4
183 59 4
8.73 20.4 1
27.2 38 1
27.6 47 1
36.6 16.9 1
13.8 47 1
7 18.7 1
20.5 43.7 1
32 79.5 0
15.8 56.5 1
31.3 95.5 0
0.85 98.1 1
76.6 20.5 1
58.6 12.9 1
46.8 12.3 1
48 11.1 1
58.6 46.8 0
76.2 23 1
62.5 9.95 1
61.7 11.8 1
43.4 46.9 1
58.6 21.6 1
49.2 86.5 0
44.1 58.5 0
116 33.4 0
93.7 46.8 0
117 38.6 0
117 35.2 0
82.7 47.6 0
83.2 98.3 0
92.2 84.5 0
116 95.6 0
140 5.55 1
167 16.5 0
136 45.9 0
142 16.1 0
166 30.4 0
133 23 0
126 16.1 0
135 46.5 0
139 95.5 4
123 91.2 0
166 55.3 0
123 90 0
183 47 4
188 46.7 4
178 54.9 4
179 51.9 4
8.45 3.5 1
10.2 44.2 1
15.1 43.7 1
25.5 80.6 1
36.6 72.4 0
36.2 66.1 0
14.3 96.6 1
16.4 53.2 1
15.9 97 1
18.4 97 1
27.2 79.8 1
1.65 77.3 1
35.9 64.4 0
17.4 75.4 1
18.6 75.4 1
76.8 28.6 1
51.8 3.23 1
43.4 44.3 1
48.2 46.9 1
51.1 46.5 0
65.9 18.1 1
54.3 43.8 0
54.1 45.2 0
55.7 21.2 1
41.7 25.3 1
43.4 71.9 0
43.4 78.1 0
57.4 53.4 0
48.9 76.6 0
56.6 74.1 0
76.9 74.1 0
76.5 76.5 0
52.3 89.1 0
51.7 82 0
83.4 15 1
117 11.6 1
83.3 16.4 1
83.4 44.3 0
88.2 47 0
85 28.8 1
86.4 20.2 1
117 9.68 1
112 46.8 0
94.5 53.1 0
83.4 80.4 0
83.2 79 0
83.3 69.6 0
83.2 71 0
92.6 53.6 0
84.9 95.3 0
89.5 78.6 0
123 31.9 0
161 27.8 0
166 44.2 0
162 46.9 0
121 49.4 0
121 47.5 0
123 46.9 0
143 2.3 1
167 45.6 0
167 69.6 4
124 69.7 0
123 93.6 0
167 71.1 4
124 71 0
163 93.3 4
127 95.5 0
129 95.2 0
183 38.7 0
181 11 0
183 36.7 0
174 80.7 4
173 78.9 4
14.1 16.7 1
4.38 34.2 1
37 46.9 1
20.4 3.38 1
36.9 26.6 1
16.3 3.05 1
18.8 3.05 1
22.1 0.95 1
28.3 32.1 1
0.65 41.9 1
4.3 39 1
24.6 47.6 1
21.7 77.9 1
0.85 84.3 1
39.2 81.9 0
39.2 51.9 1
38.1 50.8 1
43.9 16.6 1
46.4 24.5 1
77 46.9 0
63.1 15.2 1
67.6 15.3 1
48.4 43.9 1
76.5 12.3 1
46.2 21.3 1
59 16.5 1
62.2 1.1 1
45.2 25.8 1
67.4 45 0
43.5 35.4 1
76.4 10.4 1
79.2 51.9 0
79.2 81.9 0
78.1 50.8 0
40.8 81.9 0
55 77.8 0
109 34.6 0
92.3 1.1 1
106 0.875 1
94.2 8.83 1
106 46.7 0
117 46.9 0
108 68.5 0
116 87 0
106 98.7 1
119 51.8 0
118 50.7 0
80.8 81.9 0
92.2 99 0
119 81.8 0
113 97.1 0
142 35.7 0
147 24.2 0
126 9 1
167 12.7 0
142 33.1 0
147 35.6 0
123 13.7 1
135 6.55 1
163 18.7 0
144 24.2 0
143 71.9 0
145 73.2 0
123 53 0
169 82 4
121 81.7 0
154 65.4 4
124 55.6 0
167 77.1 4
194 0.825 0
191 8.95 0
174 15.8 0
195 76.7 4
188 53.5 4
171 82.1 4
14.6 21.8 1
3.68 44.3 1
6.6 46.9 1
11.6 47 1
13 0.95 1
23.5 26.4 1
30.3 7.03 1
16 21.9 1
18.9 21.6 1
19.5 82 1
21 82.2 1
3.9 90.6 1
12.5 54.3 1
16.8 68.9 1
8.7 96.9 1
14.9 77.8 1
4.1 97.4 1
13 99 1
18.1 67.7 1
52.4 8.7 1
61.1 21 1
43.3 9.28 1
58.2 29.6 1
68.6 8.83 1
117 19 0
116 17.3 1
108 3.53 1
84.5 10.2 1
164 25.8 0
133 3.6 1
128 5.98 1
167 23.8 0
154 5.2 0
141 46.7 0
145 46.7 0
159 22.8 0
122 19.3 0
148 78.6 4
127 53.6 0
165 53.2 0
129 53.1 0
150 77.4 4
181 4 0
193 46.7 4
173 19.3 0
191 47.3 4
183 53.8 4
178 88.8 4
181 52.4 4
172 91.7 4
7.4 25 1
34 3.23 1
38.8 31 1
38.8 44.1 1
37.1 19.5 1
38.8 14.1 1
13.4 49.4 1
21.6 49.4 1
36.1 5.28 1
11.7 26.5 1
36.7 53.4 1
14 51.3 1
21.8 99.2 1
21.8 50.8 1
39.2 68.2 0
53.9 13.7 1
51.7 27.9 1
68.7 37.8 0
78.8 31 1
78.8 44.1 0
70.8 2.38 1
78.8 14.1 1
40.8 13.3 1
40.8 43.3 1
40.8 31.7 1
61.6 49.4 0
74.7 17.8 1
49.7 20.9 1
52.1 40.3 1
53.4 30.7 1
53.7 15.1 1
48.4 15.4 1
50.3 16 1
55.9 47.4 0
43.6 4.9 1
72.3 3.33 1
70.9 28.2 1
69.7 39.6 0
50.9 19.6 1
72.8 28.9 1
58.1 27.1 1
56.8 25.9 1
54.3 18.7 1
52.9 26.6 1
76.7 53.4 0
61.8 99.2 0
61.8 50.8 0
79.2 68.2 0
40.8 68.3 0
44.8 64.9 0
117 6.9 1
83.2 35.8 0
105 3.6 1
119 44.1 0
119 31 0
119 14.1 1
80.8 43.3 0
80.8 31.7 1
80.8 13.3 1
91.6 49.4 0
92.6 26.2 1
83.2 38 0
101 3.9 1
103 54.1 0
91 51.3 0
80.8 68.3 0
119 68.2 0
117 53 0
101 53.3 0
108 87.6 0
109 86.1 0
127 3.88 1
123 34.1 0
167 18.7 0
126 1.25 1
159 1.25 0
169 31.8 0
138 3.63 1
169 13.2 0
123 5.6 1
169 43.2 0
121 31.6 0
158 49.4 0
121 43.4 0
121 13.4 1
127 49.4 0
123 38.4 0
146 2.2 0
123 35.3 0
123 2.83 1
158 67.3 4
163 53.6 0
123 97.2 0
169 68.1 4
159 51.3 0
126 51.3 0
126 98.8 0
121 68.4 0
124 67.5 0
158 99 4
166 58.4 4
173 46.9 0
183 5.95 0
171 31 0
171 44.1 0
173 21.8 0
200 48.8 4
180 1.15 0
171 14.9 0
171 69 4
200 51.2 4
175 53.2 4
36.4 31.7 1
25.6 34.7 1
8.93 46.9 1
39.1 16.8 1
33.8 0.775 1
8.85 49.4 1
26.2 49.4 1
19.4 38.5 1
23.5 34.8 1
18.9 24.3 1
36.7 96.8 0
36.7 77.5 0
37.1 75 0
25.8 98.6 0
38.6 94.2 0
25.8 51.5 1
39.1 71.8 0
38.1 98.2 0
8.85 50.7 1
38.9 63.2 0
66 30 1
66.2 48.1 0
62.2 45.4 0
42.9 22 1
58.2 0.85 1
79.1 16.8 1
65.1 31.5 1
44.9 2.88 1
40.6 16.5 1
58.5 49.4 0
48.5 49.4 1
66.2 49.4 0
49.9 24.1 1
67.4 26.2 1
56.3 23.4 1
74.7 0.95 1
41.7 23.3 1
51.8 24.7 1
43.4 74 0
76.7 96.8 0
54.8 53 0
65.8 98.6 0
65.8 51.5 0
78.6 94.2 0
78.6 64.2 0
48.2 50.9 1
79.1 71.8 0
58.2 50.9 0
49.1 98.8 0
59.1 98.8 0
41.2 93.9 0
78.1 98.2 0
40.6 71.5 0
43.4 75.3 0
73.7 88.2 0
69.6 77.1 0
60.5 77.3 0
40.8 64.9 0
96.3 48.1 0
113 39.9 0
83.3 18.5 1
88.2 0.85 1
119 15.9 1
118 1.9 1
80.6 16.5 1
88.5 49.4 0
96.3 49.4 0
102 7.08 1
86.1 48.2 0
91.8 61.5 0
110 90.6 0
96.3 84.5 0
117 73.2 0
113 90.4 0
113 91.9 0
83.2 73.1 0
88.2 50.9 0
119 64.2 0
119 94.2 0
119 70.9 0
117 74.9 0
81.2 63.9 0
80.6 71.5 0
96.3 50.8 0
118 98.2 0
98.1 84.8 0
92.7 63 0
88.2 99.1 0
80.8 94.9 0
94.6 62.7 0
162 32.9 0
163 34.7 0
164 34.3 0
128 39.4 0
128 31 0
163 21 0
128 29.4 0
123 11.5 1
131 0.825 1
169 16.5 0
121 16.5 0
131 49.4 0
155 20.5 0
162 0.875 0
154 48.8 0
167 9.88 0
162 22.2 0
155 0.95 0
166 48.1 0
164 48.1 0
161 83.3 4
164 84.7 4
124 73.1 0
166 89.3 4
163 85.1 4
167 73.3 4
166 95.2 4
169 93.9 4
169 63.9 4
169 71.5 4
154 99.3 4
154 50.7 0
131 99.3 0
131 50.7 0
121 71.5 0
121 63.8 0
121 93.8 0
132 97.7 0
124 57.6 0
181 49.4 0
171 16.8 0
184 0.875 0
172 1.9 0
176 49.4 0
195 48.8 4
190 0.825 0
173 75.7 4
179 94.9 4
180 66.8 4
179 65.2 4
187 57.6 4
179 93.1 4
193 53.4 4
195 51.4 4
171 71.8 4
171 64.7 4
191 52.9 4
176 50.7 4
172 52.1 4
176 99.3 4
183 83.3 4
182 81.9 4
172 94.3 4
177 95.3 4
18.7 33 1
26.3 5.3 1
9.55 12.2 1
30 42.6 1
17.5 34.2 1
13.5 7.5 1
17.5 35.5 1
0.225 3.33 1
39.2 23.4 1
12.5 9.05 1
4.83 48.8 1
2.5 47 1
1.25 48.2 1
30 3.28 1
12.5 5.95 1
9.5 10.3 1
4.65 3.33 1
15.4 7.5 1
6.33 55.2 1
5.78 77 1
17.1 85.3 1
17.1 84 1
6.05 57 1
8.48 55 1
33.3 87.8 0
34.9 83.6 0
15.9 82.8 1
5.45 50.7 1
38.8 79.2 0
19.4 63.5 1
0.8 51.2 1
6.35 97.9 1
31.9 86.4 0
33.2 83.9 0
15.9 86.5 1
43.9 18.8 1
47.3 3.25 1
51.6 0.775 1
49.2 1.25 1
54.2 2.83 1
51.4 49.4 0
45.2 46.9 1
78.8 24.2 1
74 32.4 1
59.8 72.8 0
62.6 71.8 0
61.3 73.1 0
54.6 96.7 0
52.4 53.3 0
52.2 96.3 0
43.4 85.6 0
40.6 78.6 0
50.8 51.3 0
50.8 98.8 0
78.8 79.2 0
43.8 88.1 0
107 26.1 0
92.9 5.73 1
103 26.1 0
86.8 5.63 1
106 27.4 0
83.2 21.8 1
105 27.4 0
111 1.18 1
119 24.2 0
101 49.4 0
80.6 23.6 1
106 49.4 0
85.1 5.15 1
110 48.8 0
84 48.2 0
84 52.8 0
96.5 95.2 1
95.5 93.4 0
106 58.3 0
117 77.3 0
108 57.9 0
109 56.3 0
105 51.6 0
80.6 78.6 0
119 79.2 0
110 51.1 0
110 99.1 0
98.4 94.8 1
87.7 74.2 0
99.8 50.8 0
83.2 77 0
134 11.6 0
149 0.85 0
136 1.3 1
149 49.4 0
169 23.6 0
131 3.4 1
144 49.4 0
141 49.4 0
140 0.95 1
121 23.6 0
161 49.4 0
135 49.4 0
130 76.6 0
163 96.8 4
141 51.3 0
141 98.7 4
144 51.3 0
144 98.7 4
149 98.8 4
149 51.2 0
169 78.6 4
161 51.3 0
161 98.8 4
165 97.2 4
168 52 0
121 78.6 0
136 98.6 4
136 51.4 0
176 5.5 0
195 18.5 0
185 9.78 0
185 42.4 0
197 17.2 0
186 48.1 4
189 49.4 4
186 3.28 0
171 24.2 0
175 0.95 0
186 49.4 4
175 9.45 0
188 3.23 0
186 98.5 4
173 56.9 4
185 51.4 4
171 78.5 4
190 50.9 4
190 99.1 4
181 98.6 4
33 44.1 1
33.9 11.9 1
19.9 18.2 1
24 20.2 1
13 38 1
21.5 18.5 1
34.4 43 1
1.15 35.2 1
18.9 12.7 1
22.2 20.2 1
12 39.6 1
33.3 10 1
32.9 23.5 1
3.98 27.3 1
17.6 14 1
17.6 15.2 1
23.1 9.13 1
16.3 0.625 1
18.8 0.625 1
39.4 46.3 1
39.4 26.3 1
29.6 48.1 1
29.6 49.4 1
37.9 2.05 1
25.2 0.95 1
9.8 0.95 1
32.5 13 1
32.8 25.4 1
12 36.5 1
2.73 26.1 1
34.5 8.9 1
34.7 22.7 1
9.95 39.7 1
34.5 48.8 1
30.4 0.775 1
38.8 29.4 1
33.9 39.5 1
35 38.4 1
4.55 0.825 1
20.6 27.5 1
18.3 10.8 1
14.9 38 1
35 36.9 1
17 10.8 1
16.4 12.7 1
9.05 32.9 1
32.1 39.5 1
19.4 48.8 1
15.6 48.8 1
7.53 32 1
18.7 88 1
0.025 65.1 1
17.5 89.3 1
1.6 62.4 1
0.3 63.3 1
9.4 72.4 1
5.13 65.1 1
17.5 90.5 1
22.2 75.1 1
3.55 62.4 1
21.9 87.9 1
4.85 63.3 1
7.8 71.5 1
23.1 85.2 1
9.18 65 1
21.6 92.2 1
22.7 95 1
8.93 61.8 1
11.9 63.6 1
23.4 86.9 1
5.83 84.9 1
10.2 93.1 1
10.1 63.3 1
23 93.3 1
7.7 69.5 1
31.6 57.1 1
33 58.5 1
9.03 91.6 1
16.3 50.6 1
18.8 99.4 1
16.3 99.4 1
8.9 99.3 1
30.2 98.9 0
30.2 51.1 1
38.9 89.8 0
38.9 59.8 0
12.9 62.1 1
4.45 66.7 1
19.9 92.8 1
5.55 86.7 1
34.3 98.6 0
38.6 55.7 1
34.3 51.5 1
38.6 85.7 0
0.7 66.7 1
18.3 53.2 1
19.4 51.3 1
2.58 67.4 1
9.23 68.5 1
73 44.1 0
54.9 10.5 1
45.3 40.1 1
63.8 35.4 1
74.4 43 0
66.9 22.8 1
47.9 38 1
47 39.6 1
65.1 22 1
67.4 3.1 1
68.8 2 1
65.9 35.3 1
79.4 46.3 0
79.4 28.8 1
69.6 48.1 0
69.6 49.4 0
40.6 28.8 1
78.1 1.9 1
65.4 1.1 1
76.1 35.4 0
57.5 5.23 1
74.5 48.8 0
41.3 45.6 1
40.6 26.3 1
76.8 26.7 1
78.8 25.6 1
70.5 33.7 1
64 66.7 0
56.5 65.3 0
57.8 67.1 0
68.3 69.5 0
54.8 65.8 0
54.8 67.6 0
69.6 93.4 0
73.3 60.4 0
74.6 82.4 0
63.3 55.2 0
69.6 73.1 0
47.2 68.8 0
75 66.6 0
63.3 94.9 0
66.1 91.9 0
61.3 66.9 0
57.9 92 0
72.6 78.9 0
62.8 65.4 0
56.7 90 0
56.7 59.7 0
62.2 57.9 0
61.6 62.7 0
72.9 82.7 0
63.6 56.9 0
62.1 92.1 0
58 57.8 0
63.1 63.7 0
41.2 90.5 0
41.2 60.5 0
73.3 66.3 0
71.9 81.2 0
63.6 93.2 0
71.9 56.9 0
73.3 58.3 0
67.6 71.9 0
71.7 93.4 0
73.1 92 0
62.9 81.1 0
40.8 85 0
70.2 98.9 0
70.2 51.1 0
79.2 85.1 0
41.6 51.9 1
78.9 89.8 0
78.9 59.8 0
56.5 68.3 0
62.6 68.1 0
54.2 59.7 0
64.4 82.6 0
53.3 68.5 0
66 72.8 0
57.4 63.7 0
74.3 98.6 0
78.6 55.7 0
74.3 51.5 0
41.2 56 1
57 93.6 0
66.1 82.9 0
67.1 81.4 0
45.5 68 0
47.5 70.3 0
102 23 1
109 22.9 0
101 37 0
99.5 19.3 1
105 20.8 1
102 43.8 0
92 23.6 1
98.5 43.5 0
90 28.1 1
88.8 28.1 1
85.4 40.3 0
102 35.3 0
96.6 37.7 0
114 22.1 0
90.8 22.3 1
88 38.1 0
92.3 37.7 0
101 42.6 0
87.2 30.9 1
96 22.3 1
111 21.7 1
99.5 21.8 1
93.3 39.3 0
87.1 39.8 0
95.4 39.4 0
104 35.4 0
112 22.9 0
87.5 29.4 1
97.7 23.1 1
119 46.3 0
119 28.8 0
119 26.3 0
81.3 29.4 1
81.3 45.6 0
95.5 1.1 1
102 38.8 0
114 1.18 1
99.7 12.7 1
88.4 41.7 0
88.5 32.1 0
83.2 24.4 1
80.6 25 1
102 45.3 0
83.2 46.4 0
99.9 0.9 1
84.4 25.7 1
114 49.4 0
99.1 66.8 0
97 60.4 0
87.3 84.5 0
110 60.4 0
98.5 65.3 0
102 68.9 0
112 63.2 0
87.2 65.1 0
114 67.4 0
88.2 61.7 0
114 65.9 0
87.3 56.2 0
107 82.1 0
100 72.8 0
96.9 58.6 0
95.9 67.2 0
86.9 59.7 0
106 83.7 0
88.1 92 0
114 57.2 0
86.8 90 0
88.2 57.8 0
113 60.2 0
96.5 65.7 0
88.5 66.9 0
113 61.7 0
81.2 60.5 0
81.2 90.5 0
105 93 1
113 55.8 0
102 71.5 0
104 83.8 0
101 98.6 1
114 51.3 0
119 85.5 0
119 55.5 0
115 99.2 0
119 59.8 0
119 89.8 0
81.6 51.9 0
97.4 68.2 0
85.5 65.6 0
85.6 84 0
88.1 88.1 0
90.4 66.8 0
87.2 93.6 0
88.6 82.7 0
81.2 86 0
81.2 56 0
113 68.2 0
96.3 99.3 0
152 29.9 0
124 26.7 0
141 28.5 0
133 28.7 0
141 27.2 0
154 13.2 0
153 32.7 0
152 43.6 0
153 14.1 0
143 11.3 0
133 32.5 0
126 26.7 0
152 31.7 0
126 22.8 0
131 33.4 0
161 13 0
149 12.7 0
158 37.6 0
124 23 0
164 40.1 0
158 32.2 0
135 37 0
162 37.9 0
127 44.1 0
157 36 0
135 28.1 0
153 16.6 0
150 42.7 0
124 43.1 0
131 35.3 0
150 32.6 0
157 39.1 0
127 45.6 0
133 37 0
142 29.1 0
139 39.8 0
130 20.2 0
154 39.2 0
140 21.7 0
135 26.8 0
163 14.2 0
163 39.7 0
155 17.5 0
141 9.45 0
148 13.8 0
157 31 0
123 7.78 1
121 46.3 0
121 28.8 0
121 26.3 0
124 49.4 0
124 0.625 1
169 46.3 0
145 11.4 0
139 29.1 0
140 41.6 0
148 45.4 0
148 43.9 0
137 26.2 0
140 19.2 0
160 12.8 0
139 9.4 0
126 42.8 0
158 14.1 0
163 15.6 0
167 28.3 0
169 29.4 0
167 27 0
169 25.6 0
137 39.8 0
148 31.4 0
153 34.5 0
135 76.8 0
149 87.4 4
153 80.4 4
149 82.4 4
146 93.6 4
158 74.5 4
135 91.5 0
153 78.5 4
138 62.3 0
136 62.3 0
155 81.4 4
140 63.5 0
134 92.4 0
134 57.4 0
151 55 0
137 67.3 0
135 66.5 0
151 63.7 4
151 86.5 4
135 63.2 0
155 77.7 4
151 83.1 4
135 65 0
132 60.4 0
137 81.9 0
141 77 0
164 65.2 4
144 77 0
127 83.5 0
161 66.7 4
131 66.1 0
145 66.7 0
151 84.7 4
133 81.2 0
127 86 0
159 72.8 4
162 63.2 4
139 58.4 0
135 82.6 0
157 80.7 4
151 56.8 0
157 78.9 4
132 91.3 0
132 58.5 0
169 90.5 4
169 60.5 4
163 64.9 4
143 68 0
158 93.4 4
140 57.2 0
159 91.9 4
143 78.3 0
124 50.6 0
124 99.4 0
121 86.1 0
121 56.1 0
137 78 0
137 58.4 0
134 55.6 0
128 82.2 0
125 83.1 0
139 66 0
125 86.9 0
127 87.5 0
121 59.8 0
169 86 4
169 56 4
133 78 0
121 89.2 0
155 76.1 4
135 74.3 0
153 54.8 0
195 5.98 0
188 32 0
184 21 0
192 22.8 0
188 22.8 0
199 42.9 4
176 40.4 0
196 7.65 0
198 43.8 0
191 34.7 0
190 32.9 0
178 43.3 0
190 21.6 0
176 42.3 0
195 9.4 0
176 12.4 0
178 13.4 0
178 25.6 0
199 1.18 0
171 26.3 0
171 28.8 0
176 35.5 0
171 46.3 0
181 23.7 0
181 25.6 0
178 45 0
176 26.3 0
176 33.6 0
179 26.3 0
198 7.65 0
190 84.7 4
193 85 4
194 61.2 4
177 69.6 4
179 72.9 4
187 83.4 4
184 77.1 4
194 59.1 4
188 91.3 4
197 82.1 4
198 78 4
196 92.9 4
190 64.8 4
189 60.6 4
192 62.2 4
187 87 4
188 67.8 4
175 72.5 4
188 85.3 4
196 83.5 4
191 60.6 4
177 71.6 4
198 57 4
185 65.8 4
200 92.3 4
191 91.1 4
194 83 4
188 66.3 4
182 78.3 4
192 92.7 4
199 58.1 4
191 94.2 4
194 91.7 4
186 93 4
194 98.6 4
173 88 4
172 98 4
171 89.8 4
171 59.8 4
171 85.3 4
171 55.3 4
180 77.1 4
193 58.5 4
186 63.3 4
29.3 27.6 1
29.3 26.4 1
27.3 23.9 1
21.9 12.7 1
4.5 13.2 1
23.1 15.8 1
27.4 25.8 1
23.1 13.9 1
2.78 16.4 1
2.8 14.4 1
0.925 0.825 1
18.2 46.7 1
16.9 46.7 1
17.5 59.8 1
23.4 55.2 1
17.5 61 1
27.2 89.5 1
26.2 58.1 1
22.2 57.9 1
30.7 93 0
25.2 67.8 1
27.3 71.3 1
23.7 56.9 1
26.9 67.5 1
1.05 58 1
28 68.9 1
27.2 91.6 1
28.6 93 0
9.45 84.8 1
9.2 88.1 1
13.2 87.8 1
12.2 86.3 1
10.4 86.6 1
32.1 91.6 0
3 58 1
25.7 72.2 1
27.6 56.7 1
1.13 92.1 1
13.2 83.8 1
74.8 20.9 1
74.5 22.5 1
72.7 23.3 1
41.8 1.83 1
58.3 82.9 0
55.3 84.2 0
46.6 59.1 0
47 55.5 0
47.8 57.1 0
47.8 93.2 0
45.2 95.3 0
46.9 94.8 0
57.1 81.7 0
45.3 55 1
57 84.7 0
55.4 82.5 0
110 28 0
115 28.6 0
115 27.3 0
99.7 28.8 0
99.7 27.6 0
111 28 0
96 27.6 1
96 28.8 0
112 30.7 0
98.1 31.3 0
113 29.2 0
97.9 29.5 0
100 32.1 0
113 26.7 0
102 29.5 0
102 31 0
97.9 27 1
97.3 3.75 1
111 73 0
106 74.2 0
109 76.7 0
113 71.8 0
92.3 93.8 0
91.3 92.3 0
106 76.7 0
108 77.9 0
109 71.7 0
167 21.8 0
167 6.88 0
141 84.1 0
143 82.7 0
141 86.6 0
126 77.8 0
145 83.9 4
139 73 0
125 78 0
156 56.8 0
127 79.1 0
145 86.4 4
143 87.7 4
138 71.7 0
158 56.5 0
159 58 4
168 98.1 4
182 31.6 0
192 16.1 0
190 17.3 0
188 16.1 0
192 14 0
188 13.7 0
190 12.8 0
183 44.3 0
182 45.8 4
182 30.1 0
181 32.8 0
181 46.4 0
196 64.1 4
192 71.8 4
188 71.8 4
190 73.1 4
192 68.3 4
195 66.6 4
193 66.9 4
199 98.8 4
29.8 21 1
27.8 17.2 1
29.8 18.5 1
16.7 30.7 1
15.4 31.9 1
12.9 29.4 1
13.8 32.3 1
12.6 31 1
7.98 7.03 1
9.05 5.38 1
38.3 48.8 1
26.2 18.1 1
36.9 28.4 1
12.5 71.3 1
13.8 72.6 1
12.5 69.4 1
46.9 31.7 1
64.9 6.43 1
46.9 34.8 1
45.1 34.3 1
45.2 32.5 1
48.2 32.9 1
78.3 48.8 0
63.1 5.8 1
47 81.2 0
70.6 86.6 0
75.2 74.4 0
67.1 88 0
68.5 86.6 0
73.1 71.9 0
74.7 72.7 0
41.6 98.3 0
74.8 76.1 0
72.3 69.5 0
45.3 82 0
47.3 79.7 0
48.3 82.5 0
113 44.1 0
95.2 42.8 0
114 43 0
91.8 42.7 0
93.1 44 0
92.7 45.6 0
81.6 1.73 1
118 48.8 0
113 45.5 0
108 64.1 0
102 61.9 0
107 62.6 0
105 65.5 0
116 83.2 0
95.3 76.9 0
114 87.1 0
114 83.7 0
104 62 0
105 63.2 0
113 85.8 0
81.6 98.3 0
101 62.8 0
107 66 0
113 82.4 0
136 43.8 0
131 40.7 0
155 9.38 0
155 42.7 0
149 9 0
157 6.2 0
158 7.75 0
135 42.7 0
133 45.3 0
149 5.55 0
152 7.28 0
157 9.3 0
131 42.6 0
150 7.28 0
133 43.5 0
157 45.4 0
158 42.6 0
157 43.9 0
168 1.75 0
165 81.4 4
162 77.9 4
153 91.6 4
142 91.9 4
151 94.6 4
146 57.8 0
165 77.9 4
164 77.9 4
149 91.9 4
163 79.1 4
163 80.5 4
148 61.6 0
139 91.8 4
151 92.9 4
140 93 4
129 63.1 0
144 59.1 0
146 62.8 0
125 62.5 0
144 61.5 0
126 61.9 0
127 63.4 0
121 51.7 0
139 89.6 0
153 94.9 4
154 93.1 4
160 77.7 4
163 76.6 4
148 59 0
195 41.6 0
195 38.1 0
194 39.7 0
192 39.8 0
194 36.3 0
179 83.1 4
175 66.6 4
176 84.4 4
178 84.6 4
176 65 4
175 63.3 4
176 61.8 4
176 59.9 4
39.3 36 1
39.3 39.1 1
39.3 5.95 1
39.3 9.05 1
39.2 20.6 1
39.2 75.6 0
46.6 9.83 1
44.9 12.2 1
79.3 36 0
79.3 39.1 0
40.8 34.9 1
54.3 49.4 0
40.8 10.1 1
44.9 10.3 1
79.2 20.6 1
45.6 0.8 1
55.2 0.85 1
41.2 39.1 1
41.3 20.1 1
45.5 49.4 1
41.3 5.95 1
78.7 9.05 1
78.7 5.95 1
40.6 75.8 0
79.2 75.6 0
44.4 50.8 1
54.4 50.8 0
44.4 99.2 0
54.4 99.2 0
84.9 32.9 0
114 6.2 1
109 42.9 0
114 33.3 0
115 37.7 0
107 45.5 0
114 11.4 1
86.5 35.2 0
106 42.8 0
113 7.85 1
107 43.7 0
115 36.2 0
84.8 34.8 0
114 35.2 0
80.8 40.2 0
80.8 34.9 0
119 39.1 0
119 36 0
114 9.48 1
119 20.6 0
119 5.03 1
84.4 0.775 1
81.2 9.05 1
81.2 5.95 1
81.3 20.1 1
119 9.05 1
98.5 80.4 0
100 81.7 0
95.3 54.7 0
98.4 78.4 0
109 93.3 1
102 81 0
100 77.2 0
94.4 56.5 0
91.6 57.6 0
92.6 56.1 0
102 78.4 0
84.4 50.8 0
119 75.6 0
84.4 99.2 0
110 94.7 0
112 94.6 0
81.3 75.1 0
113 95.7 0
132 16.1 0
130 17 0
137 12.6 0
132 14 0
138 14 0
138 16.2 0
130 12.9 0
169 4.88 0
121 36 0
121 39.1 0
121 5.95 1
166 0.8 0
121 1.58 1
141 14 0
169 36 0
169 39.1 0
122 10.3 1
121 10.3 1
169 20.1 0
169 9.05 0
121 20.8 0
121 75.8 0
164 50.8 0
164 99.2 4
121 98.4 0
169 75.1 4
197 29.1 0
196 33.4 0
198 32.5 0
196 27.8 0
200 10.5 0
179 28.7 0
176 28.7 0
199 37 0
200 33.4 0
196 12.4 0
178 31.1 0
198 13.2 0
199 12.3 0
171 20.6 0
177 29.3 0
172 48.8 0
171 9.05 0
171 39.1 0
171 5.95 0
171 36 0
194 27.8 0
193 29.1 0
193 30.5 0
183 68.9 4
190 77.3 4
188 80.7 4
192 78.6 4
190 81.4 4
188 78.6 4
185 72.9 4
192 80.5 4
183 71.6 4
171 75.6 4
10.1 19.6 1
9.6 17.9 1
8 16.9 1
7.73 14.5 1
27.7 63.4 1
26.3 62 1
22.4 62.2 1
23.5 65 1
23.8 63.3 1
35 67.1 0
32.2 68.2 1
33.3 66.8 1
32 64.3 1
33.4 62.9 1
57.5 19.4 1
57.5 20.6 1
50.7 66.4 0
52 64.6 0
59.2 87.2 0
51.2 62.8 0
47.7 64.4 0
48.7 62.8 0
62.7 85.2 0
63 86.9 0
61.6 88 0
51 72.9 0
49 66.2 0
61.3 83.8 0
52.3 74.2 0
49.8 72.9 0
96.3 71.7 0
92.5 74.3 0
90.2 72.3 0
94.7 72.6 0
91.7 72.6 0
93 69.5 0
92.9 71.4 0
94.2 74.3 0
145 41 0
147 28.6 0
145 28 0
145 26.7 0
149 28 0
149 26.7 0
145 42.8 0
147 26.1 0
143 43.7 0
143 45.4 0
168 48.8 0
144 26.1 0
163 59 4
127 93 0
126 91.5 0
125 92.1 0
162 57 4
165 54.9 0
163 55.3 4
129 92.7 0
188 43.7 0
190 42.9 0
192 45.5 4
192 44 0
188 45.5 4
190 46.1 4
22.4 37.9 1
23.4 39.4 1
27 44 1
23.3 44.2 1
25.5 43.1 1
26.7 45.8 1
23 45.8 1
25.5 39.6 1
24.9 46.4 1
22.1 42.9 1
58.1 9.75 1
59.4 11.6 1
61.1 8.1 1
72.8 13 1
74.3 12.1 1
74.3 10.2 1
41.4 48.8 1
59 8.1 1
42.7 47.5 1
67.2 65.5 0
53.3 71 0
57.1 71 0
70.5 63 0
67 59.5 0
54.6 72.3 0
55.8 72.3 0
68.4 63 0
67 61.6 0
68.4 58.1 0
111 18 1
96.4 16.8 1
94.3 19.4 1
92.5 19.4 1
95.1 34.7 0
95 32.8 0
92.9 34.8 0
88.8 8.18 1
94.8 17.7 1
91.8 17.7 1
87.9 9.83 1
90.9 8.18 1
92.5 30.1 0
115 19.4 0
113 16.8 1
91.2 11.5 1
93 16.4 1
89.2 11.7 1
92.9 31.6 0
91.6 32.9 0
92 9.58 1
115 17.7 1
81.4 48.8 0
86.1 10.3 1
96.6 14.7 1
95.2 13.6 1
93.2 14.4 1
113 14.3 1
99.4 54.8 0
99.7 56.6 0
101 90.9 1
102 87.6 0
101 57.5 0
103 56.6 0
99.2 87.6 0
101 88.5 0
104 88.9 0
103 91 1
97.4 88.8 0
97.5 90.7 0
99.5 91.8 1
127 19.7 0
126 18 0
124 17.7 0
124 19.6 0
131 83.3 0
158 83.8 4
154 88.2 4
135 88 0
154 84.9 4
131 86.7 0
134 87.1 0
133 85.3 0
132 88.2 0
131 84.9 0
155 86.7 4
158 87.8 4
157 86.3 4
185 33.7 0
175 21.3 0
179 18.4 0
188 37.3 0
185 12.8 0
185 39.1 0
183 16.1 0
175 19.7 0
181 12.8 0
177 17.1 0
185 35.6 0
186 37.4 0
175 18 0
183 14 0
185 17.3 0
177 22.1 0
179 20.9 0
194 87.8 4
179 56.5 4
181 57.4 4
198 69.2 4
200 72.9 4
182 56.2 4
196 72.9 4
196 88.4 4
199 88.1 4
197 87 4
198 71.7 4
184 57.5 4
179 54.7 4
180 53.2 4
33.2 17.3 1
38.1 45.6 1
38.1 25.6 1
15.6 1.88 1
19.4 1.88 1
14 2.2 1
21 2.2 1
37.9 15.9 1
14.4 48.1 1
34.8 18.2 1
13.5 42.9 1
35.3 19.9 1
20.6 48.1 1
12.2 44.1 1
12.6 45.7 1
38 24.2 1
28.5 85.5 0
33.2 72.8 0
20.2 77.3 1
18.9 57 1
30.8 81.6 0
18.8 77.5 1
4.33 73.2 1
17.6 80 1
2.43 79.2 1
34.9 73.7 0
9.48 58.6 1
15.9 93.3 1
15 57.6 1
33.2 77.8 0
17.6 78.7 1
16.3 77.5 1
25.5 82.7 1
0.375 73.1 1
4.3 82.4 1
15.6 51.9 1
10.7 57.1 1
38 80.8 0
14 97.8 1
37.9 70.9 0
20.8 52.1 1
20.8 98 1
38 69.2 0
13.5 58.3 1
0.55 82.4 1
2.35 71.9 1
27.2 83 1
12.5 56.8 1
15.6 98.1 1
35 77 0
28.3 81.6 0
19.4 98.1 1
35.3 75.4 0
17.7 54.5 1
17.7 55.7 1
2.43 81.6 1
16.5 95.1 1
17.7 95.1 1
31.3 74.1 0
31.3 76.6 0
0.375 75.6 1
13.3 94.1 1
14.3 92.6 1
73 26.1 1
78.1 29.4 1
78.1 45.6 0
58.4 42.8 0
41.9 15.6 1
50.8 2.03 1
44.2 22.8 1
45.4 22.8 1
42 44.2 1
42 30.8 1
61.1 2.35 1
42.1 14.2 1
41.9 29.4 1
59.1 2.1 1
77.9 15.9 1
75.5 27.3 1
57.1 44.1 0
57.4 45.6 0
60.6 48.1 0
50.6 48.1 0
49.4 48.1 0
59.4 48.1 0
74.3 27.3 1
55.4 43.3 0
55.5 46.2 0
71.2 26.7 1
42.9 25.3 1
42.9 24.1 1
51.6 87 0
47.6 86.7 0
52.4 85.3 0
41.9 79.4 0
41.9 70.6 0
42.1 80.8 0
42.1 69.2 0
46.7 85.1 0
49.1 52.1 0
78 80.8 0
77.9 70.9 0
59.1 52.1 0
78 69.2 0
60.8 52.1 0
60.8 98 0
45 84.6 0
46.3 88.7 0
51.2 83.5 0
87 18.9 1
87 16.4 1
86.9 23.8 1
81.9 15.6 1
82 44.2 0
82 30.8 1
84.4 22.5 1
85.7 22.5 1
118 45.6 0
118 29.4 0
82 14.2 1
91.1 2.35 1
118 25.6 0
89.1 2.1 1
84.5 17.6 1
85.8 17.6 1
90.6 48.1 0
89.4 48.1 0
85 14.1 1
86.8 14.9 1
88.2 22.5 1
88.3 17.6 1
86.9 21.3 1
86.9 25 1
91.4 78.1 0
81.9 79.4 0
94.7 82 0
81.9 70.6 0
82.1 80.8 0
82.1 69.2 0
118 80.7 0
94.3 87.2 0
89.1 52.1 0
91 97.8 0
118 69.2 0
92.5 86.8 0
92.7 79.4 0
91.5 88.3 0
91.6 82.5 0
92.9 81.2 0
89.1 97.9 0
146 8.55 0
163 30.3 0
163 28.9 0
124 33.1 0
126 36.9 0
126 33.5 0
135 19.3 0
143 7.03 0
127 35.3 0
128 24.2 0
130 23 0
165 27 0
165 28.3 0
124 36.9 0
165 43.4 0
168 24.4 0
142 5.53 0
137 6.95 1
128 25.7 0
162 43 0
122 29.4 0
122 30.6 0
124 1.88 1
137 23 0
168 15.6 0
122 25.6 0
168 30.9 0
145 7.03 0
122 45.6 0
168 14.1 0
168 44.2 0
130 26.3 0
130 27.5 0
146 5.43 0
124 48.1 0
159 48.1 0
132 25.7 0
168 45.6 0
122 24.4 0
166 17.8 0
135 21.8 0
138 5.5 1
122 44.4 0
126 48.1 0
161 48.1 0
122 14.4 1
122 15.6 1
163 44.2 0
163 45.6 0
121 48.8 0
165 31.1 0
161 2.13 0
145 3.55 0
132 23.8 0
143 3.65 1
164 17.8 0
165 46.3 0
165 47.5 0
129 56.4 0
162 88 4
126 57.6 0
168 70.6 4
168 79.4 4
127 56.1 0
168 80.9 4
168 69.1 4
122 80.6 0
162 91.9 4
124 51.9 0
164 89.9 4
122 79.4 0
122 69.4 0
122 70.6 0
124 98.1 0
130 54.7 0
159 97.8 4
125 57 0
172 25.6 0
172 29.4 0
172 45.6 0
183 0.875 0
198 49.4 4
192 0.825 0
198 46.9 4
199 48.1 4
196 48.1 4
181 2.03 0
175 76 4
175 81.4 4
177 80.4 4
175 77.7 4
189 55.4 4
197 52.6 4
177 78.4 4
183 61.3 4
180 62.3 4
172 70.9 4
172 79.2 4
172 81 4
198 51.2 4
181 61.3 4
192 55.4 4
190 54.8 4
22 31.9 1
0.55 29 1
0.55 27.8 1
13.5 20.1 1
14.3 18.4 1
4.53 6.98 1
4.45 35.9 1
0.425 6.98 1
26.7 29.1 1
12.6 15.5 1
18.8 43 1
15.8 18.1 1
34.3 6.2 1
1.9 44.3 1
4 32.2 1
8.45 36 1
28.2 36.9 1
0.175 38.1 1
18.8 6.8 1
0.7 32.2 1
30.1 36.9 1
23.3 30.7 1
30.4 33.1 1
32.9 35 1
1.38 5.2 1
3.43 5.2 1
2.4 31.1 1
24.8 27.2 1
24.8 28.5 1
5.55 37.6 1
31.3 5.15 1
22.9 29.1 1
2.43 29.6 1
1.28 39.9 1
33.1 5.1 1
31.1 35 1
12.5 13.7 1
17.6 4.3 1
7.33 49.4 1
7.38 37.6 1
13.8 12.4 1
17.6 45.5 1
17.6 5.55 1
17.6 44.2 1
18.2 41.1 1
16.9 41.1 1
26.9 30.9 1
25.4 31.8 1
3.58 8.75 1
1.53 8.75 1
21.7 5.25 1
20.8 6.8 1
6.08 48.1 1
0.3 43.1 1
16.3 43 1
0 46.4 1
1.88 45.7 1
3.33 39.9 1
0 47.6 1
16.5 19.9 1
17.7 19.9 1
21.9 69.7 1
4.23 92.4 1
22 71.4 1
5.53 93.3 1
7.95 95.3 1
5.13 96.7 1
20.7 72.6 1
17.9 69.8 1
17.9 71.1 1
5.8 95.1 1
19.2 72.3 1
7.33 50.7 1
16.7 72.3 1
20.6 68.4 1
19.2 68.6 1
17.3 74.2 1
18.6 74.2 1
68 10.6 1
64.4 27.8 1
64.4 29.1 1
47.7 16.6 1
62.8 38.1 0
46.4 17.9 1
45.2 17.9 1
55.3 13.4 1
47.7 6.83 1
67.4 42.6 0
54.8 16.9 1
56.1 16.9 1
59.7 32.4 1
52.2 6.83 1
63.8 39.7 0
67 38.2 0
72 17.2 1
48.9 17.9 1
50.2 17.9 1
45 43.4 1
70 21 1
63.8 13.3 1
67.1 13.6 1
66.2 10.6 1
68 17.2 1
46.7 44.2 1
47.7 20.4 1
47.7 19.1 1
59.8 17.7 1
46.8 5.13 1
49.6 42.6 1
65.8 41.7 0
47 45.7 1
57.1 14.2 1
62.6 16.8 1
57.3 15.7 1
53 5.1 1
62.1 19.7 1
70 18.5 1
61.3 18 1
61.6 32.5 1
54.6 4.7 1
45.2 4.75 1
52.4 45.3 0
52.5 43.9 0
51.3 42.6 1
62.8 31.3 1
62.5 29.7 1
65.9 39.8 0
65.7 12.5 1
63.9 19.8 1
65.1 9.5 1
68.7 12.5 1
64.4 18.1 1
58.5 31.2 1
63.3 10.1 1
62.5 12 1
62.5 41.6 0
63.7 42.8 0
69.2 41.9 0
52.4 76.6 0
45.9 73.1 0
44.6 73.1 0
44.6 76.9 0
45.9 76.9 0
56.1 55.2 0
51.1 77.8 0
49.9 77.8 0
53.6 77.8 0
47.1 75.6 0
47.1 74.4 0
52 56.8 0
54.3 94.9 0
51.9 92.8 0
54.4 54.7 0
52.7 94.5 0
52.4 79.1 0
52.6 80.5 0
52.8 55.1 0
53.1 90.8 0
104 13.5 1
106 39.3 0
105 12.7 1
107 16 1
85 43.5 0
110 39.3 0
99.7 47.5 0
86.7 44.3 0
99.7 48.8 0
109 2.05 1
110 36 0
105 2.13 1
107 29.9 0
106 32.7 0
109 12.7 1
87 45.7 0
107 37.7 0
93.5 1.1 1
109 37.7 0
109 32.7 0
107 31.8 0
103 1.25 1
107 13.8 1
108 0.875 1
97.8 49.4 0
108 49.4 0
97.8 46.9 0
104 16 1
106 17.2 1
109 48.1 0
85.1 46.4 0
101 2.15 1
85.1 47.6 0
84.9 68.7 0
87 76.5 0
86.6 69.4 0
87 79 0
86.9 71 0
113 77.6 0
115 73.6 0
104 97.3 1
115 76.8 0
84.5 77.7 0
85.7 77.7 0
109 99.1 0
84.4 72.2 0
85.7 72.2 0
108 51.1 0
107 52.7 0
93.4 99 0
103 98.6 1
108 97.7 1
97.8 50.8 0
115 75.3 0
85 81.3 0
86.7 80.5 0
88.2 77.7 0
95.3 98.3 0
138 31.9 0
154 25.8 0
155 23.1 0
141 36.7 0
137 34.9 0
159 27 0
144 36.6 0
127 10.1 1
160 27 0
143 32.1 0
127 5.75 1
150 2 0
134 2.13 1
140 33 0
150 47.5 0
150 48.8 0
126 7.15 1
156 27 0
140 34.9 0
149 35.8 0
124 7.15 1
145 34.9 0
149 39.3 0
145 33 0
127 13.3 1
155 27 0
152 1.15 0
126 12 1
152 37.6 0
150 37.6 0
142 0.95 1
157 25.8 0
157 24.3 0
133 0.825 1
152 49.4 0
124 12.5 1
133 49.4 0
143 49.4 0
152 46.9 0
136 33 0
154 23.9 0
154 48.1 0
157 28.3 0
127 15.3 0
154 2.1 0
165 68.8 4
131 71.6 0
134 96.3 4
163 73.6 4
156 68.9 4
154 59.7 0
125 68.5 0
163 69.7 4
127 74.2 0
163 71.1 4
130 72.5 0
127 68.1 0
151 67.9 4
154 61.5 4
151 98.1 4
151 52 0
154 72.1 4
164 72.4 4
166 72.4 4
125 72.2 0
153 71.2 4
128 69.4 0
158 61.9 4
154 68.2 4
163 95 4
157 63.4 4
127 72.5 0
155 63 4
143 51.3 0
143 98.7 4
152 99.3 4
152 50.7 0
128 71.3 0
153 69.2 4
165 95.4 4
133 99.3 4
133 50.7 0
149 68.7 4
149 71.1 4
151 72.4 4
131 69.6 0
130 68.6 0
156 70.8 4
162 72.4 4
152 66.4 4
154 66.6 4
129 74.2 0
134 97.9 4
134 52.1 0
180 48.8 4
196 22.2 0
200 22.3 0
198 25.3 0
195 2 0
198 23.5 0
197 1.18 0
178 49.4 4
188 49.4 4
199 26.6 0
175 92.5 4
175 56.5 4
184 88.5 4
187 52.2 4
181 88.4 4
175 87.6 4
183 87.2 4
176 91 4
188 97.6 4
188 99.1 4
178 50.7 4
188 50.9 4
176 89.1 4
176 54.7 4
178 99.3 4
183 90.8 4
181 90.7 4
180 87.5 4
179 97.8 4
173 92.8 4
33.1 29.1 1
8.95 22.3 1
7.78 26.4 1
24.4 22.8 1
30.5 10.1 1
5.38 43.1 1
5.35 19.3 1
29.8 12 1
27.9 12.8 1
3.38 23 1
7.78 28.9 1
26.4 11.8 1
21.4 22.8 1
7.23 23.1 1
27.6 8.3 1
35.6 27.8 1
8.75 43 1
5.35 21.8 1
35.8 48.1 1
7.23 43.9 1
26.5 9.95 1
10.3 27.7 1
9.03 27.7 1
7.4 45.7 1
34.4 27.8 1
32.2 0.775 1
22.6 24 1
2.7 0.825 1
23.3 0.95 1
11.7 0.95 1
22.5 25.4 1
37 49.4 1
27.8 49.4 1
34.5 31.6 1
33.1 30.5 1
6.53 27.7 1
29.5 8.3 1
20 22.9 1
12.5 76 1
10.7 76 1
23.5 80.1 1
16.4 65.3 1
10.1 81.4 1
10.4 77.6 1
23.5 78.5 1
3.15 88.2 1
13.4 77.6 1
37.5 92.7 0
27.3 97.5 0
27.3 52.6 1
28.4 98.9 0
28.4 51.1 1
12 80.7 1
1.2 88.2 1
38.9 91.6 0
38.9 61.6 0
24.9 75.7 1
27 78.1 1
11.7 99 1
14.2 66.8 1
2.73 98.8 1
15.8 67.2 1
9.83 98.3 1
12.2 78.8 1
25.3 77.3 1
36.9 50.8 1
36.9 99.2 0
39.2 83.2 0
39.2 53.2 1
0.85 98.1 1
8.55 80.4 1
8.65 78.4 1
35.4 97.8 0
37.8 54.6 1
35.4 52.3 1
37.8 84.6 0
15.8 63.5 1
17.6 65.3 1
46 28 1
46 26.7 1
61.8 25.4 1
61.9 23.9 1
53.2 28.7 1
47.9 24.8 1
72 6.88 1
47.9 28.6 1
56.9 28.7 1
52.1 10.5 1
52 15 1
48 13.5 1
47.9 26.1 1
70.1 6.88 1
69.8 3.15 1
58 24.1 1
60.7 22.7 1
59.3 22.9 1
52.2 13.6 1
67.3 4.98 1
69.1 5.03 1
75.8 48.1 0
63.5 1.1 1
72 1.15 1
49.1 27.3 1
50.4 27.3 1
49.3 12.3 1
55.1 26.8 1
55.1 28 1
77 49.4 0
50.9 12.4 1
67.8 49.4 0
67.8 46.9 0
60.5 26.6 1
73.1 5.2 1
73.6 2.1 1
59.3 26.6 1
58 25.4 1
51.6 26.1 1
57.6 76.2 0
57.6 75 0
57.6 78.7 0
58.9 77.5 0
67.3 97.5 0
67.3 52.6 0
77.5 92.7 0
77.5 62.7 0
68.4 98.9 0
68.4 51.1 0
78.9 91.6 0
78.9 61.6 0
41.2 92.3 0
41.2 62.3 0
40.8 53.1 1
40.8 83.1 0
76.9 50.8 0
76.9 99.2 0
79.2 83.2 0
79.2 53.2 0
56.4 77.5 0
75.4 97.8 0
77.8 54.6 0
75.4 52.3 0
42 54.9 1
42 64.1 0
108 8.88 1
104 7.23 1
96 8.15 1
109 7.15 1
99.3 5.78 1
100 7.48 1
106 5.5 1
97.1 9.2 1
99.1 9.15 1
108 5.43 1
117 0.95 1
117 49.4 0
115 2.13 1
96 6.6 1
97.2 5.63 1
106 8.88 1
115 48.8 0
115 47.5 0
83.7 54.5 0
116 51.9 0
118 84.3 0
118 54.3 0
117 62.6 0
117 92.6 0
119 91.6 0
119 61.6 0
81.2 62.3 0
81.2 92.3 0
117 50.7 0
119 83 0
119 53 0
80.8 83.1 0
80.8 53.1 0
117 99.2 0
82 84.9 0
82 54.9 0
82 94.1 0
165 5.88 0
163 6.33 0
162 7.95 0
130 7.88 1
165 11.9 0
162 20.3 0
162 19.1 0
158 19.8 0
158 16.9 0
133 5.48 1
163 9.65 0
130 6.33 1
165 10 0
131 5.28 1
159 18.1 0
161 17.8 0
133 8.68 1
131 8.93 1
161 21.6 0
159 21.4 0
134 7.05 1
169 92.3 4
169 62.3 4
122 85.5 0
122 55.5 0
122 84.2 0
122 54.2 0
169 53.2 4
169 83.2 4
121 83 0
121 53 0
121 62.3 0
121 92.3 0
122 61 0
122 91 0
168 85 4
168 55 4
122 89.8 0
189 6.88 0
177 9.23 0
181 36.2 0
188 28.7 0
192 26.2 0
178 37.9 0
188 26.2 0
186 6.85 0
181 41.5 0
181 5.85 0
180 37.9 0
178 7.58 0
181 9.28 0
185 5.13 0
180 7.55 0
190 28.1 0
181 39.6 0
190 26.8 0
173 0.95 0
190 5.1 0
186 28.1 0
186 26.8 0
196 97.3 4
172 63.1 4
198 98.8 4
171 91.6 4
171 61.6 4
171 83.4 4
171 53.4 4
14.4 23.1 1
14.6 27 1
15.8 27 1
18.3 27 1
15.8 23.3 1
37.7 32.1 1
37.7 43 1
9.65 48.1 1
10.9 48.1 1
37.7 13 1
38.2 35.2 1
38.2 39.8 1
17.1 25.8 1
34.8 1.88 1
24.7 48.8 1
38.9 41.7 1
38.9 33.3 1
38.2 9.83 1
38.2 5.18 1
38.9 11.7 1
38.9 3.3 1
36.7 1.1 1
17.1 24.5 1
12.2 49.4 1
22.9 49.4 1
13.2 24.3 1
13.3 25.8 1
17.1 28.3 1
24.5 97.8 1
24.5 52.3 1
37.8 95.5 0
37.8 65.5 0
13.1 52.3 1
9.93 51.7 1
11.8 51 1
23 99.2 1
23 50.8 1
39.2 97 0
39.2 67 0
37.5 63.8 0
57 37.1 1
69.8 29 1
51.6 33.5 1
52.6 23.7 1
52.8 38.8 1
74.3 36.4 0
52.6 21.2 1
54.4 33.1 1
56.1 35.4 1
70.4 37.2 0
53.9 22.4 1
52 37.1 1
77.8 13.1 1
77.7 32.1 1
77.7 43 0
73.2 35.3 0
66.6 32.4 1
68.1 31.4 1
52.8 35.4 1
64.7 47.5 0
71.4 35.3 0
78.2 35.2 0
78.2 39.8 0
54.4 35 1
67.9 29.7 1
64.7 48.8 0
78.9 41.7 0
78.9 33.3 0
79 3.15 1
76.8 0.95 1
79 11.9 1
40.9 3.08 1
40.8 12 1
40.8 33 1
40.8 42 1
62.9 49.4 0
51.4 22.4 1
74.3 37.9 0
56.1 38.7 1
54.4 39.2 1
50.1 22.4 1
52.8 32.2 1
42 40.2 1
42.2 4.95 1
77.7 9.98 1
77.7 5.03 1
55.1 22.4 1
73.2 39 0
71.4 39 0
52.6 19.9 1
71.7 29.7 1
71.6 31.1 1
70 32.2 1
66.6 78 0
64.5 97.8 0
64.5 52.3 0
77.8 65.5 0
77.8 95.5 0
64.9 77.2 0
62.7 75.6 0
42 95.2 0
64.5 75.7 0
40.8 97 0
40.8 67 0
63 99.2 0
63 50.8 0
79.2 97 0
79.2 67 0
63.1 78.5 0
61.8 77.2 0
118 13.1 1
118 43 0
118 32.1 0
94.7 47.5 0
94.7 48.8 0
119 41.7 0
119 33.3 0
118 39.8 0
118 35.2 0
119 11.9 1
119 3.15 1
80.8 2.98 1
80.8 33 0
80.8 42 0
80.8 12 1
92.9 49.4 0
82 10.2 1
82 4.85 1
118 9.98 1
118 95.5 0
118 65.5 0
82 65.2 0
92 52.3 0
95.1 51.8 0
93.2 51 0
80.8 97 0
80.8 67 0
119 97 0
119 67 0
163 23.8 0
147 22.5 0
143 17.5 0
163 25.1 0
147 17.5 0
158 2.2 0
145 21.2 0
122 4.08 1
122 34.1 0
127 2.35 1
164 22.6 0
166 22.6 0
145 18.7 0
121 40.3 0
156 48.1 0
123 40.3 0
122 5.33 1
122 35.3 0
130 47.5 0
130 48.8 0
130 1.93 1
128 1.1 1
157 0.95 0
121 32.8 0
169 33.1 0
169 11.9 0
157 49.4 0
121 2.83 1
169 42 0
169 3 0
121 42.2 0
128 49.4 0
121 12.2 1
168 34.9 0
168 40.1 0
149 21.2 0
149 18.7 0
168 10.1 0
143 22.5 0
168 95.1 4
168 65.1 4
158 52.3 0
127 52.3 0
127 97.8 0
123 65.3 0
123 95.3 0
121 95.3 0
121 65.3 0
155 98.3 4
155 51.7 0
130 98.3 0
130 51.7 0
128 99 0
128 51 0
157 99 4
157 51 0
169 96.9 4
169 66.9 4
121 67.2 0
121 97.2 0
131 96.7 0
172 31.9 0
172 43.1 0
172 13.1 0
175 47.5 0
175 48.8 0
171 33.2 0
171 3.15 0
171 11.9 0
171 41.9 0
173 49.4 0
172 9.98 0
172 40 0
172 5.03 0
172 35 0
172 14.9 0
172 68 4
175 51.7 0
175 98.3 4
173 99 4
173 51 0
171 96.8 4
171 66.8 4
38.4 19.7 1
39.1 18 1
38.4 74.7 0
39.1 73 0
41.9 19 1
55.4 48.8 0
78.4 19.7 1
44.7 1.68 1
40.6 17.8 1
79.1 18 1
43.1 0.875 1
57 0.85 1
57.2 49.4 0
47.2 49.4 1
41.9 75.3 0
41.9 74 0
48.2 97.9 0
58.2 97.9 0
45.3 51.7 1
78.4 74.7 0
55.3 51.7 0
45.2 98.3 0
55.2 98.3 0
40.6 72.8 0
46.9 99.1 0
56.9 99.1 0
47 50.9 1
79.1 73 0
57 50.9 0
81.9 19 1
118 16.8 1
105 48.1 0
104 48.1 0
118 19.8 0
80.6 17.8 1
119 18.1 0
87 0.85 1
87.2 49.4 0
103 49.4 0
85.2 1.63 1
81.9 74 0
118 71.8 0
104 52.8 0
85.3 51.7 0
118 74.8 0
85.2 98.3 0
102 51.3 0
80.6 72.8 0
119 73.1 0
87 50.9 0
86.9 99.1 0
100 52 0
168 19 0
146 47.5 0
139 47.5 0
146 48.8 0
139 48.8 0
137 2.25 1
165 1.68 0
138 0.95 1
163 0.875 0
169 17.8 0
147 0.85 0
121 17.8 0
167 49.4 0
147 49.4 0
138 49.4 0
138 46.9 0
136 47.5 0
136 48.8 0
121 19.7 0
139 97.3 4
139 52.7 0
168 74 4
146 52.5 0
146 97.5 4
121 74.7 0
123 74.7 0
165 51.7 0
148 51.2 0
148 98.8 4
137 98.6 4
137 51.4 0
165 98.3 4
169 72.8 4
167 99.1 4
167 50.9 0
121 72.8 0
185 47.5 4
186 2.03 0
185 48.8 4
176 2.1 0
172 19.7 0
178 1.15 0
187 1.15 0
171 18 0
183 49.4 4
189 1.98 0
184 97.1 4
184 52.6 4
172 74.8 4
182 51.2 4
182 98.6 4
171 73 4
3.75 48.1 1
30.6 47.5 1
30.6 48.8 1
26.2 2.1 1
8.73 2.1 1
27.8 1.15 1
7.2 1.15 1
39.2 22.2 1
2.5 49.4 1
32.5 49.4 1
32.5 46.9 1
33.7 48.1 1
29.6 1.93 1
5.3 1.98 1
4.38 52 1
38 78.4 0
32.9 97.5 0
32.9 52.6 1
37.5 57.1 1
37.5 87.1 0
31.9 98.9 0
31.9 51.1 1
2.5 51.2 1
38.9 88.2 0
38.9 58.2 1
39.2 77.2 0
7.48 99.3 1
70.6 47.5 0
70.6 48.8 0
48.4 2.05 1
78 23.4 1
66.2 1.88 1
54.4 1.63 1
67.6 0.775 1
47.2 0.8 1
52.8 0.775 1
40.6 22.4 1
79.2 22.2 1
42.7 49.4 1
52.7 49.4 0
72.5 49.4 0
72.5 46.9 0
73.7 48.1 0
41.9 21.1 1
44.5 47.5 1
44.5 48.8 1
42.5 89.4 0
42.5 59.4 0
51.6 52 0
51.6 98 0
78 78.4 0
77.8 85.4 0
42 85.7 0
72.9 97.5 0
72.9 52.6 0
77.5 57.1 0
77.5 87.1 0
71.9 98.9 0
71.9 51.1 0
78.9 58.2 0
78.9 88.2 0
41.2 57.4 0
41.2 87.4 0
40.6 77.4 0
42.8 99.2 0
52.8 99.2 0
42.8 50.8 1
79.2 77.2 0
52.8 50.8 0
111 48.1 0
118 23.4 0
96.4 2 1
112 1.18 1
82.8 0.775 1
80.6 22.4 1
119 22.2 0
97.8 0.9 1
112 49.4 0
82.7 49.4 0
81.9 21.1 1
82.5 59.4 0
82.5 89.4 0
99.3 97.9 1
118 78.4 0
114 98.2 0
118 56.9 0
118 86.9 0
119 58.1 0
119 88.1 0
113 52.4 0
112 51.1 0
81.2 87.4 0
81.2 57.4 0
112 99.1 0
80.6 77.4 0
119 77.2 0
82.8 99.2 0
82.8 50.8 0
97.6 99.3 0
81.9 76.1 0
169 22.4 0
167 0.8 0
121 22.4 0
163 49.4 0
168 21.1 0
122 58.8 0
167 89.4 4
167 59.4 4
162 52 0
162 98 4
169 87.4 4
169 57.4 4
169 77.4 4
121 87.5 0
121 57.5 0
163 99.2 4
163 50.8 0
121 77.4 0
168 76.1 4
191 48.8 4
172 23.4 0
194 48.1 4
171 22.2 0
193 49.4 4
194 52.1 4
191 51.6 4
172 86.7 4
172 56.7 4
193 97.7 4
171 88.2 4
171 58.2 4
171 77.2 4
192 99.1 4
192 50.7 4
39.3 37.5 1
39.3 7.5 1
42 35.8 1
42.1 9.2 1
41.3 7.5 1
78.7 7.5 1
41.2 37.5 1
79.3 37.5 0
82 35.8 0
82 39.2 0
119 7.5 1
118 5.95 1
81.2 37.5 0
81.2 7.5 1
119 37.5 0
168 5.8 0
169 37.5 0
169 7.5 0
121 37.5 0
121 7.5 1
123 9.38 1
121 9.38 1
171 7.5 0
171 37.5 0
17.5 0.625 1
17.5 49.4 1
39.4 47.5 1
39.4 27.5 1
38.1 28.8 1
18.8 48.1 1
16.3 48.1 1
17.5 50.6 1
17.5 99.4 1
18.8 51.9 1
79.4 27.5 1
79.4 47.5 0
40.6 27.5 1
40.6 47.5 1
41.9 46.3 1
78.1 26.3 1
81.9 28.8 1
81.9 26.3 1
81.9 46.3 0
119 27.5 0
119 47.5 0
80.6 47.5 0
80.6 27.5 1
83.8 28.1 1
83.8 26.9 1
81.9 25 1
121 27.5 0
123 0.625 1
121 47.5 0
123 49.4 0
169 27.5 0
169 47.5 0
168 28.8 0
168 26.3 0
123 50.6 0
123 99.4 0
171 27.5 0
171 47.5 0
