22.5 18.4 1
21.9 29.2 1
12 33.6 1
7.3 2.93 0
36.7 42.3 1
22.3 15 1
27.8 36.2 1
4.7 23.4 0
24.4 38.3 1
38.5 43.6 1
32.3 3.6 1
3.93 25.7 0
5.18 1.55 0
58.4 37.3 1
9.23 1.38 0
58.4 38.8 1
58.6 22.6 1
5.4 43.6 1
47.5 1.53 1
33.1 43.7 1
53 43.7 1
59.1 1.93 1
17.8 0.9 0
42.3 43.6 1
22.4 1.38 0
26.9 43.8 1
47.3 43.7 1
30.1 15.5 1
23.7 32 1
21.2 35.8 1
37 1.93 1
25.8 1.38 0
19.7 2.28 0
57.8 43.9 1
56.2 42.6 1
44.2 42.4 1
16.9 41.9 1
38 80.2 1
26.2 89 1
36.1 63.9 1
27.8 53.9 1
51.8 89.9 1
4.5 71.3 1
0.35 69.6 1
0.275 85.7 1
23.7 89.5 1
48.5 53.3 1
49.9 87.8 1
47.9 89.8 1
30.3 55.9 1
49.7 91.9 1
48.2 55.8 1
24.4 56 1
53.4 70.5 1
11.6 56.2 1
24.1 91.7 1
7.8 47.9 1
8.18 51.9 1
33.5 55.2 1
1.13 46.7 0
29.8 60.9 1
35.8 52.3 1
46.6 98.2 1
37.9 53.7 1
58.1 51.8 1
41.9 53.6 1
35.6 56.6 1
53.4 73.6 1
43.8 47.7 1
43.8 56.7 1
6.78 89.4 1
44.9 98.2 1
55.9 47.5 1
42 46.5 1
58.3 93.6 1
4.63 46.7 1
22.9 98.7 1
57.6 74.9 1
26.3 98.7 1
58.6 67.2 1
59 72.9 1
32.8 46.5 1
58.6 77.5 1
52.8 98.6 1
52.7 46.3 1
47.1 46.2 1
37.7 98.7 1
12.3 46.2 1
3.13 85.4 1
3.03 82.6 1
26.6 91.2 1
18.3 70.4 1
42.7 96.8 1
41.4 98.7 1
31.4 84.5 1
34.3 98.7 1
32.2 80.6 1
21.3 70.5 1
57.8 46.3 1
57 63.8 1
56.1 97.6 1
10.7 76.4 1
22.7 67.2 1
27.9 46.5 1
67.6 32 1
72.2 30.7 1
75.1 17.7 1
74.4 20.1 1
70 20.8 1
88.6 17.4 1
61.7 8.83 1
88.4 7.83 1
88.4 22 1
88.4 20.4 1
87.5 3.35 1
88.4 6.28 1
61.5 20.8 1
87.7 42 1
82.9 1.43 1
61.5 22.3 1
89.1 43.1 1
89.1 1.93 1
61.7 1.1 1
61.7 43.9 1
70.8 40.9 1
74.1 38 1
74.4 43.6 1
70 7.33 1
73.8 1.75 1
68.1 3.43 1
62.2 32.8 1
63.4 31.1 1
69.7 26.8 1
73.8 70.2 1
83 48.2 1
80.7 55.9 1
68.8 52.8 1
61.3 85.9 1
64.2 89.9 1
88.6 55.9 1
88.3 93.6 1
73.1 46.6 1
66.3 98.9 1
61.2 93.9 1
82.9 98.6 1
88.5 72.8 1
61 46.9 1
61.3 82.5 1
61.2 77.4 1
78.2 46.2 1
61 98.3 1
62.2 97.2 1
84.7 47.1 1
74.1 98.7 1
61.2 71.8 1
66.4 85.8 1
72.5 63 1
61.6 57.9 1
88.6 85.6 1
87.8 46.3 1
86.1 97.6 1
61.6 62.7 1
138 27.3 0
108 27 1
136 29.4 0
187 26.2 0
127 32.6 0
106 27.4 1
174 8.9 1
199 14.8 1
162 15.9 1
174 37.5 0
171 10.8 1
138 9.03 1
198 19.1 0
193 37.1 0
176 14.3 1
93 38.2 1
97.3 11.1 1
176 36 0
99.2 12.8 1
102 17.6 1
119 43.9 0
145 15.7 1
91.7 36.6 1
165 14.9 1
129 36.7 0
142 10 1
173 33.4 0
131 35 0
165 1.53 1
146 18 1
171 34.9 0
102 10.1 1
141 8.3 1
97.5 40.6 1
117 36.4 1
164 43.4 0
163 43.4 0
142 20.8 1
168 1.6 1
134 43.3 0
113 1.68 1
187 1.43 1
179 1.65 1
130 41.8 0
163 1.53 1
168 43.3 0
142 3.18 1
144 43.6 0
144 1.65 1
141 43.6 0
151 1.33 1
92.2 42 1
140 1.53 1
130 2.68 1
91.4 22.2 1
127 43.6 0
200 1.35 1
133 1.2 1
91.4 8.23 1
127 1.48 1
91 43.1 1
91.4 6.68 1
158 43.6 0
158 1.2 1
162 26.2 0
162 28.6 0
127 35.2 0
135 35.4 0
110 35.4 1
138 37.1 0
154 8.65 1
131 29.3 0
154 2.53 1
129 69.9 0
144 76.7 0
132 75.5 0
133 72.9 0
156 70.1 0
113 71 0
102 92.2 0
165 46.8 0
121 65.1 0
162 46.5 0
119 63.4 0
182 90.3 0
154 82 0
117 56.4 0
119 53 0
197 75.7 0
124 63.3 0
194 52.1 0
141 68 0
188 81 0
106 69.5 1
194 76.9 0
186 82.6 0
167 54 0
108 77.4 1
182 63.9 0
152 66.6 0
92.9 48.1 1
145 81.2 0
185 75.4 0
149 77.7 0
155 60.9 0
192 82.2 0
91.7 75.1 1
91.9 51.7 1
91.5 71.9 1
152 75.5 0
102 65.7 1
181 70.4 0
105 72.2 1
186 64.7 0
125 47.3 0
191 84.6 0
108 75.4 1
188 62.5 0
165 98.4 0
91.1 62.4 1
105 54.5 1
150 80.5 0
101 54.8 1
130 98.3 0
168 46.6 0
114 98.8 0
149 93.3 0
121 49.1 0
154 98.1 0
145 46.8 0
134 98.4 0
151 46.4 0
162 98.8 0
91.1 57.5 1
91 46.9 1
130 47.6 0
91.5 67.9 1
123 46 0
127 46.4 0
91.2 87.4 1
117 98.8 0
142 85.1 0
137 51.3 0
91.3 78.5 1
175 68 0
180 98.5 0
99.3 82.9 1
91.2 92.3 1
92.6 94.8 1
191 75.2 0
121 56.3 0
121 54.2 0
169 69.4 0
143 48.9 0
141 47.1 0
110 90 0
188 69 0
122 69 0
136 66 0
106 49.6 1
200 98.3 0
179 47.9 0
186 49.6 0
153 46.4 0
192 62.8 0
114 46.5 1
27.5 33.5 1
13 43.2 1
57.2 8.58 1
55.4 27.4 1
36.7 15.1 1
40.1 27.9 1
39.3 29.9 1
43.3 14.2 1
18.3 43.7 1
38.6 8.7 1
58.4 6.43 1
54.5 1.58 1
34.8 31.3 1
35.5 1.93 1
51.6 14.4 1
50.9 20.5 1
49.4 22.5 1
58.9 34.1 1
53 1.58 1
57.3 35.7 1
58.7 10.7 1
49.2 18.5 1
16.9 2.65 0
34.4 27.2 1
41.2 20.5 1
5.13 31.8 0
29 26.6 1
22.8 9.28 1
57 20.1 1
9.55 27.4 0
34.9 43.7 1
23.7 42.5 1
50.4 42.4 1
58.4 39.9 1
58.4 18 1
44.7 2.83 1
36.5 10.5 1
21.9 43.7 1
30 42.5 1
3.95 42.4 1
25.1 43.8 1
1.25 1.55 0
24 1.38 0
31.6 43.7 1
10.4 1.38 0
12.9 21.7 0
12.3 1.38 0
57.8 0.825 1
6.93 43.6 1
42.7 1.3 1
2.25 43.8 1
58.9 32.2 1
58.7 12.6 1
58.9 28.4 1
57.4 26.8 1
37.5 37.4 1
47.8 34.9 1
38.5 3.23 1
26.3 2.45 0
45.2 23 1
46.5 21.8 1
57.5 3.5 1
46.5 19.1 1
58.7 43.1 1
57.2 41.8 1
51.8 7.8 1
53.5 9.53 1
16.9 41.9 1
27.3 4.13 0
26.6 6.73 1
9.65 43.6 1
11.1 41.8 1
7.83 55.1 1
12.3 96.6 1
42.3 87.8 1
51.3 69.1 1
13.7 98.6 1
56.2 53 1
13.5 53.1 1
51.6 80 1
52.2 75 1
56.4 56.3 1
58.3 92.1 1
56.8 68.4 1
39.5 91.2 1
27.8 98.7 1
51 77.1 1
55.7 69.9 1
20.7 95.8 1
36.1 48 1
49 75.9 1
22.6 46.8 1
19.6 83.2 1
34.5 46.5 1
36 90.3 1
58.3 82.9 1
8.38 96.8 1
17.4 46.5 1
24.1 46.8 1
21 93.5 1
17.3 89.3 1
17.2 91.3 1
49.3 71 1
17.3 98.6 1
49.9 47.5 1
58.3 84.4 1
58.3 95.3 1
58.4 60.9 1
6.15 46.7 1
58.4 59.1 1
38.2 46.5 1
29.4 46.5 1
36.1 98.7 1
10.7 46.2 1
31.3 46.5 1
58.6 65.6 1
24.5 98.7 1
16.8 67.1 1
1.08 92.6 1
58.3 90.2 1
19.8 65 1
33.5 97.2 1
1.2 97.3 1
58.7 46.9 1
58.7 98.3 1
57 96.9 1
51.4 64.2 1
26.2 48.3 1
67.3 6.95 1
69.7 33.9 1
62.1 36.6 1
86.8 12.2 1
71.9 19.5 1
62.8 7.55 1
72.4 3.03 1
61.2 39.1 1
62.1 17.8 1
86.6 8.58 1
61.7 11.8 1
63.6 19.7 1
77.1 1.75 1
87 18.9 1
88.6 13.3 1
87.1 24.6 1
81.5 40.9 1
61.1 6.23 1
83.3 42.3 1
75.6 1.75 1
88.3 32.6 1
86.2 2.25 1
88.4 5.23 1
62.9 2.48 1
88.7 40.1 1
76.2 43.6 1
86.5 43.1 1
62.9 42.8 1
87.8 44.2 1
88.7 27.5 1
60.7 1.93 1
60.7 43.1 1
87.8 0.825 1
77.7 43.6 1
61.2 27.6 1
72.6 27.1 1
71.7 37.3 1
73.5 42.3 1
72.7 17.1 1
87.1 37.8 1
85.4 36.5 1
66.9 40.8 1
62.7 25.7 1
66.2 1.38 1
64.3 34.5 1
65.5 32.9 1
87 29.4 1
72.1 96.7 1
67.8 70 1
74.6 74.1 1
72.2 55.7 1
69.6 59.2 1
74.6 55.4 1
79 91.1 1
62.4 86.7 1
74.5 87.9 1
62.9 75.2 1
66.8 89.1 1
86.2 64.4 1
63.2 92.9 1
86.6 91.8 1
66.2 46.2 1
87.4 79.8 1
88.6 52.5 1
85.4 75 1
88.3 95.3 1
88.6 83.8 1
88.4 66 1
88.6 54.1 1
61.2 51.7 1
82.8 78.5 1
62.2 48.1 1
61.3 84.1 1
61.2 66.3 1
61.7 45.6 1
75.9 98.7 1
61.2 67.9 1
61.7 99.3 1
62.9 98.2 1
88.6 82.2 1
88.4 67.5 1
64.5 46.2 1
77.5 98.7 1
64.5 98.9 1
61.2 95.6 1
86.4 48.3 1
72.8 76.1 1
70.6 75.3 1
62.9 72.9 1
67.8 65.7 1
70.4 65.2 1
72.5 90 1
84.6 58.5 1
63.6 56.8 1
78.8 87.1 1
67.8 98.9 1
62.5 80.2 1
86.9 86.8 1
88.7 46.9 1
88.7 98.3 1
87.1 96.9 1
74.2 92 1
78.2 57.6 1
74.8 46.6 1
76.3 47.7 1
62.9 64.8 1
68.4 47.8 1
175 40.6 0
141 11.9 1
133 21.1 1
138 11.1 1
173 14.7 1
158 35 0
93 11.5 1
139 16.3 1
126 23.5 1
138 40 0
129 32.6 0
117 14.9 1
198 35.9 0
91.7 13.4 1
166 3.13 1
190 21.2 0
117 42.2 0
99.4 3.45 1
123 37.3 0
123 1.55 1
153 42 0
155 29.7 0
111 41.6 1
101 1.63 1
110 10.9 1
97.3 1.83 1
109 43.3 1
190 43.1 0
181 22.5 0
98 28.8 1
124 42.4 0
182 43.5 0
166 41.7 0
181 3.08 1
172 1.6 1
155 25.8 0
135 43.3 0
99.4 43.6 1
172 43.3 0
180 43.5 0
93 19.2 1
91.2 40.2 1
178 22.7 0
92.8 24.7 1
188 43.1 0
91.7 17.5 1
114 2.95 1
188 3.1 1
92.9 29 1
91.4 9.3 1
151 43.5 0
106 23.5 1
129 43.6 0
93.2 43.1 1
116 1.28 1
118 1.28 1
129 1.48 1
91.5 32.3 1
91.4 5.63 1
104 1.63 1
186 1.43 1
156 43.6 0
198 1.35 1
184 1.43 1
122 43.9 0
103 43.6 1
94.9 43.9 1
156 1.2 1
91.4 27.4 1
91.9 44.2 1
141 14.9 1
93.2 34.1 1
108 9.48 1
139 35.5 0
137 33.8 0
134 14 1
135 16.2 1
99.8 27.1 1
107 2.95 1
151 28.1 0
98.1 25 1
193 30.5 0
113 43.4 1
175 3.25 1
91.4 1.93 1
92.7 3.75 1
124 10.1 1
141 75.7 0
179 66.5 0
98 79.8 1
155 79.5 0
176 65.7 0
166 82.6 0
104 82.6 1
115 64.2 0
104 79.8 1
140 70.9 0
168 82.2 0
93.9 52.9 1
163 48.2 0
100 78.2 1
178 71.4 0
139 79.5 0
119 57.5 0
197 73.4 0
109 64 1
200 85.2 0
92.6 64.5 1
129 53 0
167 48.3 0
178 78.8 0
105 98.4 0
198 82.8 0
102 62.9 1
93.2 73.1 1
112 97.2 0
177 96.5 0
132 96.7 0
189 98.6 0
93.1 56.2 1
99.6 98.4 1
143 96.8 0
148 48.2 0
93.8 46.9 1
198 98.3 0
164 97.2 0
122 47.6 0
190 46.7 0
145 98.1 0
136 47.2 0
177 54.5 0
174 47.9 0
95.6 46.2 1
114 85.1 0
176 80.5 0
174 53.1 0
153 97 0
167 98.4 0
158 96.9 0
176 46.3 0
122 98.6 0
109 46.8 1
117 84 0
159 98.8 0
165 85.1 0
98.5 46.2 1
164 80.5 0
127 98.3 0
129 98.3 0
91.5 66.4 1
91.2 90.8 1
156 98.1 0
91.3 83.8 1
134 46.2 0
179 53 0
172 46.6 0
130 61.9 0
156 46.5 0
176 83 0
92.5 85.4 1
129 46.4 0
117 46.5 0
115 46.5 1
183 46.6 0
108 98.4 0
184 98.5 0
141 98.7 0
91.2 88.9 1
173 98.5 0
158 46.5 0
91.3 82.2 1
103 46.5 1
115 98.8 0
151 98.9 0
91.9 45.6 1
112 68.8 0
136 70 0
91.4 96.7 1
93.1 77.2 1
119 48.1 0
179 96.5 0
194 49.4 0
192 73 0
149 56.1 0
124 49 0
191 69.5 0
112 61.9 1
99.6 59.1 1
97.4 59.4 1
99.9 47.7 1
91.4 98.3 1
181 46.6 0
139 48.1 0
155 47.9 0
193 65.5 0
112 48.3 1
119 97.4 0
34.6 16.5 1
9.33 9.38 0
37 40.5 1
37.9 5.45 1
56.7 34.4 1
57.2 9.65 1
35.1 36.1 1
7.45 4.65 0
6.3 29.5 0
38.9 16.3 1
44.3 37.4 1
17.6 20.8 0
38.5 25.2 1
35.9 22.8 1
9.2 29.7 0
17.7 23.2 1
0.175 32.1 0
0.775 20.3 0
43.9 20.8 1
11.4 25.6 0
55.2 35.9 1
24.7 20.5 1
15.8 25.1 0
33.2 4.98 1
40.2 35.5 1
14 43.2 1
38.6 22.9 1
16 1.75 0
8.65 20.8 0
1.08 38 0
40.8 9.48 1
58.6 25.3 1
13.5 24.4 0
27.2 19.8 1
28.2 1.08 0
31 1.68 0
29.2 2.75 0
13.4 1.38 0
58.4 5.38 1
14.5 3.13 0
23.6 11.9 1
50.5 3.1 1
4.15 40.9 0
4.48 1.55 0
3.63 38.4 0
39.5 43.6 1
36.8 12.5 1
21.4 1.38 0
20.2 8.43 0
57.2 15.3 1
58.9 29.7 1
24.6 7.43 0
58.6 23.4 1
58.4 17 1
58.7 13.7 1
24.6 2.45 0
52.2 43.7 1
58.9 31.1 1
44.7 40.6 1
2.6 1.55 0
48.3 1.53 1
39.8 1.3 1
41.5 43.6 1
28.4 43.8 1
48.2 43.7 1
19.6 43.7 1
41.8 1.3 1
20.9 43.7 1
58.7 0.825 1
58.7 44.2 1
24.3 25.3 1
23.2 23.3 1
0.725 10.2 0
33.2 8.1 1
51.9 31.6 1
47.5 10.9 1
19.2 5.43 0
13.4 17.3 0
20.1 1.38 0
19.5 3.68 0
56.2 2.4 1
45.2 18.5 1
6.85 7.73 0
15.4 43.2 1
4.4 81.3 1
39.1 84 1
27.5 85.6 1
0.225 68.7 1
38.7 77.1 1
56.2 52 1
32.9 68.9 1
49.6 96.8 1
19.1 76.3 1
31.6 55.8 1
28.7 92.3 1
9.63 66.2 1
58.1 50.8 1
14.4 91.7 1
47.5 98.2 1
13.1 79.9 1
37.2 74.8 1
7.13 64.1 1
35.9 50.2 1
50.5 59.6 1
50.2 73.8 1
8.35 61.9 1
43.1 73 1
29.4 97.3 1
39.2 73.1 1
18.9 97.2 1
40.4 88.9 1
10 98.1 1
50.1 51.3 1
58.1 54.6 1
51.2 67 1
34.8 92.1 1
24.7 74.7 1
44.2 49.8 1
16.2 46.5 1
49.1 83.3 1
46.3 82.4 1
35.3 97.2 1
18.3 58.7 1
35.6 87.3 1
20.2 54.2 1
12.7 73 1
22.2 97.3 1
19.7 88.1 1
12.7 65 1
18.3 55.7 1
31.6 98.6 1
23.6 77.2 1
16.1 98.6 1
13.3 46.2 1
14.6 47.8 1
14.7 98.6 1
38.7 98.7 1
54.8 74.2 1
3.2 98.8 1
25.6 79.3 1
43.7 67.2 1
41.2 46.5 1
56.7 75.3 1
51.9 46.3 1
52 98.6 1
48 46.2 1
39.2 46.5 1
25.6 66 1
2.88 46.7 1
23.3 92.8 1
5.08 98.8 1
58.7 45.6 1
58.7 99.3 1
0.1 95.2 1
58.7 48.1 1
56.9 48.8 1
55.6 62 1
41.6 84.9 1
1.05 65.4 1
21.6 46.8 1
40.6 98.7 1
55.6 81.1 1
54.3 89 1
44.6 64.6 1
18.1 47.8 1
19.5 49.6 1
56.2 72.2 1
58.1 73.2 1
44.3 77.8 1
45.5 76 1
13.9 86.1 1
11.4 86 1
17.2 73.6 1
29.4 76.2 1
28.9 78.7 1
24.6 81.5 1
49.3 62.7 1
57.7 77.1 1
63.2 38.2 1
82.4 37.8 1
76.9 24.2 1
88.2 10.1 1
81.2 28.4 1
68.6 43 1
88.6 14.4 1
88.6 16.5 1
88.7 26.3 1
71.6 43.7 1
87.1 39.6 1
88.4 22.8 1
80.9 14.4 1
88.3 31.5 1
80.4 42.1 1
61.7 9.9 1
61.9 3.3 1
85.8 41.5 1
75.3 42.3 1
61.9 42 1
78.7 43.6 1
64.4 1.38 1
61.2 28.8 1
82.1 1.43 1
69.2 1.28 1
71 1.28 1
79.8 16.7 1
61.5 23.1 1
61.2 40.1 1
81.8 18.6 1
64.5 43.9 1
61.1 5.18 1
88.7 44.2 1
88.7 0.825 1
78.1 35.7 1
77.7 33 1
88.4 36 1
86.8 34.7 1
61.2 32.6 1
77.7 3.23 1
79.3 4.65 1
61.5 25 1
67.8 2.65 1
88.3 30 1
69.8 71 1
71.9 69.1 1
79.7 81.6 1
84.4 62.9 1
88.6 51.5 1
70.4 98 1
77.6 63.8 1
67.7 78.1 1
62.9 76.7 1
67.3 80.3 1
79 68.2 1
80 65.5 1
84.1 78.4 1
61.2 68.9 1
81.1 46.2 1
88.3 90.6 1
61.2 88.4 1
87.2 72.2 1
85.2 73.5 1
81.4 79.5 1
80 97.3 1
85.6 70.2 1
62.4 84.9 1
72.6 80.3 1
61.6 59.4 1
88.3 88.8 1
88.8 78.1 1
62.9 46.8 1
82.1 98.6 1
78.5 98.7 1
88.6 81.2 1
71.3 82.7 1
61.6 61.2 1
68.6 82.6 1
61.2 78.2 1
71.6 46.6 1
79.2 46.2 1
88.7 45.6 1
61.2 49.3 1
61.2 50.7 1
88.7 99.3 1
60.7 45.6 1
60.7 99.3 1
88.7 48.1 1
87.3 49.6 1
61.2 70.9 1
62 54.7 1
63.1 53.1 1
61.2 90.3 1
63.1 90.8 1
86 61.2 1
80.3 50.5 1
82.2 48.2 1
68.2 97 1
61.3 81.5 1
77.7 75.4 1
87 68.8 1
82.4 70.6 1
82 72.6 1
76.6 50 1
86.8 57.4 1
69.7 46.6 1
99.8 20.3 1
177 42.3 0
101 22.6 1
128 20.6 1
93 39.3 1
147 9.65 1
182 5.45 1
99.8 24.1 1
191 23.5 0
149 7.75 1
118 40.3 0
127 16.9 1
160 36.6 0
154 28 0
192 41.8 0
114 23 1
158 23.6 0
99.6 5.78 1
124 24.6 1
159 32.2 0
184 13.1 1
158 20.5 0
114 20.5 1
136 41.5 0
125 16.5 1
155 19.3 1
93.9 41.2 1
169 23.1 0
139 41.8 0
145 32.6 0
195 7.15 1
144 35.3 0
119 15.7 1
191 17.3 0
184 40.3 0
115 16.4 1
147 42 0
98.4 41.6 1
129 24.9 1
195 4.48 1
165 9.05 1
124 36.1 0
149 3.13 1
167 11.1 1
148 4.78 1
94.9 25 1
126 8.75 1
194 43.6 0
146 3.45 1
173 31.9 0
182 24.6 0
105 11.3 1
187 31.3 0
120 43.9 0
146 37.1 0
188 17.4 0
129 9.58 1
95.6 42 1
110 26.9 1
124 41.2 0
121 22.5 1
187 8.75 1
160 41.9 0
184 37.3 0
180 28.7 0
144 24.8 0
191 34.8 0
121 43.9 0
148 32.6 0
162 43.4 0
176 24.8 0
145 43.6 0
199 29.5 0
198 31.5 0
104 41.9 1
110 13.6 1
130 12.4 1
91.4 26.1 1
171 20.9 0
91.7 14.5 1
177 20.8 0
149 35.2 0
125 43.6 0
180 34.7 0
188 33.7 0
105 28.2 1
142 4.45 1
180 16.4 1
101 43.6 1
183 1.43 1
147 25.1 0
195 30.4 0
182 20.3 0
193 19.8 0
145 1.65 1
131 6.28 1
178 16.7 0
140 43.6 0
177 28.7 0
131 40.6 0
198 7.85 1
121 19.6 1
126 43.6 0
150 1.33 1
192 10.4 1
91.7 16.6 1
123 39.2 0
134 1.2 1
135 6.58 1
126 1.48 1
169 43.3 0
187 19.6 0
162 1.53 1
169 1.6 1
200 43.6 0
91.5 29.8 1
119 8.13 1
108 16.8 1
190 1.68 1
179 1.65 1
160 2.73 1
192 1.68 1
91.4 23 1
111 1.68 1
117 12.4 1
129 2.7 1
106 16 1
103 1.63 1
159 1.2 1
139 1.53 1
119 1.28 1
159 43.6 0
115 43.4 1
91.5 31.2 1
130 3.9 1
198 43.6 0
92.4 0.825 1
130 22 1
151 21.3 0
118 24.1 1
166 20.6 0
167 22.9 0
91.7 35.6 1
155 36.7 0
195 27.8 0
108 4.63 1
108 1.33 1
109 3 1
124 1.55 1
125 3.03 1
181 30.5 0
116 10.1 1
116 8.25 1
121 1.55 1
120 2.83 1
135 2.73 1
174 1.6 1
103 35.3 1
101 35 1
124 12.4 1
165 74.9 0
163 76.7 0
142 88.9 0
195 94.6 0
158 78.7 0
114 50.7 0
168 79.7 0
152 88.7 0
124 98.6 0
93.3 49.4 1
143 67.2 0
160 71.9 0
162 63.3 0
120 84.9 0
131 53.6 0
92 54.5 1
129 65.6 0
93.3 50.7 1
150 53.4 0
94.7 63.8 1
157 65.6 0
112 95.1 0
197 96 0
155 53.5 0
172 89.8 0
129 51 0
91.3 79.3 1
157 58.4 0
185 89.3 0
199 52.8 0
126 98.3 0
199 64.1 0
119 92.9 0
106 89 0
112 59 0
199 69.3 0
125 96.9 0
93.2 72.2 1
121 46.7 0
198 89.3 0
175 50 0
161 46.5 0
114 53.3 0
162 84.5 0
117 92.2 0
122 89.6 0
124 91 0
189 46.7 0
91.5 70.9 1
98.5 51.4 1
195 58.5 0
181 79.5 0
112 81.2 0
132 82.4 0
97.9 98.4 1
160 54.1 0
112 83.4 0
192 46.7 0
141 60.4 0
162 81.9 0
121 98.6 0
119 71.7 0
131 64.7 0
145 63.3 0
170 97 0
148 82.9 0
99.2 70.8 1
137 97 0
117 81.4 0
170 91.6 0
132 95.7 0
144 61 0
108 76.9 1
115 80.2 0
146 46.8 0
138 98.7 0
168 98.4 0
172 84.5 0
125 46.4 0
110 56.9 1
143 53.6 0
160 91.7 0
194 80.7 0
127 54.5 0
192 98.6 0
146 98.1 0
115 76.4 0
148 97 0
174 91.1 0
108 57.7 1
107 61 1
135 98.4 0
138 91.3 0
127 58.9 0
190 98.6 0
172 78.1 0
125 59.5 0
169 46.6 0
183 82.6 0
133 47.4 0
134 50.4 0
133 60.9 0
159 74.6 0
91.3 81.2 1
126 46.4 0
149 63.3 0
197 66.4 0
162 71.1 0
110 98.4 0
125 52.9 0
91.5 68.9 1
151 46.4 0
159 46.5 0
151 60.9 0
129 47.6 0
150 87 0
182 98.5 0
131 48.8 0
140 98.7 0
107 98.4 0
162 98.8 0
91.1 60.9 1
175 98.5 0
160 98.8 0
91.1 59 1
92.4 99.3 1
116 48.9 0
109 68.2 1
94.5 94.2 1
118 50.5 0
120 46.7 0
181 98.5 0
157 55.5 0
146 56.2 0
143 50.4 0
187 98.6 0
186 97.1 0
137 62.2 0
101 46.5 1
199 46.2 0
96.7 46.2 1
179 47.9 0
139 46 0
195 89.2 0
193 91.6 0
114 87.3 0
118 96 0
120 98.6 0
48.7 28.7 1
35.6 41.8 1
46.6 29.9 1
18 30.2 1
56.3 38.1 1
16.7 32.8 1
40.2 11 1
9.98 37.6 1
35.9 5.53 1
34.7 43.7 1
29.3 13 1
30.4 10.7 1
44.6 26.8 1
34.9 3.3 1
35.5 18.7 1
2.23 16 0
9.43 14.6 0
55.9 10.6 1
30 40.6 1
30.3 15 1
32.9 43.7 1
58.4 39.7 1
32.9 30.8 1
34.4 20.9 1
0.5 40.5 0
39.8 20.7 1
23.9 42.5 1
38.9 41.8 1
7.53 16.2 0
25.3 43.8 1
13.5 8.3 0
30.3 37.9 1
35.9 25.2 1
27.1 43.8 1
38.3 18.5 1
41.1 28.4 1
30.2 31 1
30.2 28.5 1
45.3 14.8 1
0.75 13.9 0
45.2 4.55 1
7.6 22.5 0
3.45 22.5 0
22.8 19.1 1
24.3 40.2 1
5.7 3.28 0
27.4 24.6 1
39.1 31.5 1
41.7 36.8 1
23 2.45 0
49.8 15.1 1
13.7 19.9 0
16.7 11 0
49.2 17.4 1
28.7 21.9 1
7.55 42.3 1
46.3 17.3 1
39.2 33.7 1
44.9 7.25 1
10.9 21.7 0
47.4 13.3 1
32 3.05 1
20.2 6.9 0
2.93 10.1 0
53.5 14.8 1
52.5 21.1 1
10.2 1.38 0
50.7 41.1 1
51.1 38.7 1
19.1 10.2 0
55.5 21 1
55.9 15.7 1
2.45 42.3 1
46.9 41.9 1
57.1 22.8 1
17.4 13.6 0
5.45 36.8 0
52.2 1.58 1
45.8 23.9 1
35 8.65 1
46.9 36.4 1
2.68 24.9 0
20.6 36.8 1
18.1 37.3 1
17.9 4.05 0
55.9 42.9 1
33 28.3 1
15.3 17 0
21.4 12.4 0
20.5 14.4 0
55.9 28.4 1
4.83 32.5 0
52 24.9 1
51 23.1 1
36.2 34.2 1
36.1 32 1
17.5 40.4 1
55.6 26.5 1
41.3 13.2 1
9.35 42.3 1
10.8 40.5 1
3.8 86.1 1
18.7 85.7 1
2.33 56.4 1
26.8 88 1
0.475 58.6 1
58.3 93.3 1
27.6 53.2 1
37.3 79 1
49.7 94.4 1
22 89.5 1
12.6 95.4 1
29.8 62.4 1
15.1 87.9 1
39.1 60.5 1
27.5 49.9 1
48.3 70.6 1
35.1 70.1 1
57 96.7 1
58.3 95.1 1
18.1 78.2 1
10.7 88.4 1
14.7 83.9 1
28.4 95.1 1
42.4 48.6 1
22.6 56 1
45.7 70.5 1
47.5 56.9 1
9.73 98.1 1
15.4 54.6 1
31.8 64.5 1
25.9 63 1
20.8 61.3 1
23.2 60.1 1
31.3 67.6 1
24.4 46.8 1
55 57.5 1
9.98 83.3 1
29 68.4 1
32.6 46.5 1
58.2 69.5 1
58.1 54.8 1
6.83 95.5 1
11.9 57.5 1
27.2 74.3 1
57 58.7 1
58.7 81.1 1
53.6 75.6 1
49.5 48.8 1
46.3 49.7 1
29.1 48.2 1
48.1 52.2 1
23 66.8 1
3.13 92.7 1
58.3 84.6 1
19.7 98.6 1
50.3 81.4 1
58.6 65.4 1
23.4 97.3 1
24.7 98.7 1
6.48 88.7 1
53.4 80.7 1
20.9 65.1 1
43 57.7 1
49.8 86.2 1
40.3 92.9 1
34.6 74.1 1
21 98.6 1
21.7 76.8 1
38 86.5 1
5.5 97.4 1
47.6 47.6 1
19.1 92.4 1
42.3 60.5 1
47.8 76.8 1
5.93 92.9 1
5.28 57.5 1
4 74.8 1
36.8 63.8 1
53.2 62 1
56.8 67.2 1
11.3 75.5 1
20.7 82.6 1
57 60.6 1
40.5 52.8 1
36.8 97.2 1
34.3 46.5 1
34.7 48.7 1
57 82.3 1
56 90.4 1
6.83 46.7 1
26.5 98.7 1
46.7 64.4 1
14 51.1 1
15.3 49 1
39.7 69.1 1
37.8 68.2 1
17.6 97.2 1
18.8 46.3 1
20.2 48 1
57.2 71.5 1
59.1 72.5 1
14 61 1
12.2 60.1 1
46.4 79.9 1
42.1 95.3 1
18.2 71.7 1
15.6 73.5 1
26 83 1
8.93 70.2 1
10.5 46.2 1
56.4 78.7 1
59.1 77.5 1
8.48 47.9 1
8.8 50 1
70.6 13 1
72.4 10.4 1
66.7 31.6 1
83.4 25.3 1
61.2 34.5 1
63.6 20 1
85.8 25.3 1
88.2 9.9 1
71.1 8.3 1
85.8 3.98 1
78 21.4 1
63.3 35.4 1
80.7 20.9 1
80 7.28 1
61.7 9.7 1
87.4 27 1
80.6 36.5 1
67.3 41.9 1
85.3 7.65 1
70.2 41.7 1
62.8 8.13 1
72.8 31.3 1
79.8 29.1 1
75.3 1.75 1
73.7 3.03 1
83.4 28.2 1
78 10.8 1
75.1 33 1
61.2 31.5 1
82.2 43.4 1
76.3 19.5 1
62.4 30.2 1
77.1 17.1 1
61.9 43.1 1
75.4 37.4 1
60.7 0.825 1
60.7 44.2 1
63.1 12.3 1
65.2 13.7 1
87 19.2 1
78.8 1.48 1
80.4 2.9 1
64.2 25.9 1
87.1 5.85 1
86.8 13.3 1
85.8 28.8 1
63.5 16.3 1
67.4 24.9 1
68.1 26.4 1
65.2 78.2 1
72.5 95.4 1
64.8 80.4 1
80.7 83.9 1
62.4 83.4 1
88.6 84 1
62 54.9 1
85.5 96.4 1
86.9 85.5 1
88.4 65.7 1
62.9 64.6 1
85 92.8 1
78.9 58.8 1
75.7 98.7 1
81.9 63.9 1
61.2 66.1 1
81.4 57.1 1
71.4 63.8 1
63.2 94.2 1
85.5 76.7 1
87.5 77.9 1
86.1 79.6 1
68 51.8 1
76.3 69.5 1
63.1 98.2 1
88.6 54.3 1
81.3 69.3 1
80.9 95.8 1
77.5 80.4 1
61.9 48.1 1
88.6 71.6 1
61.2 95.4 1
64.7 98.9 1
67.2 84.6 1
64.7 46.2 1
71.8 77.6 1
62.9 71.9 1
63.6 57 1
86.8 94.9 1
88.2 60.9 1
66.5 98.9 1
66.9 97 1
81.7 93 1
79.4 74.9 1
88.6 69.6 1
74.6 46.6 1
78.5 48.5 1
88.2 59.1 1
63.1 53.3 1
67.6 49.2 1
174 38.2 0
154 31.4 0
198 20.1 0
139 27.8 0
159 39.9 0
186 2.7 1
187 4.38 1
162 9.93 1
146 16.8 1
162 25.3 0
169 10.8 1
91.4 9.1 1
163 29.6 0
160 19.2 1
103 40.6 1
111 41.6 1
187 25.8 0
171 24.9 0
108 23.2 1
137 43.2 0
193 36.7 0
173 42.1 0
139 19.6 1
148 1.8 1
97.5 5.53 1
134 37.1 0
99.5 30.3 1
114 2.95 1
149 14 1
117 30 1
99.2 33.1 1
186 6.75 1
168 37.1 0
159 13.2 1
134 40.2 0
109 43.3 1
156 1.2 1
175 43.8 0
125 6.85 1
124 4.48 1
110 35.2 1
155 13.4 1
102 17.1 1
170 29.1 0
99.5 40.4 1
171 17.3 1
120 41.9 0
153 15.3 1
132 36.5 0
96.5 3.2 1
170 36.3 0
174 7.38 1
159 6.65 1
111 10.8 1
182 42.1 0
114 10.6 1
165 13.9 1
154 40.7 0
140 2.8 1
161 15.1 1
123 23 1
101 26.2 1
194 43.6 0
155 2.53 1
106 30.2 1
189 29.9 0
113 33.8 1
165 33.6 0
104 26.2 1
106 43.3 1
166 4.58 1
116 18.6 1
167 40.2 0
183 36.4 0
102 10.4 1
166 30.7 0
107 7.33 1
185 41.8 0
96.5 43 1
148 31.1 0
180 26.4 0
122 42.6 0
111 13.5 1
143 22 0
187 43.1 0
133 42 0
180 18.9 0
117 35.4 1
125 38 0
178 26.4 0
182 12.3 1
193 3.13 1
181 35.2 0
144 9 1
119 18.4 1
106 33.3 1
149 28.7 0
144 2.93 1
114 43.4 1
119 31.2 1
177 35.3 0
113 31 1
199 33.1 0
124 42.4 0
176 14.7 1
193 12.8 1
146 19.1 1
131 29.4 0
128 14.1 1
128 2.7 1
126 13.7 1
171 43.3 0
130 7.45 1
121 40.7 0
178 19.2 0
108 14.6 1
171 1.6 1
119 33.8 1
194 8.53 1
141 6.78 1
116 1.28 1
132 2.43 1
137 7.7 1
114 14.7 1
130 38.2 0
105 2.95 1
198 2.8 1
133 6.28 1
110 25.1 1
180 9.73 1
178 10.2 1
149 43.5 0
104 23.5 1
106 13.8 1
151 43.5 0
91.1 0.825 1
91 44.2 1
151 23.2 0
117 22.7 1
199 22.4 0
199 12.4 1
198 14.2 1
136 23 1
133 21.3 1
153 34.1 0
154 35.5 0
168 17.2 1
94.4 28.8 1
96.5 28.5 1
93.2 34.3 1
91.7 35.8 1
93 19.6 1
156 43.6 0
142 28.4 0
198 27.3 0
156 6.45 1
179 42.3 0
94.4 12.1 1
96.7 11.5 1
141 43.6 0
123 18.7 1
180 32.3 0
192 32.3 0
154 24.7 0
137 1.53 1
135 4.2 1
94 4.03 1
175 4.53 1
109 21.1 1
92.7 5.9 1
123 9.68 1
123 1.55 1
129 43.6 0
102 95.3 0
141 86 0
132 75.6 0
185 57 0
153 54.2 0
141 91.1 0
166 75.7 0
123 77.2 0
128 70.3 0
162 75.1 0
187 54.5 0
171 66.6 0
154 87.2 0
155 79 0
148 50.3 0
128 88.2 0
104 96.9 0
95.3 51.9 1
179 50 0
134 79.3 0
170 94.9 0
157 70.6 0
182 56.6 0
177 84.6 0
102 92.1 1
114 57.6 0
139 83.8 0
91.3 84 1
164 78.8 0
131 51.6 0
200 57.1 0
112 55.5 1
138 55.7 0
144 48.4 0
127 63.2 0
118 84 0
186 48.3 0
194 96.3 0
159 89 0
182 63.6 0
122 83 0
111 94.8 0
160 80.7 0
182 90.3 0
93.1 78 1
136 65.6 0
92.9 66.7 1
107 85.8 1
135 86.1 0
125 62.4 0
162 61.2 0
198 59 0
162 48.2 0
120 91.6 0
188 46.7 0
140 56.9 0
93.2 61.6 1
187 79 0
94.3 48.1 1
168 48.3 0
149 75.8 0
114 96.6 0
165 60.3 0
193 55.9 0
181 59.4 0
173 54.9 0
95 65.7 1
121 80.7 0
91.4 49.4 1
137 95.8 0
125 95.5 0
149 70.3 0
193 98.6 0
109 90 0
131 91.3 0
187 91.6 0
168 55 0
170 73 0
156 98.1 0
133 56.6 0
98.6 49 1
93.1 56.4 1
145 53.7 0
187 76.4 0
99.6 67.9 1
169 83.4 0
102 67.1 1
119 74.1 0
171 56.3 0
153 72.6 0
134 48.4 0
181 54.6 0
164 97.2 0
91.4 50.8 1
147 74.1 0
93.2 91.7 1
153 75.2 0
184 70.9 0
155 61.7 0
195 53.9 0
149 81.2 0
121 70.3 0
166 89.1 0
147 71.2 0
113 75.3 0
151 65.1 0
134 62.3 0
125 47.6 0
176 95.3 0
115 98.8 0
192 81.6 0
143 64.6 0
173 75.5 0
171 87 0
147 62.9 0
185 75.5 0
109 46.8 1
188 85.7 0
193 87.7 0
96.9 98.4 1
125 71.4 0
112 61.2 1
104 46.5 1
106 48.3 1
198 54.6 0
101 72.6 1
125 93 0
148 88.9 0
174 79.1 0
181 81.4 0
184 46.6 0
91.1 57.7 1
164 57 0
125 51.4 0
150 46.4 0
134 97.4 0
174 83 0
165 68.5 0
109 62.4 1
163 70.2 0
200 91.7 0
158 75.7 0
127 56.7 0
129 60.8 0
145 81.9 0
124 54.1 0
163 92 0
191 85.6 0
194 78.3 0
197 81.8 0
185 82.4 0
171 46.6 0
172 98.5 0
137 46 0
149 98.9 0
151 98.9 0
91.1 99.3 1
91 45.6 1
138 51.6 0
126 83 0
128 84.7 0
177 46.3 0
119 49 0
168 62.8 0
178 87.5 0
180 87.1 0
170 68.4 0
97.8 89.1 1
179 95.3 0
122 56.4 0
122 54.3 0
122 98.6 0
147 58.5 0
150 58.4 0
152 91.4 0
177 58.7 0
177 56.5 0
194 46.4 0
193 48.1 0
171 59.5 0
173 60.3 0
124 49.2 0
106 71.9 1
177 74.5 0
149 91.4 0
94.1 85.9 1
132 72.9 0
134 88.8 0
138 64.2 0
125 77.7 0
126 76 0
154 97 0
198 47.6 0
128 47.6 0
180 46.6 0
140 49.6 0
155 49 0
170 79.5 0
92.4 97.7 1
94.4 96.8 1
129 98.3 0
97.1 86.2 1
159 94.5 0
156 47.7 0
21 30.1 1
22.2 32.3 1
21.1 21.4 1
26.5 12.2 0
18.4 21.8 0
0.4 28.6 0
57.3 31.6 1
45.7 27.9 1
49.4 7.65 1
39.1 4.93 1
47.5 32.2 1
47 8.78 1
57.9 35.4 1
32.9 37.3 1
12.9 33.9 1
6.23 29 0
18.5 24.2 1
38.3 12.2 1
0.25 4.28 0
34.7 12.6 1
5.05 21.9 0
32.2 9.48 1
49.3 4.83 1
0.125 6.98 0
58.4 8.85 1
54.2 38.7 1
8.5 11.6 0
11.4 8.28 0
42.3 7.95 1
14 5.1 0
44.5 21.7 1
26.9 33.3 1
43.1 27.3 1
12 1.38 0
21.2 23.8 1
0.95 18.4 0
0.8 36.2 0
39.7 2.7 1
39.5 25.7 1
17 3.15 0
47.2 3.25 1
15.2 10 0
28.3 36.9 1
33 15 1
9.83 23.5 0
39.7 30.3 1
15.6 19.6 0
8.13 18.4 0
53.5 10.5 1
9.1 3.1 0
55.9 2.4 1
22 3.85 0
12.7 41.9 1
22.6 6.23 0
11.5 15.7 0
57.5 12.8 1
5 9.08 0
30.1 4.13 1
48.6 40.6 1
5.1 15.5 0
55.7 19.3 1
48.9 38.3 1
5.08 35.1 0
16 14.9 0
58.4 5.63 1
22.1 43.7 1
57.5 0.825 1
35 1.38 1
41.1 38.9 1
57.5 44.2 1
10.1 43.7 1
57.2 17.5 1
7.25 38 1
26.9 1.08 0
25.1 1.08 0
55.1 33 1
16.6 26.1 0
10.6 29.5 0
41.7 22 1
49.7 31.1 1
53.2 31.6 1
53.4 43.7 1
0.3 25.8 0
17.6 35.2 1
57.2 41.6 1
6.23 40.9 1
41.7 2.7 1
57.8 29.1 1
19.8 2.78 0
27.8 7.15 0
2.73 32.3 0
51 25.4 1
41.7 42.5 1
43 40.7 1
39.4 14.4 1
16.1 41.7 1
19 42.2 1
57.5 25.9 1
54.1 25.3 1
4.83 83.5 1
33.7 86.8 1
0.875 61.5 1
32.5 80 1
46.5 88.5 1
48 72.8 1
44.1 87.2 1
4.33 72.1 1
1.65 87.6 1
16 85.7 1
41.1 90.6 1
49.1 74.7 1
13.8 79 1
6.55 60.6 1
13.3 89.5 1
12.4 82.3 1
30.6 53.7 1
27.6 63.7 1
35.6 72.2 1
14 92.9 1
40.7 76.1 1
54.7 51.6 1
21.5 91.7 1
37.2 93.3 1
55.4 49.1 1
40.6 49.9 1
15.9 52.6 1
31.6 57.5 1
40.7 73.5 1
32.7 50.4 1
2.15 95.3 1
2.98 65 1
55.8 97.4 1
48.9 59.5 1
24.5 73.5 1
44.1 74.5 1
5.38 64.4 1
37.5 50 1
7.88 96.7 1
37.6 59 1
52.8 67.2 1
25.9 48.4 1
31.4 48.2 1
42.9 76.3 1
51.8 51.7 1
43.2 62.9 1
13.9 97.3 1
19.7 59.4 1
44.4 71.9 1
52.9 47.9 1
53.3 98.6 1
38.1 66.2 1
45.5 83.8 1
14.1 56.7 1
43.4 84.3 1
12.4 62.5 1
40 82.1 1
21.5 63.2 1
44.8 68.8 1
24.3 95.1 1
52.7 59.4 1
27.3 66.6 1
15.9 59.1 1
10.5 61.6 1
16.8 47.8 1
11.3 71.6 1
44.8 58.3 1
3.63 97.4 1
13.6 65.7 1
57 83.5 1
19.2 52.3 1
36.1 57.2 1
41.4 67.8 1
5.85 91 1
34.6 98.6 1
38.7 47.8 1
57 85.7 1
38.4 71.7 1
54.1 78.3 1
16 66.8 1
2.88 46.7 0
32.9 98.6 1
6.85 55.6 1
5.93 76.2 1
1.78 76.9 1
38.4 62.3 1
49.3 68.3 1
58.2 68.3 1
58.1 53.2 1
57.2 63.3 1
31.4 84.7 1
29.2 85.5 1
38.1 52.9 1
37.7 95.7 1
36.2 98.6 1
54.7 87.1 1
26.5 96.5 1
18.4 98.6 1
3.7 78.3 1
22.8 46.8 1
58.7 46.9 1
58.7 98.1 1
46.8 96.7 1
48.6 79.3 1
40.8 97.1 1
23 71.1 1
29.8 78.9 1
22.8 81.8 1
9.23 68 1
57.8 79.2 1
19.8 80 1
12.1 46.2 1
11.6 48.3 1
13.5 49.6 1
68.9 20.7 1
72.9 26.9 1
72.3 14.9 1
88.4 36.2 1
62.8 27.8 1
82.3 7.25 1
61.5 21.9 1
78.9 38.3 1
83.3 3.15 1
64.5 37 1
73.9 7.35 1
62.4 36.6 1
70.8 33.3 1
79.2 31.8 1
85.9 42.6 1
63.1 11 1
86.9 32.1 1
82.9 14.4 1
61.2 34.8 1
74.8 4.5 1
75.2 11.1 1
88.4 39.5 1
63.1 2.2 1
76.5 3.23 1
87.5 0.825 1
87.5 44.2 1
72.3 1.28 1
61.9 0.825 1
71.7 36.1 1
61.1 7.05 1
61.2 41.8 1
66.5 43.9 1
74.1 35.7 1
74.6 43.7 1
64.6 1.38 1
61.2 39.9 1
72.9 43.7 1
63.1 43.9 1
61.1 5.43 1
64.7 43.9 1
61.4 13.6 1
88.4 21.6 1
88.6 17.7 1
84.7 18.6 1
85.4 34.3 1
63 25.2 1
88.2 11.8 1
85.2 13.7 1
66.2 28.8 1
76.7 24.9 1
67.9 1.28 1
66.5 2.65 1
66.8 8.25 1
87.1 29.5 1
61.4 15.7 1
76 40.9 1
77.8 42.3 1
65.3 65.5 1
86.6 64 1
61.2 67.7 1
85.5 50.1 1
64.7 82.9 1
77.2 98.7 1
73.2 93.1 1
70.9 96.7 1
64.4 95.7 1
79.5 62.1 1
61.2 83.8 1
86.7 91.7 1
87 67.6 1
67.8 89.3 1
77.1 96.4 1
79.2 95 1
61.7 76 1
72.8 46.6 1
88.3 87.5 1
61.6 62.5 1
61.7 73.5 1
74.3 97.3 1
74.7 86.9 1
68.9 59.4 1
77.2 71.1 1
82.7 79.4 1
83 97.2 1
87.5 99.3 1
62.4 97 1
60.7 46.9 1
61.9 99.3 1
76 73.6 1
65.7 47.6 1
63.1 47.5 1
61.2 85.4 1
61.2 87.1 1
69.7 76.8 1
61.6 58.1 1
61.2 91.6 1
63.1 92.1 1
70.8 90.2 1
88.4 95 1
88.6 52.7 1
88.6 82.4 1
78.7 84.9 1
77.9 87.4 1
83 48.9 1
85.3 75.2 1
88.7 46.9 1
80 92.2 1
80 77.3 1
78.2 77.8 1
80.7 72.8 1
80.1 70.8 1
77.4 47.3 1
75.5 48.9 1
86.8 56.1 1
61.2 51.9 1
69 48 1
116 41.4 1
156 32.8 0
101 28.3 1
146 40.6 0
97.7 20.7 1
154 28.3 0
101 19.4 1
126 32.5 0
160 23.8 0
124 34.6 0
93 38.5 1
161 21.2 0
118 43 0
161 12 1
150 3.13 1
98.1 23.2 1
127 19 1
146 38.1 0
97.4 34.8 1
166 35.4 0
148 1.8 1
93 29.6 1
128 25.7 1
192 39.5 0
159 32.7 0
170 26.6 0
123 29.1 1
158 41.5 0
200 4.45 1
125 25.9 1
136 30.4 0
173 22.1 0
151 1.33 1
95.1 23.6 1
189 24.2 0
175 22.2 0
148 11.4 1
163 14 1
139 4.28 1
91.5 32.6 1
194 23.9 0
93.9 40.4 1
137 33.3 0
92.7 10.5 1
115 31.5 1
158 43.6 0
153 1.33 1
139 40.7 0
101 5.33 1
112 1.68 1
143 31.1 0
161 35.3 0
171 19.3 0
112 23.9 1
127 6.53 1
159 17.2 1
101 42.4 1
180 41 0
167 30.1 0
138 17.2 1
177 32.9 0
126 4.15 1
176 31.1 0
109 33.9 1
155 17.6 1
172 40.7 0
158 1.2 1
120 9.75 1
145 4.73 1
91.7 17.8 1
153 21.1 0
172 38.3 0
160 4.18 1
162 34 0
155 38.6 0
104 10.7 1
107 43.3 1
140 35.8 0
194 21.1 0
142 35.1 0
185 31.7 0
135 17.1 1
128 38.8 0
114 7 1
175 24.7 0
163 43.4 0
180 14.1 1
164 2.98 1
186 12.6 1
166 7.35 1
109 28.3 1
111 30 1
185 36 0
104 33.7 1
194 32.2 0
148 20.4 1
137 9.75 1
183 20.5 0
150 34.9 0
171 31.3 0
120 6.73 1
190 34.4 0
93 14 1
115 34.3 1
113 43.4 1
186 20.1 0
186 34.2 0
171 41.9 0
145 20.9 1
172 24.5 0
195 35.2 0
178 2.93 1
172 15.1 1
168 41.9 0
168 3.05 1
147 27.1 0
197 35.1 0
198 9.65 1
130 31.8 0
179 38.4 0
96.2 1.38 1
144 7.05 1
118 19.9 1
177 37.3 0
194 1.45 1
195 12.7 1
177 12.7 1
115 12.9 1
103 3 1
104 4.33 1
104 17.1 1
184 43.7 0
117 1.28 1
196 1.45 1
177 43.8 0
107 1.33 1
197 43.6 0
130 1.23 1
91 42.9 1
131 22.1 1
103 28.2 1
164 21.5 0
165 23.8 0
184 5.08 1
184 2.7 1
189 2.95 1
191 16.7 0
181 6.53 1
184 24.6 0
168 19.2 0
137 43.2 0
108 18.2 1
153 8.78 1
151 8.1 1
92.9 27.2 1
95 26.8 1
94.5 35.4 1
93 36.9 1
94.6 19.9 1
91.4 21.8 1
155 42.3 0
143 26.7 0
195 26.5 0
156 3.98 1
100 12.8 1
178 43.8 0
148 23.7 0
124 20.3 1
96.4 8.83 1
105 8.53 1
189 10.4 1
187 10 1
183 31 0
191 31.9 0
119 12.2 1
120 13.6 1
121 4.28 1
127 43.6 0
126 42.4 0
156 23.7 0
93.7 2.2 1
174 2.88 1
112 21.5 1
103 37.6 1
100 37.4 1
144 43.6 0
143 43.6 0
91.3 5.43 1
92.7 7.53 1
123 12 1
130 42.3 0
113 49.2 1
112 46.8 1
157 66.7 0
146 50.5 0
163 73.4 0
156 88.7 0
120 65.3 0
104 84.7 1
118 63.5 0
114 71.4 0
121 50.2 0
125 88.9 0
129 89.4 0
140 85.3 0
130 83.3 0
122 75.3 0
181 84.7 0
199 63.7 0
133 77.5 0
101 96.9 1
91.3 82.4 1
106 76.7 1
179 83.5 0
156 51.6 0
121 86.8 0
186 49.5 0
166 78.4 0
161 86.4 0
150 48.5 0
198 75.9 0
111 77.3 0
144 69.6 0
101 58.4 1
144 88.8 0
139 53.8 0
181 88.8 0
144 77.5 0
162 65.3 0
178 76.8 0
180 65.6 0
141 75 0
182 77.5 0
113 79.8 0
192 72.4 0
105 90.8 1
191 70.1 0
169 49.8 0
137 85.1 0
105 54.8 1
102 98.5 1
189 75.3 0
94.5 78.6 1
156 59.6 0
94.7 89.8 1
141 55 0
92.7 88 1
174 67.7 0
92 54.7 1
196 97.7 0
166 46.8 0
103 79 1
126 74.1 0
94.7 70.3 1
164 46.8 0
199 94.6 0
93.4 53.1 1
118 81.4 0
106 69.3 1
121 52.8 0
175 65.4 0
187 98.6 0
140 59.1 0
131 55.4 0
175 84.6 0
91.7 73.7 1
104 68.6 1
199 85.5 0
117 75.1 0
198 87.5 0
92 93.1 1
110 97 0
133 64.7 0
139 61.8 0
155 72.4 0
129 76.5 0
105 61.9 1
116 95.2 0
138 97.4 0
96.9 79.2 1
101 77.5 1
153 84.6 0
164 90.1 0
167 98.4 0
198 70.6 0
97.6 70.3 1
166 86.2 0
140 63.7 0
161 56.1 0
199 49.1 0
98 67.3 1
173 50.2 0
171 74.6 0
194 65.6 0
134 84.2 0
160 58.7 0
143 95.3 0
196 72.5 0
193 59.5 0
140 71.4 0
184 47.8 0
115 78.9 0
109 91.8 0
102 62.8 1
122 47.9 0
132 59.2 0
154 82.5 0
142 92.5 0
189 98.6 0
152 64.3 0
191 90.1 0
122 93.3 0
155 64.6 0
187 87.6 0
118 58.5 0
148 95.7 0
187 59.1 0
152 61.4 0
191 61.7 0
131 93.6 0
108 46.8 1
127 51 0
188 61.5 0
197 66 0
135 96.1 0
168 89.8 0
192 83.8 0
176 89.6 0
108 97 0
138 93 0
185 64.5 0
174 80.7 0
181 70.2 0
175 93.2 0
175 97.3 0
163 98.8 0
92.9 68.3 1
188 89.9 0
146 60.6 0
186 68.7 0
141 98.7 0
149 85.1 0
125 56 0
124 57.5 0
196 46.4 0
92.4 48.2 1
133 46.2 0
130 46.2 0
134 99 0
137 46 0
91 46.9 1
115 47.4 0
177 48.4 0
174 75.2 0
102 55.4 1
181 92.8 0
123 95.8 0
179 97.3 0
96.9 59.7 1
122 97.2 0
124 83.8 0
153 92.3 0
138 78.8 0
117 90.5 0
104 71.2 1
177 72.7 0
149 92.6 0
127 98.3 0
145 96.7 0
144 84.5 0
172 96.5 0
130 72.2 0
136 89.3 0
93.6 63.6 1
91.7 76.2 1
153 98.9 0
96.4 47.5 1
127 48.8 0
140 47.6 0
153 47.6 0
170 81.1 0
138 70.5 0
91.1 96.5 1
93 95.6 1
116 87.7 0
185 95.8 0
130 97.3 0
117 97.4 0
119 97.2 0
98.3 84.4 1
160 96.4 0
157 95.8 0
158 47.7 0
33.8 40 1
10.5 5.08 0
10.5 10.5 0
57.9 37.1 1
46.6 33.7 1
49.1 27 1
12 26.9 0
15.4 33.3 1
46.9 11.2 1
37.1 5 1
34 10 1
4.23 4.63 0
12.3 3.35 0
32 41.8 1
41.7 9.5 1
28.7 32.1 1
26.6 39.6 1
28.1 41.9 1
54.3 29.6 1
55 41.1 1
56.2 30.2 1
15.9 5.13 0
34.2 31.5 1
44.1 20 1
23.2 39.7 1
3.68 19.4 0
29.2 20.9 1
41.2 6.65 1
2.28 2.9 0
44.7 17.9 1
57.2 9.83 1
44.5 14.4 1
41.5 24.6 1
21.4 38.2 1
11.8 36.5 1
57.2 3.75 1
2.05 8.33 0
5.7 17.7 0
10.2 17.8 0
41.8 35.4 1
39.2 18.1 1
27.9 35.3 1
37.8 26.2 1
21.5 15.7 0
34.7 18.6 1
19 8.63 0
35.3 25.2 1
51.1 17.7 1
33.5 20.7 1
23.2 18 1
7.35 1.73 0
39.8 40.7 1
14.5 12.5 0
53.8 13.1 1
51.7 15.4 1
11.7 19.9 0
14.2 40.4 1
27.6 18.7 1
29.1 16.6 1
52.7 19.4 1
6.25 11.2 0
2.98 34.9 0
56.2 14 1
8.28 43.7 1
29.5 5.93 0
46.2 43.2 1
58.7 2.18 1
58.4 7.25 1
58.7 42.9 1
2.7 43.6 1
47.7 24.1 1
23.5 1.08 0
4.75 13.4 0
17.9 1.4 0
2.6 12.5 0
11.7 43.7 1
53.4 1.58 1
58.5 21.9 1
58.7 18 1
58.8 12 1
33.2 1.38 1
56.3 34.1 1
17.8 28.2 0
24 26.4 1
27 25.7 1
33.9 35.4 1
4.63 27.1 0
52.5 42.4 1
3 25.5 0
20.1 34.7 1
37.4 43.2 1
34 27.5 1
43.1 4.43 1
59 27.5 1
25.8 7.85 0
28.9 9.38 1
27 10.1 1
3.7 30.6 0
5.8 30.8 0
50 23.6 1
17.6 43.5 1
56.1 24.6 1
42.5 13.3 1
42.8 89.2 1
19.8 85.1 1
22.1 87.6 1
27.7 82.9 1
21.5 72.4 1
1.38 48.4 1
34.6 78.3 1
30 89.9 1
51.7 94.6 1
6.6 71.2 1
46.9 67.2 1
28.6 87.9 1
22.9 54.3 1
39.1 79.6 1
7.4 74.2 1
5.85 53.7 1
30.2 60.6 1
33.7 64.2 1
33.4 75.6 1
24.5 86.6 1
23.1 74.9 1
48.2 94.4 1
25.5 53.3 1
8.9 57.6 1
30.5 55.4 1
15.8 93.4 1
58.6 61.9 1
54.6 65.7 1
55.6 71 1
46.7 62.4 1
8.13 84.5 1
28.3 70.1 1
47.6 86.3 1
43.7 47.1 1
23.9 62 1
36.4 48.5 1
8.55 87.7 1
44.4 61.6 1
27.1 73.1 1
45.8 48.4 1
22.1 58.2 1
15.2 95.9 1
51.1 59.2 1
51.3 49.2 1
18.2 93.3 1
10.8 96.8 1
8.95 95.5 1
20.5 64.5 1
21 49.6 1
4.23 48.3 1
56.6 56.2 1
6.55 98.6 1
11.6 67.6 1
16.7 77.9 1
16 75.9 1
3.05 90.8 1
27.5 46.7 1
39.9 72.1 1
34 57.6 1
15.3 69.3 1
55.8 84.5 1
42.6 98.5 1
52.1 86.4 1
58.6 57.4 1
47.1 46.3 1
41.5 70 1
22.2 98.6 1
52.1 82 1
58.7 87.1 1
37.5 46.3 1
59.1 73.8 1
59.1 76.3 1
53.1 84.2 1
12.1 98.8 1
17.5 46.3 1
58.7 82.3 1
37.2 54.8 1
32.9 89.7 1
54.2 92.1 1
56.6 93.2 1
1.43 69.4 1
1.1 54.3 1
55.1 67.5 1
13.1 77 1
56.6 52.8 1
9.9 74.1 1
54.8 63.3 1
56.4 88.5 1
6.1 48.3 1
7.4 50.4 1
17.6 95.8 1
22.8 48.3 1
57.5 46.3 1
57.5 98.8 1
44.5 95.2 1
23.9 69 1
16.6 71.6 1
30.4 76.4 1
24.2 83.4 1
21.9 79.3 1
68.4 22.8 1
70.4 26.2 1
65.8 19.9 1
63 23.4 1
83.4 24 1
70.9 19.3 1
85.8 24 1
67.2 40.5 1
77.8 22.1 1
73 29.2 1
81.7 4.63 1
69.1 40.2 1
86.9 8.68 1
61.6 27.1 1
79.5 40.7 1
82.4 21.5 1
87.2 41.3 1
68.1 12.8 1
64.2 9.43 1
79.3 13.5 1
82.3 34.8 1
82 28.9 1
85.7 30.7 1
76.1 38.5 1
76.5 31.7 1
88.7 2.18 1
88.7 42.9 1
77.1 15.2 1
61.2 38.3 1
68.7 32.7 1
74.8 13.6 1
81.2 32.7 1
65.9 37.4 1
88.4 37.9 1
62.3 3.55 1
78.6 8.9 1
88.6 32.8 1
76.1 20.1 1
83.4 43.4 1
61.2 2.18 1
61.4 12.3 1
88.8 27.6 1
62.4 42.6 1
77.6 1.48 1
61.2 32.9 1
86.2 2.55 1
87 35 1
88.7 5.78 1
64 29.2 1
78.3 26.6 1
75 25.3 1
68.6 9.73 1
87.1 16.1 1
61.4 17 1
63.5 17.6 1
75.3 42.3 1
65.3 91.4 1
64.5 70.8 1
82.6 84.9 1
67 70.2 1
71.2 48 1
85.2 85.8 1
76.1 65.6 1
68.1 86.5 1
85 55.1 1
73.5 65.6 1
63.4 61.8 1
75.7 68.7 1
73.2 68.7 1
68.6 96.7 1
88.2 62.2 1
86.6 87.8 1
88.4 93.2 1
81.8 55 1
75 95.1 1
88.6 68.4 1
69.4 62.4 1
88.7 98.1 1
83.4 98.5 1
64.1 48.9 1
67 46.4 1
88.6 72.8 1
61.2 98.1 1
72.7 98.7 1
63.4 59.2 1
65.4 58.1 1
72.1 83.5 1
73.9 84.7 1
85.9 97.8 1
86.8 52.6 1
87.3 81.5 1
81.1 51.2 1
87.5 46.3 1
82.5 74.6 1
61.9 46.3 1
71.8 55 1
74.2 54.6 1
76 81.1 1
73.4 81.1 1
88.2 57.8 1
62.9 51.3 1
64.9 52.7 1
141 21.2 1
154 30.6 0
199 18.8 0
110 39.8 1
138 26.3 0
163 27.6 0
122 34 0
124 30.8 0
138 29.7 0
116 39.7 1
161 8.23 1
117 28.7 1
170 13.3 1
110 36.8 1
91.3 39.2 1
147 15.9 1
136 24.8 0
104 42 1
156 40.2 0
174 30.5 0
186 1.28 1
149 25.6 0
188 16.8 0
104 30.7 1
129 27.8 0
131 11.8 1
170 4.33 1
124 27.6 0
149 1.8 1
111 9.33 1
113 9.08 1
193 4.8 1
114 17 1
114 4.55 1
190 39.5 0
161 31.4 0
91.5 28 1
123 24.3 1
186 22.4 0
98 30 1
143 37.1 0
110 4.6 1
187 40.4 0
121 30.3 1
187 14.3 1
151 28.7 0
117 36.7 1
145 30.7 0
146 3.08 1
112 3.28 1
134 13 1
128 32 0
99 5.08 1
120 18.4 1
134 30.1 0
139 33.9 0
121 8.35 1
93 31.6 1
157 14 1
131 8.73 1
123 8.28 1
188 41.7 0
97.9 39.9 1
140 38.1 0
151 14.7 1
166 41.9 0
92.2 41.1 1
172 2.88 1
110 7.3 1
140 6.6 1
183 11.8 1
158 2.65 1
199 16 1
96 41.2 1
124 13.2 1
176 26.2 0
164 1.45 1
149 32.6 0
142 32.7 0
110 26.4 1
188 28.4 0
102 8.2 1
157 16.8 1
149 43.5 0
153 19.3 1
110 14.4 1
108 29.8 1
145 28.1 0
133 3.9 1
174 15.7 1
196 10 1
181 36.8 0
167 43.6 0
153 37.4 0
92.4 3.55 1
105 13.2 1
141 1.28 1
167 1.45 1
91.3 37.6 1
177 8.28 1
152 42.1 0
183 43.7 0
144 1.28 1
133 43.8 0
128 1.23 1
132 43.8 0
91.4 12.5 1
91.1 2.18 1
123 43.8 0
131 1.23 1
117 25.9 1
144 10.8 1
188 1.28 1
182 26.4 0
136 21.1 1
134 19.4 1
141 14.6 1
141 12.6 1
144 15.8 1
167 14.9 1
191 14.2 1
178 5.43 1
183 6.15 1
184 22.8 0
106 23.2 1
136 42 0
153 11.4 1
171 7.18 1
169 8.68 1
134 36.9 0
132 36.3 0
169 32.3 0
169 34.7 0
194 43.6 0
93 22.1 1
198 26.1 0
93 16.1 1
98.6 12.5 1
101 15 1
180 42.5 0
140 42.5 0
147 22.2 0
94 8.95 1
104 7.2 1
186 8.03 1
181 32.8 0
128 41.1 0
154 26.2 0
137 3 1
109 20.1 1
145 42.2 0
161 39.5 0
91.3 7.05 1
122 3 1
129 66.2 0
124 61.7 0
179 50.4 0
122 79.6 0
146 68.2 0
158 69.1 0
113 73.8 0
145 65.6 0
182 47.8 0
153 56.1 0
168 94.9 0
116 71.3 0
173 62.5 0
167 74.3 0
117 47.4 0
198 61.1 0
113 69.2 0
151 57.6 0
119 87.3 0
133 89.6 0
147 77.1 0
194 67.8 0
93.2 71.8 1
168 78.1 0
115 58.4 0
147 79.6 0
109 85.2 1
145 75.4 0
190 77.1 0
162 78.7 0
170 64.5 0
117 85.6 0
182 79.4 0
94.9 61 1
143 70.9 0
147 64.2 0
193 95 0
138 86.7 0
164 87.2 0
111 84 0
118 61.3 0
164 72.5 0
188 79 0
175 77.5 0
179 56.3 0
180 58.5 0
198 96.3 0
136 56.6 0
104 52.8 1
109 67.9 1
164 67.2 0
188 70 0
182 60.9 0
104 47.9 1
113 96.4 0
182 86.4 0
105 49.7 1
188 47.9 0
130 78.4 0
151 74.8 0
189 73.8 0
192 78.4 0
191 80.3 0
169 52.9 0
172 53.3 0
151 72.2 0
91.5 86.8 1
165 95.8 0
91.5 65.9 1
117 80.2 0
149 68.7 0
192 97.3 0
192 56.9 0
144 46.6 0
120 68.4 0
131 53.4 0
101 74.4 1
182 67.2 0
147 88.5 0
97 98.4 1
160 76.2 0
114 60.9 0
134 60.5 0
184 72.9 0
185 93.3 0
116 64.6 0
99.8 49.2 1
94.5 56.1 1
185 79.9 0
186 52.3 0
102 65.6 1
106 95.5 1
135 83.2 0
187 62.7 0
99.7 51.6 1
138 50.9 0
166 61.4 0
193 63.2 0
92.5 57.5 1
174 87.4 0
199 53.4 0
106 57 1
139 97.4 0
144 98.5 0
145 80.1 0
102 60.8 1
189 56.7 0
120 57.2 0
166 56.9 0
112 98.6 0
151 82.1 0
149 65.9 0
151 84.2 0
163 93.4 0
140 95.9 0
134 94 0
129 56.9 0
123 71.2 0
155 80.8 0
106 92.5 1
168 84.8 0
130 59.2 0
156 74.7 0
135 50.5 0
142 97.2 0
195 87.2 0
170 87.2 0
185 66.4 0
134 47.2 0
141 46.6 0
140 93.1 0
137 98.8 0
124 52.6 0
91.4 52 1
154 76.5 0
129 93.9 0
197 83.5 0
172 48 0
91.5 67.4 1
135 97.8 0
149 97.6 0
132 46.2 0
136 46 0
123 46.2 0
91.1 98.1 1
132 99 0
91 46.9 1
102 86.6 1
161 52.5 0
162 49.9 0
136 90.9 0
198 79.5 0
196 77.6 0
169 60.9 0
102 53.4 1
110 87.8 0
168 68.1 0
170 70.4 0
126 80.9 0
129 81.1 0
162 95 0
126 91 0
123 86.3 0
139 80.9 0
136 78.8 0
119 90.2 0
175 58.9 0
175 56.6 0
193 49.7 0
106 73.7 1
127 97 0
129 96 0
146 95.4 0
92.9 84.8 1
92.7 81.1 1
144 86.4 0
101 90.9 1
186 84.3 0
185 86.1 0
174 95.2 0
134 72.4 0
91.5 64.1 1
102 47.9 1
154 95.4 0
128 46.2 0
152 49.7 0
153 52.3 0
139 47.6 0
194 46.4 0
137 67.7 0
112 86.6 0
118 98.6 0
158 97.7 0
156 46.2 0
183 97.2 0
