81.2306 48.1915 4
74.7201 42.8114 4
109.813 71.3171 4
77.664 60.6143 4
84.5009 51.3554 4
72.6833 47.6546 4
87.5675 45.0047 4
69.67 52.4647 4
0 100 0
0 95.4545 0
0 90.9091 0
0 86.3636 0
0 81.8182 0
0 77.2727 0
0 72.7273 0
0 68.1818 0
0 63.6364 0
0 59.0909 0
0 54.5455 0
0 50 0
0 45.4545 0
0 40.9091 0
0 36.3636 0
0 31.8182 0
0 27.2727 0
0 22.7273 0
0 18.1818 0
0 13.6364 4
0 9.09091 4
0 4.54545 4
0 0 4
200 100 0
195.349 100 0
190.698 100 0
186.047 100 0
181.395 100 0
176.744 100 0
172.093 100 0
167.442 100 0
162.791 100 0
158.14 100 0
153.488 100 4
148.837 100 4
144.186 100 4
139.535 100 4
134.884 100 4
130.233 100 4
125.581 100 4
120.93 100 4
116.279 100 4
111.628 100 4
106.977 100 4
102.326 100 4
97.6744 100 4
93.0233 100 4
88.3721 100 4
83.7209 100 4
79.0698 100 4
74.4186 100 4
69.7674 100 4
65.1163 100 4
60.4651 100 4
55.814 100 4
51.1628 100 4
46.5116 100 4
41.8605 100 4
37.2093 100 4
32.5581 100 4
27.907 100 0
23.2558 100 0
18.6047 100 0
13.9535 100 0
9.30233 100 0
4.65116 100 0
200 0 4
200 4.54545 4
200 9.09091 4
200 13.6364 4
200 18.1818 4
200 22.7273 4
200 27.2727 4
200 31.8182 4
200 36.3636 4
200 40.9091 4
200 45.4545 4
200 50 4
200 54.5455 4
200 59.0909 4
200 63.6364 4
200 68.1818 4
200 72.7273 4
200 77.2727 4
200 81.8182 4
200 86.3636 0
200 90.9091 0
200 95.4545 0
4.65116 0 4
9.30233 0 4
13.9535 0 4
18.6047 0 4
23.2558 0 4
27.907 0 4
32.5581 0 4
37.2093 0 4
41.8605 0 4
46.5116 0 4
51.1628 0 4
55.814 0 4
60.4651 0 4
65.1163 0 4
69.7674 0 4
74.4186 0 4
79.0698 0 4
83.7209 0 4
88.3721 0 4
93.0233 0 4
97.6744 0 4
102.326 0 4
106.977 0 4
111.628 0 4
116.279 0 4
120.93 0 4
125.581 0 4
130.233 0 4
134.884 0 4
139.535 0 4
144.186 0 4
148.837 0 4
153.488 0 4
158.14 0 4
162.791 0 4
167.442 0 4
172.093 0 4
176.744 0 4
181.395 0 4
186.047 0 4
190.698 0 4
195.349 0 4
74.9111 58.1627 4
75.9553 52.2397 4
5.7 8.6 4
5.7 13.2 4
10.3 8.6 4
10.3 13.2 4
5.7 17.8 0
10.3 17.8 0
5.7 22.4 0
10.3 22.4 0
5.7 27 0
10.3 27 0
5.7 31.6 0
10.3 31.6 0
5.7 36.2 0
10.3 36.2 0
5.7 40.8 0
10.3 40.8 0
5.7 45.4 0
10.3 45.4 0
5.7 50 0
10.3 50 1
5.7 54.6 1
10.3 54.6 1
5.7 59.2 1
10.3 59.2 1
5.7 63.8 0
10.3 63.8 1
5.7 68.4 0
10.3 68.4 0
5.7 73 0
10.3 73 0
5.7 77.6 0
10.3 77.6 0
5.7 82.2 0
10.3 82.2 0
5.7 86.8 0
10.3 86.8 0
5.7 91.4 0
10.3 91.4 0
14.9 8.6 4
14.9 13.2 4
14.9 17.8 0
14.9 22.4 0
14.9 27 0
14.9 31.6 0
14.9 36.2 0
14.9 40.8 0
14.9 45.4 1
14.9 50 1
14.9 54.6 1
14.9 59.2 1
14.9 63.8 1
14.9 68.4 0
14.9 73 0
14.9 77.6 0
14.9 82.2 0
14.9 86.8 0
14.9 91.4 0
19.5 8.6 4
19.5 13.2 4
19.5 17.8 0
19.5 22.4 0
19.5 27 0
19.5 31.6 0
19.5 36.2 0
19.5 40.8 0
19.5 45.4 1
19.5 50 1
19.5 54.6 1
19.5 59.2 1
19.5 63.8 1
19.5 68.4 0
19.5 73 0
19.5 77.6 0
19.5 82.2 0
19.5 86.8 0
19.5 91.4 0
24.1 8.6 4
24.1 13.2 4
24.1 17.8 0
24.1 22.4 0
24.1 27 0
24.1 31.6 0
24.1 36.2 0
24.1 40.8 0
24.1 45.4 0
24.1 50 1
24.1 54.6 1
24.1 59.2 0
24.1 63.8 0
24.1 68.4 0
24.1 73 0
24.1 77.6 0
24.1 82.2 0
24.1 86.8 0
24.1 91.4 0
28.7 8.6 4
28.7 13.2 4
28.7 17.8 0
28.7 22.4 0
28.7 27 0
28.7 31.6 0
28.7 36.2 0
28.7 40.8 0
28.7 45.4 0
28.7 50 0
28.7 54.6 0
28.7 59.2 0
28.7 63.8 0
28.7 68.4 0
28.7 73 0
28.7 77.6 0
28.7 82.2 0
28.7 86.8 0
28.7 91.4 0
33.3 8.6 4
33.3 13.2 4
33.3 17.8 0
33.3 22.4 0
33.3 27 0
33.3 31.6 0
33.3 36.2 0
33.3 40.8 0
33.3 45.4 0
33.3 50 0
33.3 54.6 0
33.3 59.2 0
33.3 63.8 0
33.3 68.4 0
33.3 73 0
33.3 77.6 0
33.3 82.2 0
33.3 86.8 0
33.3 91.4 0
37.9 8.6 4
37.9 13.2 4
37.9 17.8 0
37.9 22.4 0
37.9 27 0
37.9 31.6 0
37.9 40.8 0
37.9 45.4 0
37.9 50 0
37.9 54.6 0
37.9 59.2 0
37.9 63.8 0
37.9 68.4 0
37.9 73 0
37.9 77.6 0
37.9 82.2 0
37.9 86.8 4
37.9 91.4 4
42.5 8.6 4
42.5 13.2 4
42.5 17.8 4
42.5 22.4 0
42.5 27 0
42.5 31.6 0
37.9 36.2 0
42.5 36.2 0
42.5 40.8 0
42.5 45.4 0
42.5 50 0
42.5 54.6 0
42.5 59.2 0
42.5 63.8 0
42.5 68.4 0
42.5 73 0
42.5 77.6 4
42.5 82.2 4
42.5 86.8 4
42.5 91.4 4
47.1 8.6 4
47.1 13.2 4
47.1 17.8 4
47.1 22.4 4
47.1 27 0
47.1 31.6 0
47.1 36.2 0
47.1 40.8 0
47.1 45.4 0
47.1 50 0
47.1 54.6 0
47.1 59.2 0
47.1 63.8 0
47.1 68.4 4
47.1 73 4
47.1 77.6 4
47.1 82.2 4
47.1 86.8 4
47.1 91.4 4
51.7 8.6 4
51.7 13.2 4
51.7 17.8 4
51.7 22.4 4
51.7 27 4
51.7 31.6 4
51.7 36.2 4
51.7 40.8 4
51.7 45.4 4
51.7 50 4
51.7 54.6 4
51.7 59.2 4
51.7 63.8 4
51.7 68.4 4
51.7 73 4
51.7 77.6 4
51.7 82.2 4
51.7 86.8 4
51.7 91.4 4
56.3 8.6 4
56.3 13.2 4
56.3 17.8 4
56.3 22.4 4
56.3 27 4
56.3 31.6 4
56.3 36.2 4
56.3 40.8 4
56.3 45.4 4
56.3 50 4
56.3 54.6 4
56.3 59.2 4
56.3 63.8 4
56.3 68.4 4
56.3 73 4
56.3 77.6 4
56.3 82.2 4
56.3 86.8 4
56.3 91.4 4
60.9 8.6 4
60.9 13.2 4
60.9 17.8 4
60.9 22.4 4
60.9 27 4
60.9 31.6 4
60.9 45.4 4
60.9 50 4
60.9 54.6 4
60.9 59.2 4
60.9 63.8 4
60.9 68.4 4
60.9 73 4
60.9 77.6 4
60.9 82.2 4
60.9 86.8 4
60.9 91.4 4
65.5 8.6 4
65.5 13.2 4
65.5 17.8 4
65.5 22.4 4
65.5 27 4
65.5 31.6 4
65.5 45.4 4
65.5 50 4
65.5 54.6 4
65.5 59.2 4
65.5 63.8 4
65.5 68.4 4
65.5 73 4
65.5 77.6 4
65.5 82.2 4
65.5 86.8 4
65.5 91.4 4
70.1 8.6 4
70.1 13.2 4
70.1 17.8 4
70.1 22.4 4
70.1 27 4
70.1 31.6 4
65.5 36.2 4
70.1 36.2 4
65.5 40.8 4
70.1 40.8 4
70.1 59.2 4
70.1 63.8 4
70.1 68.4 4
70.1 73 4
70.1 77.6 4
70.1 82.2 4
70.1 86.8 4
70.1 91.4 4
74.7 8.6 4
74.7 13.2 4
74.7 17.8 4
74.7 22.4 4
74.7 27 4
74.7 31.6 4
74.7 36.2 4
74.7 63.8 4
74.7 68.4 4
74.7 73 4
74.7 77.6 4
74.7 82.2 4
74.7 86.8 4
74.7 91.4 4
79.3 8.6 4
79.3 13.2 4
79.3 17.8 4
79.3 22.4 4
79.3 27 4
79.3 31.6 4
79.3 36.2 4
79.3 63.8 4
79.3 68.4 4
79.3 73 4
79.3 77.6 4
79.3 82.2 4
79.3 86.8 4
79.3 91.4 4
83.9 8.6 4
83.9 13.2 4
83.9 17.8 4
83.9 22.4 4
83.9 27 4
83.9 31.6 4
83.9 36.2 4
83.9 63.8 4
83.9 68.4 4
83.9 73 4
83.9 77.6 4
83.9 82.2 4
83.9 86.8 4
83.9 91.4 4
88.5 8.6 4
88.5 13.2 4
88.5 17.8 4
88.5 22.4 4
88.5 27 4
88.5 31.6 4
88.5 36.2 4
88.5 63.8 4
88.5 68.4 4
88.5 73 4
88.5 77.6 4
88.5 82.2 4
88.5 86.8 4
88.5 91.4 4
93.1 8.6 4
93.1 13.2 4
93.1 17.8 4
93.1 22.4 4
93.1 27 4
93.1 31.6 4
93.1 36.2 4
88.5 40.8 4
93.1 40.8 4
88.5 59.2 4
93.1 59.2 4
93.1 63.8 4
93.1 68.4 4
93.1 73 4
93.1 77.6 4
93.1 82.2 4
93.1 86.8 4
93.1 91.4 4
97.7 8.6 4
97.7 13.2 4
97.7 17.8 4
97.7 22.4 4
97.7 27 4
97.7 31.6 4
97.7 36.2 4
97.7 40.8 4
93.1 45.4 4
97.7 45.4 4
93.1 50 4
97.7 50 4
93.1 54.6 4
97.7 54.6 4
97.7 59.2 4
97.7 63.8 4
97.7 68.4 4
97.7 73 4
97.7 77.6 4
97.7 82.2 4
97.7 86.8 4
97.7 91.4 4
102.3 8.6 4
102.3 13.2 4
102.3 17.8 4
102.3 22.4 4
102.3 27 4
102.3 31.6 4
102.3 36.2 4
102.3 40.8 4
102.3 45.4 4
102.3 50 4
102.3 54.6 4
102.3 59.2 4
102.3 63.8 4
102.3 68.4 4
102.3 73 4
102.3 77.6 4
102.3 82.2 4
102.3 86.8 4
102.3 91.4 4
106.9 8.6 4
106.9 13.2 4
106.9 17.8 4
106.9 22.4 4
106.9 27 4
106.9 31.6 4
106.9 36.2 4
106.9 40.8 4
106.9 45.4 4
106.9 50 4
106.9 54.6 4
106.9 59.2 4
106.9 63.8 4
106.9 68.4 4
106.9 73 4
106.9 77.6 4
106.9 82.2 4
106.9 86.8 4
106.9 91.4 4
111.5 8.6 4
111.5 13.2 4
111.5 17.8 4
111.5 22.4 4
111.5 27 4
111.5 31.6 4
111.5 36.2 4
111.5 40.8 4
111.5 45.4 4
111.5 50 4
111.5 54.6 4
111.5 59.2 4
111.5 63.8 4
111.5 68.4 4
111.5 77.6 4
111.5 82.2 4
111.5 86.8 4
111.5 91.4 4
116.1 8.6 4
116.1 13.2 4
116.1 17.8 4
116.1 22.4 4
116.1 27 4
116.1 31.6 4
116.1 36.2 4
116.1 40.8 4
116.1 45.4 4
116.1 50 4
116.1 54.6 4
116.1 59.2 4
116.1 63.8 4
116.1 68.4 4
116.1 77.6 4
116.1 82.2 4
116.1 86.8 4
116.1 91.4 4
120.7 8.6 4
120.7 13.2 4
120.7 17.8 4
120.7 22.4 4
120.7 27 4
120.7 31.6 4
120.7 36.2 4
120.7 40.8 4
120.7 45.4 4
120.7 50 4
120.7 54.6 4
120.7 59.2 4
120.7 63.8 4
120.7 68.4 4
116.1 73 4
120.7 73 4
120.7 77.6 4
120.7 82.2 4
120.7 86.8 4
120.7 91.4 4
125.3 8.6 4
125.3 13.2 4
125.3 17.8 4
125.3 22.4 4
125.3 27 4
125.3 31.6 4
125.3 36.2 4
125.3 40.8 4
125.3 45.4 4
125.3 50 4
125.3 54.6 4
125.3 59.2 4
125.3 63.8 4
125.3 68.4 4
125.3 73 4
125.3 77.6 4
125.3 82.2 4
125.3 86.8 4
125.3 91.4 4
129.9 8.6 4
129.9 13.2 4
129.9 17.8 4
129.9 22.4 4
129.9 27 4
129.9 31.6 4
129.9 36.2 4
129.9 40.8 4
129.9 45.4 4
129.9 50 4
129.9 54.6 4
129.9 59.2 4
129.9 63.8 4
129.9 68.4 4
129.9 73 4
129.9 77.6 4
129.9 82.2 4
129.9 86.8 4
129.9 91.4 4
134.5 8.6 4
134.5 13.2 4
134.5 17.8 4
134.5 22.4 4
134.5 27 4
134.5 31.6 4
134.5 36.2 4
134.5 40.8 4
134.5 45.4 4
134.5 50 4
134.5 54.6 4
134.5 59.2 4
134.5 63.8 4
134.5 68.4 4
134.5 73 4
134.5 77.6 4
134.5 82.2 4
134.5 86.8 4
134.5 91.4 4
139.1 8.6 4
139.1 13.2 4
139.1 17.8 4
139.1 22.4 4
139.1 27 4
139.1 31.6 4
139.1 36.2 4
139.1 40.8 4
139.1 45.4 4
139.1 50 4
139.1 54.6 4
139.1 59.2 4
139.1 63.8 4
139.1 68.4 4
139.1 73 4
139.1 77.6 4
139.1 82.2 4
139.1 86.8 4
139.1 91.4 4
143.7 8.6 4
143.7 13.2 4
143.7 17.8 4
143.7 22.4 4
143.7 27 4
143.7 31.6 4
143.7 36.2 4
143.7 40.8 4
143.7 45.4 4
143.7 50 4
143.7 54.6 4
143.7 59.2 4
143.7 63.8 4
143.7 68.4 4
143.7 73 4
143.7 77.6 4
143.7 82.2 4
143.7 86.8 4
143.7 91.4 4
148.3 8.6 4
148.3 13.2 4
148.3 17.8 4
148.3 22.4 4
148.3 27 4
148.3 31.6 4
148.3 36.2 4
148.3 40.8 4
148.3 45.4 4
148.3 50 4
148.3 54.6 4
148.3 59.2 4
148.3 63.8 4
148.3 68.4 4
148.3 73 4
148.3 77.6 4
148.3 82.2 4
148.3 86.8 4
148.3 91.4 4
152.9 8.6 4
152.9 13.2 4
152.9 17.8 4
152.9 22.4 4
152.9 27 4
152.9 31.6 4
152.9 36.2 4
152.9 40.8 4
152.9 45.4 4
152.9 50 4
152.9 54.6 4
152.9 59.2 4
152.9 63.8 4
152.9 68.4 4
152.9 73 4
152.9 82.2 4
152.9 86.8 4
152.9 91.4 4
157.5 8.6 4
157.5 13.2 4
157.5 17.8 4
157.5 22.4 4
157.5 27 4
157.5 31.6 4
157.5 36.2 4
157.5 40.8 4
157.5 45.4 4
157.5 50 4
157.5 54.6 4
157.5 59.2 4
157.5 63.8 4
157.5 68.4 4
157.5 73 4
152.9 77.6 4
157.5 77.6 4
157.5 82.2 4
157.5 86.8 4
157.5 91.4 4
162.1 8.6 4
162.1 13.2 4
162.1 17.8 4
162.1 22.4 4
162.1 27 4
162.1 31.6 4
162.1 36.2 4
162.1 40.8 4
162.1 45.4 4
162.1 50 4
162.1 54.6 4
162.1 59.2 4
162.1 63.8 4
162.1 68.4 4
162.1 73 4
162.1 77.6 4
162.1 82.2 4
162.1 86.8 4
162.1 91.4 0
166.7 8.6 4
166.7 13.2 4
166.7 17.8 4
166.7 22.4 4
166.7 27 4
166.7 31.6 4
166.7 36.2 4
166.7 40.8 4
166.7 45.4 4
166.7 50 4
166.7 54.6 4
166.7 59.2 4
166.7 63.8 4
166.7 68.4 4
166.7 73 4
166.7 77.6 4
166.7 82.2 4
166.7 86.8 0
166.7 91.4 0
171.3 8.6 4
171.3 13.2 4
171.3 17.8 4
171.3 22.4 4
171.3 27 4
171.3 31.6 4
171.3 36.2 4
171.3 40.8 4
171.3 45.4 4
171.3 50 4
171.3 54.6 4
171.3 59.2 4
171.3 63.8 4
171.3 68.4 4
171.3 73 4
171.3 77.6 4
171.3 82.2 0
171.3 86.8 0
171.3 91.4 0
175.9 8.6 4
175.9 13.2 4
175.9 17.8 4
175.9 22.4 4
175.9 27 4
175.9 31.6 4
175.9 36.2 4
175.9 40.8 4
175.9 45.4 4
175.9 50 4
175.9 54.6 4
175.9 59.2 4
175.9 63.8 4
175.9 68.4 4
175.9 73 4
175.9 77.6 4
175.9 82.2 0
175.9 86.8 0
175.9 91.4 0
180.5 8.6 4
180.5 13.2 4
180.5 17.8 4
180.5 22.4 4
180.5 27 4
180.5 31.6 4
180.5 36.2 4
180.5 40.8 4
180.5 45.4 4
180.5 50 4
180.5 54.6 4
180.5 59.2 4
180.5 63.8 4
180.5 68.4 4
180.5 73 4
180.5 77.6 4
180.5 82.2 0
180.5 86.8 0
180.5 91.4 0
185.1 8.6 4
185.1 13.2 4
185.1 17.8 4
185.1 22.4 4
185.1 27 4
185.1 31.6 4
185.1 36.2 4
185.1 40.8 4
185.1 45.4 4
185.1 50 4
185.1 54.6 4
185.1 59.2 4
185.1 63.8 4
185.1 68.4 4
185.1 73 4
185.1 77.6 4
185.1 82.2 0
185.1 86.8 0
185.1 91.4 0
189.7 8.6 4
189.7 13.2 4
189.7 17.8 4
189.7 22.4 4
189.7 27 4
189.7 31.6 4
189.7 36.2 4
189.7 40.8 4
189.7 45.4 4
189.7 50 4
189.7 54.6 4
189.7 59.2 4
189.7 63.8 4
189.7 68.4 4
189.7 73 4
189.7 77.6 4
189.7 82.2 0
189.7 86.8 0
189.7 91.4 0
194.3 8.6 4
194.3 13.2 4
194.3 17.8 4
194.3 22.4 4
194.3 27 4
194.3 31.6 4
194.3 36.2 4
194.3 40.8 4
194.3 45.4 4
194.3 50 4
194.3 54.6 4
194.3 59.2 4
194.3 63.8 4
194.3 68.4 4
194.3 73 4
194.3 77.6 4
194.3 82.2 0
194.3 86.8 0
194.3 91.4 0
3.47003 3.36598 4
85.0007 48.4936 4
79.7593 55.6128 4
170.046 4.22329 4
109.427 74.9027 4
113.934 72.5727 4
90.3016 56.0576 4
72.8207 4.20466 4
3.57592 94.2178 0
81.4024 51.0264 4
35.52 33.9258 0
49.5712 4.205 4
58.6344 34.0172 4
31.0272 95.7569 4
86.5835 4.20459 4
2.85007 75.1498 0
2.85049 79.723 0
2.85 20.2771 0
2.85047 70.5743 0
182.956 4.20701 4
2.8503 24.8531 0
2.85541 84.299 0
2.84989 15.6993 4
197.15 84.2618 0
62.5689 34.5684 4
72.8178 39.4369 4
196.526 5.798 4
2.84959 11.5509 4
197.15 88.4469 0
2.8556 65.9669 0
2.85374 29.462 0
2.90809 88.8674 0
39.4833 95.7673 4
113.484 95.7725 4
165.749 4.21794 4
131.918 95.7762 4
141.187 95.772 4
94.9761 95.7732 4
197.098 11.1639 4
31.2802 38.164 0
178.231 95.7831 0
53.3734 95.7721 4
155.099 95.7777 4
161.069 4.19794 4
96.2034 4.19559 4
54.5267 4.19889 4
91.5315 4.19704 4
147.136 4.19449 4
151.767 4.19494 4
156.404 4.19563 4
100.847 4.1951 4
142.508 4.19516 4
105.489 4.19437 4
137.882 4.19531 4
133.256 4.19482 4
68.171 56.161 4
128.631 4.19377 4
110.148 4.19521 4
59.2023 4.19746 4
22.2187 4.19448 4
114.807 4.19482 4
17.5408 4.19732 4
124.018 4.19229 4
164.362 95.7757 0
26.877 4.19379 4
36.0891 4.19553 4
63.8739 4.19487 4
72.8369 60.8479 4
40.7109 4.19467 4
77.7615 4.19421 4
109.577 71.2393 4
31.5006 4.19253 4
119.439 4.1904 4
12.8223 4.19949 4
78.7147 45.7139 4
76.8461 60.9682 4
174.097 4.22499 4
67.7922 43.3895 4
150.063 79.4202 4
187.909 4.22915 4
72.2424 95.7788 4
126.931 95.7838 4
62.9527 95.7791 4
26.814 95.772 0
59.9304 38.4947 4
146.136 95.7813 4
12.8881 95.7451 0
108.48 95.7803 4
17.5795 95.7695 0
22.2202 95.7737 0
58.2951 95.7792 4
76.8653 95.7786 4
31.65 34.409 0
85.4353 54.6949 4
99.8721 95.7853 4
173.278 95.7797 0
197.137 15.6636 4
197.144 24.8299 4
197.143 20.2562 4
197.146 29.4046 4
197.143 43.1244 4
197.144 47.6976 4
197.147 33.9801 4
197.144 52.2713 4
197.141 38.5528 4
197.144 56.8449 4
2.90964 61.4429 0
197.145 61.4195 4
197.141 75.1388 4
44.3945 95.7802 4
2.91003 56.8795 0
67.5893 95.7802 4
2.90985 52.305 0
197.147 65.9949 4
2.90554 38.5831 0
2.90968 47.7306 0
197.143 70.5686 4
2.9088 43.1561 0
118.37 95.7809 4
2.89029 34.0059 0
86.0483 95.7847 4
197.15 79.7216 4
191.626 95.7324 0
81.469 95.78 4
68.7882 47.7039 4
187.044 95.7876 0
72.3761 44.042 4
68.2961 4.18495 4
71.9853 55.4789 4
45.1065 4.1856 4
7.94627 95.5727 0
85.8007 44.2202 4
7.84467 4.12017 4
109.544 79.4356 4
81.8639 39.9872 4
82.1957 4.18225 4
63.2236 42.5002 4
90.2311 43.551 4
178.301 4.19768 4
34.8283 95.7513 4
146.417 71.2117 4
35.6 43.1 0
155.2 75.3 4
150.156 71.148 4
136.468 95.7879 4
150.405 95.7909 4
159.66 95.7884 4
59.2941 42.96 4
122.51 95.7948 4
90.2829 95.7922 4
146.662 79.0958 4
182.721 95.7991 0
48.6699 95.79 4
192.481 4.32706 4
89.6453 47.3554 4
89.7665 51.5487 4
168.836 95.7877 0
104.083 95.7967 4
118.17 74.4793 4
118.172 71.1335 4
63.3817 38.4099 4
146.279 75.3084 4
85.9266 39.4574 4
195.763 95.1341 0
39.7216 38.206 0
113.312 79.8551 4
76.9335 39.9699 4
85.5864 60.8404 4
81.0163 60.02 4
39.3938 34.7221 0
72.7124 49.7902 4
68.4382 52.3584 4
35 37 0
149 76 4
112 74 4
