86.2383 69.1971 4
31.4914 38.3758 1
164.488 95.6989 0
127.332 56.4032 0
109.481 70.5959 4
159.698 34.3063 0
91.3049 95.699 4
35.7016 95.6986 0
173.632 4.30079 4
77.6204 25.1316 4
121.546 45.6983 0
73.0721 74.7063 4
131.253 52.5563 0
178.347 4.30187 4
81.0339 74.6352 4
62.4965 4.30097 4
196.476 5.90163 4
62.6239 95.6992 4
48.8794 4.30088 4
155.236 38.7509 0
49.4715 34.0316 0
127.308 61.0846 0
90.4651 4.30076 4
164.004 52.0506 0
99.7266 95.699 4
55.2302 52.0393 0
164.381 4.30089 0
155.805 95.699 0
100.297 34.0474 4
58.9421 55.6069 0
21.0373 4.30134 0
25.7276 95.6991 0
76.5939 69.837 4
116.504 59.2813 4
131.564 43.8265 0
155.145 55.8201 0
36.1743 29.9142 1
53.3259 30.5644 0
72.748 70.5365 4
99.4869 53.8329 4
125.323 38.282 0
100.202 65.9296 4
131.781 56.6655 0
39.9557 95.6988 0
67.5223 30.5957 0
40.4531 42.0464 1
63.5927 48.0398 0
105.784 55.5356 4
178.662 95.6978 0
7.60122 95.4539 0
34.4966 4.30088 0
183.259 4.30756 4
89.7687 64.7439 4
154.992 46.8809 0
15.9853 4.30725 0
106.266 38.501 4
150.132 4.3009 0
127.79 95.6995 0
43.8253 4.30079 0
39.1255 4.3008 0
67.5902 95.6994 4
30.7444 95.6991 0
81.5762 4.3009 4
108.457 4.30094 0
113.123 4.30097 0
63.6432 70.1771 4
72.2426 95.6993 4
104.534 34.3341 4
66.9317 4.30094 4
61.9118 34.321 0
12.1265 95.6581 0
81.5954 25.5606 4
2.86545 11.1772 0
99.2872 4.30109 0
197.092 88.8632 0
71.653 4.30085 4
86.8642 95.6993 4
197.144 84.2951 0
2.85156 15.7087 0
2.84998 24.85 0
2.84997 29.4227 0
2.84997 66.0045 1
2.84997 70.5773 1
197.15 75.15 0
197.149 79.7227 0
2.85013 20.2776 0
2.84997 33.9955 1
2.84997 38.5682 1
2.84997 43.1409 1
2.84997 47.7136 1
2.84997 52.2864 1
2.84997 56.8591 1
2.84997 61.4318 1
2.85003 75.15 1
197.15 24.85 4
197.15 29.4227 4
197.15 33.9955 4
197.15 38.5682 4
197.15 43.1409 4
197.15 47.7136 4
197.15 52.2864 4
197.15 56.8591 4
197.15 61.4318 4
197.15 66.0045 0
197.15 70.5773 0
2.85054 79.7225 1
197.149 20.2774 4
76.3754 4.30085 4
141.617 95.6993 0
197.144 15.7061 4
2.85565 84.293 0
86.1923 4.30076 4
59.1641 65.6803 0
159.365 4.30093 0
95.4456 34.6854 4
54.3972 47.3369 0
53.7957 4.30125 4
131.698 4.30093 0
197.092 11.1481 4
2.90609 88.8418 0
123.018 4.30069 0
103.831 4.30101 0
44.5518 95.6992 0
187.892 4.35342 4
76.9269 74.1031 4
76.866 95.6994 4
154.714 4.30095 0
136.926 4.30067 0
183.251 95.6933 0
121.536 34.1101 0
117.834 4.30096 0
104.573 95.6993 4
96.0312 42.5138 4
100.085 38.4652 4
16.7193 95.6923 0
127.508 4.3011 0
109.746 29.8846 4
147.38 42.8747 0
150.236 29.6097 0
104.009 66.5648 4
113.415 50.664 4
64.0743 65.3612 4
99.7093 60.8058 4
150.863 56.5326 0
196.482 94.115 0
58.1968 30.2435 0
75.6374 39.1813 4
97.0287 47.0402 4
169.141 95.699 0
94.0975 51.9746 4
57.8458 95.6992 4
141.65 47.9638 0
95.1523 95.6987 4
141.862 4.30049 0
94.9963 4.30098 4
63.676 42.1379 0
106.45 51.0104 4
160.509 95.6993 0
49.3316 42.5944 1
48.9418 29.8685 0
118.78 95.6994 0
6.98983 4.49346 4
69.0349 61.1489 4
118.322 24.7299 0
150.727 39.6421 0
81.7896 95.6989 4
113.994 30.0413 4
123.467 95.6993 0
141.657 30.0001 0
137.117 24.5766 0
114.412 25.3466 0
136.545 41.6658 0
122.423 29.795 0
90.2367 29.773 4
150.808 95.6993 0
59.1564 25.5038 0
145.763 25.0978 0
78.541 46.1138 4
145.54 32.9761 0
59.8517 61.0158 0
169.297 4.30085 0
25.8909 4.3007 0
3.04385 6.44169 0
68.141 69.5863 4
187.848 95.6481 0
95.353 65.2199 4
109.246 95.6994 4
87.549 51.3313 4
54.2428 41.997 0
131.787 29.5426 0
132.082 36.9439 0
136.971 95.6994 0
49.1603 95.6992 0
105.773 60.9548 4
21.3558 95.698 0
122.65 25.3585 0
58.3304 4.30111 4
95.4973 56.5641 4
90.2771 69.7354 4
192.39 4.61711 4
117.935 64.7729 4
126.95 25.0909 0
91.7744 42.7215 4
62.6788 25.1533 0
91.8196 46.5161 4
82.1671 60.7373 4
146.242 28.9239 0
72.8382 30.4722 4
136.762 34.1012 0
117.823 31.89 0
141.357 25.7411 0
58.7169 49.0998 0
127.24 34.3823 0
54.1572 35.3057 0
131.497 33.1011 0
91.0825 56.0247 4
79.0837 65.5739 4
82.9933 41.3689 4
109.108 52.2599 4
87.3869 45.3985 4
81.293 52.8545 4
58.5126 38.0637 0
84.7014 65.4045 4
62.3428 29.2582 0
75.4533 59.7605 4
0 100 0
0 95.4545 0
0 90.9091 0
0 86.3636 0
0 81.8182 1
0 77.2727 1
0 72.7273 1
0 68.1818 1
0 63.6364 1
0 59.0909 1
0 54.5455 1
0 50 1
0 45.4545 1
0 40.9091 1
0 36.3636 1
0 31.8182 1
0 27.2727 0
0 22.7273 0
0 18.1818 0
0 13.6364 0
0 9.09091 0
0 4.54545 4
0 0 4
200 100 0
195.349 100 0
190.698 100 0
186.047 100 0
181.395 100 0
176.744 100 0
172.093 100 0
167.442 100 0
162.791 100 0
158.14 100 0
153.488 100 0
148.837 100 0
144.186 100 0
139.535 100 0
134.884 100 0
130.233 100 0
125.581 100 0
120.93 100 0
116.279 100 4
111.628 100 4
106.977 100 4
102.326 100 4
97.6744 100 4
93.0233 100 4
88.3721 100 4
83.7209 100 4
79.0698 100 4
74.4186 100 4
69.7674 100 4
65.1163 100 4
60.4651 100 4
55.814 100 4
51.1628 100 4
46.5116 100 0
41.8605 100 0
37.2093 100 0
32.5581 100 0
27.907 100 0
23.2558 100 0
18.6047 100 0
13.9535 100 0
9.30233 100 0
4.65116 100 0
200 0 4
200 4.54545 4
200 9.09091 4
200 13.6364 4
200 18.1818 4
200 22.7273 4
200 27.2727 4
200 31.8182 4
200 36.3636 4
200 40.9091 4
200 45.4545 4
200 50 4
200 54.5455 4
200 59.0909 4
200 63.6364 4
200 68.1818 0
200 72.7273 0
200 77.2727 0
200 81.8182 0
200 86.3636 0
200 90.9091 0
200 95.4545 0
4.65116 0 4
9.30233 0 4
13.9535 0 4
18.6047 0 4
23.2558 0 4
27.907 0 4
32.5581 0 4
37.2093 0 4
41.8605 0 4
46.5116 0 4
51.1628 0 4
55.814 0 4
60.4651 0 4
65.1163 0 4
69.7674 0 4
74.4186 0 4
79.0698 0 4
83.7209 0 4
88.3721 0 4
93.0233 0 4
97.6744 0 4
102.326 0 4
106.977 0 0
111.628 0 0
116.279 0 0
120.93 0 0
125.581 0 0
130.233 0 0
134.884 0 0
139.535 0 0
144.186 0 0
148.837 0 0
153.488 0 0
158.14 0 0
162.791 0 0
167.442 0 4
172.093 0 4
176.744 0 4
181.395 0 4
186.047 0 4
190.698 0 4
195.349 0 4
88.3051 39.9909 4
69.5054 34.1852 4
70.6505 44.5357 4
84.4342 34.407 4
127.425 29.0199 0
5.7 8.6 0
5.7 13.2 0
10.3 8.6 0
10.3 13.2 0
5.7 17.8 0
10.3 17.8 0
5.7 22.4 0
10.3 22.4 0
5.7 27 0
10.3 27 0
5.7 31.6 1
10.3 31.6 1
5.7 36.2 1
10.3 36.2 1
5.7 40.8 1
10.3 40.8 1
5.7 45.4 1
10.3 45.4 1
5.7 50 1
10.3 50 1
5.7 54.6 1
10.3 54.6 1
5.7 59.2 1
10.3 59.2 1
5.7 63.8 1
10.3 63.8 1
5.7 68.4 1
10.3 68.4 1
5.7 73 1
10.3 73 1
5.7 77.6 1
10.3 77.6 1
5.7 82.2 1
10.3 82.2 1
5.7 86.8 0
10.3 86.8 0
5.7 91.4 0
10.3 91.4 0
14.9 8.6 0
14.9 13.2 0
14.9 17.8 0
14.9 22.4 0
14.9 27 0
14.9 31.6 1
14.9 36.2 1
14.9 40.8 1
14.9 45.4 1
14.9 50 1
14.9 54.6 1
14.9 59.2 1
14.9 63.8 1
14.9 68.4 1
14.9 73 1
14.9 77.6 1
14.9 82.2 1
14.9 86.8 0
14.9 91.4 0
19.5 8.6 0
19.5 13.2 0
19.5 17.8 0
19.5 22.4 0
19.5 27 1
19.5 31.6 1
19.5 36.2 1
19.5 40.8 1
19.5 45.4 1
19.5 50 1
19.5 54.6 1
19.5 59.2 1
19.5 63.8 1
19.5 68.4 1
19.5 73 1
19.5 77.6 1
19.5 82.2 1
19.5 86.8 0
19.5 91.4 0
24.1 8.6 0
24.1 13.2 0
24.1 17.8 0
24.1 22.4 0
24.1 27 1
24.1 31.6 1
24.1 36.2 1
24.1 40.8 1
24.1 45.4 1
24.1 50 1
24.1 54.6 1
24.1 59.2 1
24.1 63.8 1
24.1 68.4 1
24.1 73 1
24.1 77.6 1
24.1 82.2 1
24.1 86.8 0
24.1 91.4 0
28.7 8.6 0
28.7 13.2 0
28.7 17.8 0
28.7 22.4 0
28.7 27 1
28.7 31.6 1
28.7 36.2 1
28.7 40.8 1
28.7 45.4 1
28.7 50 1
28.7 54.6 1
28.7 59.2 1
28.7 63.8 1
28.7 68.4 1
28.7 73 1
28.7 77.6 1
28.7 82.2 1
28.7 86.8 0
28.7 91.4 0
33.3 8.6 0
33.3 13.2 0
33.3 17.8 0
33.3 22.4 0
33.3 27 1
33.3 31.6 1
33.3 36.2 1
33.3 40.8 1
33.3 45.4 1
33.3 50 1
33.3 54.6 1
33.3 59.2 1
33.3 63.8 1
33.3 68.4 1
33.3 73 1
33.3 77.6 1
33.3 82.2 0
33.3 86.8 0
33.3 91.4 0
37.9 8.6 0
37.9 13.2 0
37.9 17.8 0
37.9 22.4 0
37.9 27 0
37.9 31.6 1
37.9 36.2 1
37.9 40.8 1
37.9 45.4 1
37.9 50 1
37.9 54.6 1
37.9 59.2 1
37.9 63.8 1
37.9 68.4 1
37.9 73 1
37.9 77.6 0
37.9 82.2 0
37.9 86.8 0
37.9 91.4 0
42.5 8.6 0
42.5 13.2 0
42.5 17.8 0
42.5 22.4 0
42.5 27 0
42.5 31.6 0
42.5 36.2 1
42.5 40.8 1
42.5 45.4 1
42.5 50 1
42.5 54.6 1
42.5 59.2 1
42.5 63.8 1
42.5 68.4 0
42.5 73 0
42.5 77.6 0
42.5 82.2 0
42.5 86.8 0
42.5 91.4 0
47.1 8.6 0
47.1 13.2 0
47.1 17.8 0
47.1 22.4 0
47.1 27 0
47.1 31.6 0
47.1 36.2 0
47.1 40.8 1
47.1 45.4 1
47.1 50 1
47.1 54.6 1
47.1 59.2 0
47.1 63.8 0
47.1 68.4 0
47.1 73 0
47.1 77.6 0
47.1 82.2 0
47.1 86.8 0
47.1 91.4 0
51.7 8.6 4
51.7 13.2 0
51.7 17.8 0
51.7 22.4 0
51.7 27 0
51.7 45.4 0
51.7 50 0
51.7 54.6 0
51.7 59.2 0
51.7 63.8 0
51.7 68.4 0
51.7 73 0
51.7 77.6 0
51.7 82.2 0
51.7 86.8 0
51.7 91.4 4
56.3 8.6 4
56.3 13.2 0
56.3 17.8 0
56.3 22.4 0
56.3 27 0
56.3 54.6 0
56.3 59.2 0
56.3 63.8 0
56.3 68.4 0
56.3 73 0
56.3 77.6 0
56.3 82.2 4
56.3 86.8 4
56.3 91.4 4
60.9 8.6 4
60.9 13.2 4
60.9 17.8 0
60.9 22.4 0
60.9 63.8 0
60.9 68.4 4
60.9 73 4
60.9 77.6 4
60.9 82.2 4
60.9 86.8 4
60.9 91.4 4
65.5 8.6 4
65.5 13.2 4
65.5 17.8 4
65.5 22.4 4
65.5 68.4 4
65.5 73 4
65.5 77.6 4
65.5 82.2 4
65.5 86.8 4
65.5 91.4 4
70.1 8.6 4
70.1 13.2 4
70.1 17.8 4
70.1 22.4 4
65.5 27 4
70.1 27 4
70.1 73 4
70.1 77.6 4
70.1 82.2 4
70.1 86.8 4
70.1 91.4 4
74.7 8.6 4
74.7 13.2 4
74.7 17.8 4
74.7 22.4 4
74.7 27 4
74.7 73 4
74.7 77.6 4
74.7 82.2 4
74.7 86.8 4
74.7 91.4 4
79.3 8.6 4
79.3 13.2 4
79.3 17.8 4
79.3 22.4 4
79.3 27 4
79.3 73 4
79.3 77.6 4
79.3 82.2 4
79.3 86.8 4
79.3 91.4 4
83.9 8.6 4
83.9 13.2 4
83.9 17.8 4
83.9 22.4 4
83.9 27 4
83.9 73 4
83.9 77.6 4
83.9 82.2 4
83.9 86.8 4
83.9 91.4 4
88.5 8.6 4
88.5 13.2 4
88.5 17.8 4
88.5 22.4 4
88.5 27 4
88.5 73 4
88.5 77.6 4
88.5 82.2 4
88.5 86.8 4
88.5 91.4 4
93.1 8.6 4
93.1 13.2 4
93.1 17.8 4
93.1 22.4 4
93.1 27 4
93.1 73 4
93.1 77.6 4
93.1 82.2 4
93.1 86.8 4
93.1 91.4 4
97.7 8.6 4
97.7 13.2 4
97.7 17.8 4
97.7 22.4 4
97.7 27 4
93.1 31.6 4
97.7 31.6 4
93.1 68.4 4
97.7 68.4 4
97.7 73 4
97.7 77.6 4
97.7 82.2 4
97.7 86.8 4
97.7 91.4 4
102.3 8.6 4
102.3 13.2 4
102.3 17.8 4
102.3 22.4 4
102.3 27 4
102.3 31.6 4
97.7 36.2 4
102.3 36.2 4
97.7 63.8 4
102.3 63.8 4
102.3 68.4 4
102.3 73 4
102.3 77.6 4
102.3 82.2 4
102.3 86.8 4
102.3 91.4 4
106.9 8.6 4
106.9 13.2 4
106.9 17.8 4
106.9 22.4 4
106.9 27 4
106.9 31.6 4
106.9 36.2 4
106.9 63.8 4
106.9 68.4 4
106.9 73 4
106.9 77.6 4
106.9 82.2 4
106.9 86.8 4
106.9 91.4 4
111.5 8.6 0
111.5 13.2 4
111.5 17.8 4
111.5 22.4 4
111.5 27 4
111.5 68.4 4
111.5 73 4
111.5 77.6 4
111.5 82.2 4
111.5 86.8 4
111.5 91.4 4
116.1 8.6 0
116.1 13.2 0
116.1 17.8 0
116.1 22.4 4
116.1 68.4 4
116.1 73 4
116.1 77.6 4
116.1 82.2 4
116.1 86.8 4
116.1 91.4 4
120.7 8.6 0
120.7 13.2 0
120.7 17.8 0
120.7 22.4 0
120.7 68.4 4
120.7 73 4
120.7 77.6 4
120.7 82.2 4
120.7 86.8 4
120.7 91.4 4
125.3 8.6 0
125.3 13.2 0
125.3 17.8 0
125.3 22.4 0
120.7 63.8 4
125.3 63.8 4
125.3 68.4 4
125.3 73 4
125.3 77.6 4
125.3 82.2 4
125.3 86.8 0
125.3 91.4 0
129.9 8.6 0
129.9 13.2 0
129.9 17.8 0
129.9 22.4 0
125.3 59.2 4
129.9 59.2 0
129.9 63.8 4
129.9 68.4 0
129.9 73 0
129.9 77.6 0
129.9 82.2 0
129.9 86.8 0
129.9 91.4 0
134.5 8.6 0
134.5 13.2 0
134.5 17.8 0
134.5 22.4 0
129.9 27 0
134.5 27 0
129.9 40.8 0
129.9 45.4 4
134.5 40.8 0
134.5 45.4 0
129.9 50 4
134.5 50 0
129.9 54.6 4
134.5 54.6 0
134.5 59.2 0
134.5 63.8 0
134.5 68.4 0
134.5 73 0
134.5 77.6 0
134.5 82.2 0
134.5 86.8 0
134.5 91.4 0
139.1 8.6 0
139.1 13.2 0
139.1 17.8 0
139.1 22.4 0
139.1 45.4 0
139.1 50 0
139.1 54.6 0
139.1 59.2 0
139.1 63.8 0
139.1 68.4 0
139.1 73 0
139.1 77.6 0
139.1 82.2 0
139.1 86.8 0
139.1 91.4 0
143.7 8.6 0
143.7 13.2 0
143.7 17.8 0
143.7 22.4 0
143.7 45.4 0
143.7 50 0
143.7 54.6 0
143.7 59.2 0
143.7 63.8 0
143.7 68.4 0
143.7 73 0
143.7 77.6 0
143.7 82.2 0
143.7 86.8 0
143.7 91.4 0
148.3 8.6 0
148.3 13.2 0
148.3 17.8 0
148.3 22.4 0
148.3 45.4 0
148.3 50 0
148.3 54.6 0
148.3 59.2 0
148.3 63.8 0
148.3 68.4 0
148.3 73 0
148.3 77.6 0
148.3 82.2 0
148.3 86.8 0
148.3 91.4 0
152.9 8.6 0
152.9 13.2 0
152.9 17.8 0
152.9 22.4 0
148.3 27 0
152.9 27 0
152.9 50 0
152.9 54.6 0
152.9 59.2 0
152.9 63.8 0
152.9 68.4 0
152.9 73 0
152.9 77.6 0
152.9 82.2 0
152.9 86.8 0
152.9 91.4 0
157.5 8.6 0
157.5 13.2 0
157.5 17.8 0
157.5 22.4 0
157.5 27 0
152.9 31.6 0
157.5 31.6 0
152.9 36.2 0
157.5 36.2 0
152.9 40.8 0
157.5 40.8 0
157.5 50 0
157.5 54.6 0
157.5 59.2 0
157.5 63.8 0
157.5 68.4 0
157.5 73 0
157.5 77.6 0
157.5 82.2 0
157.5 86.8 0
157.5 91.4 0
162.1 8.6 0
162.1 13.2 0
162.1 17.8 0
162.1 22.4 0
162.1 27 0
162.1 31.6 0
162.1 36.2 0
162.1 40.8 0
157.5 45.4 0
162.1 45.4 0
162.1 50 0
162.1 54.6 0
162.1 59.2 0
162.1 63.8 0
162.1 68.4 0
162.1 73 0
162.1 77.6 0
162.1 82.2 0
162.1 86.8 0
162.1 91.4 0
166.7 8.6 4
166.7 13.2 4
166.7 17.8 4
166.7 22.4 0
166.7 27 0
166.7 31.6 0
166.7 36.2 0
166.7 40.8 0
166.7 45.4 0
166.7 50 0
166.7 54.6 0
166.7 59.2 0
166.7 63.8 0
166.7 68.4 0
166.7 73 0
166.7 77.6 0
166.7 82.2 0
166.7 86.8 0
166.7 91.4 0
171.3 8.6 4
171.3 13.2 4
171.3 17.8 4
171.3 22.4 4
171.3 27 4
171.3 31.6 4
171.3 36.2 4
171.3 40.8 0
171.3 45.4 0
171.3 50 0
171.3 54.6 0
171.3 59.2 0
171.3 63.8 0
171.3 68.4 0
171.3 73 0
171.3 77.6 0
171.3 82.2 0
171.3 86.8 0
171.3 91.4 0
175.9 8.6 4
175.9 13.2 4
175.9 17.8 4
175.9 22.4 4
175.9 27 4
175.9 31.6 4
175.9 36.2 4
175.9 40.8 4
175.9 45.4 4
175.9 50 0
175.9 54.6 0
175.9 59.2 0
175.9 63.8 0
175.9 68.4 0
175.9 73 0
175.9 77.6 0
175.9 82.2 0
175.9 86.8 0
175.9 91.4 0
180.5 8.6 4
180.5 13.2 4
180.5 17.8 4
180.5 22.4 4
180.5 27 4
180.5 31.6 4
180.5 36.2 4
180.5 40.8 4
180.5 45.4 4
180.5 50 4
180.5 54.6 0
180.5 59.2 0
180.5 63.8 0
180.5 68.4 0
180.5 73 0
180.5 77.6 0
180.5 82.2 0
180.5 86.8 0
180.5 91.4 0
185.1 8.6 4
185.1 13.2 4
185.1 17.8 4
185.1 22.4 4
185.1 27 4
185.1 31.6 4
185.1 36.2 4
185.1 40.8 4
185.1 45.4 4
185.1 50 4
185.1 54.6 4
185.1 59.2 0
185.1 63.8 0
185.1 68.4 0
185.1 73 0
185.1 77.6 0
185.1 82.2 0
185.1 86.8 0
185.1 91.4 0
189.7 8.6 4
189.7 13.2 4
189.7 17.8 4
189.7 22.4 4
189.7 27 4
189.7 31.6 4
189.7 36.2 4
189.7 40.8 4
189.7 45.4 4
189.7 50 4
189.7 54.6 4
189.7 59.2 4
189.7 63.8 0
189.7 68.4 0
189.7 73 0
189.7 77.6 0
189.7 82.2 0
189.7 86.8 0
189.7 91.4 0
194.3 8.6 4
194.3 13.2 4
194.3 17.8 4
194.3 22.4 4
194.3 27 4
194.3 31.6 4
194.3 36.2 4
194.3 40.8 4
194.3 45.4 4
194.3 50 4
194.3 54.6 4
194.3 59.2 4
194.3 63.8 0
194.3 68.4 0
194.3 73 0
194.3 77.6 0
194.3 82.2 0
194.3 86.8 0
194.3 91.4 0
78.3068 33.0946 4
64.0108 54.5762 4
71.3805 55.3153 4
146.601 36.8616 0
123.015 51.7661 4
143.25 38.5944 0
89.9598 60.0528 4
119.022 27.9419 4
76.8561 54.3409 4
73.5089 65.4411 4
65.379 34.8937 4
82.9108 47.5045 4
117.553 52.018 4
151.176 43.4611 0
110.44 43.4035 4
122.329 57.4864 4
109.359 62.2715 4
73.7568 34.6968 4
127.313 52.1869 4
114.942 36.7713 4
50.5554 38.2075 0
86.5856 61.7032 4
123.076 42.5687 4
114.302 61.1624 4
58.182 34.1656 0
104.582 47.4674 4
2.8527 3.21322 4
126.979 43.339 4
108.92 38.1106 4
151.195 47.314 0
146.209 95.6996 0
94.6586 45.1562 4
154.845 43.5973 0
192.486 95.436 0
85.9376 56.5029 4
53.657 95.6993 4
118.952 61.2189 4
113.04 55.3935 4
108.69 56.8593 4
40.3591 95.6991 0
59.3371 43.0601 0
76.9238 69.9292 4
164.734 95.6994 0
179.119 95.6978 0
30.556 4.30047 4
104.27 41.865 4
70.9536 39.0284 4
113.892 95.6997 4
117.866 42.023 4
65.1875 39.1458 4
3.51841 94.0988 0
126.868 56.2212 4
113.77 65.4858 4
111.001 49.1451 4
183.874 4.31115 4
127.41 95.6994 4
104.383 38.4051 4
95.8675 95.6988 4
35.6927 95.6995 0
68.4492 50.1666 4
98.3788 50.163 4
95.8577 4.30062 4
174.382 95.6993 0
94.8618 60.315 4
94.5697 39.4426 4
63.4226 61.0205 4
122.698 61.2524 4
154.628 47.0402 0
196.565 94.169 0
123.466 47.0562 4
91.1472 95.6994 4
145.927 4.30043 0
104.397 61.5057 4
196.499 5.9053 4
11.6833 4.33835 4
132.11 95.6994 0
127.109 48.0227 4
90.4627 34.4079 4
95.5125 54.1957 4
54.2367 4.3006 4
127.438 4.30052 0
127.339 25.0634 4
86.8398 30.6636 4
137.862 38.6875 4
62.692 4.30103 4
117.824 65.2357 4
67.4204 29.6226 4
104.305 58.0202 4
86.808 69.1707 4
117.421 47.4765 4
143.719 28.9069 0
131.759 29.5772 4
54.437 52.0109 0
54.9521 47.5909 0
7.6006 95.4534 0
67.4637 41.123 4
123.528 25.9077 4
63.017 95.6992 4
90.5459 29.7652 4
76.4567 29.8319 4
100.098 95.6993 4
179.349 4.30239 4
119.249 24.2853 4
72.3016 95.6991 4
113.864 4.3007 4
148.669 32.7196 0
91.4441 4.30017 4
35.1831 4.30021 4
137.408 24.8297 0
100.019 4.30055 4
115.067 25.422 4
90.5184 70.1396 4
61 38 0
119 32 4
142 33 4
