102 57 0
91.4509 74.3369 0
192.429 95.3717 0
187.136 28.937 0
146.344 95.6991 0
160.703 79.1774 0
160.458 66.5787 0
99.9957 95.699 0
183.619 28.617 0
39.7988 95.6993 0
30.1298 48.2736 0
165.281 70.8144 0
122.22 53.2076 0
22.2919 61.2231 0
3.02989 3.08677 0
72.1915 95.6993 0
13.4675 16.4939 0
164.767 95.6992 0
16.3885 23.7005 0
132.311 95.6994 0
104.914 69.2471 0
87.1913 52.8151 0
113.868 95.6995 0
86.0268 95.6995 0
168.768 70.8979 0
178.61 95.6973 0
155.775 70.9148 0
17.5986 52.9484 0
186.736 25.5029 0
25.4489 55.8784 0
16.9467 16.1112 0
12.9364 24.0426 0
30.1928 61.1421 0
45.0442 4.30095 0
164.153 79.4348 0
168.284 74.613 0
21.3045 20.0776 0
117.637 43.4708 0
3.53109 94.1195 0
196.485 5.88453 0
109.62 4.30071 0
58.7622 95.6988 0
155.073 95.6991 0
35.5457 4.30081 0
67.9871 4.3012 0
29.1277 52.6372 0
54.0235 95.6994 0
81.9278 61.4001 0
54.1057 4.3012 0
132.749 4.30075 0
103.641 73.9813 0
17.9278 56.445 0
26.4708 48.4442 0
77.2581 4.30069 0
12.3827 4.34597 0
100.913 39.5497 0
95.7853 4.30065 0
94.8931 52.9154 0
26.1864 60.7288 0
179.047 4.30249 0
164.215 66.7182 0
96.2064 38.9971 0
108.631 39.1567 0
30.6191 4.30134 0
40.6114 4.30085 0
29.6435 57.6322 0
7.61185 95.4719 0
114.715 4.30073 0
117.046 65.7375 0
192.416 4.53414 0
165.581 4.30119 0
87.7393 47.7967 0
141.67 95.6994 0
82.214 4.30081 0
127.761 95.6994 0
137.74 4.30066 0
160.967 4.30086 0
169.533 4.30234 0
156.333 4.30074 0
151.696 4.30067 0
147.062 4.30071 0
108.334 74.0508 0
142.422 4.30075 0
91.1676 38.858 0
113.196 75.1631 0
117.001 47.1626 0
63.0537 95.6989 0
197.091 88.8566 0
83.6835 57.1907 0
2.8782 11.1771 0
12.1361 95.6597 0
44.4312 95.6993 0
197.144 84.2944 0
197.149 79.7226 0
2.84997 38.5682 0
2.84997 43.1409 0
2.84997 47.7136 0
2.84997 52.2864 0
2.84997 56.8591 0
2.84997 61.4318 0
2.84997 66.0045 0
2.84997 70.5773 0
2.85003 75.15 0
197.15 47.7137 0
197.15 52.2864 0
197.15 56.8591 0
197.15 61.4318 0
197.15 66.0045 0
197.15 70.5773 0
197.15 75.15 0
2.85056 79.7226 0
2.84997 33.9959 0
197.15 43.1414 0
2.85583 84.2937 0
197.144 15.7057 0
17.0253 19.8667 0
197.144 20.2741 0
2.84997 29.4253 0
197.15 38.5708 0
17.4634 4.306 0
98.9125 60.9896 0
86.8973 4.3008 0
21.3013 53.5096 0
26.0932 4.30092 0
21.4381 95.6984 0
197.117 24.8169 0
197.093 11.1502 0
2.8535 15.6745 0
2.90791 88.8491 0
104.575 95.6991 0
2.85001 24.8803 0
197.15 34.0258 0
104.724 4.30063 0
16.7662 95.6925 0
116.922 51.7068 0
26.0743 95.699 0
76.8853 95.6995 0
169.447 95.6989 0
30.673 95.6988 0
13.2624 20.3153 0
87.2331 69.7369 0
119.498 4.30097 0
117.105 61.1789 0
122.792 56.841 0
97.7119 42.8895 0
187.977 4.34169 0
127.944 4.3007 0
92.0661 44.3368 0
58.442 4.30125 0
108.133 64.6411 0
113.169 69.1912 0
87.9371 65.42 0
96.1604 48.5185 0
196.478 94.1004 0
173.825 4.30185 0
95.0953 95.6992 0
82.4716 52.6079 0
159.796 95.6989 0
105.01 61.1195 0
188.264 95.6382 0
100.344 4.30088 0
62.7651 4.30101 0
95.0562 61.2147 0
107.405 52.3744 0
106.717 46.8112 0
90.3368 95.6993 0
95.3905 73.7627 0
118.776 95.6993 0
183.543 95.6865 0
91.3151 4.30092 0
99.0016 53.2867 0
197.147 29.4221 0
2.85034 20.2769 0
72.6993 4.30072 0
21.891 4.30185 0
7.19317 4.54548 0
123.859 4.30114 0
123.454 95.6993 0
183.763 4.30947 0
87.205 43.8399 0
113.804 43.8852 0
91.8827 69.5838 0
49.2675 4.30092 0
150.8 95.6992 0
35.2722 95.6992 0
88.5817 60.4799 0
99.7623 73.6324 0
109.226 95.6992 0
67.6276 95.6991 0
49.0816 95.6993 0
136.964 95.6994 0
174.098 95.698 0
3.15225 6.43278 0
81.5347 95.6993 0
104.966 39.6254 0
107.415 59.3316 0
91.3378 55.3105 0
101.427 65.037 0
102.189 61.5343 0
97.9852 64.8959 0
103.606 55.1446 0
103.233 50.4746 0
111.473 59.177 0
107.811 55.5969 0
5.7 8.6 0
5.7 13.2 0
10.3 8.6 0
10.3 13.2 0
5.7 17.8 0
10.3 17.8 0
5.7 22.4 0
10.3 22.4 0
5.7 27 0
10.3 27 0
5.7 31.6 0
10.3 31.6 0
5.7 36.2 0
10.3 36.2 0
5.7 40.8 0
10.3 40.8 0
5.7 45.4 0
10.3 45.4 0
5.7 50 0
10.3 50 0
5.7 54.6 0
10.3 54.6 0
5.7 59.2 0
10.3 59.2 0
5.7 63.8 0
10.3 63.8 0
5.7 68.4 0
10.3 68.4 0
5.7 73 0
10.3 73 0
5.7 77.6 0
10.3 77.6 0
5.7 82.2 0
10.3 82.2 0
5.7 86.8 0
10.3 86.8 0
5.7 91.4 0
10.3 91.4 0
14.9 8.6 0
14.9 13.2 0
14.9 17.8 0
14.9 22.4 0
14.9 27 0
14.9 31.6 0
14.9 36.2 0
14.9 40.8 0
14.9 45.4 0
14.9 50 0
14.9 54.6 0
14.9 59.2 0
14.9 63.8 0
14.9 68.4 0
14.9 73 0
14.9 77.6 0
14.9 82.2 0
14.9 86.8 0
14.9 91.4 0
19.5 8.6 0
19.5 13.2 0
19.5 17.8 0
19.5 22.4 0
19.5 27 0
19.5 31.6 0
19.5 36.2 0
19.5 40.8 0
19.5 45.4 0
19.5 50 0
19.5 54.6 0
19.5 59.2 0
19.5 63.8 0
19.5 68.4 0
19.5 73 0
19.5 77.6 0
19.5 82.2 0
19.5 86.8 0
19.5 91.4 0
24.1 8.6 0
24.1 13.2 0
24.1 17.8 0
24.1 22.4 0
24.1 27 0
24.1 31.6 0
24.1 36.2 0
24.1 40.8 0
24.1 45.4 0
24.1 50 0
24.1 59.2 0
24.1 63.8 0
24.1 68.4 0
24.1 73 0
24.1 77.6 0
24.1 82.2 0
24.1 86.8 0
24.1 91.4 0
28.7 8.6 0
28.7 13.2 0
28.7 17.8 0
28.7 22.4 0
28.7 27 0
28.7 31.6 0
28.7 36.2 0
28.7 40.8 0
28.7 45.4 0
28.7 50 0
28.7 59.2 0
28.7 63.8 0
28.7 68.4 0
28.7 73 0
28.7 77.6 0
28.7 82.2 0
28.7 86.8 0
28.7 91.4 0
33.3 8.6 0
33.3 13.2 0
33.3 17.8 0
33.3 22.4 0
33.3 27 0
33.3 31.6 0
33.3 36.2 0
33.3 40.8 0
33.3 45.4 0
33.3 50 0
33.3 59.2 0
33.3 63.8 0
33.3 68.4 0
33.3 73 0
33.3 77.6 0
33.3 82.2 0
33.3 86.8 0
33.3 91.4 0
37.9 8.6 0
37.9 13.2 0
37.9 17.8 0
37.9 22.4 0
37.9 27 0
37.9 31.6 0
37.9 36.2 0
37.9 40.8 0
37.9 45.4 0
37.9 50 0
33.3 54.6 0
37.9 54.6 0
37.9 59.2 0
37.9 63.8 0
37.9 68.4 0
37.9 73 0
37.9 77.6 0
37.9 82.2 0
37.9 86.8 0
37.9 91.4 0
42.5 8.6 0
42.5 13.2 0
42.5 17.8 0
42.5 22.4 0
42.5 27 0
42.5 31.6 0
42.5 36.2 0
42.5 40.8 0
42.5 45.4 0
42.5 50 0
42.5 54.6 0
42.5 59.2 0
42.5 63.8 0
42.5 68.4 0
42.5 73 0
42.5 77.6 0
42.5 82.2 0
42.5 86.8 0
42.5 91.4 0
47.1 8.6 0
47.1 13.2 0
47.1 17.8 0
47.1 22.4 0
47.1 27 0
47.1 31.6 0
47.1 36.2 0
47.1 40.8 0
47.1 45.4 0
47.1 50 0
47.1 54.6 0
47.1 59.2 0
47.1 63.8 0
47.1 68.4 0
47.1 73 0
47.1 77.6 0
47.1 82.2 0
47.1 86.8 0
47.1 91.4 0
51.7 8.6 0
51.7 13.2 0
51.7 17.8 0
51.7 22.4 0
51.7 27 0
51.7 31.6 0
51.7 36.2 0
51.7 40.8 0
51.7 45.4 0
51.7 50 0
51.7 54.6 0
51.7 59.2 0
51.7 63.8 0
51.7 68.4 0
51.7 73 0
51.7 77.6 0
51.7 82.2 0
51.7 86.8 0
51.7 91.4 0
56.3 8.6 0
56.3 13.2 0
56.3 17.8 0
56.3 22.4 0
56.3 27 0
56.3 31.6 0
56.3 36.2 0
56.3 40.8 0
56.3 45.4 0
56.3 50 0
56.3 54.6 0
56.3 59.2 0
56.3 63.8 0
56.3 68.4 0
56.3 73 0
56.3 77.6 0
56.3 82.2 0
56.3 86.8 0
56.3 91.4 0
60.9 8.6 0
60.9 13.2 0
60.9 17.8 0
60.9 22.4 0
60.9 27 0
60.9 31.6 0
60.9 36.2 0
60.9 40.8 0
60.9 45.4 0
60.9 50 0
60.9 54.6 0
60.9 59.2 0
60.9 63.8 0
60.9 68.4 0
60.9 73 0
60.9 77.6 0
60.9 82.2 0
60.9 86.8 0
60.9 91.4 0
65.5 8.6 0
65.5 13.2 0
65.5 17.8 0
65.5 22.4 0
65.5 27 0
65.5 31.6 0
65.5 36.2 0
65.5 40.8 0
65.5 45.4 0
65.5 50 0
65.5 54.6 0
65.5 59.2 0
65.5 63.8 0
65.5 68.4 0
65.5 73 0
65.5 77.6 0
65.5 82.2 0
65.5 86.8 0
65.5 91.4 0
70.1 8.6 0
70.1 13.2 0
70.1 17.8 0
70.1 22.4 0
70.1 27 0
70.1 31.6 0
70.1 36.2 0
70.1 40.8 0
70.1 45.4 0
70.1 50 0
70.1 54.6 0
70.1 59.2 0
70.1 63.8 0
70.1 68.4 0
70.1 73 0
70.1 77.6 0
70.1 82.2 0
70.1 86.8 0
70.1 91.4 0
74.7 8.6 0
74.7 13.2 0
74.7 17.8 0
74.7 22.4 0
74.7 27 0
74.7 31.6 0
74.7 36.2 0
74.7 40.8 0
74.7 45.4 0
74.7 50 0
74.7 54.6 0
74.7 59.2 0
74.7 63.8 0
74.7 68.4 0
74.7 73 0
74.7 77.6 0
74.7 82.2 0
74.7 86.8 0
74.7 91.4 0
79.3 8.6 0
79.3 13.2 0
79.3 17.8 0
79.3 22.4 0
79.3 27 0
79.3 31.6 0
79.3 36.2 0
79.3 40.8 0
79.3 45.4 0
79.3 50 0
79.3 54.6 0
79.3 59.2 0
79.3 63.8 0
79.3 68.4 0
79.3 73 0
79.3 77.6 0
79.3 82.2 0
79.3 86.8 0
79.3 91.4 0
83.9 8.6 0
83.9 13.2 0
83.9 17.8 0
83.9 22.4 0
83.9 27 0
83.9 31.6 0
83.9 36.2 0
83.9 40.8 0
83.9 45.4 0
83.9 50 0
83.9 63.8 0
83.9 68.4 0
83.9 73 0
83.9 77.6 0
83.9 82.2 0
83.9 86.8 0
83.9 91.4 0
88.5 8.6 0
88.5 13.2 0
88.5 17.8 0
88.5 22.4 0
88.5 27 0
88.5 31.6 0
88.5 36.2 0
88.5 40.8 0
88.5 73 0
88.5 77.6 0
88.5 82.2 0
88.5 86.8 0
88.5 91.4 0
93.1 8.6 0
93.1 13.2 0
93.1 17.8 0
93.1 22.4 0
93.1 27 0
93.1 31.6 0
93.1 36.2 0
93.1 40.8 0
93.1 73 0
93.1 77.6 0
93.1 82.2 0
93.1 86.8 0
93.1 91.4 0
97.7 8.6 0
97.7 13.2 0
97.7 17.8 0
97.7 22.4 0
97.7 27 0
97.7 31.6 0
97.7 36.2 0
97.7 77.6 0
97.7 82.2 0
97.7 86.8 0
97.7 91.4 0
102.3 8.6 0
102.3 13.2 0
102.3 17.8 0
102.3 22.4 0
102.3 27 0
102.3 31.6 0
102.3 36.2 0
102.3 77.6 0
102.3 82.2 0
102.3 86.8 0
102.3 91.4 0
106.9 8.6 0
106.9 13.2 0
106.9 17.8 0
106.9 22.4 0
106.9 27 0
106.9 31.6 0
106.9 36.2 0
106.9 77.6 0
106.9 82.2 0
106.9 86.8 0
106.9 91.4 0
111.5 8.6 0
111.5 13.2 0
111.5 17.8 0
111.5 22.4 0
111.5 27 0
111.5 31.6 0
111.5 36.2 0
111.5 77.6 0
111.5 82.2 0
111.5 86.8 0
111.5 91.4 0
116.1 8.6 0
116.1 13.2 0
116.1 17.8 0
116.1 22.4 0
116.1 27 0
116.1 31.6 0
116.1 36.2 0
111.5 40.8 0
116.1 40.8 0
111.5 73 0
116.1 73 0
116.1 77.6 0
116.1 82.2 0
116.1 86.8 0
116.1 91.4 0
120.7 8.6 0
120.7 13.2 0
120.7 17.8 0
120.7 22.4 0
120.7 27 0
120.7 31.6 0
120.7 36.2 0
120.7 40.8 0
116.1 45.4 0
120.7 45.4 0
116.1 68.4 0
120.7 68.4 0
120.7 73 0
120.7 77.6 0
120.7 82.2 0
120.7 86.8 0
120.7 91.4 0
125.3 8.6 0
125.3 13.2 0
125.3 17.8 0
125.3 22.4 0
125.3 27 0
125.3 31.6 0
125.3 36.2 0
125.3 40.8 0
125.3 45.4 0
120.7 50 0
125.3 50 0
120.7 54.6 0
125.3 54.6 0
120.7 59.2 0
120.7 63.8 0
125.3 59.2 0
125.3 63.8 0
125.3 68.4 0
125.3 73 0
125.3 77.6 0
125.3 82.2 0
125.3 86.8 0
125.3 91.4 0
129.9 8.6 0
129.9 13.2 0
129.9 17.8 0
129.9 22.4 0
129.9 27 0
129.9 31.6 0
129.9 36.2 0
129.9 40.8 0
129.9 45.4 0
129.9 50 0
129.9 54.6 0
129.9 59.2 0
129.9 63.8 0
129.9 68.4 0
129.9 73 0
129.9 77.6 0
129.9 82.2 0
129.9 86.8 0
129.9 91.4 0
134.5 8.6 0
134.5 13.2 0
134.5 17.8 0
134.5 22.4 0
134.5 27 0
134.5 31.6 0
134.5 36.2 0
134.5 40.8 0
134.5 45.4 0
134.5 50 0
134.5 54.6 0
134.5 59.2 0
134.5 63.8 0
134.5 68.4 0
134.5 73 0
134.5 77.6 0
134.5 82.2 0
134.5 86.8 0
134.5 91.4 0
139.1 8.6 0
139.1 13.2 0
139.1 17.8 0
139.1 22.4 0
139.1 27 0
139.1 31.6 0
139.1 36.2 0
139.1 40.8 0
139.1 45.4 0
139.1 50 0
139.1 54.6 0
139.1 59.2 0
139.1 63.8 0
139.1 68.4 0
139.1 73 0
139.1 77.6 0
139.1 82.2 0
139.1 86.8 0
139.1 91.4 0
143.7 8.6 0
143.7 13.2 0
143.7 17.8 0
143.7 22.4 0
143.7 27 0
143.7 31.6 0
143.7 36.2 0
143.7 40.8 0
143.7 45.4 0
143.7 50 0
143.7 54.6 0
143.7 59.2 0
143.7 63.8 0
143.7 68.4 0
143.7 73 0
143.7 77.6 0
143.7 82.2 0
143.7 86.8 0
143.7 91.4 0
148.3 8.6 0
148.3 13.2 0
148.3 17.8 0
148.3 22.4 0
148.3 27 0
148.3 31.6 0
148.3 36.2 0
148.3 40.8 0
148.3 45.4 0
148.3 50 0
148.3 54.6 0
148.3 59.2 0
148.3 63.8 0
148.3 68.4 0
148.3 73 0
148.3 77.6 0
148.3 82.2 0
148.3 86.8 0
148.3 91.4 0
152.9 8.6 0
152.9 13.2 0
152.9 17.8 0
152.9 22.4 0
152.9 27 0
152.9 31.6 0
152.9 36.2 0
152.9 40.8 0
152.9 45.4 0
152.9 50 0
152.9 54.6 0
152.9 59.2 0
152.9 63.8 0
152.9 68.4 0
152.9 73 0
152.9 77.6 0
152.9 82.2 0
152.9 86.8 0
152.9 91.4 0
157.5 8.6 0
157.5 13.2 0
157.5 17.8 0
157.5 22.4 0
157.5 27 0
157.5 31.6 0
157.5 36.2 0
157.5 40.8 0
157.5 45.4 0
157.5 50 0
157.5 54.6 0
157.5 59.2 0
157.5 63.8 0
157.5 68.4 0
157.5 73 0
157.5 77.6 0
157.5 82.2 0
157.5 86.8 0
157.5 91.4 0
162.1 8.6 0
162.1 13.2 0
162.1 17.8 0
162.1 22.4 0
162.1 27 0
162.1 31.6 0
162.1 36.2 0
162.1 40.8 0
162.1 45.4 0
162.1 50 0
162.1 54.6 0
162.1 59.2 0
162.1 63.8 0
162.1 68.4 0
162.1 73 0
162.1 77.6 0
162.1 82.2 0
162.1 86.8 0
162.1 91.4 0
166.7 8.6 0
166.7 13.2 0
166.7 17.8 0
166.7 22.4 0
166.7 27 0
166.7 31.6 0
166.7 36.2 0
166.7 40.8 0
166.7 45.4 0
166.7 50 0
166.7 54.6 0
166.7 59.2 0
166.7 63.8 0
166.7 68.4 0
166.7 73 0
166.7 77.6 0
166.7 82.2 0
166.7 86.8 0
166.7 91.4 0
171.3 8.6 0
171.3 13.2 0
171.3 17.8 0
171.3 22.4 0
171.3 27 0
171.3 31.6 0
171.3 36.2 0
171.3 40.8 0
171.3 45.4 0
171.3 50 0
171.3 54.6 0
171.3 59.2 0
171.3 63.8 0
171.3 68.4 0
171.3 73 0
171.3 77.6 0
171.3 82.2 0
171.3 86.8 0
171.3 91.4 0
175.9 8.6 0
175.9 13.2 0
175.9 17.8 0
175.9 22.4 0
175.9 27 0
175.9 31.6 0
175.9 36.2 0
175.9 40.8 0
175.9 45.4 0
175.9 50 0
175.9 54.6 0
175.9 59.2 0
175.9 63.8 0
175.9 68.4 0
175.9 73 0
175.9 77.6 0
175.9 82.2 0
175.9 86.8 0
175.9 91.4 0
180.5 8.6 0
180.5 13.2 0
180.5 17.8 0
180.5 22.4 0
180.5 27 0
180.5 31.6 0
180.5 36.2 0
180.5 40.8 0
180.5 45.4 0
180.5 50 0
180.5 54.6 0
180.5 59.2 0
180.5 63.8 0
180.5 68.4 0
180.5 73 0
180.5 77.6 0
180.5 82.2 0
180.5 86.8 0
180.5 91.4 0
185.1 8.6 0
185.1 13.2 0
185.1 17.8 0
185.1 22.4 0
185.1 27 0
185.1 31.6 0
185.1 36.2 0
185.1 40.8 0
185.1 45.4 0
185.1 50 0
185.1 54.6 0
185.1 59.2 0
185.1 63.8 0
185.1 68.4 0
185.1 73 0
185.1 77.6 0
185.1 82.2 0
185.1 86.8 0
185.1 91.4 0
189.7 8.6 0
189.7 13.2 0
189.7 17.8 0
189.7 22.4 0
189.7 27 0
189.7 31.6 0
189.7 36.2 0
189.7 40.8 0
189.7 45.4 0
189.7 50 0
189.7 54.6 0
189.7 59.2 0
189.7 63.8 0
189.7 68.4 0
189.7 73 0
189.7 77.6 0
189.7 82.2 0
189.7 86.8 0
189.7 91.4 0
194.3 8.6 0
194.3 13.2 0
194.3 17.8 0
194.3 22.4 0
194.3 27 0
194.3 31.6 0
194.3 36.2 0
194.3 40.8 0
194.3 45.4 0
194.3 50 0
194.3 54.6 0
194.3 59.2 0
194.3 63.8 0
194.3 68.4 0
194.3 73 0
194.3 77.6 0
194.3 82.2 0
194.3 86.8 0
194.3 91.4 0
0 100 0
0 95.4545 0
0 90.9091 0
0 86.3636 0
0 81.8182 0
0 77.2727 0
0 72.7273 0
0 68.1818 0
0 63.6364 0
0 59.0909 0
0 54.5455 0
0 50 0
0 45.4545 0
0 40.9091 0
0 36.3636 0
0 31.8182 0
0 27.2727 0
0 22.7273 0
0 18.1818 0
0 13.6364 0
0 9.09091 0
0 4.54545 0
0 0 0
200 100 0
195.349 100 0
190.698 100 0
186.047 100 0
181.395 100 0
176.744 100 0
172.093 100 0
167.442 100 0
162.791 100 0
158.14 100 0
153.488 100 0
148.837 100 0
144.186 100 0
139.535 100 0
134.884 100 0
130.233 100 0
125.581 100 0
120.93 100 0
116.279 100 0
111.628 100 0
106.977 100 0
102.326 100 0
97.6744 100 0
93.0233 100 0
88.3721 100 0
83.7209 100 0
79.0698 100 0
74.4186 100 0
69.7674 100 0
65.1163 100 0
60.4651 100 0
55.814 100 0
51.1628 100 0
46.5116 100 0
41.8605 100 0
37.2093 100 0
32.5581 100 0
27.907 100 0
23.2558 100 0
18.6047 100 0
13.9535 100 0
9.30233 100 0
4.65116 100 0
200 0 0
200 4.54545 0
200 9.09091 0
200 13.6364 0
200 18.1818 0
200 22.7273 0
200 27.2727 0
200 31.8182 0
200 36.3636 0
200 40.9091 0
200 45.4545 0
200 50 0
200 54.5455 0
200 59.0909 0
200 63.6364 0
200 68.1818 0
200 72.7273 0
200 77.2727 0
200 81.8182 0
200 86.3636 0
200 90.9091 0
200 95.4545 0
4.65116 0 0
9.30233 0 0
13.9535 0 0
18.6047 0 0
23.2558 0 0
27.907 0 0
32.5581 0 0
37.2093 0 0
41.8605 0 0
46.5116 0 0
51.1628 0 0
55.814 0 0
60.4651 0 0
65.1163 0 0
69.7674 0 0
74.4186 0 0
79.0698 0 0
83.7209 0 0
88.3721 0 0
93.0233 0 0
97.6744 0 0
102.326 0 0
106.977 0 0
111.628 0 0
116.279 0 0
120.93 0 0
125.581 0 0
130.233 0 0
134.884 0 0
139.535 0 0
144.186 0 0
148.837 0 0
153.488 0 0
158.14 0 0
162.791 0 0
167.442 0 0
172.093 0 0
176.744 0 0
181.395 0 0
186.047 0 0
190.698 0 0
195.349 0 0
87.7456 56.9132 0
92.4332 64.3191 0
100.561 57.666 0
111.864 53.57 0
102.829 44.3699 0
108.573 42.872 0
101.344 69.2828 0
112.408 48.3755 0
91.3841 59.2999 0
25.7542 53.02 0
104.085 59.8732 0
22.6241 56.1305 0
113.184 65.1772 0
95.8908 57.3592 0
27.0596 56.2582 0
92.1191 49.4811 0
98.8821 48.6228 0
108.535 69.4422 0
106.351 57.4867 0
192.402 95.3728 0
30.5469 56.4868 0
146.289 95.6991 0
104.722 64.815 0
3.39451 3.01498 0
39.8634 95.6992 0
82.2305 60.8494 0
108.526 38.9319 0
99.9593 95.6993 0
169.517 4.30111 0
107.928 62.1 0
155.369 95.6992 0
95.4192 52.7017 0
95.9588 39.3575 0
82.2622 53.0315 0
164.498 70.7127 0
95.5984 61.4322 0
86.1187 95.6993 0
127.33 95.6991 0
113.861 95.6993 0
30.1653 52.9283 0
21.998 52.646 0
116.944 57.0923 0
63.3033 95.699 0
3.53203 94.119 0
196.474 5.88121 0
