4.27998 65.4543 1
196.631 94.213 1
197.024 16.1884 1
113.529 71.3237 0
85.3523 39.4803 0
39.6365 33.9957 1
7.5657 39.3118 1
7.65312 43.8752 1
7.67396 48.4457 1
7.67727 53.0168 1
7.68052 57.6158 1
58.106 43.6789 0
113.708 79.8631 0
7.60504 34.67 1
90.0659 43.4861 0
86.4075 61.6824 0
146.396 75.5759 1
67.2012 52.8394 0
0 100 1
0 95.4545 1
0 90.9091 1
0 86.3636 1
0 81.8182 1
0 77.2727 1
0 72.7273 1
0 68.1818 1
0 63.6364 1
0 59.0909 1
0 54.5455 1
0 50 1
0 45.4545 1
0 40.9091 1
0 36.3636 1
0 31.8182 1
0 27.2727 1
0 22.7273 1
0 18.1818 1
0 13.6364 1
0 9.09091 1
0 4.54545 1
0 0 1
200 100 1
195.349 100 1
190.698 100 1
186.047 100 1
181.395 100 1
176.744 100 1
172.093 100 1
167.442 100 1
162.791 100 1
158.14 100 1
153.488 100 1
148.837 100 1
144.186 100 1
139.535 100 1
134.884 100 1
130.233 100 1
125.581 100 0
120.93 100 0
116.279 100 0
111.628 100 0
106.977 100 0
102.326 100 0
97.6744 100 0
93.0233 100 0
88.3721 100 0
83.7209 100 0
79.0698 100 0
74.4186 100 0
69.7674 100 0
65.1163 100 0
60.4651 100 0
55.814 100 0
51.1628 100 0
46.5116 100 1
41.8605 100 1
37.2093 100 1
32.5581 100 1
27.907 100 1
23.2558 100 1
18.6047 100 1
13.9535 100 1
9.30233 100 1
4.65116 100 1
200 0 1
200 4.54545 1
200 9.09091 1
200 13.6364 1
200 18.1818 1
200 22.7273 1
200 27.2727 1
200 31.8182 1
200 36.3636 1
200 40.9091 1
200 45.4545 1
200 50 1
200 54.5455 1
200 59.0909 1
200 63.6364 1
200 68.1818 1
200 72.7273 1
200 77.2727 1
200 81.8182 1
200 86.3636 1
200 90.9091 1
200 95.4545 1
4.65116 0 1
9.30233 0 1
13.9535 0 1
18.6047 0 1
23.2558 0 1
27.907 0 1
32.5581 0 1
37.2093 0 1
41.8605 0 1
46.5116 0 1
51.1628 0 1
55.814 0 0
60.4651 0 0
65.1163 0 0
69.7674 0 0
74.4186 0 0
79.0698 0 0
83.7209 0 0
88.3721 0 0
93.0233 0 0
97.6744 0 0
102.326 0 0
106.977 0 0
111.628 0 0
116.279 0 0
120.93 0 0
125.581 0 0
130.233 0 0
134.884 0 0
139.535 0 0
144.186 0 0
148.837 0 0
153.488 0 0
158.14 0 0
162.791 0 0
167.442 0 0
172.093 0 0
176.744 0 0
181.395 0 1
186.047 0 1
190.698 0 1
195.349 0 1
7.80486 62.1993 1
7.61717 30.0018 1
80.7803 38.4764 0
7.64236 25.4015 1
67.6691 48.5339 0
7.65101 20.9564 1
7.70283 16.472 1
123.223 70.6422 0
192.958 65.6073 1
95.3495 47.1983 0
67.0658 38.2266 0
196.945 84.9551 1
192.908 33.7218 1
192.534 61.3469 1
192.556 29.4105 1
192.505 69.9565 1
192.603 52.2385 1
192.527 56.816 1
118.565 66.0705 0
192.54 47.7103 1
192.474 79.7549 1
192.503 24.9054 1
8.12815 66.4905 1
192.475 43.1615 1
67.5078 33.9099 0
192.153 74.9121 1
192.188 38.315 1
9.62198 96.6801 1
192.488 20.3351 1
63.0299 29.4816 0
113.883 66.2068 0
7.88601 11.6998 1
44.0978 38.7703 1
90.7109 38.5725 0
123.02 75.3021 0
40.1055 43.4529 1
86.5841 34.5242 0
11.7361 38.2409 1
12.0968 42.5999 1
12.127 47.19 1
12.1279 51.7667 1
6.82564 70.7271 1
12.1666 56.3607 1
40.3904 29.9551 1
12.4127 33.6759 1
44.4741 33.9323 1
34.7733 34.0756 1
6.86365 75.5156 1
95.3205 42.4999 0
82.1092 33.9532 0
6.84592 80.0462 1
12.5263 61.2625 1
12.0691 28.8386 1
11.6655 19.998 1
12.0711 24.2677 1
63.0013 52.3231 0
6.95148 84.644 1
35.9414 29.4876 1
188.193 66.2547 1
188.181 34.1845 1
35.1909 43.0943 1
90.7062 65.2699 0
188.333 51.6517 1
86.2631 66.5819 0
192.43 15.7462 1
192.441 84.3848 1
53.8418 47.7174 0
187.874 56.0538 1
67.9123 29.1446 0
12.2632 66.068 1
53.687 43.1662 0
187.938 47.5515 1
187.904 29.3302 1
12.157 15.7183 1
187.877 71.259 1
187.539 61.0742 1
99.9947 48.274 0
44.4465 43.0839 1
123.46 65.6821 0
95.3262 51.8308 0
187.874 24.7343 0
77.1114 33.6901 0
127.772 75.1256 0
113.97 61.5754 0
99.9898 43.6822 0
91.1953 33.6387 0
187.461 75.581 1
141.619 75.1112 1
12.0571 70.5808 1
108.554 70.7972 0
95.4655 37.8433 0
76.2728 39.1338 0
187.45 38.7648 1
187.817 43.0873 1
128.077 70.233 0
187.878 79.7139 1
58.6643 29.8561 0
44.6151 29.3707 1
113.939 84.8811 0
86.1606 30.0717 0
90.6967 61.4447 0
187.852 20.1474 0
16.6493 48.4584 1
16.6231 52.9902 1
118.837 61.1296 0
44.7655 47.4319 1
16.6839 43.8358 1
63.0183 56.8449 0
109.59 66.6403 0
48.9576 37.7977 1
109.32 62.2308 0
16.4916 38.8671 1
16.7663 57.5268 1
63.2393 25.2182 0
40.0671 25.6074 1
39.9167 48.3288 1
11.8732 75.0978 1
16.2742 29.868 1
81.221 29.0976 0
58.3434 25.0057 0
11.5564 79.3165 1
16.4175 20.5374 1
17.1665 61.7592 1
122.352 79.8497 0
104.59 70.653 0
16.5826 25.5213 1
49.4699 47.1975 1
183.608 51.9382 1
127.385 80.0883 0
187.878 84.2159 1
35.709 47.2349 1
183.253 33.3223 1
90.7131 69.8138 0
183.204 56.8684 1
127.791 65.95 0
48.843 42.7041 1
183.215 28.6896 0
17.3951 34.0291 1
182.479 61.3789 1
16.8167 65.967 1
183.135 37.9155 1
16.6787 70.4536 1
100.028 39.0992 0
123.257 61.3108 0
178.488 61.5517 1
49.0108 33.1677 1
183.186 65.9397 1
183.243 75.1392 1
95.9191 33.5578 0
183.209 70.6013 1
183.276 47.0691 1
104.582 46.9654 0
48.8579 51.9616 1
67.2894 24.5666 0
95.3017 65.9093 0
127.541 61.671 0
58.4131 56.1538 0
114.328 57.4059 0
183.199 24.0879 0
183.174 42.4509 1
104.911 66.3676 0
35.3816 24.8632 1
178.566 65.3232 1
86.1608 71.1765 0
76.5507 28.9958 0
71.93 25.1252 0
90.7868 28.7738 0
16.1108 74.6783 1
20.946 60.9254 1
183.654 79.2703 1
132.744 74.7036 1
132.406 70.3409 1
21.567 56.5764 1
44.882 24.5726 1
20.9059 52.0768 1
43.7556 52.2687 1
178.588 57.7219 1
104.583 42.3759 0
109.631 57.2743 0
137.385 74.4637 1
100.132 34.5787 0
104.591 51.5809 0
132.12 66.1849 0
72.5493 29.6984 0
123.254 56.7197 0
21.3031 47.7542 1
118.307 56.5379 0
21.3651 65.2092 1
39.2957 52.6448 1
35.1401 51.5572 1
25.2235 61.3502 1
132.762 61.0877 0
35.0998 75.1316 1
164.457 65.7054 1
100.272 70.9119 0
178.695 53.1188 1
132.671 56.7774 0
44.5288 56.795 1
44.9965 60.9416 1
178.304 70.1425 1
99.9744 66.1379 0
99.989 52.8702 0
104.287 61.2679 0
174.458 66.3498 1
48.7124 61.7192 1
173.653 70.042 1
39.8379 56.8771 1
49.1934 28.5953 1
174.3 61.7904 1
178.673 34.7143 0
44.5683 65.1201 1
164.683 61.3597 1
49.0487 65.9344 1
136.793 56.4929 0
95.454 29.4025 0
178.658 39.2974 0
113.998 53.1058 0
178.671 30.1283 0
34.9001 70.9456 1
141.265 52.8364 0
132.368 47.8552 0
49.4247 57.1711 1
95.3855 70.4976 0
104.595 37.7988 0
21.632 70.1466 1
132.388 79.5861 1
54.1271 52.5462 0
62.6571 20.5804 0
25.9757 65.9151 1
76.8125 24.7534 0
86.109 25.4311 0
100.089 30.0925 0
178.665 43.8691 1
141.606 56.9342 0
178.67 48.48 1
49.5058 24.3301 1
159.791 65.5001 1
20.6554 75.045 1
178.651 25.5249 0
169.127 61.1523 1
53.6243 21.0073 0
81.4785 24.181 0
53.0256 61.4564 1
141.675 48.5236 0
90.7359 74.4234 0
123.053 43.0874 0
54.1659 57.2648 0
118.86 51.9544 0
178.63 75.0462 1
183.172 19.4852 0
104.596 33.2382 0
137.04 47.7435 0
173.92 74.3398 1
34.854 56.4893 1
40.6743 61.3769 1
39.2175 75.1241 1
44.5912 20.3748 1
109.253 47.7204 0
131.916 43.6349 0
53.4082 25.29 1
128.467 56.8609 0
137.449 60.8251 0
169.733 66.329 1
25.6411 52.5367 1
39.8391 70.5702 1
109.248 43.137 0
99.4774 61.8338 0
109.288 52.3372 0
26.175 57.1731 1
30.2589 61.1248 1
141.973 25.2324 0
44.4937 69.81 1
160.395 61.1237 0
53.7005 66.0351 0
113.552 25.2472 0
174.022 56.9386 1
35.7272 66.5249 1
40.0067 65.9413 1
104.548 28.7182 0
132.791 52.5704 0
132.469 34.6822 0
145.922 52.655 0
169.373 75.1314 1
137.375 52.0493 0
164.75 57.4176 1
113.894 39.2951 0
118.747 24.4495 0
132.462 30.1491 0
136.673 42.9048 0
118.373 37.9111 0
118.417 42.4522 0
169.815 70.9716 1
174.01 52.3054 1
35.6156 61.7436 1
122.688 38.7712 0
123.607 51.8214 0
169.335 56.1861 1
174.006 33.9853 0
174.004 38.5604 0
174.005 43.1353 0
72.2926 20.3705 0
146.299 47.7669 0
174.007 47.7141 1
141.128 34.4321 0
174.002 29.4069 0
100.02 25.5472 0
109.247 38.5605 0
113.878 34.7047 0
136.893 33.4069 0
136.903 37.9538 0
169.336 33.2224 0
169.336 37.7965 0
35.3321 78.9856 1
90.65 24.1146 0
108.82 25.2074 0
122.844 28.9856 0
132.304 39.2688 0
136.663 70.1536 1
141.957 43.5681 0
169.327 28.648 0
169.337 42.3717 0
113.908 43.8708 0
127.8 29.4372 0
137.044 65.288 0
150.965 47.031 0
169.337 46.9518 0
169.337 51.5466 1
109.232 33.9847 0
113.743 30.0958 0
118.524 47.0782 0
127.761 47.7201 0
109.179 29.4198 0
146.759 43.577 0
95.3497 24.8179 0
151.009 42.5164 0
30.9365 66.3643 1
57.9283 20.1061 0
150.966 28.7256 0
104.625 56.2633 0
34.9786 20.0201 1
67.5961 20.2012 0
30.9223 75.4827 1
113.921 48.4849 0
128.163 33.7825 0
169.263 24.0785 0
118.029 28.93 0
127.426 38.3639 0
145.908 34.3432 0
118.441 33.3016 0
173.967 24.804 0
123.175 47.592 0
146.292 29.4504 0
160.118 69.8921 1
132.471 25.5443 0
155.552 25.4171 0
164.751 52.8367 0
123.393 34.1688 0
40.1473 20.6454 1
49.1647 70.4799 1
151.043 24.1849 0
104.515 24.2191 0
155.531 43.6988 0
164.746 29.9589 0
164.749 34.5311 0
54.1296 70.8452 0
127.927 52.2731 0
155.52 39.1299 0
160.15 56.3059 0
164.75 39.1041 0
164.75 43.678 0
164.75 48.2545 0
44.4562 75.0149 1
150.867 51.6527 0
160.132 28.8338 0
160.134 42.5524 0
165.113 70.8854 1
16.3738 79.3388 1
137.075 24.2637 0
141.597 30.0854 0
146.726 25.1847 0
150.869 33.3528 0
160.13 33.4067 0
160.131 37.9798 0
160.134 47.128 0
146.288 39.2325 0
155.511 34.5558 0
164.727 25.3925 0
30.1632 56.3766 1
155.529 29.98 0
160.132 24.2693 0
160.134 51.7105 0
21.3135 24.8621 1
141.588 38.648 0
155.527 48.2738 0
155.565 62.0678 0
25.7454 74.8314 1
81.2934 70.246 0
146.252 57.5341 0
48.8623 19.9859 1
155.508 52.8558 0
58.0694 61.1186 0
81.8887 74.7677 0
30.5536 52.1374 1
30.3204 71.0187 1
136.986 28.8525 0
127.633 43.1955 0
164.761 75.7818 1
123.484 24.279 0
141.393 20.7306 0
164.642 20.8705 0
178.588 20.8773 0
155.632 20.9016 0
150.919 37.9677 0
155.503 57.4647 0
58.902 70.2907 0
58.4477 74.581 0
141.75 61.4798 0
150.903 56.2741 0
95.4042 75.1469 0
168.867 19.8192 0
86.0278 20.8471 0
155.927 66.353 1
26.3141 70.1552 1
63.0342 75.7496 0
86.2232 75.7645 0
49.4642 74.8188 0
99.9708 20.8981 0
63.1402 71.2238 0
150.936 60.9159 0
76.9248 20.1911 0
118.164 19.8688 0
146.353 62.2308 0
30.3657 20.5331 1
127.85 24.8471 0
168.884 79.2518 1
67.6261 74.5887 0
173.642 19.9171 0
77.118 74.7849 0
90.2474 19.8144 0
137.452 19.9697 0
151.354 19.9055 0
72.2148 75.7593 0
137.057 78.7588 1
160.132 19.7076 0
100.107 75.8528 0
109.55 20.6278 0
114.245 20.8029 0
53.8715 75.7655 0
141.122 70.9175 1
95.0186 19.9136 0
132.743 20.5644 0
58.4275 65.9856 0
173.669 79.2815 1
81.5441 19.5124 0
58.8459 51.8532 0
159.842 74.7982 1
90.7745 79.0885 0
146.343 20.2778 0
127.793 20.2118 0
76.4085 79.27 0
58.3894 79.1691 0
104.633 19.6171 0
67.6062 79.1609 0
48.8407 79.4591 0
122.836 19.7756 0
104.668 79.1088 0
44.4115 79.6175 1
160.621 79.3063 1
21.7241 19.8593 1
31.2398 80.0387 1
100.464 80.2265 0
26.4389 19.7748 1
178.937 79.9487 1
21.7059 79.9784 1
164.762 80.3551 1
81.1963 79.3776 0
63.0078 80.3179 0
26.7215 79.7914 1
40.0976 79.9173 1
95.6964 80.0785 0
53.7643 80.4067 0
72.1421 80.3302 0
187.756 15.5365 0
67.6149 69.9786 0
141.928 66.3721 0
30.9051 15.9791 1
63.1164 66.6558 0
164.742 16.3017 0
21.4194 43.1589 1
44.5025 16.287 1
113.956 16.4478 0
155.602 16.3368 0
169.363 15.6769 0
86.1258 80.3727 0
35.236 15.6949 1
53.7455 16.3577 0
72.1872 71.169 0
20.6272 29.4698 1
86.132 16.2641 0
72.7997 16.0377 0
26.0145 47.6637 1
141.703 16.3761 0
76.5548 70.1857 0
178.578 16.2294 0
31.1067 24.4226 1
100.054 16.2396 0
109.274 15.6928 0
146.676 66.5951 0
58.3922 15.707 0
94.9578 61.1464 0
99.9609 57.4821 0
77.042 15.6012 0
90.7614 15.6233 0
16.823 15.6167 1
12.3202 83.9712 1
118.527 15.6399 0
63.103 15.6807 0
82.0336 65.6658 0
160.159 15.0918 0
39.6118 15.4464 1
183.23 83.5773 1
151.28 65.841 0
49.1245 15.1085 1
6.7551 89.2598 1
31.0014 47.2465 1
155.466 70.6132 1
95.4223 14.9998 0
81.6374 14.8974 0
137.066 15.6938 0
173.933 15.0456 0
26.3597 24.4678 1
150.939 15.6433 0
169.278 83.5012 1
183.091 14.8655 0
132.397 15.7016 0
26.0661 15.5674 1
160.228 83.686 1
127.764 15.5785 0
72.1899 34.0227 0
104.594 74.5552 0
109.702 83.9189 0
76.8516 83.6453 0
68.0815 15.3641 0
67.6399 83.7583 0
35.2748 83.5497 1
58.42 83.775 0
146.307 15.0612 0
104.643 14.9273 0
123.139 14.8292 0
137.058 83.4631 1
90.6987 83.7093 0
132.393 84.2799 1
21.5156 14.8431 1
173.943 84.2063 1
156.133 79.6991 1
21.6256 84.3438 1
44.2374 84.0096 1
21.7323 38.2263 1
53.9639 29.7467 0
21.7349 33.5754 1
108.893 80.0119 0
30.6937 84.2891 1
39.5703 84.553 1
104.976 83.9816 0
164.798 84.8462 1
81.5447 84.3018 0
25.8027 84.6294 1
123.105 84.3239 0
63.3315 61.6852 0
49.1824 84.3634 0
154.845 75.1522 1
63.0352 84.9264 0
72.2572 84.9004 0
17.46 84.2097 1
155.296 84.5637 1
95.0428 84.6871 0
53.8684 85.0621 0
86.2115 85.0333 0
53.5787 38.5933 0
178.606 84.9264 1
99.7952 84.7155 0
127.747 85.0736 0
58.4018 47.781 0
67.7185 65.3384 0
150.967 84.426 1
141.553 79.6562 1
118.455 83.7108 0
141.694 84.2622 1
34.0342 38.5698 1
169.715 11.4517 0
145.534 70.7982 1
62.988 47.9938 0
53.1651 34.3119 0
146.617 84.7061 1
57.8021 39.3247 0
173.643 10.6523 0
95.3682 56.3807 0
178.212 11.2536 0
165.107 11.4128 0
25.5993 29.6829 1
187.084 10.8651 0
182.7 10.4774 0
118.18 79.8623 0
26.3486 42.7414 1
77.6162 65.9975 0
30.9139 29.0805 1
72.6123 66.2393 0
155.751 11.3569 0
100.29 11.2515 0
26.3038 38.1422 1
141.858 11.3616 0
173.919 88.7974 1
132.238 11.0461 0
169.345 88.0658 1
127.668 10.9256 0
11.8574 88.8528 1
160.479 10.6677 0
150.849 11.0097 0
136.902 11.0937 0
114.123 11.4244 0
123.431 10.405 0
146.512 10.5613 0
109.206 11.0054 0
86.4357 11.3278 0
119.097 10.994 0
35.4228 11.3286 1
72.5901 11.3402 0
104.877 10.5042 0
95.7487 10.5296 0
44.7522 11.3205 1
25.8819 10.9371 1
30.5006 11.0937 1
91.3598 10.9925 0
54.0365 11.3702 0
77.5151 10.9715 0
21.6712 10.3971 1
58.9932 11.0889 0
81.896 10.5172 0
68.0655 10.5896 0
40.081 10.7302 1
63.7046 10.9707 0
49.4094 10.6496 1
17.3984 10.9274 1
109.518 88.5343 0
137.251 88.4623 1
45.1097 88.8045 1
35.4424 88.4896 1
81.5695 61.3286 0
40.4303 88.8613 1
12.7205 11.1538 1
182.876 88.5045 1
150.507 70.915 1
25.4313 34.3403 1
68.0604 60.9787 0
77.1621 88.5457 0
187.817 88.7913 1
82.0905 88.8903 0
160.438 88.5737 1
142.258 88.8533 1
151.154 88.631 1
67.8802 88.6245 0
118.792 88.5505 0
58.6432 88.6465 0
95.9124 88.9009 0
91.0203 88.5928 0
123.71 88.8986 0
165.096 89.1552 1
114.187 89.2223 0
21.5718 88.5851 1
155.775 89.1693 1
49.7869 88.9596 0
132.339 88.895 0
16.6324 88.8164 1
72.5421 89.2414 0
54.125 89.3669 0
63.2859 89.2693 0
104.605 88.8479 0
30.5281 88.8544 1
146.68 89.2893 1
86.4943 89.3433 0
30.9716 42.6991 1
100.249 89.3351 0
26.1288 89.2433 1
128.05 89.4318 0
178.143 89.2193 1
192.097 10.7899 1
192.926 5.54685 1
67.7332 43.6511 0
192.422 88.9395 1
150.862 79.8394 1
150.67 75.3408 1
67.5923 56.8667 0
71.4126 38.6456 0
72.3987 61.3327 0
145.942 80.1735 1
109.253 75.5213 0
169.226 6.56888 0
188.078 6.10992 1
90.7002 57.6859 0
174.178 6.15983 0
6.00322 93.7752 1
183.437 6.08087 1
178.821 6.18265 0
122.289 6.15308 0
126.865 6.16682 0
150.065 6.19585 0
145.468 6.1913 0
57.5092 34.2838 0
103.741 6.18182 0
159.411 6.21979 0
108.346 6.19006 0
164.128 6.28812 0
94.4881 6.18916 0
131.509 6.20099 0
20.3069 6.16014 1
24.8917 6.16448 1
136.162 6.21933 0
99.1165 6.22017 0
10.9106 93.2111 1
196.779 89.4878 1
113.582 75.6323 0
80.577 6.19153 0
66.6841 6.20261 0
154.755 6.25527 0
140.845 6.2546 0
196.745 11.8056 1
117.714 6.25332 0
29.5457 6.20338 1
38.8591 6.20801 1
85.21 6.24021 0
48.1256 6.20687 1
113.044 6.26293 0
71.3149 6.24724 0
89.8942 6.25129 0
62.1037 6.2506 0
75.9937 6.25102 0
52.7771 6.24874 1
34.2253 6.24311 1
43.4913 6.23701 1
57.4696 6.26795 0
15.7329 6.25663 1
43.5833 93.0746 1
192.307 93.3035 1
169.019 92.8261 1
52.7829 93.198 0
75.9314 93.1824 0
173.944 93.1588 1
140.821 93.1812 1
117.631 93.178 0
57.3741 93.2188 0
112.977 93.2481 0
66.6403 93.2048 0
164.004 93.2083 1
131.453 93.2486 0
80.5943 93.1873 0
136.147 93.1426 1
159.344 93.1668 1
178.591 93.2546 1
187.875 93.1752 1
145.463 93.2551 1
154.691 93.24 1
183.255 93.1386 1
150.072 93.1936 1
94.4764 93.1898 0
89.8255 93.1882 0
122.281 93.1871 0
71.2855 93.253 0
38.9547 93.1411 1
85.2028 93.2723 0
62.0114 93.2619 0
108.329 93.1617 0
99.0622 93.2837 0
126.868 93.2991 0
103.647 93.2298 0
29.4738 93.2266 1
48.2259 93.1588 0
36.6243 96.51 1
34.255 93.1551 1
31.3622 96.2162 1
50.5181 96.4905 0
15.5218 93.2324 1
166.069 96.1911 1
24.8059 93.2453 1
20.1966 93.1947 1
13.0732 95.7944 1
29.7974 38.9819 1
76.9168 61.5371 0
17.2315 96.1898 1
73.1664 96.2073 0
26.5796 96.1828 1
114.932 96.2054 0
133.489 96.2022 1
63.8774 96.2097 0
128.842 96.2125 0
180.14 96.2123 1
77.8124 96.1967 0
156.718 96.2009 1
59.2316 96.2123 0
41.6358 96.1366 1
142.797 96.2058 1
68.5194 96.209 0
147.44 96.2054 1
110.277 96.1981 0
96.3593 96.2109 0
21.8742 96.1901 1
87.0844 96.2058 0
119.572 96.1936 0
82.448 96.2114 0
161.373 96.1902 1
138.145 96.1824 1
175.487 96.207 1
100.989 96.2084 0
11.117 6.45129 1
105.623 96.1895 0
152.078 96.1985 1
184.755 96.1976 1
91.723 96.1849 0
85.7318 52.2227 0
124.204 96.211 0
85.4383 47.3923 0
170.793 96.1735 1
189.235 96.2433 1
29.6709 34.1375 1
72.1078 56.6968 0
6.98482 7.65961 1
54.9705 95.7914 0
118.052 76.0801 0
45.7615 95.7907 1
62.4182 44.394 0
72.497 43.2959 0
85.9401 56.8367 0
81.496 51.933 0
76.5871 57.2019 0
192.87 96.3656 1
72.536 47.9286 0
81.0718 56.6231 0
80.6803 47.8415 0
76.8318 48.1804 0
90.5663 53.4771 0
71.3827 52.4701 0
76.8724 44.2097 0
196.849 7.1407 1
81.3169 43.2067 0
197.746 3.04142 1
76.9065 52.5567 0
85.5993 43.3797 0
0 0 1
200 100 1
0 100 1
200 0 1
0 63.6364 1
4.65116 63.6364 1
0 68.1818 1
4.65116 68.1818 1
0 72.7273 1
4.65116 72.7273 1
0 77.2727 1
4.65116 77.2727 1
0 81.8182 1
4.65116 81.8182 1
0 86.3636 1
4.65116 86.3636 1
0 90.9091 1
4.65116 90.9091 1
0 95.4545 1
4.65116 95.4545 1
4.65116 4.54545 1
4.65116 100 1
9.30233 4.54545 1
9.30233 0 1
9.30233 9.09091 1
9.30233 13.6364 1
9.30233 18.1818 1
9.30233 22.7273 1
9.30233 27.2727 1
9.30233 31.8182 1
9.30233 36.3636 1
9.30233 40.9091 1
9.30233 45.4545 1
9.30233 50 1
9.30233 54.5455 1
9.30233 59.0909 1
9.30233 63.6364 1
9.30233 68.1818 1
9.30233 72.7273 1
9.30233 77.2727 1
9.30233 81.8182 1
9.30233 86.3636 1
9.30233 90.9091 1
9.30233 95.4545 1
9.30233 100 1
13.9535 4.54545 1
13.9535 0 1
13.9535 9.09091 1
13.9535 13.6364 1
13.9535 18.1818 1
13.9535 22.7273 1
13.9535 27.2727 1
13.9535 31.8182 1
13.9535 36.3636 1
13.9535 40.9091 1
13.9535 45.4545 1
13.9535 50 1
13.9535 54.5455 1
13.9535 59.0909 1
13.9535 63.6364 1
13.9535 68.1818 1
13.9535 72.7273 1
13.9535 77.2727 1
13.9535 81.8182 1
13.9535 86.3636 1
13.9535 90.9091 1
13.9535 95.4545 1
13.9535 100 1
18.6047 4.54545 1
18.6047 0 1
18.6047 9.09091 1
18.6047 13.6364 1
18.6047 18.1818 1
18.6047 22.7273 1
18.6047 27.2727 1
18.6047 31.8182 1
18.6047 36.3636 1
18.6047 40.9091 1
18.6047 45.4545 1
18.6047 50 1
18.6047 54.5455 1
18.6047 59.0909 1
18.6047 63.6364 1
18.6047 68.1818 1
18.6047 72.7273 1
18.6047 77.2727 1
18.6047 81.8182 1
18.6047 86.3636 1
18.6047 90.9091 1
18.6047 95.4545 1
18.6047 100 1
23.2558 4.54545 1
23.2558 0 1
23.2558 9.09091 1
23.2558 13.6364 1
23.2558 18.1818 1
23.2558 22.7273 1
23.2558 27.2727 1
23.2558 31.8182 1
23.2558 36.3636 1
23.2558 40.9091 1
23.2558 45.4545 1
23.2558 50 1
23.2558 54.5455 1
23.2558 59.0909 1
23.2558 63.6364 1
23.2558 68.1818 1
23.2558 72.7273 1
23.2558 77.2727 1
23.2558 81.8182 1
23.2558 86.3636 1
23.2558 90.9091 1
23.2558 95.4545 1
23.2558 100 1
27.907 4.54545 1
27.907 0 1
27.907 9.09091 1
27.907 13.6364 1
27.907 18.1818 1
27.907 22.7273 1
27.907 27.2727 1
27.907 31.8182 1
27.907 36.3636 1
27.907 40.9091 1
27.907 45.4545 1
27.907 50 1
27.907 54.5455 1
27.907 59.0909 1
27.907 63.6364 1
27.907 68.1818 1
27.907 72.7273 1
27.907 77.2727 1
27.907 81.8182 1
27.907 86.3636 1
27.907 90.9091 1
27.907 95.4545 1
27.907 100 1
32.5581 4.54545 1
32.5581 0 1
32.5581 9.09091 1
32.5581 13.6364 1
32.5581 18.1818 1
32.5581 22.7273 1
32.5581 27.2727 1
32.5581 31.8182 1
32.5581 36.3636 1
32.5581 40.9091 1
32.5581 45.4545 1
32.5581 50 1
32.5581 54.5455 1
32.5581 59.0909 1
32.5581 63.6364 1
32.5581 68.1818 1
32.5581 72.7273 1
32.5581 77.2727 1
32.5581 81.8182 1
32.5581 86.3636 1
32.5581 90.9091 1
32.5581 95.4545 1
32.5581 100 1
37.2093 4.54545 1
37.2093 0 1
37.2093 9.09091 1
37.2093 13.6364 1
37.2093 18.1818 1
37.2093 22.7273 1
37.2093 27.2727 1
37.2093 31.8182 1
37.2093 36.3636 1
37.2093 40.9091 1
37.2093 45.4545 1
37.2093 50 1
37.2093 54.5455 1
37.2093 59.0909 1
37.2093 63.6364 1
37.2093 68.1818 1
37.2093 72.7273 1
37.2093 77.2727 1
37.2093 81.8182 1
37.2093 86.3636 1
37.2093 90.9091 1
37.2093 95.4545 1
37.2093 100 1
41.8605 4.54545 1
41.8605 0 1
41.8605 9.09091 1
41.8605 13.6364 1
41.8605 18.1818 1
41.8605 22.7273 1
41.8605 27.2727 1
41.8605 31.8182 1
41.8605 36.3636 1
41.8605 40.9091 1
41.8605 45.4545 1
41.8605 50 1
41.8605 54.5455 1
41.8605 59.0909 1
41.8605 63.6364 1
41.8605 68.1818 1
41.8605 72.7273 1
41.8605 77.2727 1
41.8605 81.8182 1
41.8605 86.3636 1
41.8605 90.9091 1
41.8605 95.4545 1
41.8605 100 1
46.5116 4.54545 1
46.5116 0 1
46.5116 9.09091 1
46.5116 13.6364 1
46.5116 18.1818 1
46.5116 22.7273 1
46.5116 27.2727 1
46.5116 31.8182 1
46.5116 36.3636 1
46.5116 40.9091 1
46.5116 45.4545 1
46.5116 50 1
46.5116 54.5455 1
46.5116 59.0909 1
46.5116 63.6364 1
46.5116 68.1818 1
46.5116 72.7273 1
46.5116 77.2727 1
46.5116 81.8182 1
46.5116 86.3636 0
46.5116 90.9091 1
46.5116 95.4545 1
46.5116 100 1
51.1628 4.54545 1
51.1628 0 1
51.1628 9.09091 1
51.1628 13.6364 1
51.1628 18.1818 1
51.1628 22.7273 1
51.1628 27.2727 1
51.1628 31.8182 1
51.1628 36.3636 1
51.1628 40.9091 1
51.1628 45.4545 0
51.1628 50 0
51.1628 54.5455 0
51.1628 59.0909 1
51.1628 63.6364 1
51.1628 68.1818 1
51.1628 72.7273 0
51.1628 77.2727 0
51.1628 81.8182 0
51.1628 86.3636 0
51.1628 90.9091 0
51.1628 95.4545 0
51.1628 100 0
55.814 4.54545 0
55.814 0 0
55.814 9.09091 0
55.814 13.6364 0
55.814 18.1818 0
55.814 22.7273 0
55.814 27.2727 0
55.814 31.8182 0
55.814 36.3636 0
55.814 40.9091 0
55.814 45.4545 0
55.814 50 0
55.814 54.5455 0
55.814 59.0909 0
55.814 63.6364 0
55.814 68.1818 0
55.814 72.7273 0
55.814 77.2727 0
55.814 81.8182 0
55.814 86.3636 0
55.814 90.9091 0
55.814 95.4545 0
55.814 100 0
60.4651 4.54545 0
60.4651 0 0
60.4651 9.09091 0
60.4651 13.6364 0
60.4651 18.1818 0
60.4651 22.7273 0
60.4651 27.2727 0
60.4651 31.8182 0
60.4651 36.3636 0
60.4651 40.9091 0
60.4651 45.4545 0
60.4651 50 0
60.4651 54.5455 0
60.4651 59.0909 0
60.4651 63.6364 0
60.4651 68.1818 0
60.4651 72.7273 0
60.4651 77.2727 0
60.4651 81.8182 0
60.4651 86.3636 0
60.4651 90.9091 0
60.4651 95.4545 0
60.4651 100 0
65.1163 4.54545 0
65.1163 0 0
65.1163 9.09091 0
65.1163 13.6364 0
65.1163 18.1818 0
65.1163 22.7273 0
65.1163 27.2727 0
65.1163 31.8182 0
65.1163 36.3636 0
65.1163 40.9091 0
65.1163 45.4545 0
65.1163 50 0
65.1163 54.5455 0
65.1163 59.0909 0
65.1163 63.6364 0
65.1163 68.1818 0
65.1163 72.7273 0
65.1163 77.2727 0
65.1163 81.8182 0
65.1163 86.3636 0
65.1163 90.9091 0
65.1163 95.4545 0
65.1163 100 0
69.7674 4.54545 0
69.7674 0 0
69.7674 9.09091 0
69.7674 13.6364 0
69.7674 18.1818 0
69.7674 22.7273 0
69.7674 27.2727 0
69.7674 31.8182 0
69.7674 36.3636 0
69.7674 40.9091 0
69.7674 45.4545 0
69.7674 50 0
69.7674 54.5455 0
69.7674 59.0909 0
69.7674 63.6364 0
69.7674 68.1818 0
69.7674 72.7273 0
69.7674 77.2727 0
69.7674 81.8182 0
69.7674 86.3636 0
69.7674 90.9091 0
69.7674 95.4545 0
69.7674 100 0
74.4186 4.54545 0
74.4186 0 0
74.4186 9.09091 0
74.4186 13.6364 0
74.4186 18.1818 0
74.4186 22.7273 0
74.4186 27.2727 0
74.4186 31.8182 0
74.4186 36.3636 0
74.4186 40.9091 0
74.4186 45.4545 0
74.4186 50 0
74.4186 54.5455 0
74.4186 59.0909 0
74.4186 63.6364 0
74.4186 68.1818 0
74.4186 72.7273 0
74.4186 77.2727 0
74.4186 81.8182 0
74.4186 86.3636 0
74.4186 90.9091 0
74.4186 95.4545 0
74.4186 100 0
79.0698 4.54545 0
79.0698 0 0
79.0698 9.09091 0
79.0698 13.6364 0
79.0698 18.1818 0
79.0698 22.7273 0
79.0698 27.2727 0
79.0698 31.8182 0
79.0698 36.3636 0
79.0698 40.9091 0
79.0698 45.4545 0
79.0698 50 0
79.0698 54.5455 0
79.0698 59.0909 0
79.0698 63.6364 0
79.0698 68.1818 0
79.0698 72.7273 0
79.0698 77.2727 0
79.0698 81.8182 0
79.0698 86.3636 0
79.0698 90.9091 0
79.0698 95.4545 0
79.0698 100 0
83.7209 4.54545 0
83.7209 0 0
83.7209 9.09091 0
83.7209 13.6364 0
83.7209 18.1818 0
83.7209 22.7273 0
83.7209 27.2727 0
83.7209 31.8182 0
83.7209 36.3636 0
83.7209 40.9091 0
83.7209 45.4545 0
83.7209 50 0
83.7209 54.5455 0
83.7209 59.0909 0
83.7209 63.6364 0
83.7209 68.1818 0
83.7209 72.7273 0
83.7209 77.2727 0
83.7209 81.8182 0
83.7209 86.3636 0
83.7209 90.9091 0
83.7209 95.4545 0
83.7209 100 0
88.3721 4.54545 0
88.3721 0 0
88.3721 9.09091 0
88.3721 13.6364 0
88.3721 18.1818 0
88.3721 22.7273 0
88.3721 27.2727 0
88.3721 31.8182 0
88.3721 36.3636 0
88.3721 40.9091 0
88.3721 45.4545 0
88.3721 50 0
88.3721 54.5455 0
88.3721 59.0909 0
88.3721 63.6364 0
88.3721 68.1818 0
88.3721 72.7273 0
88.3721 77.2727 0
88.3721 81.8182 0
88.3721 86.3636 0
88.3721 90.9091 0
88.3721 95.4545 0
88.3721 100 0
93.0233 4.54545 0
93.0233 0 0
93.0233 9.09091 0
93.0233 13.6364 0
93.0233 18.1818 0
93.0233 22.7273 0
93.0233 27.2727 0
93.0233 31.8182 0
93.0233 36.3636 0
93.0233 40.9091 0
93.0233 45.4545 0
93.0233 50 0
93.0233 54.5455 0
93.0233 59.0909 0
93.0233 63.6364 0
93.0233 68.1818 0
93.0233 72.7273 0
93.0233 77.2727 0
93.0233 81.8182 0
93.0233 86.3636 0
93.0233 90.9091 0
93.0233 95.4545 0
93.0233 100 0
97.6744 4.54545 0
97.6744 0 0
97.6744 9.09091 0
97.6744 13.6364 0
97.6744 18.1818 0
97.6744 22.7273 0
97.6744 27.2727 0
97.6744 31.8182 0
97.6744 36.3636 0
97.6744 40.9091 0
97.6744 45.4545 0
97.6744 50 0
97.6744 54.5455 0
97.6744 59.0909 0
97.6744 63.6364 0
97.6744 68.1818 0
97.6744 72.7273 0
97.6744 77.2727 0
97.6744 81.8182 0
97.6744 86.3636 0
97.6744 90.9091 0
97.6744 95.4545 0
97.6744 100 0
102.326 4.54545 0
102.326 0 0
102.326 9.09091 0
102.326 13.6364 0
102.326 18.1818 0
102.326 22.7273 0
102.326 27.2727 0
102.326 31.8182 0
102.326 36.3636 0
102.326 40.9091 0
102.326 45.4545 0
102.326 50 0
102.326 54.5455 0
102.326 59.0909 0
102.326 63.6364 0
102.326 68.1818 0
102.326 72.7273 0
102.326 77.2727 0
102.326 81.8182 0
102.326 86.3636 0
102.326 90.9091 0
102.326 95.4545 0
102.326 100 0
106.977 4.54545 0
106.977 0 0
106.977 9.09091 0
106.977 13.6364 0
106.977 18.1818 0
106.977 22.7273 0
106.977 27.2727 0
106.977 31.8182 0
106.977 36.3636 0
106.977 40.9091 0
106.977 45.4545 0
106.977 50 0
106.977 54.5455 0
106.977 59.0909 0
106.977 63.6364 0
106.977 68.1818 0
106.977 72.7273 0
106.977 77.2727 0
106.977 81.8182 0
106.977 86.3636 0
106.977 90.9091 0
106.977 95.4545 0
106.977 100 0
111.628 4.54545 0
111.628 0 0
111.628 9.09091 0
111.628 13.6364 0
111.628 18.1818 0
111.628 22.7273 0
111.628 27.2727 0
111.628 31.8182 0
111.628 36.3636 0
111.628 40.9091 0
111.628 45.4545 0
111.628 50 0
111.628 54.5455 0
111.628 59.0909 0
111.628 63.6364 0
111.628 68.1818 0
111.628 72.7273 0
111.628 77.2727 0
111.628 81.8182 0
111.628 86.3636 0
111.628 90.9091 0
111.628 95.4545 0
111.628 100 0
116.279 4.54545 0
116.279 0 0
116.279 9.09091 0
116.279 13.6364 0
116.279 18.1818 0
116.279 22.7273 0
116.279 27.2727 0
116.279 31.8182 0
116.279 36.3636 0
116.279 40.9091 0
116.279 45.4545 0
116.279 50 0
116.279 54.5455 0
116.279 59.0909 0
116.279 63.6364 0
116.279 68.1818 0
116.279 72.7273 0
116.279 77.2727 0
116.279 81.8182 0
116.279 86.3636 0
116.279 90.9091 0
116.279 95.4545 0
116.279 100 0
120.93 4.54545 0
120.93 0 0
120.93 9.09091 0
120.93 13.6364 0
120.93 18.1818 0
120.93 22.7273 0
120.93 27.2727 0
120.93 31.8182 0
120.93 36.3636 0
120.93 40.9091 0
120.93 45.4545 0
120.93 50 0
120.93 54.5455 0
120.93 59.0909 0
120.93 63.6364 0
120.93 68.1818 0
120.93 72.7273 0
120.93 77.2727 0
120.93 81.8182 0
120.93 86.3636 0
120.93 90.9091 0
120.93 95.4545 0
120.93 100 0
125.581 4.54545 0
125.581 0 0
125.581 9.09091 0
125.581 13.6364 0
125.581 18.1818 0
125.581 22.7273 0
125.581 27.2727 0
125.581 31.8182 0
125.581 36.3636 0
125.581 40.9091 0
125.581 45.4545 0
125.581 50 0
125.581 54.5455 0
125.581 59.0909 0
125.581 63.6364 0
125.581 68.1818 0
125.581 72.7273 0
125.581 77.2727 0
125.581 81.8182 0
125.581 86.3636 0
125.581 90.9091 0
125.581 95.4545 0
125.581 100 0
130.233 4.54545 0
130.233 0 0
130.233 9.09091 0
130.233 13.6364 0
130.233 18.1818 0
130.233 22.7273 0
130.233 27.2727 0
130.233 31.8182 0
130.233 36.3636 0
130.233 40.9091 0
130.233 45.4545 0
130.233 50 0
130.233 54.5455 0
130.233 59.0909 0
130.233 63.6364 0
130.233 68.1818 0
130.233 72.7273 0
130.233 77.2727 0
130.233 81.8182 0
130.233 86.3636 0
130.233 90.9091 0
130.233 95.4545 0
130.233 100 1
134.884 4.54545 0
134.884 0 0
134.884 9.09091 0
134.884 13.6364 0
134.884 18.1818 0
134.884 22.7273 0
134.884 27.2727 0
134.884 31.8182 0
134.884 36.3636 0
134.884 40.9091 0
134.884 45.4545 0
134.884 50 0
134.884 54.5455 0
134.884 59.0909 0
134.884 63.6364 0
134.884 68.1818 0
134.884 72.7273 1
134.884 77.2727 1
134.884 81.8182 1
134.884 86.3636 1
134.884 90.9091 1
134.884 95.4545 1
134.884 100 1
139.535 4.54545 0
139.535 0 0
139.535 9.09091 0
139.535 13.6364 0
139.535 18.1818 0
139.535 22.7273 0
139.535 27.2727 0
139.535 31.8182 0
139.535 36.3636 0
139.535 40.9091 0
139.535 45.4545 0
139.535 50 0
139.535 54.5455 0
139.535 59.0909 0
139.535 63.6364 0
139.535 68.1818 0
139.535 72.7273 1
139.535 77.2727 1
139.535 81.8182 1
139.535 86.3636 1
139.535 90.9091 1
139.535 95.4545 1
139.535 100 1
144.186 4.54545 0
144.186 0 0
144.186 9.09091 0
144.186 13.6364 0
144.186 18.1818 0
144.186 22.7273 0
144.186 27.2727 0
144.186 31.8182 0
144.186 36.3636 0
144.186 40.9091 0
144.186 45.4545 0
144.186 50 0
144.186 54.5455 0
144.186 59.0909 0
144.186 63.6364 0
144.186 68.1818 0
144.186 72.7273 1
144.186 77.2727 1
144.186 81.8182 1
144.186 86.3636 1
144.186 90.9091 1
144.186 95.4545 1
144.186 100 1
148.837 4.54545 0
148.837 0 0
148.837 9.09091 0
148.837 13.6364 0
148.837 18.1818 0
148.837 22.7273 0
148.837 27.2727 0
148.837 31.8182 0
148.837 36.3636 0
148.837 40.9091 0
148.837 45.4545 0
148.837 50 0
148.837 54.5455 0
148.837 59.0909 0
148.837 63.6364 0
148.837 68.1818 0
148.837 72.7273 1
148.837 77.2727 1
148.837 81.8182 1
148.837 86.3636 1
148.837 90.9091 1
148.837 95.4545 1
148.837 100 1
153.488 4.54545 0
153.488 0 0
153.488 9.09091 0
153.488 13.6364 0
153.488 18.1818 0
153.488 22.7273 0
153.488 27.2727 0
153.488 31.8182 0
153.488 36.3636 0
153.488 40.9091 0
153.488 45.4545 0
153.488 50 0
153.488 54.5455 0
153.488 59.0909 0
153.488 63.6364 0
153.488 68.1818 1
153.488 72.7273 1
153.488 77.2727 1
153.488 81.8182 1
153.488 86.3636 1
153.488 90.9091 1
153.488 95.4545 1
153.488 100 1
158.14 4.54545 0
158.14 0 0
158.14 9.09091 0
158.14 13.6364 0
158.14 18.1818 0
158.14 22.7273 0
158.14 27.2727 0
158.14 31.8182 0
158.14 36.3636 0
158.14 40.9091 0
158.14 45.4545 0
158.14 50 0
158.14 54.5455 0
158.14 59.0909 0
158.14 63.6364 1
158.14 68.1818 1
158.14 72.7273 1
158.14 77.2727 1
158.14 81.8182 1
158.14 86.3636 1
158.14 90.9091 1
158.14 95.4545 1
158.14 100 1
162.791 4.54545 0
162.791 0 0
162.791 9.09091 0
162.791 13.6364 0
162.791 18.1818 0
162.791 22.7273 0
162.791 27.2727 0
162.791 31.8182 0
162.791 36.3636 0
162.791 40.9091 0
162.791 45.4545 0
162.791 50 0
162.791 54.5455 0
162.791 59.0909 1
162.791 63.6364 1
162.791 68.1818 1
162.791 72.7273 1
162.791 77.2727 1
162.791 81.8182 1
162.791 86.3636 1
162.791 90.9091 1
162.791 95.4545 1
162.791 100 1
167.442 4.54545 0
167.442 0 0
167.442 9.09091 0
167.442 13.6364 0
167.442 18.1818 0
167.442 22.7273 0
167.442 27.2727 0
167.442 31.8182 0
167.442 36.3636 0
167.442 40.9091 0
167.442 45.4545 0
167.442 50 0
167.442 54.5455 1
167.442 59.0909 1
167.442 63.6364 1
167.442 68.1818 1
167.442 72.7273 1
167.442 77.2727 1
167.442 81.8182 1
167.442 86.3636 1
167.442 90.9091 1
167.442 95.4545 1
167.442 100 1
172.093 4.54545 0
172.093 0 0
172.093 9.09091 0
172.093 13.6364 0
172.093 18.1818 0
172.093 22.7273 0
172.093 27.2727 0
172.093 31.8182 0
172.093 36.3636 0
172.093 40.9091 0
172.093 45.4545 0
172.093 50 1
172.093 54.5455 1
172.093 59.0909 1
172.093 63.6364 1
172.093 68.1818 1
172.093 72.7273 1
172.093 77.2727 1
172.093 81.8182 1
172.093 86.3636 1
172.093 90.9091 1
172.093 95.4545 1
172.093 100 1
176.744 4.54545 0
176.744 0 1
176.744 9.09091 0
176.744 13.6364 0
176.744 18.1818 0
176.744 22.7273 0
176.744 27.2727 0
176.744 31.8182 0
176.744 36.3636 0
176.744 40.9091 0
176.744 45.4545 1
176.744 50 1
176.744 54.5455 1
176.744 59.0909 1
176.744 63.6364 1
176.744 68.1818 1
176.744 72.7273 1
176.744 77.2727 1
176.744 81.8182 1
176.744 86.3636 1
176.744 90.9091 1
176.744 95.4545 1
176.744 100 1
181.395 4.54545 1
181.395 0 1
181.395 9.09091 1
181.395 13.6364 0
181.395 18.1818 0
181.395 22.7273 0
181.395 27.2727 0
181.395 31.8182 1
181.395 36.3636 1
181.395 40.9091 1
181.395 45.4545 1
181.395 50 1
181.395 54.5455 1
181.395 59.0909 1
181.395 63.6364 1
181.395 68.1818 1
181.395 72.7273 1
181.395 77.2727 1
181.395 81.8182 1
181.395 86.3636 1
181.395 90.9091 1
181.395 95.4545 1
181.395 100 1
186.047 4.54545 1
186.047 0 1
186.047 9.09091 1
186.047 13.6364 1
186.047 18.1818 1
186.047 22.7273 1
186.047 27.2727 1
186.047 31.8182 1
186.047 36.3636 1
186.047 40.9091 1
186.047 45.4545 1
186.047 50 1
186.047 54.5455 1
186.047 59.0909 1
186.047 63.6364 1
186.047 68.1818 1
186.047 72.7273 1
186.047 77.2727 1
186.047 81.8182 1
186.047 86.3636 1
186.047 90.9091 1
186.047 95.4545 1
186.047 100 1
190.698 4.54545 1
190.698 0 1
190.698 9.09091 1
190.698 13.6364 1
190.698 18.1818 1
190.698 22.7273 1
190.698 27.2727 1
190.698 31.8182 1
190.698 36.3636 1
190.698 40.9091 1
190.698 45.4545 1
190.698 50 1
190.698 54.5455 1
190.698 59.0909 1
190.698 63.6364 1
190.698 68.1818 1
190.698 72.7273 1
190.698 77.2727 1
190.698 81.8182 1
190.698 86.3636 1
190.698 90.9091 1
190.698 95.4545 1
190.698 100 1
195.349 4.54545 1
195.349 0 1
195.349 9.09091 1
195.349 13.6364 1
195.349 18.1818 1
195.349 22.7273 1
195.349 27.2727 1
195.349 31.8182 1
195.349 36.3636 1
195.349 40.9091 1
195.349 45.4545 1
195.349 50 1
195.349 54.5455 1
195.349 59.0909 1
195.349 63.6364 1
195.349 68.1818 1
195.349 72.7273 1
195.349 77.2727 1
195.349 81.8182 1
195.349 86.3636 1
195.349 90.9091 1
195.349 95.4545 1
195.349 100 1
200 4.54545 1
4.65116 0 1
200 9.09091 1
200 13.6364 1
200 18.1818 1
200 22.7273 1
200 27.2727 1
200 31.8182 1
200 36.3636 1
200 40.9091 1
200 45.4545 1
200 50 1
200 54.5455 1
200 59.0909 1
200 63.6364 1
200 68.1818 1
200 72.7273 1
200 77.2727 1
200 81.8182 1
200 86.3636 1
200 90.9091 1
200 95.4545 1
0 4.54545 1
0 9.09091 1
0 13.6364 1
4.65116 13.6364 1
4.65116 9.09091 1
0 18.1818 1
4.65116 18.1818 1
0 22.7273 1
4.65116 22.7273 1
0 27.2727 1
4.65116 27.2727 1
0 31.8182 1
4.65116 31.8182 1
0 36.3636 1
4.65116 36.3636 1
0 40.9091 1
4.65116 40.9091 1
0 45.4545 1
4.65116 45.4545 1
0 50 1
4.65116 50 1
0 54.5455 1
4.65116 54.5455 1
0 59.0909 1
4.65116 59.0909 1
