96.4 2 0
97.8 0.9 0
103 1.25 0
104 97.3 4
102 98.6 4
97.6 99.3 4
197 1.18 4
16.3 13.1 0
2.45 0.825 0
17.5 0.625 0
17.5 14.4 0
19.4 7.5 0
4.05 1.98 0
18.1 26.3 0
18.1 28.8 0
16.3 43.1 0
19.4 27.5 0
17.5 44.4 0
17.5 15.6 0
19.4 37.5 0
16.3 46.9 0
18.1 48.8 0
16.3 68.1 0
17.5 45.6 0
19.4 47.5 0
17.5 69.4 0
16.3 98.1 4
2.48 98.8 4
17.5 99.4 4
17.5 70.6 0
4.35 98.1 4
48.8 7.5 0
21.3 7.5 0
21.9 28.8 0
47.8 39.2 0
21.3 37.5 0
48.7 37.5 0
22.3 36 0
49.4 27.5 0
20.6 27.5 0
48.1 28.8 0
48.1 48.8 0
21.9 48.8 0
49.4 47.5 0
20.6 47.5 0
87.8 5.85 0
87.8 9.15 0
88.7 7.5 0
51.2 7.5 0
87.8 39.2 4
88.7 37.5 4
51.2 37.5 0
50.6 27.5 0
89.4 27.5 4
88.1 28.8 4
51.9 48.8 0
50.6 47.5 0
89.4 47.5 4
121 13.1 4
91.9 6.1 0
93 1.1 0
91.7 2.35 0
123 0.625 0
124 7.5 4
90.8 7.5 0
123 14.4 4
123 9.38 4
124 9.38 4
123 26.3 4
123 28.8 4
121 43.1 4
91.9 26.3 4
91.9 28.8 4
91.3 37.5 4
92.3 36 4
124 27.5 4
123 44.4 4
90.6 27.5 4
123 15.6 4
124 37.5 4
123 25 4
121 46.9 4
123 48.8 4
91.9 48.8 4
121 68.1 4
123 45.6 4
124 47.5 4
90.6 47.5 4
123 69.4 4
121 98.1 1
91.6 97.8 4
92.9 99 4
123 99.4 1
123 70.6 4
127 8.9 4
159 7.5 4
126 7.5 4
126 37.5 4
159 37.5 4
127 39.1 4
158 39.1 4
159 27.5 4
126 27.5 4
127 48.8 4
159 47.5 4
126 47.5 4
162 5.88 4
161 7.5 4
161 37.5 4
161 27.5 4
162 48.8 4
161 47.5 4
196 97.3 4
198 98.8 4
8.83 2.1 0
7.3 1.15 0
9.1 98.3 4
7.58 99.3 4
0.925 13 0
13.2 2.2 0
2.53 14.2 0
11.9 0.95 0
4.23 13 0
18.8 19.7 0
2.5 16.3 0
2.53 44.2 0
19.4 22.4 0
19.4 17.8 0
18.1 58.8 0
18.1 60 0
2.5 68.8 0
2.5 45.6 0
19.4 57.5 0
18.1 88.8 4
2.5 71.3 0
13.2 97.8 4
11.9 99 4
19.4 87.5 4
19.4 72.8 0
19.4 77.4 0
17.5 75.5 0
18.8 75.5 0
29.6 1.93 0
30.8 13.1 0
41.6 13 0
26.2 2.1 0
27.8 1.15 0
45.3 13.3 0
47 14.1 0
43.1 0.875 0
32.5 14.2 0
47.2 0.8 0
42.9 14.2 0
45.6 1.68 0
30.8 43.1 0
22 23.4 0
46 16.9 0
48.1 19 0
41.6 43 0
34.2 17.2 0
32.6 16.3 0
45.2 43.4 0
21.7 19.8 0
47 44.2 0
49.4 22.4 0
32.5 44.2 0
49.4 17.8 0
47.2 15.6 0
20.9 18.1 0
20.8 22.2 0
42.7 15.6 0
42.8 44.2 0
48.1 21.1 0
43.9 16.9 0
45.4 47.5 0
45.4 46.3 0
41.6 68 4
32.9 67.5 0
22.6 57.1 0
21.1 58.2 0
48.7 57.4 4
45.2 68.3 4
31.9 68.9 0
46.9 69.1 4
32.5 45.6 0
47.2 45.6 0
42.8 69.2 4
42.7 45.6 0
46 71.9 4
48.1 74 4
22 78.4 0
41.6 98 4
32.9 97.5 4
22.6 87.1 0
21.1 88.2 0
31.9 98.9 4
48.7 87.4 4
45.2 98.3 4
21.7 74.8 0
32.6 71.3 0
49.4 72.8 4
47.2 70.6 4
46.9 99.1 4
20.9 73.1 0
42.7 70.6 4
49.4 77.4 4
42.8 99.2 4
20.8 77.2 0
43.9 71.9 4
48.1 76.1 4
34.2 72.2 0
69.2 1.93 0
70.4 13.1 0
58.2 12.9 0
81.6 13 0
73.8 12.9 0
84.4 1.63 0
85.2 13.4 0
55.2 13.4 0
72.2 13.9 0
67.6 0.775 0
57 0.85 0
87 14.2 0
57 14.2 0
87 0.85 0
82.8 0.775 0
52.8 0.775 0
52.8 14.2 0
82.8 14.2 0
55.2 1.63 0
70.7 17.6 0
70.8 43.1 4
58.2 42.9 0
88.1 19 4
56 16.9 0
86 16.9 0
51.9 19 0
81.6 43 4
74.2 17.2 0
72.6 16.3 0
85.2 43.4 4
55.2 43.4 0
50.6 22.4 0
57 44.2 0
87 44.2 4
72.5 44.2 4
89.4 22.4 4
87.2 15.6 0
57.2 15.6 0
50.6 17.8 0
89.4 17.8 4
52.8 44.2 0
52.7 15.6 0
82.7 15.6 0
82.8 44.2 4
88.1 21.1 4
53.9 16.9 0
83.9 16.9 0
51.9 21.1 0
52.5 59.4 4
52 55.7 4
85.4 46.3 4
85.4 47.5 4
81.6 68 4
58.2 67.9 4
72.9 67.5 4
85.2 68.3 4
55.2 68.3 4
51.2 57.4 4
88.7 57.4 4
71.9 68.9 4
86.9 69.1 4
56.9 69.1 4
72.5 45.6 4
57.2 45.6 0
87.2 45.6 4
52.8 69.2 4
82.8 69.2 4
52.7 45.6 0
82.7 45.6 4
57.2 48.1 0
58.5 46.9 4
73.7 46.9 4
54.5 47.5 0
54.5 46.3 0
87.5 89.4 4
70.7 72.6 4
52.5 89.4 4
88.1 74 4
86 71.9 4
51.9 74 4
81.6 98 4
58.2 97.9 4
72.9 97.5 4
71.9 98.9 4
55.2 98.3 4
85.2 98.3 4
51.2 87.4 4
88.7 87.4 4
72.6 71.3 4
50.6 72.8 4
87.2 70.6 4
57.2 70.6 4
89.4 72.8 4
56.9 99.1 4
86.9 99.1 4
50.6 77.4 4
89.4 77.4 4
52.7 70.6 4
82.7 70.6 4
52.8 99.2 4
82.8 99.2 4
83.9 71.9 4
53.9 71.9 4
51.9 76.1 4
88.1 76.1 4
55.2 71.9 4
87.9 85.8 4
114 2.13 0
112 1.18 0
92 23.4 4
123 19.7 4
124 19.7 4
91.7 19.8 4
90.9 18.1 4
90.8 22.2 4
124 22.4 4
124 17.8 4
123 58.8 4
91.9 56.7 4
91 58.2 4
124 57.5 4
123 88.8 0
92 78.4 4
124 74.7 4
123 74.7 4
113 96.8 0
114 98.2 0
91.9 86.7 4
91.7 74.8 4
91 88.2 4
90.9 73.1 4
124 87.5 0
90.8 77.2 4
112 99.1 0
124 72.8 4
124 77.4 4
146 2.2 4
137 12.7 4
137 2.25 4
138 14.1 4
138 0.95 4
147 0.85 4
147 14.1 4
136 43 4
149 43 4
139 17.5 4
146 17.5 4
158 23.4 4
127 23.4 4
158 19.8 4
127 19.8 4
138 16.3 4
147 16.3 4
138 44.2 4
147 44.2 4
159 18.1 4
126 18.1 4
159 22.2 4
126 22.2 4
139 67.3 4
146 67.5 4
146 46.3 4
140 46.3 4
146 47.5 4
140 47.5 4
158 56.7 4
127 56.7 4
137 68.6 4
126 58.2 4
148 68.8 4
159 58.2 4
138 45.6 4
147 45.6 4
138 48.1 4
136 47.5 4
136 46.3 4
146 72.5 4
139 97.3 1
139 72.5 4
146 97.5 1
158 78.4 0
127 78.4 4
148 98.8 1
158 86.7 1
127 86.7 0
137 98.6 1
158 74.8 0
126 88.2 0
127 74.8 4
147 71.3 4
138 71.3 4
159 88.2 1
159 73.1 0
126 73.1 4
159 77.2 0
126 77.2 4
191 13 4
189 1.98 4
168 12.9 4
168 2.05 4
186 2.03 4
176 2.1 4
165 1.68 4
165 13.3 4
178 1.15 4
188 1.15 4
167 14.1 4
163 0.875 4
163 14.2 4
167 0.8 4
193 14.2 4
194 17.5 4
168 42.9 4
166 16.9 4
162 19 4
165 43.4 4
193 16.3 4
167 44.2 4
161 22.4 4
161 17.8 4
167 15.6 4
163 44.2 4
163 15.6 4
193 44.2 4
164 16.9 4
162 21.1 4
191 47.5 4
191 46.3 4
194 46.9 4
162 55.7 4
168 67.9 4
165 68.3 4
161 57.4 4
193 67.7 4
167 69.1 4
167 45.6 4
163 69.2 4
192 69.1 4
163 45.6 4
193 45.6 4
193 48.1 4
165 47.5 4
165 46.3 4
194 72.5 4
162 74 0
162 85.7 0
168 97.9 1
182 98.6 0
165 98.3 1
161 87.4 1
193 71.3 4
161 72.8 0
167 70.6 4
167 99.1 1
163 70.6 4
161 77.4 0
163 99.2 1
164 71.9 4
162 76.1 0
165 71.9 4
17.5 10.3 0
18.8 10.3 0
11.8 14.1 0
19.4 12.2 0
9.75 42.9 0
10.1 17.2 0
17.5 40.3 0
18.8 40.3 0
11.8 44.1 0
11.9 15.9 0
19.4 42.2 0
9.35 66.7 0
9.65 46.9 0
10.9 46.9 0
13.1 67.8 0
17.5 65.3 0
18.8 65.3 0
12.2 45.6 0
9.93 68.3 0
11.8 69 0
19.4 67.2 0
10.1 72.2 0
17.5 95.3 4
18.8 95.3 4
11.9 70.9 0
19.4 97.2 4
37.9 2.35 0
34.8 1.88 0
36.7 1.1 0
21 11.9 0
23.2 14.1 0
49.1 11.9 0
47.9 10.1 0
22.3 9.98 0
33.6 25.7 0
36.1 27 0
38.5 23.1 0
38.6 27 0
34.9 27 0
39.9 27 0
24.9 17.2 0
21 41.9 0
23.2 44.1 0
49.1 42 0
37.4 25.7 0
37.2 24.3 0
23.1 15.9 0
35.5 23.1 0
33.8 23.9 0
22.3 40 0
37.4 28.2 0
24.5 67.8 0
22.3 65.5 0
47.8 65.1 4
24.7 46.3 0
24.7 47.5 0
49.1 66.9 4
22.9 45.6 0
23 69.2 0
20.8 67 0
24.5 97.8 4
22.3 95.5 4
24.9 72.2 0
49.1 96.9 4
23.1 70.9 0
23 99.2 4
20.8 97 4
47.8 95.1 4
62.1 12.7 0
65.2 13.1 0
63.3 13.9 0
76.8 0.95 0
89.1 12 0
50.8 12 0
52 10.2 0
76.2 26.9 4
78.6 23 0
78.7 26.9 4
80 26.9 4
63.2 44.1 4
89.1 42 4
77.5 25.7 4
77.3 24.2 0
63.1 15.9 0
50.8 42 0
75.6 23 0
52 40.2 0
64.9 17.2 0
64.5 67.8 4
52 65.2 4
87.8 65.1 4
64.7 46.3 4
64.7 47.5 4
50.8 67 4
89.1 66.9 4
62.9 45.6 4
63 69.2 4
64.5 97.8 4
52 95.2 4
87.8 95.1 4
64.9 72.2 4
50.8 97 4
63.1 70.9 4
89.1 96.9 4
63 99.2 4
104 13 4
114 12.9 4
95.3 13.1 4
112 13.9 4
91.1 11.7 0
93.3 13.9 4
103 13.9 4
124 12.2 4
91.9 9.83 0
105 43 4
104 17.6 4
111 17.6 4
110 43 4
94.9 17.2 4
123 40.3 4
124 40.3 4
112 16.3 4
103 16.3 4
91 41.9 4
93.2 44.1 4
112 44.2 4
103 44.2 4
93.1 15.9 4
124 42.2 4
92.3 40 4
110 46.9 4
104 67.3 4
111 46.9 4
114 68.2 4
104 46.9 4
94.7 47.5 4
94.7 46.3 4
124 65.3 4
123 65.3 4
102 68.6 4
95.1 68.3 4
93.2 69 4
91 66.8 4
112 69.1 4
112 45.6 4
92.9 45.6 4
103 45.6 4
124 67.2 4
111 72.6 4
104 72.6 4
94.9 72.2 4
112 71.3 4
124 95.3 1
123 95.3 1
103 71.3 4
93.1 70.9 4
124 97.2 1
155 12.9 4
155 2.1 4
130 13.1 4
126 11.7 4
130 1.93 0
128 13.9 4
128 1.1 4
159 11.9 4
157 14.1 4
157 0.95 4
158 9.98 4
155 17.2 4
130 17.2 4
126 41.9 4
159 41.9 4
128 44.1 4
157 44.1 4
157 15.9 4
128 15.9 4
156 46.9 4
130 47.5 4
130 46.3 4
155 46.9 4
155 68.3 4
157 45.6 4
130 68.3 4
128 69 4
157 69 4
126 66.8 4
159 66.8 4
128 45.6 4
131 66.7 4
155 72.2 0
130 72.2 4
155 98.3 1
130 98.3 1
128 99 1
157 99 1
157 70.9 0
128 70.9 4
126 96.8 1
159 96.8 1
131 96.7 1
181 13 4
173 14.1 4
183 14.1 4
161 12 4
162 10.1 4
185 43 4
181 43 4
184 17.5 4
172 42.8 4
175 17.2 4
183 16.2 4
173 44.1 4
183 44.1 4
161 42 4
173 15.9 4
162 40.2 4
176 66.7 4
184 67.1 4
172 67.8 4
175 47.5 4
175 46.3 4
182 68.6 4
175 68.3 4
173 69 4
183 45.6 4
173 45.6 4
161 67 4
162 65.2 4
184 72.5 4
175 72.2 4
162 95.2 1
172 97.8 0
183 71.3 4
175 98.3 0
173 99 0
192 99.1 4
173 70.9 4
161 97 1
176 96.7 0
0.15 1.98 0
0 98.1 4
43.2 24 0
46.9 24 0
46.9 25.2 0
44.4 22.7 0
45.7 22.7 0
43.2 25.2 0
45.1 25.9 0
28.7 51.1 0
28.1 49.4 0
32.3 52.5 0
31.2 51.1 0
31.9 49.4 0
30 48.7 0
30 47.5 0
85.2 25.8 4
85.2 27.1 4
78.2 37 4
83.3 23.9 4
77.1 38.4 4
65 27.5 0
65 26.3 0
83.3 25.2 4
66.8 23.8 0
63.3 24.2 0
63.1 25.6 0
65.1 23 0
66.9 25.6 0
87.1 23.9 4
74.1 35.2 4
87.1 25.2 4
75.2 37.8 4
77.1 35.6 4
84.6 22.7 4
85.8 22.7 4
75.2 36.3 4
100 2.15 0
97.2 26.3 4
95.3 28.1 4
95.3 26.9 4
99 28.1 4
99 26.9 4
97.2 28.8 4
96.2 90.8 4
99.8 97.9 4
94.9 87.4 4
96.1 88.9 4
95 92.3 4
157 26.1 4
156 27.3 4
155 27.3 4
194 6.35 4
192 9.88 4
195 8.03 4
195 11.7 4
194 9.78 4
192 6.33 4
190 8.1 4
200 2.03 4
11.4 5.13 0
1.75 5.1 0
4.9 6.88 0
18.1 4.23 0
4.38 9.98 0
3.8 5.1 0
7.05 13.9 0
18.1 5.48 0
19.4 2.98 0
9.2 5.03 0
8.33 9.85 0
8.58 12.9 0
6.73 6.88 0
0.2 28.8 0
0.2 27.6 0
12.9 30.4 0
15.4 21.8 0
13.2 28.9 0
14 21.7 0
11.4 20.1 0
0.35 32.1 0
5.45 17.6 0
5.2 43 0
2.05 30.9 0
18.1 34.2 0
2.08 29.5 0
7.33 16.3 0
7.05 43.9 0
13.1 20.1 0
18.1 35.5 0
19.4 33 0
15.7 27.6 0
14.5 27.6 0
12 27.6 0
13.2 26.4 0
16.9 33 0
14.1 31.7 0
16.1 20 0
15.4 18.1 0
13.9 18.4 0
18.1 31.7 0
5.98 46.9 0
14.1 58.2 0
7.23 45.6 0
18.1 55.5 0
18.1 54.2 0
15.7 57.6 0
19.4 53 0
19.4 62.3 0
7.23 69.3 0
6.03 66.5 0
5.35 68.1 0
4.73 46.9 0
5.45 72.5 0
7.33 71.3 0
18.1 85.5 0
18.1 84.2 0
19.4 83 0
19.4 92.3 4
18.1 91 4
33.6 5.88 0
46.3 4.65 0
36.6 9.15 0
34.8 6.98 0
31.8 9.6 0
26.5 12.9 0
34.8 8.53 0
36.6 13.9 0
28 13.9 0
34.7 13.1 0
32.3 0.775 0
21 3.3 0
23.3 0.95 0
49.2 3.15 0
33.6 9.63 0
31.8 5.93 0
30.8 7.78 0
22.3 5.18 0
47.9 5.03 0
30.3 28.8 0
41.3 21.9 0
30.3 27.5 0
26.8 25.8 0
40.1 32.3 0
30.5 32 0
42.5 20.6 0
42.5 19.4 0
26.5 42.9 0
34.1 35.4 0
23.1 25.8 0
32.2 30.8 0
35.3 38 0
37.1 35.8 0
36.6 43.9 0
28 43.9 0
27.7 16.3 0
32.2 29.4 0
34.7 43.1 0
45.1 28.3 0
38.3 32.7 0
37 31.4 0
21 33.3 0
36.8 15.9 0
35.3 36.5 0
49.1 33.2 0
24.9 27.7 0
24.9 26.4 0
28.5 29.4 0
28.7 31.2 0
29.7 17.6 0
47.8 35.1 0
35.1 32.2 0
27.3 67.5 0
22.6 62.7 0
35.8 46.9 0
21.1 61.7 0
48.7 62.4 4
37 45.6 0
28.4 68.9 0
34.5 46.9 0
49.1 53.2 0
27.7 45.6 0
36.9 69.2 0
20.8 53.2 0
47.5 60.4 4
35.4 67.8 0
47.9 55 4
22.3 54.6 0
45.1 81.5 4
43.5 80.6 4
43.3 79.2 4
47.1 79.2 4
27.3 97.5 4
22.6 92.7 4
44.6 77.9 4
45.8 77.9 4
28.4 98.9 4
21.1 91.7 4
48.7 92.4 4
27.7 71.3 0
49.1 83.2 4
36.8 70.9 0
36.9 99.2 4
20.8 83.2 0
29.7 72.6 0
47.5 90.4 4
22.3 84.6 0
46.8 80.7 4
35.4 97.8 4
47.9 85 4
66.3 9.05 0
53.6 4.6 0
63.3 5.78 0
65.1 7.95 0
68.1 5.35 0
73.6 2.1 0
83.1 9.95 0
63.5 1.1 0
72.1 1.15 0
65.1 6.4 0
65.4 1.88 0
76.7 14.1 0
84.7 10.4 0
67.8 14.2 0
50.8 3.13 0
66.3 5.3 0
89.1 3.2 0
68.1 9.03 0
69.1 7.2 0
52 5 0
70.5 28.8 4
81.3 21.9 0
70.5 27.5 0
70.7 31.9 4
82.5 19.4 0
82.5 20.6 4
66.5 42.9 4
72.3 30.8 4
76.6 43.9 4
68 43.9 4
67.7 16.3 0
72.3 29.4 4
77.5 29.7 4
74.7 43.1 4
78.3 32.7 4
77 31.4 4
89.1 33.2 4
76.8 15.9 0
50.8 33.1 0
68.6 29.4 4
68.8 31.2 0
87.8 35.1 4
75.1 32.2 4
52 35 0
72.3 26.9 0
73.6 28.1 4
67.3 67.5 4
75.8 46.9 4
51.2 62.4 4
88.7 62.4 4
77 45.6 4
68.4 68.9 4
50.8 53.1 0
67.7 45.6 4
89.1 53.2 4
76.9 69.2 4
87.5 60.4 4
75.4 67.8 4
87.9 55 4
85 81.3 4
83.3 80.4 4
83.2 79 4
80.9 76.7 4
84.4 77.7 4
85.7 77.7 4
80.9 73 4
67.3 97.5 4
82.1 75.5 4
82.1 74.2 4
68.4 98.9 4
51.2 92.4 4
88.7 92.4 4
67.7 71.3 4
50.8 83.1 4
89.1 83.2 4
76.8 70.9 4
76.9 99.2 4
78.6 74.9 4
79.5 76.6 4
75.4 97.8 4
79.4 73.2 4
52 84.9 4
75 72.2 4
108 5.15 0
104 6.95 0
123 4.23 4
123 5.48 4
124 2.98 0
117 14.1 4
117 0.95 0
105 5.23 0
105 3.33 0
104 34.7 4
110 33.3 4
110 36.8 4
105 32.8 4
101 32.7 4
118 26.2 4
118 42.7 4
113 35 4
111 35.1 4
117 43.9 4
115 43.1 4
103 31.5 4
103 30 4
91 33.3 4
124 33 4
117 15.9 4
121 27.4 4
119 27.4 4
102 34.6 4
108 32.4 4
115 17.2 4
118 24.7 4
123 34.2 4
123 35.5 4
94.8 62.6 4
96 61.1 4
94.7 57.8 4
118 56.9 4
96 51.9 4
115 46.3 4
119 58.2 4
95.9 59.3 4
115 47.5 4
123 55.5 4
123 54.2 4
121 57.6 4
97.5 50.9 4
124 53 4
91 53.4 4
117 45.6 4
97.5 49.5 4
124 62.3 4
117 69.2 4
113 48.1 4
123 61 4
99.4 48.9 4
93 62.9 4
92 61.4 4
101 81.4 4
99.3 77.7 4
98.9 93.6 4
120 78.5 4
119 78.3 4
112 82.5 4
99 82.1 4
110 86.1 4
113 83.7 4
118 86.8 0
113 87.2 4
96 81.9 4
95.1 77 4
91.9 93.2 4
119 88 0
97.4 78.9 4
118 79.5 4
123 85.5 0
123 84.2 0
91 91.7 4
118 81 4
98.6 95.3 4
121 87.4 0
120 82.2 4
119 82.2 4
117 70.9 4
96.6 95.7 4
97.5 80.9 4
124 83 0
91 83.4 4
94.8 75.4 4
112 85.8 4
124 92.3 1
117 99.2 1
101 78.9 4
108 84 4
109 82.5 4
123 91 0
96.1 97.3 4
115 72.2 4
117 82.3 4
118 83.5 4
126 3.45 4
143 2.3 4
143 12.8 4
142 0.95 4
142 14.1 4
159 3.3 4
127 5.33 4
158 5.18 4
144 43 4
141 43 4
143 43.9 4
143 16.3 4
126 33.3 4
159 33.3 4
158 35.2 4
127 35.2 4
143 48.1 4
155 62.5 4
151 52 4
154 61 4
155 57.6 4
154 59.1 4
154 51.8 4
126 61.7 4
143 68.7 4
152 50.8 4
143 45.6 4
126 53.4 4
159 53.4 4
152 49.4 4
149 51.3 4
149 49.4 4
127 63.2 4
151 48.8 4
157 62.8 4
158 61.3 4
155 92.5 1
154 91 1
155 87.6 1
154 89.1 1
126 91.7 1
143 98.7 1
143 71.3 4
126 83.4 0
159 83.4 0
127 93.2 1
157 92.8 1
158 91.3 1
186 13 4
167 5.05 4
188 13.9 4
165 4.68 4
173 0.95 4
161 3.23 4
167 21 4
167 19.7 4
167 23.5 4
194 36.3 4
192 39.7 4
189 43 4
195 41.6 4
195 38 4
198 26.1 4
165 22.2 4
166 22.2 4
194 39.7 4
188 16.3 4
188 43.9 4
199 27.3 4
161 33.1 4
168 22.2 4
189 17.5 4
192 36.2 4
190 37.9 4
197 27.3 4
198 28.6 4
162 35 4
170 52.4 4
199 51.5 4
166 51.8 4
169 52.3 4
188 67.6 4
188 69.1 4
161 62.4 4
167 51 4
188 45.6 4
161 53.1 4
168 49.5 4
171 49.5 4
172 51.1 4
162 60.4 4
170 48.3 4
169 48.3 4
165 81.1 0
167 76.3 0
167 75 0
167 80.3 0
167 78.8 0
177 88.5 0
164 77.5 0
166 77.5 0
188 71.3 4
161 92.4 1
188 99.1 4
187 97.6 4
180 88.1 0
179 87.2 0
161 83.1 0
178 99.3 0
179 96.3 0
168 77.5 0
189 72.5 4
162 90.4 1
179 97.8 0
185 97.1 4
15.6 1.88 0
14 12.8 0
8.83 26.5 0
3.23 39.9 0
0.075 38.2 0
5.8 22.2 0
0.55 41.8 0
14 42.8 0
7.58 25.2 0
1.18 39.9 0
9.4 22.6 0
7.68 23.4 0
18.1 24.4 0
17.5 47.5 0
14.4 46.9 0
18.8 46.3 0
18.1 50.6 0
12.7 80.6 0
7.85 95.3 4
13.3 76 0
12.9 78.8 0
18.1 80.6 0
15.6 71.9 0
4.13 92.4 0
13.2 86.4 0
5.43 93.3 0
14.2 87.9 0
18.1 79.4 0
5.7 95.1 4
15.8 87.3 0
14.2 77.5 0
15.6 77.7 0
14 81.9 0
16.9 81.9 0
14.1 72.2 0
43.3 6.38 0
42.4 8 0
38.9 12.7 0
43.2 9.7 0
44.8 10.1 0
40.9 2.13 0
38.9 42.7 0
40.6 16.9 0
39.1 17.1 0
31.5 40 0
22.2 31 0
43.1 39.9 0
33.3 40 0
44.7 40.3 0
47.9 30.9 0
47.9 50.9 0
39.4 46.9 0
22.1 50.8 0
39.2 68 4
40.6 46.9 0
38.7 75 4
39.6 76.7 4
41 76.8 4
40.6 71.9 4
39.1 72.1 4
42.3 75.6 4
42.3 74.3 4
22.1 80.8 0
39.2 98 4
61.1 2.35 0
79 2.2 0
79 12.8 0
59.1 2.1 0
80.8 2.03 0
68.4 38.1 4
57 21 0
57 19.7 0
57 23.5 0
70.3 38.1 4
82.4 38.2 4
51.9 24.4 0
78.9 42.7 4
80.6 16.9 0
59.4 16.9 0
54.5 22.2 0
55.7 22.2 0
79.1 17.1 0
60.9 17.2 0
87.9 30.9 4
52 30.8 0
71.3 39.9 4
83.1 39.9 4
73 39.9 4
84.7 40.3 4
58.2 22.2 0
61 42.8 4
51.9 29.4 0
71.2 36.2 4
51.9 25.6 0
67.3 39.7 4
68.2 49.4 4
71.3 51.1 4
87.9 50.9 4
52.1 50.8 0
79.4 46.9 4
88.1 49.4 4
60.6 46.9 4
60.8 68 4
79.2 68 4
80.6 46.9 4
71.9 49.4 4
68.8 51.1 4
70.1 48.7 4
70.1 47.5 4
56.9 76.3 4
56.9 75 4
56.9 78.8 4
58.2 81.4 4
62.5 88.1 4
63.9 87 4
88.1 79.4 4
59.4 71.9 4
51.9 79.4 4
87.9 80.9 4
52.1 80.8 4
60.9 72.2 4
67.8 86.9 4
54.4 77.5 4
55.7 77.5 4
62.4 79.7 4
79.2 98 4
60.8 98 4
59.5 82.6 4
66.4 88.3 4
62.4 81.3 4
61.2 82.5 4
58.2 77.5 4
63.6 85.3 4
108 9.98 4
121 1.88 0
119 2.2 0
113 8.18 4
119 12.8 4
105 9.98 4
107 14.2 4
97.9 14.2 4
114 9.8 4
107 0.875 0
109 13 4
109 2.05 0
99.7 13 4
104 39.9 4
118 20.2 4
99.5 17.6 4
100 38.2 4
101 41.8 4
96.6 42.9 4
119 17.2 4
123 30.6 4
92.2 31 4
108 16.3 4
119 21.8 4
111 39.9 4
98.1 43.9 4
108 43.9 4
97.7 16.3 4
121 22 4
102 39.9 4
113 40 4
121 32.9 4
121 16.9 4
123 47.5 4
99.7 46.3 4
92.2 51 4
108 69.1 4
108 45.6 4
108 67.7 4
119 67.9 4
97.8 45.6 4
97.8 69.3 4
124 46.3 4
106 46.9 4
123 50.6 4
119 46.9 4
99.5 67.9 4
101 90.7 4
99.5 72.6 4
119 72.2 4
123 80.6 4
121 71.9 4
92.2 81 4
97.7 71.3 4
108 99.1 4
108 71.3 4
123 79.4 4
119 97.9 1
108 97.7 4
99.2 87.4 4
101 88.3 4
148 9.88 4
131 9.28 4
150 2 4
134 12.8 4
134 2.13 4
131 5.63 4
150 13 4
145 8.23 4
146 11.6 4
152 1.15 4
130 8.23 4
130 6.68 4
152 13.8 4
146 9.75 4
133 0.825 4
133 14.2 4
137 36.2 4
144 28.8 4
141 28.8 4
144 32 4
141 32 4
136 38 4
150 17.5 4
135 17.5 4
139 39.7 4
153 42.9 4
132 42.9 4
143 31.2 4
137 39.7 4
158 29.4 4
158 31 4
127 31 4
133 43.9 4
152 43.9 4
152 16.3 4
143 29.4 4
133 16.3 4
127 25.6 4
139 36.2 4
140 38 4
127 29.4 4
129 26.3 4
129 28.8 4
133 48.1 4
134 66.3 4
150 46.3 4
151 68.1 4
158 49.4 4
127 51 4
158 51 4
152 45.6 4
133 45.6 4
152 69.3 4
133 69.3 4
135 67.9 4
134 96.3 1
137 88.5 1
140 92 1
139 90.8 1
151 82.2 0
135 72.5 4
150 72.6 0
151 98.1 1
127 81 0
158 81 0
154 82 0
155 76.9 0
139 88.5 1
152 71.3 0
153 79.1 0
133 71.3 4
140 87.3 1
152 99.3 1
152 81 0
155 75.3 0
133 99.3 1
140 84.8 0
137 90.8 1
143 90.8 1
135 97.9 1
143 88.4 1
152 83.8 0
153 83.6 0
199 12.9 4
177 12.9 4
171 2.2 4
171 12.8 4
198 13.8 4
178 13.8 4
183 0.875 4
193 0.825 4
194 2 4
181 2.03 4
200 34.6 4
179 28.8 4
180 32.1 4
176 28.8 4
199 43 4
180 17.5 4
175 21.8 4
169 16.9 4
196 32.7 4
177 42.9 4
171 17.1 4
162 30.8 4
176 32.2 4
178 31.3 4
173 20.1 4
178 43.9 4
198 31.8 4
198 16.3 4
178 16.3 4
199 32.7 4
198 43.8 4
174 20.2 4
178 29.5 4
174 31 4
174 29.5 4
162 29.4 4
173 23 4
172 21.8 4
162 24.4 4
162 25.6 4
179 66.3 4
186 57.6 4
196 67.3 4
180 47.5 4
180 46.3 4
162 50.8 4
181 57.9 4
184 58.1 4
198 68.8 4
198 45.6 4
183 56.8 4
178 45.6 4
178 69.3 4
178 48.1 4
198 48.1 4
199 46.9 4
196 46.9 4
180 67.8 4
173 75.8 4
187 83.7 4
186 87.9 4
191 85.6 4
180 72.6 4
183 83.2 4
162 79.4 0
169 71.9 4
178 81.3 0
173 78.7 0
162 80.8 0
177 78.2 4
171 72.1 4
175 75.8 4
190 85.1 4
179 84.1 0
182 81.8 4
193 97.7 4
178 71.3 4
198 71.3 4
175 77.4 4
187 87.4 4
188 85.7 4
180 82.5 4
172 77.4 0
2.1 22.6 0
8.78 34.5 0
7.58 29.9 0
0.125 21.3 0
0.125 18.8 0
7.3 31.7 0
8.83 32.6 0
5.4 32.5 0
25.7 36.4 0
26.8 22.6 0
26.9 38.1 0
25.1 21.8 0
24.7 20.3 0
25.7 39.7 0
28.8 21.4 0
43.5 61.2 4
42.2 63.2 4
43 64.9 4
44.6 65.2 4
29.1 76.5 0
27.1 77.8 0
25.4 77 0
25 75.4 0
56.6 6.38 0
57.5 8.03 0
81.9 6.95 0
56.6 9.68 0
84.3 4.83 0
82.7 5.23 0
54.9 10.2 0
83.5 61.2 4
82.2 63.2 4
83 64.9 4
84.6 65.2 4
83.5 90.8 4
62.8 75.2 4
82.2 92.8 4
65 76.8 4
83 94.5 4
64.6 75.3 4
84.6 94.9 4
114 5.1 0
112 77.6 4
108 77.6 4
110 76.4 4
149 6.93 4
148 5.2 4
146 5.4 4
148 36.3 4
149 38.1 4
132 22.6 4
153 22.6 4
146 39.8 4
148 39.8 4
130 21.8 4
155 21.8 4
130 20.2 4
155 20.2 4
146 36.3 4
145 38.1 4
137 58.3 4
139 58.3 4
140 57.1 4
168 38.1 4
167 39.7 4
165 40.2 4
168 93.2 1
167 94.8 1
165 95.3 1
166 91.2 1
5.4 85.5 0
3.83 88.2 0
5.13 87.3 0
37.5 20.2 0
35.8 20.2 0
77.5 20.2 0
75.8 20.2 0
52.7 47.5 0
56.6 61 4
57.8 63 4
55.2 65.1 4
56.9 64.6 4
51.4 46.3 0
112 30.2 4
110 27.5 4
114 28.1 4
114 26.8 4
112 28.7 4
112 26.2 4
111 27.5 4
97.4 31.7 4
95.9 32.7 4
109 26.2 4
104 53.1 4
102 51.6 4
103 49.7 4
100 52.3 4
109 93.2 4
111 94.5 0
110 94.6 4
134 76.9 0
147 81.7 0
132 80.1 0
145 83 0
130 75.7 4
132 78.1 0
130 77.3 4
143 81.7 0
131 81.1 0
183 5.03 4
186 6.75 4
185 5.03 4
163 47.5 4
178 55 4
187 50.8 4
176 58 4
187 49.3 4
186 52.1 4
173 56.2 4
183 51.2 4
184 52.5 4
175 56.5 4
176 54.7 4
183 49.3 4
161 46.3 4
178 56.7 4
185 48.7 4
185 47.4 4
199 91.6 4
199 89 4
18.8 16.5 0
4.75 57.2 0
3.45 58.2 0
1.5 58.2 0
0.2 57.2 0
18.8 71.5 0
47.2 47.5 0
48.5 46.3 0
88.5 46.3 4
99 0.9 0
101 1.25 0
124 16.5 4
101 98.6 4
98.8 99.3 4
124 71.5 4
138 8.9 4
138 5.95 4
137 7.4 4
135 7.4 4
134 9.03 4
134 5.83 4
145 76.5 0
141 76.5 0
143 77.7 0
146 77.7 0
199 1.18 4
180 93 0
182 92 0
184 92 0
185 93.1 4
17.5 12.2 0
1.2 0.825 0
10.1 0.95 0
19.4 9.05 0
18.8 13.4 0
17.5 42.2 0
19.4 20.8 0
19.4 39.1 0
18.8 43.4 0
17.5 67.2 0
18.8 68.4 0
17.5 97.2 4
1.23 98.8 4
10.1 99 4
18.8 98.4 4
18.1 74.5 0
19.4 74.5 0
44.5 14.2 0
44.8 0.875 0
48.8 9.05 0
21.3 9.05 0
48.2 25.9 0
49.1 40.1 0
44.4 44.2 0
20.8 20.6 0
48.8 20.1 0
44.9 16.3 0
21.3 39.1 0
22.9 47.5 0
44.3 45.6 0
44.4 69.2 4
21.6 46.3 0
43.4 89 4
44.6 85 4
42.2 87.1 4
43 85.3 4
44.4 99.2 4
20.8 75.6 0
44.9 71.3 4
48.8 75.1 4
89.1 10.1 0
84.4 14.2 0
54.4 14.2 0
85.2 0.85 0
54.4 0.775 0
51.2 9.05 0
83 34.5 4
84.6 34.1 4
52.7 17.8 0
84.7 32.3 4
82.9 30 4
57.5 38.1 0
83.1 31.4 4
56.6 39.7 0
54.9 40.2 0
89.1 40.1 4
84.4 44.2 4
54.4 44.2 0
51.4 16.5 0
81.8 32.7 4
88.8 20.1 4
54.9 16.3 0
84.9 16.3 4
51.3 20.1 0
51.2 39.1 0
84.3 45.6 4
84.4 69.2 4
54.4 69.2 4
55.5 46.9 0
55.5 45.6 0
52.7 72.8 4
76.8 78.4 4
73.3 77.9 4
75.4 75.5 4
75 77.1 4
84.4 99.2 4
54.4 99.2 4
51.4 71.5 4
76.8 80 4
84.9 71.3 4
51.3 75.1 4
88.8 75.1 4
55.5 70.6 4
123 12.2 4
95.7 1.1 0
124 13.4 4
90.8 9.05 0
123 10.3 4
124 10.3 4
104 2.45 0
123 42.2 4
107 29.4 4
124 20.8 4
90.8 20.6 4
124 39.1 4
124 43.4 4
115 32.2 4
106 28.1 4
117 29.5 4
91.3 39.1 4
105 28.1 4
117 31.3 4
118 32.5 4
92.9 47.5 4
123 67.2 4
91.6 46.3 4
124 68.4 4
123 97.2 1
124 75.8 4
90.8 75.6 4
91.6 96.8 4
124 98.4 1
90.6 97.8 4
97 98.3 4
126 9.83 4
159 9.05 4
158 26.7 4
137 24.7 4
148 24.7 4
139 21.6 4
146 21.6 4
135 21.6 4
150 21.6 4
137 22.8 4
148 22.8 4
159 20.6 4
126 20.6 4
126 40 4
159 40 4
128 47.5 4
130 62.4 4
131 60.9 4
130 57.6 4
158 46.3 4
131 59.1 4
127 46.3 4
130 92.4 1
131 90.9 1
130 87.5 0
131 89 1
159 75.6 0
126 75.6 4
199 7.28 4
168 8.18 4
167 9.8 4
165 10.3 4
166 0.8 4
164 14.2 4
161 9.05 4
191 21.6 4
192 29.7 4
192 31.1 4
163 17.8 4
190 29.1 4
177 23.9 4
193 22.9 4
184 21.3 4
180 21.3 4
186 32.3 4
190 32.3 4
182 22.6 4
195 21.6 4
188 31.5 4
188 29.7 4
164 44.2 4
161 16.5 4
193 24.7 4
197 22.9 4
165 16.3 4
161 20.1 4
161 39.1 4
177 25.7 4
179 26.3 4
176 26.3 4
164 69.2 4
166 45.6 4
172 84.2 0
163 72.8 0
169 87.4 0
174 87 0
199 98.8 4
172 86.7 0
164 99.2 1
172 88.2 0
161 71.5 0
161 75.1 0
166 70.6 4
18.8 1.73 0
19.4 6.1 0
3.78 3.23 0
4.58 1.15 0
13.3 36.9 0
12.3 35.4 0
19.4 36.1 0
15.2 36.9 0
10.7 56.2 0
13.5 53.4 0
12.3 52.1 0
15.1 53 0
12.6 55.9 0
4.85 99.3 4
21.3 6.1 0
48.8 6.1 0
44.7 34.2 0
47.2 17.8 0
44.8 32.3 0
43.2 31.5 0
23.1 27.7 0
21.8 26.4 0
48.5 16.5 0
21 35.2 0
41.2 37.6 0
43 30.1 0
42 35.9 0
48.7 36.1 0
38.2 39 0
39.3 37.6 0
47 28.3 0
47.2 72.8 4
48.5 71.5 4
89.1 5.08 0
51.6 13.3 0
51.2 6.1 0
55 31.2 0
58.2 27.7 0
87.2 17.8 4
56.7 30.5 0
55.1 27.1 0
55.1 28.4 0
70.2 22.1 0
57 29 0
88.3 25.8 4
88.5 16.5 4
51.6 43.3 0
87.1 27.1 4
57 26.5 0
88.7 36.1 4
51.2 36.1 0
72.2 23.3 0
76.7 55.5 4
73.9 58.4 4
77.9 58.2 4
76.4 57.2 4
51.6 68.3 4
87.2 72.8 4
88.5 71.5 4
51.6 98.3 4
96.4 8.88 0
95.3 7.83 0
95.3 6.28 0
96.5 5.3 0
124 1.73 0
94.4 1.1 0
124 6.1 4
91.7 3.45 0
91.1 5.33 0
90.6 2.35 0
119 38 4
121 38 4
103 23.2 4
118 39.4 4
107 23.2 4
105 21.9 4
93.4 28.1 4
93.4 26.9 4
91 35.2 4
124 36.1 4
98.6 56.8 4
96.5 54.7 4
98.8 64.8 4
98.3 55 4
107 58 4
100 62.1 4
99.1 63.1 4
103 57.1 4
105 58.5 4
96.9 65.2 4
99.9 57.7 4
116 75.5 4
118 75.4 4
116 77 4
105 98.7 4
93.2 87.7 4
94.3 99 4
126 6.1 4
159 6.1 4
131 34.4 4
132 31.6 4
131 32.5 4
134 32.4 4
159 36.1 4
126 36.1 4
158 24.7 4
132 29.8 4
173 5.83 4
173 8.93 4
172 7.38 4
161 5.1 4
162 13.3 4
196 1.18 4
165 31.4 4
168 27.9 4
167 30.6 4
165 28.5 4
165 27.2 4
167 29.1 4
162 43.3 4
167 26.6 4
161 36.1 4
162 68.3 4
193 79.3 4
197 87.1 4
193 87.9 4
195 88.5 4
197 81.7 4
193 81.3 4
196 83.1 4
194 82.7 4
162 98.3 1
195 78 4
197 79.3 4
15 7.55 0
13 7.55 0
12.1 9.1 0
5.93 1.15 0
8.7 3.15 0
17 27 0
17 28.2 0
8.28 53.6 0
6.13 53.8 0
7.33 49.6 0
15.1 62.8 0
17 58.2 0
8.85 52 0
5.45 52.2 0
10.7 63.3 0
17 59.5 0
13.5 62.1 0
7.33 51 0
12.6 63.6 0
2.45 80.6 0
4.43 76.9 0
9.3 89.8 0
0.475 76.9 0
12.3 93.5 4
10.5 93.2 4
2.45 78.2 0
9.3 91.7 0
6.2 99.3 4
4.38 96.7 4
13.3 92 4
14.9 92.6 4
25.9 9.93 0
48.2 13.2 0
31.2 35.2 0
48.2 23.2 0
46.5 39.2 0
48.2 43.2 0
21.9 16.8 0
46.9 22 0
22.4 24.4 0
30.2 37 0
29.3 63.3 0
26.4 59.4 0
26.4 61.5 0
32.8 61.9 0
31.4 63.3 0
48.2 68.1 4
31.2 46.9 0
33.6 89.6 4
36.6 80.4 4
36.6 78.8 4
35.3 75.9 4
36.4 94.7 4
37.6 91.9 4
33.6 91.7 4
36.1 93 4
34.9 77.6 4
48.2 98.1 4
21.9 71.8 0
35.2 81.8 4
33.5 82.1 4
32.4 80.7 4
33.2 78.4 0
32.2 88.2 4
32.2 93.1 4
75.1 5.78 0
77.2 8.98 0
78.2 7.43 0
77.2 5.88 0
86.5 9.25 0
88.2 13.2 0
63.5 35.8 4
65.6 35.7 4
87.1 21.9 4
88.3 23.2 4
86.5 39.2 4
88.2 43.2 4
63.5 38.9 4
62.6 37.3 4
75.4 52.9 4
88.2 68.1 4
73.7 53.2 4
79.6 83.4 4
56.5 90.8 4
81.2 83.3 4
84 84.7 4
65.3 82.7 4
81.6 86.8 4
68 81.6 4
67 83 4
82.4 85.1 4
57.8 92.8 4
55.1 94.9 4
56.8 94.4 4
88.2 98.1 4
79.3 87.6 4
78.1 84.8 4
77.8 86.5 4
110 7.33 4
119 7.48 4
118 9.03 4
118 5.93 4
120 7.48 4
98.8 21.7 4
115 36.8 4
122 28 4
94.9 20.5 4
122 26.8 4
97 22.9 4
95.3 22.1 4
91.9 16.8 4
117 36.2 4
115 38.4 4
122 25.5 4
104 84.7 4
117 94.6 0
119 91.9 0
117 92.9 0
122 88.1 0
105 88.6 4
91.9 71.8 4
104 87.2 4
120 92.6 1
142 6.08 4
142 9.03 4
143 7.58 4
138 31.2 4
137 29.7 4
154 34.5 4
153 29.9 4
153 31.7 4
154 32.6 4
158 16.8 4
127 16.8 4
151 32.5 4
151 65 4
146 54.4 4
148 58.1 4
151 63.3 4
146 56.9 4
144 58.1 4
153 65.3 4
151 95 1
151 93.3 1
127 71.8 4
153 95.3 1
176 5.1 4
164 5.75 4
172 25.2 4
182 35.9 4
181 37.7 4
182 39.4 4
184 35.9 4
186 37.6 4
184 39.4 4
171 26.4 4
193 54.8 4
193 59.1 4
179 62.8 4
195 59.6 4
182 61.8 4
165 54.9 4
193 51.4 4
175 63.2 4
191 61.2 4
200 62.3 4
196 63 4
168 57 4
196 53.3 4
192 62.8 4
191 64.3 4
167 64.6 4
194 52.8 4
184 61.8 4
177 61.7 4
167 55.4 4
194 61.8 4
185 62.9 4
165 65.1 4
187 61.2 4
167 58.9 4
174 63.5 4
195 98.6 4
11.8 3.25 0
16.3 0.625 0
15.6 13.8 0
3.1 35.2 0
3.13 26.3 0
5.63 27.5 0
1.05 35.2 0
5.63 37.8 0
4.38 27.5 0
8.63 39.5 0
12.6 24.1 0
7.45 37.8 0
15.6 43.8 0
16.3 15.6 0
18.8 29.4 0
18.8 25.6 0
12.7 39.7 0
13.1 49.4 0
1.85 51.9 0
0.75 62.6 0
4.33 62.2 0
5.63 63.1 0
19.4 60.4 0
15.6 46.3 0
15.6 68.8 0
19.4 56.1 0
7.8 61.9 0
18.8 49.4 0
1.85 50 0
7.88 96.9 4
10.2 75.5 0
8.08 77.9 0
9.8 77.1 0
16.3 70.6 0
16.8 77 0
15.6 98.8 4
19.4 86.1 0
0.75 87.4 0
18.8 89.8 4
37.9 5.98 0
25.5 5.28 0
39 7.38 0
31.7 11.5 0
30.4 0.775 0
29.8 13.9 0
33.9 14.2 0
48.4 1.9 0
25.2 0.95 0
22 13.1 0
46.8 2.78 0
26.2 31.9 0
42.7 41.8 0
29.8 43.9 0
21.3 29.4 0
33.9 44.2 0
34.9 15.9 0
22 43.1 0
31 16.3 0
43.3 18.1 0
41.2 25.3 0
48.8 29.4 0
44.3 53 0
36.5 54.1 0
30.4 56.2 0
41.9 50.7 0
23.2 66.8 0
41.8 49.3 0
37.3 64.9 0
25.3 53.4 0
40.7 52 0
44.3 54.7 0
39.1 52 0
38 49.3 0
35.2 52.9 0
28.3 56.2 0
37.8 50.8 0
41.9 56.8 0
37 63.2 0
27 53.7 0
38.5 62.2 0
42.7 55.1 0
48.8 49.4 0
21.3 49.4 0
21.1 59.8 0
33.9 45.6 0
30.2 68.9 0
21.8 68.2 0
48.7 59.1 4
34.3 68.6 0
48.7 56 4
21.5 55.7 0
39.8 82.1 4
44.4 94.8 4
23.2 96.8 4
25.4 82.8 0
41.4 82 4
26.8 90.6 4
42.9 94.5 4
27.1 83.1 0
28.3 93.6 4
28.1 81.6 0
28.2 87.1 4
37.1 85 4
26.8 88.5 4
42.1 92.8 4
47.1 77.2 4
38.2 87.8 4
36.8 86.7 4
48.3 78.4 4
21.1 89.8 4
30.2 98.9 4
21.8 98.2 4
31 71.3 0
48.7 89.1 4
21.5 85.7 0
34.3 98.6 4
48.7 86 4
34.9 70.9 0
62 8.9 0
72 7.53 0
68.2 3.48 0
60.9 7.5 0
82.7 11.8 0
70.2 1.15 0
69.6 14.2 0
66.2 0.775 0
88.2 1.95 0
51.6 1.88 0
74.8 14.1 0
73.1 9.18 0
54 2.73 0
61.8 20.6 0
66.1 32 0
55.2 34.7 0
60.9 22.2 0
56.9 35.1 0
82.7 41.8 4
71.2 41.8 4
83.3 18.1 0
69.5 16.3 0
69.8 43.9 4
73.9 44.2 4
74.9 15.9 0
88.8 29.4 4
53.2 21.5 0
50.6 28.8 0
50.6 26.3 0
58.2 33.3 0
84.3 53 4
63.2 54.1 4
63.5 55.8 4
67.3 58.1 4
61.6 59.4 4
63 51.4 4
81.9 50.7 4
67.8 61.9 4
81.8 49.3 4
55.5 54.7 4
68.7 56.7 4
77.3 64.9 4
80.7 52 4
84.3 54.7 4
79.1 52 4
78 49.3 4
58.5 53.4 4
69.2 63.3 4
77.8 50.8 4
62.8 64.6 4
81.9 56.8 4
77 63.2 4
64.5 52.9 4
78.4 62.1 4
72.7 61.9 4
51.2 60.5 4
82.7 55.1 4
71.3 63.3 4
66.2 53.2 4
57.2 55.2 4
63.1 62.9 4
61.6 61.9 4
89.4 48.8 4
51.3 49.4 0
50.8 55 4
70.2 68.9 4
59.2 58.6 4
61.8 52.7 4
88.7 59.1 4
70.8 56.7 4
74.3 68.6 4
88.7 56 4
74.5 46.3 4
62.8 50 4
55.5 84.7 4
72.8 89.6 4
77.2 94.6 4
70.1 76.6 4
60.8 77.3 4
69.3 93.1 4
63.1 94.9 4
58.1 86.8 4
76.9 92.9 4
78.3 91.9 4
88.7 90.5 4
69.5 71.3 4
72.8 91.7 4
74.8 83.2 4
51.2 90.5 4
71.4 93.1 4
82.9 73 4
57.2 85.2 4
63.4 93.2 4
72.1 82.1 4
61.9 92.1 4
73.1 83.5 4
81.7 71.7 4
70.2 98.9 4
55.5 83 4
68.1 77.9 4
74.3 98.6 4
51.2 86 4
53.2 76.7 4
86.9 77 4
74 71.3 4
55.2 73.8 4
67.9 91.7 4
89.1 85.1 4
71.4 88.2 4
99.9 9.25 4
100 5.88 0
101 7.58 0
121 0.625 0
121 13.8 4
92.1 13 4
115 0.95 0
102 26.3 4
113 23.1 4
115 20.8 4
106 37.7 4
115 22.3 4
121 43.8 4
97 37.8 4
91.3 25.6 4
91.3 29.4 4
124 29.4 4
95.8 39.4 4
92 43.1 4
95.8 36.1 4
124 25 4
121 15.6 4
116 53.2 4
113 58.4 4
112 63.2 4
104 62.3 4
121 51.9 4
118 50.7 4
119 51.9 4
105 63.5 4
112 52.9 4
110 60.4 4
108 49.9 4
118 49.4 4
122 58.2 4
113 61.7 4
112 60.2 4
111 51.7 4
109 51.7 4
108 53.2 4
93 58.1 4
91.3 49.4 4
121 68.8 4
124 56.1 4
92 68 4
91 55.3 4
110 63.4 4
109 62 4
111 55 4
109 55.3 4
117 54.5 4
124 49.4 4
124 59.8 4
121 46.3 4
92 59.6 4
104 77 4
110 90.4 4
113 91.7 0
112 90.2 4
93.4 77.4 4
104 92.2 4
105 93.4 4
121 70.6 4
115 97.7 0
121 98.8 1
124 86.1 0
115 99.2 0
91 89.8 4
91 85.3 4
109 88.8 4
96.5 84.5 4
103 97.3 4
98.3 84.8 4
124 89.8 0
154 5.85 4
154 9.13 4
153 7.48 4
128 8.23 4
127 13 4
158 13.1 4
134 27.6 4
134 26.3 4
151 26.3 4
147 31.1 4
143 23.8 4
148 29.6 4
154 39.1 4
131 39.1 4
143 25.6 4
132 25.7 4
159 28.8 4
133 37.5 4
152 37.5 4
127 43.1 4
158 43.1 4
126 26.3 4
144 26.3 4
141 26.3 4
153 25.7 4
126 28.8 4
149 29 4
133 51.9 4
151 56.5 4
134 53.3 4
131 52.9 4
141 63.3 4
152 54.7 4
153 54.5 4
134 54.8 4
145 63.5 4
132 54.5 4
136 61.6 4
135 62.6 4
159 48.8 4
143 62.2 4
157 58 4
126 49.4 4
126 59.8 4
127 68 4
158 68 4
126 55.3 4
159 55.3 4
134 56.6 4
138 61.6 4
147 62.3 4
158 59.5 4
134 83.3 0
134 84.8 0
145 93.5 1
132 84.5 0
157 77.3 0
157 88 1
126 89.8 0
127 98 1
158 98 1
126 85.3 0
159 85.3 0
147 92.3 1
134 86.6 0
158 89.5 1
192 11.8 4
181 9.18 4
178 7.48 4
180 7.45 4
167 3.18 4
193 12.9 4
162 1.98 4
175 0.95 4
175 39.7 4
166 18.5 4
177 37 4
183 31.1 4
188 23.8 4
183 29.6 4
172 38 4
199 37.6 4
173 39.6 4
188 25.7 4
194 27.5 4
163 21.4 4
176 35.3 4
186 26.3 4
189 26.3 4
186 27.6 4
174 35.4 4
161 28.8 4
161 26.3 4
189 52.7 4
189 54.7 4
188 55.3 4
161 49.4 4
161 55 4
161 59.1 4
166 48.3 4
191 76.4 4
166 84.7 0
188 79.1 4
176 82.8 0
182 78.1 4
168 83.4 0
176 84.4 0
190 81.9 4
177 91.7 0
180 76.9 4
188 81.2 4
191 92.7 4
167 85.2 0
190 94.2 4
188 91 4
190 91.1 4
196 93.4 4
195 92.2 4
161 85 0
174 82.1 0
200 76.9 4
161 89.1 1
184 98.6 4
183 86.8 0
163 76.8 0
165 73.8 0
0 7.4 0
1.1 9.18 0
5.18 13.9 0
4.38 11.9 0
1.53 43 0
4.1 16.3 0
4.13 44.2 0
19.4 23.6 0
17.3 19.6 0
0.9 45.6 0
4.1 68.8 0
0.9 68.8 0
4.1 45.6 0
9.53 84.4 0
10.5 86.2 0
1.08 91.9 0
17 87.9 0
0.9 71.3 0
4.1 71.3 0
19.4 78.6 0
10.1 82.8 0
42.7 11.6 0
40.8 13.8 0
27.9 7.23 0
39.2 28.5 0
34 28.3 0
31.4 41.9 0
39.9 22.6 0
40.8 43.8 0
41.4 15.6 0
45.1 42.2 0
32.7 27 0
23.6 37.1 0
23.3 22.3 0
37.4 29.2 0
40.8 68.8 4
41.4 45.6 0
43 73.1 4
23.6 77.4 0
41.4 70.6 4
21.3 79.2 0
40.8 98.8 4
81.6 0.775 0
80.8 13.8 0
85.1 12.2 0
65.4 10.9 0
86 5.93 0
56.1 18.5 0
50.6 23.6 0
80.8 43.8 4
81.4 15.6 0
85.1 42.2 4
81.4 25.2 4
64.9 20.3 0
72.5 48.1 4
80.8 68.8 4
81.4 45.6 4
71.3 46.9 4
82.6 96.3 4
89.4 78.6 4
50.6 78.6 4
80.8 98.8 4
86 90.2 4
115 14.1 4
110 1.18 0
101 13.9 4
101 16.3 4
91.3 24.2 4
114 44.2 4
124 23.6 4
110 21.4 4
114 16.3 4
101 45.6 4
115 69.2 4
114 45.6 4
112 46.9 4
101 68.6 4
92 64.5 4
101 71.3 4
91.3 79.2 4
93 75 4
110 99.1 0
124 78.6 4
97.2 92.3 4
96 93.8 4
114 71.3 4
149 0.85 4
149 14.1 4
145 1.35 4
136 13.7 4
136 1.3 4
146 12.9 4
127 2.2 4
158 2.05 4
140 0.95 4
140 14.1 4
137 41.6 4
128 22.3 4
145 44.2 4
140 44.2 4
141 16.3 4
149 16.3 4
144 16.3 4
136 16.3 4
150 43.9 4
135 43.9 4
126 24.2 4
157 22.3 4
142 51.9 4
138 51.9 4
141 68.7 4
144 46.9 4
141 46.9 4
144 68.7 4
149 45.6 4
149 68.8 4
144 45.6 4
141 45.6 4
140 53.2 4
148 48.2 4
136 68.6 4
135 46.9 4
135 45.6 4
158 64.3 4
151 86.5 1
148 88 1
146 86.8 1
135 92.6 1
137 78 0
141 98.7 1
136 71.3 4
149 71.3 0
144 71.3 4
141 71.3 4
144 98.7 1
149 98.8 1
159 79.2 0
126 79.2 4
157 74.9 0
150 76.9 0
136 98.6 1
158 94.3 1
185 14.1 4
189 13.9 4
180 13.8 4
191 0.825 4
185 0.875 4
169 1.25 4
165 2.8 4
180 1.15 4
171 32.1 4
165 34.7 4
167 35.2 4
196 16.3 4
191 44.2 4
193 42.7 4
186 16.3 4
199 16.3 4
186 43.9 4
181 16.2 4
180 43.9 4
161 23.6 4
191 16.3 4
168 33.3 4
195 68.6 4
186 68.5 4
189 46.9 4
189 45.6 4
181 45.6 4
200 68.8 4
190 69.1 4
200 46.3 4
195 46.3 4
181 68.6 4
168 47 4
172 93.6 0
171 92.1 0
196 71.3 4
181 71.3 4
199 71.3 4
186 71.3 4
161 78.6 0
189 99.1 4
197 97.3 4
191 71.3 4
181 98.6 0
174 93.2 0
1.13 3.23 0
14.2 1.25 0
9.65 14.1 0
11.2 18.4 0
1.48 17.6 0
8.85 16.3 0
8.58 43.9 0
12.9 17.1 0
8.18 67.7 0
8.75 45.6 0
8.75 69.3 0
19.4 63.8 0
5.15 82.6 0
16.9 72.8 0
8.85 71.3 0
14.2 98.8 4
19.4 93.8 4
7.03 81.4 0
25.3 14.1 0
45.1 12 0
33.8 0.775 0
34.4 4 0
41.8 0.875 0
25.3 44.1 0
26.1 16.3 0
22.9 19.9 0
45.2 26.6 0
26.2 46.9 0
42.6 66.7 4
25.8 68.6 0
21.5 64.2 0
48.7 63.9 4
26.2 45.6 0
33.3 48.1 0
25.8 98.6 4
21.5 94.2 4
23.2 75 0
26.1 71.3 0
48.7 93.9 4
83.9 2.95 0
74.7 0.95 0
58.2 0.85 0
59.1 13.8 0
66.2 14.2 0
61.4 32.2 0
62.7 30.9 0
62.3 29.3 0
80 22.5 4
76.8 28.5 4
78.1 28.5 4
65.3 44.1 4
59.1 43.8 4
77.2 34.1 4
58.5 15.6 0
75.3 33.6 4
74.8 27.5 4
61.1 28.1 0
66.1 16.3 0
87.2 48.1 4
66.2 46.9 4
82.6 66.7 4
65.8 68.6 4
51.2 63.9 4
88.7 63.9 4
59.1 68.8 4
66.2 45.6 4
59.1 46.3 4
56.9 50.8 4
55.2 51.6 4
65.8 98.6 4
85 96.7 4
51.2 93.9 4
88.7 93.9 4
66.1 71.3 4
59.1 98.8 4
58.5 70.6 4
104 11.8 4
113 11.7 4
106 14.2 4
96.4 14.2 4
110 13.9 4
106 16.3 4
111 41.8 4
106 43.9 4
109 16.3 4
102 42.9 4
109 43.9 4
95.4 44.1 4
96.2 16.3 4
104 41.8 4
122 20.4 4
100 29.4 4
122 17.8 4
117 64.5 4
119 61.7 4
117 62.8 4
106 68.7 4
109 45.6 4
96 48.2 4
110 69.1 4
96.3 69.3 4
96.3 45.6 4
124 63.8 4
120 62.4 4
105 46.3 4
122 72.8 4
116 86.9 4
109 71.3 4
106 71.3 4
99.3 96.9 4
95 73.7 4
96.2 71.3 4
97.7 88.5 4
91 94.7 4
124 93.8 1
93.2 91.7 4
154 13.8 4
154 1.15 4
131 14.2 4
131 0.825 4
155 44.1 4
130 44.1 4
154 16.3 4
131 16.3 4
128 19.9 4
157 19.9 4
131 46.9 4
154 48.2 4
154 69.3 4
131 69.3 4
154 45.6 4
131 45.6 4
132 67.7 4
126 64.7 4
138 82.4 0
155 73.6 0
154 71.3 0
131 71.3 4
154 99.3 1
131 99.3 1
132 97.7 1
159 71.8 0
126 94.7 1
175 14.1 4
169 13.8 4
185 9.63 4
167 41.6 4
175 18.5 4
175 44.1 4
165 42.1 4
169 43.8 4
176 16.3 4
168 15.6 4
178 51 4
179 52.2 4
176 46.9 4
169 68.8 4
176 69.3 4
176 45.6 4
177 67.7 4
175 52 4
161 63.9 4
167 96.6 1
176 71.3 4
165 97.1 1
169 98.8 1
161 93.9 1
168 70.6 4
192 99.1 4
176 99.3 0
177 97.7 0
13.1 14.1 0
7.4 5.33 0
13.1 44.1 0
16.4 31.8 0
17 56.2 0
14 68.8 0
13.4 45.6 0
13.1 70.9 0
39 1.25 0
22.1 2.05 0
34.3 11.5 0
46.5 9.93 0
24.9 18.6 0
43.8 21.5 0
42.6 22.7 0
34.6 18.5 0
34 31.1 0
27.7 48.1 0
45 67 4
29 46.9 0
25.2 73.7 0
48.1 81.8 4
57 11.6 0
55.3 12 0
78.1 0.95 0
61 13.8 0
65.6 3.43 0
83.9 21.4 4
61.9 15.9 0
73.8 38.3 4
82.7 22.7 4
74.7 18.5 0
62 44.1 4
73 36.5 4
85 67 4
61.8 69.2 4
61.6 45.6 4
54.1 60.4 4
86.3 94.7 4
64.8 73.6 4
83.4 76.3 4
61.9 70.9 4
61.8 99.2 4
82.2 77.6 4
78.3 72 4
113 3.23 0
106 2.08 0
108 3.25 0
96.6 3.43 0
106 33 4
122 56.2 4
91 61.8 4
110 73.9 4
122 83.3 0
112 96.4 0
122 86 0
95.6 98 4
115 83 4
118 84.6 4
130 11.2 4
146 3.53 4
130 3.75 4
148 41.7 4
157 28.6 4
130 18.5 4
155 18.5 4
157 48.1 4
159 61.7 4
128 77.8 4
158 70.9 0
159 91.7 1
196 12.5 4
172 14.1 4
171 43.8 4
172 15.9 4
163 40.1 4
171 68.8 4
172 45.6 4
199 49 4
184 46.8 4
171 58.7 4
171 61.2 4
169 61.9 4
185 76.5 4
175 74.1 4
163 95.2 1
171 98.8 0
172 70.9 4
16.9 2.98 0
4.7 8.3 0
7.48 11.7 0
6.53 8.3 0
18.8 31.1 0
8.1 58.3 0
19.4 51.7 0
17 85.9 0
19.4 81.7 0
18.1 83 0
45.8 6.23 0
37.8 13.9 0
26.2 24 0
37.6 21.9 0
37.8 43.9 0
34 41.9 0
37.2 34.3 0
21 32.1 0
38 15.9 0
49.1 32 0
35.9 21.9 0
35.3 33.8 0
23.6 39.9 0
37.8 58.3 0
36.3 57.3 0
46.3 65 4
49.1 52 0
20.8 51.9 0
38.1 69.2 0
38.3 45.6 0
33.8 58.5 0
43.7 76.6 4
38 70.9 0
20.8 81.9 0
38.1 99.2 4
42.4 77.9 4
62.6 3.9 0
62.2 1.1 0
77.9 14.1 0
53.3 10.1 0
77.8 21.8 0
77.8 43.9 4
73.8 41.8 4
78 15.9 0
89.1 32 4
50.8 31.9 0
76 21.8 0
74.2 31.1 4
68.1 41.6 4
55.6 66.9 4
57.3 66.4 4
86.3 65 4
89.1 52 4
78.1 69.2 4
78.3 45.6 4
50.8 51.9 0
89.1 82 4
78.1 99.2 4
50.8 81.9 4
122 2.98 0
105 8.28 4
118 0.95 0
118 14.1 4
93.4 6.28 0
111 38.1 4
119 43.8 4
114 41.9 4
91 32.1 4
118 15.9 4
124 31.7 4
122 34 4
103 48.4 4
91 52.1 4
124 51.7 4
118 69.2 4
118 45.6 4
99 47.6 4
96.2 77.9 4
91 82.1 4
118 70.9 4
124 81.7 0
118 99.2 1
98.1 76.6 4
98.4 74 4
137 10.8 4
149 11.8 4
144 12.5 4
128 5.9 4
137 4.08 4
140 41.6 4
126 32.1 4
159 32.1 4
126 52.1 4
159 52.1 4
151 47.5 4
128 75.4 4
154 77.9 0
126 82.1 0
159 82.1 0
186 3.18 4
172 0.95 4
168 18.5 4
190 41.6 4
196 42.4 4
161 31.9 4
198 29.8 4
163 23.5 4
197 57.1 4
161 51.9 4
199 58.2 4
180 85.3 0
161 81.9 0
11.1 30.9 0
4.2 41.8 0
10.5 21.3 0
16.7 23.1 0
6.15 19.7 0
15.4 16.8 0
4 31.4 0
16.8 79 0
14.1 83.5 0
16.2 80.9 0
14 74.3 0
37.3 11 0
41.3 18.1 0
34.1 38.6 0
28.4 18.9 0
28.7 74 0
39.5 73.3 4
41 73.1 4
54.1 6.23 0
58.2 18.5 0
57 41.6 0
53.2 23.5 0
81.3 18.1 0
55.3 42.1 0
70.8 19.6 0
67.8 48.1 4
53.6 65 4
69 46.9 4
58.2 73.8 4
86.7 80.5 4
53.4 80.2 4
57.9 79.9 4
86.9 79 4
53.2 78.8 4
62.5 84.4 4
108 11.8 4
121 23.8 4
99.6 42.6 4
119 23.6 4
94.1 51.1 4
114 65.5 4
94.1 81.1 4
122 81 4
122 79.7 4
139 19.1 4
146 19.1 4
156 51 4
128 57.9 4
145 74 0
140 74 0
130 74 4
156 81.3 0
128 87.9 0
176 9.68 4
195 35 4
194 19.1 4
172 18.4 4
182 25.5 4
164 50.9 4
170 47 4
168 73.8 0
164 91.6 1
163 80.2 0
185 83.5 4
163 78.8 0
178 80 4
8.28 28.2 0
4.05 22.2 0
19.4 45.6 0
18.1 48.1 0
26.5 41.6 0
46 61.6 4
83.1 8.3 0
53.3 40.1 0
86 61.6 4
62.1 73.5 4
63.5 78.5 4
54 90.2 4
122 8.1 4
111 31.3 4
116 26.7 4
99.4 32.4 4
119 18.5 4
122 31.7 4
96.8 29.9 4
93.5 22.5 4
93.7 36.8 4
123 48.1 4
124 45.6 4
148 8.33 4
149 3.33 4
146 7.1 4
145 41.7 4
129 38.4 4
156 38.4 4
128 27.5 4
149 81.9 0
167 11.7 4
166 12.1 4
184 18.8 4
187 48.1 4
183 54.3 4
181 48.1 4
186 46.8 4
172 53.8 4
172 74.1 4
10 2 0
12.4 96 4
4.48 90.6 0
38.3 18.5 0
47.6 21 0
32 65.8 0
23.9 58.8 0
24.3 87.9 0
32.8 95.6 4
34.1 74.2 0
81.5 3.35 0
72.5 11.1 0
70.4 11.2 0
78.3 18.5 0
74 23.3 0
52 48.1 0
71.9 65.8 4
50.8 45.6 0
53.9 55.7 4
72 95.6 4
55.5 96.7 4
57.2 96.2 4
70.7 74.1 4
85.7 85.8 4
103 2.45 0
113 6.68 4
95.5 10.8 4
93.4 8.75 0
105 19.4 4
93.1 20.1 4
99.4 51.1 4
101 49.8 4
98.3 98.3 4
109 96.6 4
121 75.6 4
133 74.4 4
142 83.9 0
199 3.75 4
182 3.18 4
164 10.2 4
182 41.2 4
184 41.2 4
162 48.1 4
168 66.4 4
192 65.8 4
161 45.6 4
193 49.5 4
166 66.9 4
179 56.9 4
164 55.9 4
164 85.7 0
2.18 2.08 0
19.4 15.9 0
17.5 16.5 0
8.85 48.4 0
17.5 71.5 0
19.4 70.9 0
16.1 94.1 4
26.1 3.4 0
29.5 3.5 0
23.7 10.1 0
32.6 23.2 0
47.9 48.1 0
49.1 45.6 0
44.7 46.9 0
44.8 83 4
42.4 96.3 4
45.9 89.4 4
47.7 76.2 4
46.3 85.3 4
87.8 10.2 0
53.2 1.88 0
84.3 28.3 4
86.3 34.5 4
68.2 23.3 0
87.7 20.9 4
88.5 47.5 4
89.1 45.6 4
84.7 46.9 4
53.6 94.8 4
83.9 72.4 4
77.4 75.3 4
78.3 77 4
75.1 73.8 4
95.1 18.8 4
93.7 31.5 4
124 15.9 4
114 33.3 4
122 39.6 4
119 28.8 4
104 30 4
123 16.5 4
96 66.8 4
123 71.5 4
93 98 4
124 70.9 4
104 74.5 4
122 94.1 1
96.6 99 4
134 10.9 4
133 8.45 4
133 6.35 4
134 3.95 4
135 19.1 4
150 19.1 4
154 29.1 4
140 35.9 4
141 37.6 4
140 65.8 4
145 66 4
154 66.8 4
140 95.8 1
146 96 1
154 96.8 1
129 80.4 0
181 11.1 4
190 3.6 4
197 7.88 4
177 3.23 4
195 6.2 4
165 17.8 4
163 18.7 4
163 20.5 4
197 24.5 4
184 65.3 4
166 47 4
164 65 4
181 90.3 0
185 95.5 4
175 87.9 0
180 95.5 0
185 90 0
16.9 12.8 0
19.4 14.1 0
16.2 9.1 0
4.3 2.4 0
1.1 11.1 0
8.95 41.4 0
16.9 42.8 0
19.4 44.1 0
16.5 35.5 0
16.9 39.7 0
17.9 20.7 0
10.7 65.8 0
12.2 48.1 0
12.5 66.1 0
16.9 67.8 0
19.4 69 0
16.4 54.1 0
16.4 64.3 0
13.6 56.8 0
9.95 73.9 0
2.5 97.4 4
16.9 97.8 4
17.4 76 0
19.4 99 4
8.9 97.6 4
37.6 4.1 0
44.3 12.8 0
47.4 8.93 0
46.4 34.5 0
46 18.4 0
47.1 26.6 0
47.8 40.2 0
44.3 43.1 0
40.2 34.3 0
44.3 17.5 0
37.1 38.1 0
38.2 36.7 0
22.2 48.1 0
21 45.6 0
44.8 96.6 4
44 72.5 4
62.2 10.8 0
84.3 13.1 0
55 17.9 0
53.4 18.8 0
86 18.4 4
78.7 37.1 4
84.3 17.5 0
87.8 40.2 4
84.3 43.1 4
83.4 36.3 4
77.6 38.5 4
80.6 26.9 4
56.4 25 0
80.4 32.2 4
52.6 20.5 0
71.9 25.8 0
63.7 65.9 4
63.8 48.7 4
64 96.1 4
53.3 74 4
86.6 74.3 4
52.6 75.8 4
87.5 76 4
55.6 72.5 4
122 12.8 4
93.2 2.2 0
105 1.2 0
124 14.1 4
122 42.8 4
118 41.3 4
96.7 24.7 4
124 44.1 4
108 31.1 4
123 20.9 4
93.7 39.6 4
119 32.4 4
122 36.6 4
96 63.6 4
96.8 58.2 4
104 65.9 4
96.6 53.3 4
95.7 56.7 4
97.2 62.1 4
92.2 48.1 4
122 67.8 4
91 45.6 4
124 69 4
110 48.7 4
116 73.8 4
119 89.9 0
122 97.8 1
92.2 86.3 4
92.1 75.8 4
124 99 1
90.6 99 4
95.9 86.1 4
154 3.98 4
154 11 4
127 9.15 4
156 9.35 4
144 33.6 4
141 33.6 4
129 34.3 4
158 27.9 4
134 21.7 4
151 21.7 4
159 26.1 4
158 47.5 4
127 48.1 4
126 45.6 4
159 45.6 4
138 49.3 4
128 61.9 4
158 75.7 0
128 91.9 1
167 6.8 4
166 1.93 4
195 3.73 4
190 19.1 4
176 22.7 4
180 18.8 4
172 41.5 4
194 31.7 4
167 25.1 4
175 65.7 4
174 66 4
163 74.1 0
193 84.2 4
199 81.8 4
194 73.9 4
163 75.8 0
166 72.5 4
11.7 6.1 0
16.2 6.15 0
7.05 2.2 0
13.7 33 0
15.2 61 0
6.43 48.4 0
13.6 60.3 0
18.2 56.8 0
5.18 48.4 0
4.78 74.4 0
0.125 74.4 0
4.88 97.9 4
16.1 91.8 4
26.7 11.8 0
27.4 26.8 0
30.9 33.3 0
47.4 37.4 0
26.2 28.1 0
41.3 31.8 0
22.4 28.3 0
21.2 25.8 0
48.8 25.2 0
22 20.7 0
49.1 15.9 0
42.4 38.9 0
38.9 40.9 0
41.1 30.4 0
44.4 29.6 0
22.6 39 0
28 52.2 0
33.5 52.1 0
44.2 67.9 4
30.3 53.7 0
32.6 46.9 0
45.7 73.4 4
22.3 75.8 0
49.1 70.9 4
35.3 95.9 4
46.1 94.6 4
74.3 3.9 0
84.7 2.18 0
86.9 12.1 0
52.5 8.95 0
53.4 30.4 0
67.4 26.8 0
80.9 38.3 4
62.1 23.5 0
86.4 31.5 4
66.1 28 0
87.4 37.4 4
88.9 25.2 4
89.1 15.9 4
50.8 15.9 0
87.7 27.7 4
53.2 29 0
53.2 26.5 0
65.1 18.6 0
84.2 67.9 4
56.9 48.7 4
84.2 97.6 4
89.1 70.9 4
50.8 70.9 4
101 4 0
108 5.93 4
122 6.08 4
111 18.9 4
105 35.7 4
98.5 19.2 4
114 36.1 4
92.8 28.8 4
92.8 26.3 4
99.7 26.9 4
99.2 66.4 4
120 77.5 4
116 95.9 0
118 77.3 4
99.2 93.2 4
117 78.6 4
113 88.5 4
123 86.7 0
92.2 89.6 4
93.2 73.3 4
110 87.6 4
102 98.6 4
122 91.7 1
107 84.8 4
156 34.4 4
129 31.3 4
127 20.7 4
158 20.7 4
145 36 4
144 37.7 4
154 26.1 4
130 29.8 4
154 63.5 4
153 62 4
154 93.5 1
153 92 1
143 79.4 0
145 79.4 0
162 4.98 4
191 6.08 4
190 7.85 4
164 30.5 4
164 42.9 4
161 15.9 4
169 22.4 4
163 39 4
163 29.1 4
179 27.7 4
176 27.7 4
163 26.6 4
166 53.3 4
198 52.2 4
168 53.7 4
192 86.9 4
164 98 1
161 70.9 0
172 96.1 0
174 95.7 0
17.5 1.73 0
19.4 1.1 0
9.7 9.18 0
2.08 27.6 0
0.625 33.4 0
3.33 28.8 0
10.5 34.6 0
17.6 26.4 0
17.6 28.9 0
18.2 59.9 0
0.25 48.8 0
8.95 94.3 4
7.78 92.8 0
0.175 96.2 0
13.4 89.9 0
36.3 6.85 0
37.4 8.25 0
47.4 7.23 0
30.7 12.3 0
33.5 12.6 0
46.8 11.8 0
49.1 14.1 0
23.4 5.23 0
29.1 27.9 0
33 35.6 0
45.7 20.5 0
46.9 42 0
48.8 23.8 0
49.1 44.1 0
21 15.9 0
27.8 29.2 0
28.1 31 0
46.5 31.6 0
42.6 26.1 0
47.6 28.9 0
36.2 66.2 0
28.9 65.8 0
36.9 48.1 0
46 55 0
23.9 61.9 0
49.1 69 4
30.2 46.2 0
24.1 54.5 0
37.4 75.9 4
38.3 77.5 4
24.1 83.9 0
24.3 91 4
42.9 80.6 4
49.1 99 4
21 70.9 0
63.4 7.95 0
78.5 10.9 0
62.3 6.55 0
78.5 4 0
69.2 2.7 0
54.5 12.9 0
66.4 2.33 0
89.1 14.1 0
50.8 14.1 0
68.7 9.03 0
69.7 7.2 0
67.5 37.1 4
69.1 28 0
53.6 34.9 0
85.8 20.5 4
73 42.9 4
86.9 42 4
89.1 44.1 4
50.8 44.1 0
78.7 40.9 4
67.8 29.3 0
68.1 31.1 0
66.4 38.8 4
65.2 21.9 0
76.2 66.1 4
68.8 65.8 4
76.9 48.1 4
86 55 4
89.1 69 4
50.8 69 4
72.7 51.7 4
84.1 82.6 4
82.5 81.7 4
76.1 95.9 4
60.7 86.9 4
68.9 95.6 4
53.9 84.9 4
63.3 90.2 4
67.1 84.9 4
64.2 81.8 4
89.1 99 4
50.8 99 4
55.2 81.5 4
58.8 77.5 4
65.4 84.6 4
67.8 90 4
69.2 88.6 4
123 1.73 0
108 8.73 4
103 6.9 0
111 7.95 4
124 1.1 4
90.6 1.1 0
109 28.7 4
115 28.9 4
115 19.1 4
108 36.9 4
96.7 41.3 4
123 28.7 4
91 15.9 4
114 30.4 4
114 39 4
123 25.5 4
108 27.5 4
122 53 4
117 48.1 4
123 59.2 4
123 56.8 4
116 58.3 4
118 55.7 4
113 49.3 4
91 60 4
119 73.7 4
114 76.7 4
119 96.1 1
98.4 83.3 4
99.7 91.2 4
112 81.6 4
122 89.1 0
91 70.9 4
102 78.3 4
96.6 83 4
109 81.6 4
102 87.7 4
98.9 86.1 4
142 4.2 4
144 8.25 4
127 6.68 4
142 10.9 4
156 5.8 4
136 36.2 4
153 41 4
132 41 4
135 37.9 4
156 31.5 4
159 15.9 4
126 15.9 4
159 24.7 4
157 23.5 4
153 57.8 4
133 49.9 4
151 66.6 4
135 65.1 4
152 53.1 4
154 56.3 4
153 52.9 4
158 56.6 4
159 59.9 4
151 96.6 1
158 86.6 1
126 70.9 4
159 89.9 1
171 10.8 4
190 12.6 4
195 13.7 4
161 14.1 4
171 3.95 4
176 41.6 4
199 41.1 4
197 38 4
163 37.3 4
163 42 4
161 44.1 4
181 34.1 4
191 35.6 4
190 37.4 4
196 27.3 4
172 23.3 4
171 22.1 4
179 65.3 4
182 60 4
190 65.7 4
196 65.5 4
186 56.2 4
184 60 4
161 69 4
186 59.5 4
164 59.3 4
166 82.4 0
167 81.6 0
179 74.4 4
189 83.4 4
185 87.1 0
189 95.6 4
188 82.7 4
163 97 1
161 99 1
198 98.8 4
169 77.5 0
181 87.4 0
1.33 6.05 0
13.4 11 0
2.85 9.15 0
5.33 12.7 0
2.73 24.5 0
6.33 29.3 0
4.28 39.2 0
6.33 25.9 0
0.7 36.9 0
13.6 22.8 0
7.7 35.7 0
14 41.6 0
12.2 26.9 0
13.4 25.7 0
16.9 50.6 0
14.4 48.1 0
5.63 65.6 0
16.9 47.5 0
7.48 89.3 0
11.9 76.4 0
11.5 78 0
6.23 97.9 4
18.3 86.5 0
17.6 88.9 4
40.8 7.88 0
49.2 1.1 0
21 14.1 0
31 5.63 0
30 7.48 0
24.1 30.7 0
35.2 29.2 0
33.2 43 0
23.1 18.2 0
21 44.1 0
29.6 22 0
22.3 36.4 0
21.2 24.4 0
23.7 23.3 0
31.2 38.4 0
28.4 37.6 0
41.2 23.5 0
46 52.2 0
23.9 51.9 0
38.8 66.4 0
39.3 48.1 0
40.5 48.1 0
46.7 66.8 4
21 69 0
37.9 96.1 4
23.9 81.3 0
45.6 75.7 4
27.2 79.5 0
27.9 96.1 4
23.4 73.3 0
48.9 79 4
21 99 4
31 77.3 0
59.2 3.98 0
80.2 6.88 0
85.6 7.68 0
52.5 7.25 0
52.9 11.9 0
50.8 1.1 0
87.3 5.15 0
61 18.9 0
70.2 42.5 4
88.9 23.8 4
63.6 28.1 0
58.9 22.1 0
61.1 41.5 4
81.4 23.3 4
62.3 26.8 0
50.6 27.5 0
86 52.2 4
78.7 66.3 4
61.3 66.1 4
79.3 48.1 4
80.5 48.1 4
54.8 67.8 4
73.3 47.5 4
86.7 66.8 4
67.3 51.7 4
70.3 46.2 4
61.6 48.7 4
82.6 88.9 4
78.6 96.1 4
61.6 96.3 4
84.4 74.5 4
61.1 79.1 4
58.8 83.9 4
86.7 96.5 4
81 71.1 4
57.6 82.7 4
100 11.1 4
119 4.05 4
119 10.9 4
116 9.05 4
91 14.1 4
117 20.8 4
105 39 4
98.5 38.4 4
91 44.1 4
102 35.2 4
108 25 4
117 24.1 4
108 66.3 4
107 48.7 4
122 50.6 4
122 47.5 4
119 48.1 4
103 54.9 4
91 69 4
99.6 53.7 4
121 63.9 4
102 91.6 4
94.4 97.1 4
105 98.7 4
128 11 4
159 14.1 4
126 14.1 4
139 29.7 4
146 29.6 4
139 31.2 4
146 31.1 4
128 18.2 4
157 18.2 4
126 44.1 4
159 44.1 4
126 27.5 4
129 52.2 4
142 49.3 4
142 57.6 4
159 69 4
126 69 4
130 66.1 4
153 87.8 1
141 92.9 1
155 86.3 1
127 76.2 4
159 99 1
126 99 1
130 96.1 1
136 87.2 1
143 91.8 1
163 3.1 4
192 42.7 4
181 31.2 4
181 29.7 4
164 34.9 4
199 35.6 4
176 33.5 4
162 22.7 4
195 43.6 4
161 27.5 4
173 48.4 4
164 48.9 4
190 73.9 4
185 74 4
177 82.4 0
178 84 0
182 79.9 4
193 96.2 4
177 90.2 0
183 85 0
178 77.6 4
188 89.1 4
174 80.5 0
171 77.6 0
198 88.5 0
12.8 2.3 0
8.55 12.9 0
3.13 43 0
3.08 17.6 0
10.8 23.7 0
0.525 43.8 0
0.5 16.3 0
10.3 25.8 0
17.9 22.3 0
16.7 17.7 0
4.43 33.9 0
2.7 93 0
12.4 86.2 0
18.1 78.2 0
2.08 86.9 0
11.9 81.7 0
41.9 12.4 0
33.4 2.9 0
40.6 28 0
41.9 42.6 0
42 16.9 0
30.4 42.6 0
23.3 41.8 0
42.9 59.3 0
40.6 63.4 0
41.8 71.8 4
58.1 6.38 0
59 8.03 0
81.9 12.6 0
89.1 1.1 0
66.4 12 0
71 33.2 4
75.4 29.1 4
81.9 42.6 4
52 22.7 0
82 16.9 0
54.4 42.9 0
52.5 39 0
70.9 35.6 4
82.9 59.3 4
53.2 66.8 4
80.5 63.3 4
61.9 76.2 4
80.4 92.7 4
88.2 78.2 4
51.9 78 4
66.7 76.7 4
87.2 91.3 4
102 12.7 4
116 5.78 4
114 12.8 4
98 2.33 0
123 22.5 4
113 43 4
101 43.8 4
119 59.9 4
96.9 47 4
100 47 4
91 63.4 4
106 77.1 4
92.9 95 4
109 79.1 4
111 79.1 4
92.6 78.2 4
94.2 93.3 4
104 95.8 4
148 12.9 4
151 6.93 4
145 13.8 4
149 36.3 4
139 42.7 4
150 38 4
132 23.9 4
153 23.9 4
136 42.4 4
144 27.5 4
141 27.5 4
130 25.7 4
136 59.9 4
136 57 4
138 59.9 4
150 46.9 4
159 63.2 4
150 74.4 0
135 95.1 1
128 73.7 4
158 78.1 0
151 78.4 0
137 91.3 1
144 87.7 1
152 84.2 0
154 84 0
159 93.2 1
168 2.38 4
161 1.1 4
163 9.1 4
198 2.9 4
167 17.2 4
169 38.6 4
188 51.9 4
186 53.3 4
176 59.7 4
178 49 4
172 49.7 4
172 51.4 4
169 46.4 4
167 72.5 4
169 93.3 0
162 78 0
168 91.3 0
196 98.6 4
7.2 6.75 0
6.08 3.45 0
8.3 18.4 0
10.3 19.6 0
13.8 16.2 0
4.85 55 0
16.2 74.3 0
43 5.7 0
41.9 3.33 0
35.3 17.2 0
41.8 67.5 4
22.8 78.2 0
54.5 4.35 0
82.3 2.1 0
86.4 3.28 0
57.3 17.2 0
52.5 37.3 0
52.8 42 0
75.3 17.2 0
74.3 32.5 4
59.6 63 4
81.8 67.5 4
58.3 61 4
53.6 50.7 4
57.3 72.5 4
81.8 97.1 4
111 2.28 0
106 13 4
114 2.05 0
92.3 7.98 0
95.9 2.53 0
113 24.9 4
101 37.1 4
110 42.6 4
123 39 4
96 34.8 4
105 42.6 4
121 18.5 4
106 52.4 4
94.1 48.9 4
113 67 4
121 61.5 4
110 92.1 4
112 93 0
113 97.4 0
112 72.6 4
107 93.6 4
96.2 72.8 4
121 84.5 0
123 76.1 4
116 84.7 4
140 8.4 4
139 6.55 4
131 12.3 4
131 2.65 4
145 2.68 4
148 2.18 4
128 4.03 4
126 1.1 4
159 1.1 4
146 42.8 4
127 23.1 4
156 48.8 4
153 46.9 4
140 55.2 4
133 81.2 0
154 72.7 0
131 82.2 0
139 84.5 0
158 73.2 0
186 11.5 4
188 6.53 4
182 6.03 4
165 13 4
196 2.9 4
179 22.7 4
167 36.8 4
176 17.6 4
173 31 4
173 29.4 4
198 92.7 4
196 95.9 4
17.5 8.48 0
0.725 60.7 0
0.575 54.5 0
4.88 84.6 0
7.73 85.4 0
21.1 1.1 0
22.8 9.18 0
39 21.5 0
25.4 42.7 0
26.1 17.6 0
43.1 35.3 0
47.2 63.8 4
42.4 83.6 4
40.3 86.8 4
26.4 72.8 0
47.2 86.3 4
48.9 80.9 4
63.7 2.65 0
57.9 12.4 0
87.2 63.8 4
52.8 61.6 4
72.1 77 4
73.4 80.1 4
54.7 97.6 4
87.2 93.5 4
66 72.6 4
78 79.3 4
75.1 80.9 4
74.1 72.9 4
79.2 71.1 4
122 9.03 4
111 12.6 4
92.6 5.5 0
92.2 20.9 4
117 34.5 4
119 65.9 4
99.3 59.9 4
101 57 4
101 48.5 4
107 72.6 4
109 72.6 4
110 97.9 0
101 97.6 4
149 42.5 4
131 17.6 4
154 17.6 4
145 84.7 0
157 72.3 0
169 8.05 4
163 12.1 4
164 7.43 4
185 2.03 4
174 25.2 4
186 34.3 4
168 42.5 4
173 17.2 4
181 51.4 4
182 46.8 4
185 46.2 4
165 67.8 4
173 72.8 4
196 85.1 4
176 73.2 4
187 92.6 4
168 97.5 1
163 93.9 1
17.6 30.6 0
18.1 39.1 0
10.2 52.4 0
9.63 54 0
4.3 60.4 0
17.6 84 0
36.2 12.3 0
25.7 35.8 0
34.8 40.5 0
44.2 45.6 0
38.4 72.1 4
47.2 88.1 4
43 90.6 4
58.9 38.7 0
79.2 21.4 4
56.6 36.7 0
82.3 28.8 4
77 54.6 4
75.6 54.8 4
52.8 63.7 4
58.2 67.3 4
84.2 45.6 4
52.1 81.3 4
87.9 81.6 4
53.1 96.6 4
63 72.3 4
117 38.9 4
118 37.5 4
92.7 38.7 4
104 27.5 4
123 37.3 4
92.9 52.2 4
92.9 82.2 4
94.5 79.1 4
123 82.1 0
136 11.7 4
157 8.43 4
136 3.13 4
139 24.7 4
146 24.7 4
141 22.8 4
144 22.8 4
135 31.6 4
136 24.8 4
149 24.8 4
128 39.3 4
157 39.3 4
132 57.7 4
133 61.4 4
131 56.2 4
157 52.1 4
127 56.5 4
127 59.8 4
148 51.5 4
135 77.3 0
131 86.2 0
144 72.7 0
141 72.7 4
157 82.4 0
127 86.5 0
128 78.6 4
127 89.8 1
132 87.7 1
190 22.9 4
193 29.1 4
185 31.4 4
190 33.6 4
191 24.8 4
194 25.4 4
189 27.9 4
187 28.5 4
198 22 4
169 26.8 4
178 53.7 4
163 52 4
175 53.4 4
163 66.8 4
173 84 0
170 84.5 0
162 81.3 0
179 92.7 0
184 97.1 4
182 97.1 4
191 81.6 4
175 85.6 0
169 86.2 0
198 78.6 4
17.5 6.78 0
18.1 37.4 0
15.2 38.2 0
4.4 19.7 0
13.3 38.2 0
13.2 51.1 0
15.1 51.8 0
16.3 82.5 0
44 97.5 4
55.3 32.4 0
69.7 18.3 0
57 31.6 0
79.6 57 4
73.1 60.3 4
77.4 60.3 4
72.3 57.6 4
57.1 88.9 4
59.8 92.9 4
98.2 8.08 4
93.5 10.6 4
98.3 6.05 0
123 6.7 4
103 25 4
93.3 18.4 4
118 17.3 4
122 23.8 4
123 32.8 4
92.4 36.1 4
98.8 30.6 4
94.1 66.6 4
108 59.1 4
102 63.2 4
105 60.5 4
104 47.8 4
108 56 4
92.9 55.4 4
93.9 57 4
102 82.1 4
115 91.8 0
157 6.73 4
128 36.7 4
157 36.7 4
140 17.8 4
145 17.8 4
132 35.3 4
153 35.4 4
137 17.8 4
148 17.8 4
134 34.3 4
151 34.4 4
150 31.6 4
151 30.1 4
133 28.6 4
133 91.4 1
139 76.9 0
131 73.1 4
156 79.1 0
147 77 0
177 11.6 4
174 5.7 4
185 7.9 4
179 37.1 4
192 17.9 4
187 37.1 4
186 22.6 4
195 17.9 4
193 57.2 4
198 63 4
189 61.9 4
173 57.7 4
169 89.5 0
193 78.2 4
172 90.2 0
195 90.6 4
199 97.6 4
194 76.9 4
192 89.6 4
10.7 39.4 0
3.55 52.1 0
19.4 46.9 0
3.55 50.3 0
6.15 77.3 0
1.05 81.8 0
23.4 12 0
27.3 8.7 0
44.6 2.08 0
22.4 6.15 0
31 18.1 0
37.2 17.2 0
28.7 41.3 0
42.6 52 0
23.8 65.6 0
37.8 52.6 0
33.4 66.9 0
34.9 62.8 0
27.1 58.1 0
28.2 62.3 0
30.6 67.2 0
41.3 53.3 0
46.9 56.1 4
36.5 51.4 0
43 48.1 0
23.3 55.6 0
32.1 73.4 0
38.5 80.4 4
46.5 96.4 4
23.2 86.5 0
39.2 83.6 4
35.5 88.6 4
27.6 85.1 0
36.9 89.7 4
35.7 83.4 4
34 83.7 4
30.5 81.2 0
34.1 87.2 4
30.5 88.8 4
30.6 93.2 4
34.2 96.7 4
34.8 73 0
73.6 6.7 0
74.7 8.35 0
73.5 12.2 0
66.1 33.7 4
77.2 17.2 0
57.9 42.5 4
62.4 39.4 4
61.4 37.9 4
73.7 25.8 4
65.8 56.2 4
82.6 52 4
68.6 60.1 4
62.6 57.5 4
65.8 62.6 4
77.9 52.6 4
73.3 66.9 4
81.3 53.3 4
86.9 56.1 4
76.7 51.4 4
72.2 54.8 4
67.2 54.8 4
83 48.1 4
58.6 57.4 4
60.3 53.2 4
52.7 55.1 4
55.2 47.4 4
79.6 81.5 4
73.4 96.7 4
68 79.6 4
70.1 82.5 4
53.1 86.1 4
52.8 91.3 4
78.7 89.4 4
76.5 84.5 4
77.2 88.4 4
66.2 92.6 4
87 85.2 4
72.2 86.7 4
116 2.05 0
94.3 29.9 4
108 22 4
117 51.9 4
114 53.1 4
124 46.9 4
112 56.5 4
119 53.2 4
104 90.5 4
97.8 99 4
107 88.7 4
123 77.7 4
150 56.7 4
156 66.6 4
144 60.3 4
139 62.6 4
147 60.3 4
149 63.3 4
127 63.4 4
156 96.6 1
149 93.3 1
127 93.4 1
178 6.03 4
168 12.6 4
166 32.5 4
175 38.2 4
185 17.6 4
182 17.6 4
173 36.8 4
167 31.8 4
163 58 4
191 54.5 4
181 62.6 4
191 52.6 4
162 55.3 4
163 85.1 0
4.2 36.6 0
5.9 57.8 0
2.58 63.5 0
9.43 62.7 0
0.875 47.5 0
0.75 67.6 0
4.55 47.1 0
3.43 73.2 0
10.7 88.4 0
1.48 73.2 0
0.3 89.3 0
9.93 95.8 4
25.1 2.25 0
39.8 18.9 0
32.1 25.7 0
46.9 57.9 4
22.4 60.3 0
24.3 96.3 4
22.9 89.3 0
27.6 91.8 4
39.5 92.7 4
46.5 83.3 4
29.6 97.6 4
69.6 12.4 0
73.2 19.6 0
79.8 18.8 0
82 25.2 4
59.3 28.3 0
86.9 57.9 4
70.4 67.3 4
74.7 62.8 4
74.7 92.3 4
70.5 97.1 4
77.1 73.6 4
69.5 72.9 4
74.7 90.2 4
96.6 11.9 4
106 18.2 4
93.3 41.5 4
92.5 32.6 4
92.7 23.3 4
94.2 64.2 4
97.2 67.8 4
109 63.9 4
108 62.5 4
101 67.1 4
121 73.7 4
157 11.2 4
141 12.2 4
140 0.95 4
135 28.5 4
156 41.2 4
129 41.2 4
150 27.8 4
156 64.1 4
143 53.7 4
130 63.6 4
150 67.3 4
156 94.1 1
130 93.6 1
150 97.3 1
176 2.08 4
197 10.5 4
181 42.1 4
186 42.1 4
184 28.4 4
191 67.3 4
186 66.8 4
195 48.2 4
194 66.8 4
163 87.9 1
190 78 4
192 94.3 4
193 92.8 4
10 11.1 0
0.1 11.9 0
2.85 11 0
4.33 67.2 0
7.95 47.1 0
15.8 55.4 0
17.6 63.4 0
13.4 97 4
3.85 81.3 0
17.4 93.3 4
25.5 12.9 0
26.9 5.9 0
30.3 2.35 0
36 4.98 0
36.8 40 0
25.9 66.5 0
22.8 63.5 0
42.6 45.6 0
75.4 2.75 0
63.7 9.83 0
65.3 42 4
86.2 28.9 4
85.9 36.2 4
78 34.9 4
75.4 38.4 4
79.3 27.8 4
63.1 20.8 0
50.8 46.9 0
82.6 45.6 4
52.8 93.5 4
58.1 97.1 4
85.1 88.3 4
94 3.63 0
114 18.1 4
121 41.5 4
96.4 17.9 4
112 21.9 4
106 31.8 4
94.7 53.6 4
112 48.1 4
101 73.2 4
97.5 91.9 4
117 88.8 0
94.1 85.6 4
123 93.2 1
133 10.3 4
157 3.93 4
133 4.48 4
141 40.2 4
142 67.2 4
136 53.1 4
136 66.6 4
144 67.2 4
153 67.8 4
142 97.2 1
144 97.2 1
153 97.8 1
147 90.2 1
180 12 4
172 12.1 4
191 2.45 4
180 3.03 4
199 10.6 4
199 17.9 4
173 33.4 4
171 27.6 4
182 66.9 4
168 67.3 4
161 46.9 4
163 63.7 4
191 72.6 4
199 73.1 4
181 73.1 4
189 97.2 4
195 72.6 4
175 92.5 0
9.3 7.43 0
15.6 11 0
12.4 12.2 0
7.78 42.3 0
18.1 15.9 0
15.9 33.1 0
9.73 57 0
15.7 66.2 0
13.5 67.1 0
7.78 66.9 0
8.7 72.9 0
18.1 70.9 0
15.5 96 4
7.5 79.8 0
29.1 11.1 0
46.2 3.18 0
33.1 19.5 0
46 36.3 0
38.3 35.1 0
47.7 26 0
37.8 42.1 0
42.5 29.9 0
46.6 47.5 0
33.8 49.4 0
49.1 46.9 0
25.6 46.3 0
23.3 94.2 4
41.6 97.1 4
26.4 97.2 4
47.1 93.4 4
58.3 2.73 0
77.5 2.75 0
62.7 33.8 0
64.4 30.8 0
87.6 32.6 4
75.4 40.8 4
52.1 31.5 0
74.5 22.1 0
86.6 47.5 4
65.3 48.1 4
89.1 46.9 4
65 66.7 4
57.5 52.1 4
55.8 52.9 4
65.3 96.9 4
102 4.3 0
121 10.9 4
103 1.2 0
95.5 42.4 4
123 15.9 4
102 21.9 4
120 29.4 4
100 28.8 4
106 67.3 4
115 61.6 4
109 67.6 4
109 47.4 4
121 96 1
98 90 4
123 70.9 4
105 74.6 4
121 90.4 0
97.4 87.1 4
153 12 4
153 3.03 4
154 42.2 4
131 42.2 4
133 19.2 4
152 19.2 4
156 29.7 4
127 32.4 4
137 48.1 4
140 48.1 4
131 48.7 4
150 86.6 1
136 83.5 0
137 73 4
136 96.7 1
183 8.9 4
174 42.7 4
178 18.9 4
162 31.6 4
180 25.6 4
164 25.1 4
164 53.5 4
177 66.7 4
170 67.3 4
169 57.7 4
168 62.9 4
168 59.6 4
193 97.7 4
177 96.7 0
0.7 4.18 0
13 4.23 0
18.1 14.1 0
13.1 42.8 0
16.3 41.6 0
18.1 44.1 0
13.4 46.9 0
16.4 61.4 0
18.1 69 0
18.1 99 4
8.73 82.5 0
15.6 90.3 0
11.7 72.6 0
38.7 3 0
23.2 3.35 0
26.3 33.1 0
27.5 23.4 0
41.2 40.8 0
47.7 32.7 0
46.3 30.2 0
33.1 32.5 0
34.2 34 0
34.2 22.1 0
21 46.9 0
27.1 47.5 0
23.5 47.5 0
33.2 60.4 0
37.1 74.2 4
57.2 5.13 0
61.1 11.9 0
77.4 12.1 0
69.8 4.58 0
68 10.2 0
77.6 42.1 4
53.9 25 0
62.1 42.8 4
66.3 17.7 0
59.5 32.4 0
54.7 58.5 4
62.3 67.3 4
74.1 49.3 4
53.6 48.7 0
62.6 47.5 4
54 82.6 4
85.8 82.9 4
62.6 97.6 4
81.5 77.6 4
106 7.33 4
123 14.1 4
104 1.2 0
108 4.03 4
109 17.6 4
107 34.9 4
119 42.4 4
117 28.1 4
115 40.9 4
113 37.5 4
123 44.1 4
99.9 21.6 4
113 31.5 4
94.2 24.7 4
121 31.2 4
121 35.8 4
121 54.3 4
123 69 4
91 46.9 4
114 74.2 4
118 97.4 1
118 72.5 4
114 82 4
123 99 1
94.7 83.4 4
121 78.8 4
99.2 77.3 4
144 10.7 4
144 40.3 4
158 32.6 4
159 27.3 4
147 53.3 4
128 66.7 4
156 55.8 4
155 53.3 4
126 46.9 4
159 46.9 4
129 49.9 4
149 73.1 0
138 80.2 0
128 96.7 1
190 10.5 4
169 4.13 4
172 2.7 4
171 42.4 4
182 23.7 4
170 32.4 4
196 59.1 4
197 55.3 4
197 49.7 4
200 60.6 4
173 62 4
164 82.6 0
187 78 4
183 77.1 4
15.6 4.28 0
3.18 7.48 0
18.1 1.1 0
11.9 32.2 0
5.25 41.1 0
4.65 30 0
18.1 51.7 0
7.65 60.2 0
2.08 95.5 0
38.1 10.1 0
31.8 4.48 0
42.8 2.08 0
24.3 28.7 0
22.9 31.8 0
33 37.3 0
48.9 27.6 0
21.2 27.1 0
29.2 19.5 0
36.1 55.4 0
39.5 57.1 0
37.3 60.5 0
22.6 53 0
47.3 53.3 0
37.7 67.6 0
38.2 46.8 0
25.5 51.1 0
25 48.7 0
31.7 57.1 0
30.6 74.8 0
22.7 82.4 0
36.8 97.4 4
42.4 78.5 4
80.6 10.7 0
61.6 4.68 0
88.9 26.4 4
80.9 40.8 4
72.8 33.4 4
63.3 17.3 0
72.7 35.8 4
67.2 40.6 4
52 27.7 0
58.2 47.4 4
87.3 53.3 4
77.6 67.6 4
66.9 49.3 4
78.2 46.8 4
61.1 84.9 4
77.5 97.3 4
72.7 74.5 4
59.2 79.2 4
57.3 81.2 4
64.3 83.6 4
121 4.2 4
116 10.9 4
118 12.2 4
104 8.23 4
123 1.1 4
117 19.1 4
109 38.2 4
110 30.4 4
98.5 41 4
91.5 27.5 4
123 51.7 4
118 46.9 4
123 63.1 4
103 83.9 4
99.5 74.7 4
151 10.8 4
139 10.3 4
138 2.78 4
155 24.3 4
135 40.5 4
128 28.5 4
128 53.3 4
128 83.3 0
156 85.8 1
185 12.7 4
174 8.85 4
188 3.93 4
169 19.9 4
194 35.1 4
197 40.5 4
197 36 4
197 29.1 4
190 40 4
162 27.9 4
177 47.8 4
176 51.2 4
186 82.4 4
185 85.3 4
178 85.1 0
181 85.5 0
171 97.1 0
200 88.2 0
2 1.25 0
9.18 1.05 0
11.8 22.4 0
18.9 27.6 0
15.9 25.7 0
15.6 23.6 0
3.03 32.8 0
12.6 74.7 0
40.8 10.4 0
45.4 59.7 4
81.3 8.23 0
58.9 19.6 0
85.4 59.7 4
58.8 75 4
64.5 79.8 4
67.6 74.2 4
102 10.8 4
108 10.6 4
110 10.5 4
110 3.93 4
97.3 1.43 0
106 40.8 4
108 40.8 4
124 27.4 4
118 22.9 4
112 63.9 4
121 65.8 4
98.8 52.5 4
102 96.1 4
144 4.58 4
145 7.13 4
158 23.5 4
131 67.1 4
148 49 4
146 47.8 4
155 83.5 0
131 97.1 1
177 8.75 4
171 19.6 4
184 25.6 4
190 47.5 4
172 47.1 4
170 54.3 4
164 89.7 1
186 72.7 4
169 75 0
177 81.1 0
178 75.1 4
179 79.4 4
3.13 1.25 0
4.68 24.1 0
7.03 27.6 0
9.73 27.5 0
11.6 28.7 0
18.1 46.3 0
16.3 48.8 0
2.3 98.6 4
6.83 91.3 0
13.3 83.3 0
8.08 98.6 4
45.5 5.55 0
23.9 7.68 0
22.4 23.3 0
29.4 38.9 0
40.6 65.9 4
24.7 79.5 0
80.2 4.38 0
52.4 51.8 4
54.6 88.3 4
61.2 74.5 4
62.3 77.9 4
80.4 95.2 4
112 6.45 4
115 7.35 4
117 3.9 4
101 17.5 4
93.9 34.7 4
121 48.8 4
123 46.3 4
121 60.3 4
114 67.9 4
105 97.2 4
150 8.33 4
151 4.35 4
150 40.6 4
129 23.9 4
152 74.5 0
152 77.2 0
146 74.5 0
139 74.4 0
164 36.6 4
169 41.1 4
178 59 4
185 54.2 4
171 75.1 0
7.4 1.05 0
2.93 49 0
3.43 98.6 4
48.8 21 0
24.6 57.5 0
43.8 82.1 4
31.2 95.7 4
59 10.5 0
88.9 21 4
80.5 65.8 4
79.1 77.1 4
116 25.5 4
115 34.3 4
102 65.7 4
118 67.2 4
97.2 60.1 4
116 64.5 4
92.8 99 4
107 96 4
148 65.8 4
148 95.8 1
148 83.6 0
175 12.7 4
178 4.15 4
168 6.68 4
182 4.18 4
198 1.73 4
177 21.5 4
171 48.5 4
199 94 4
198 96.2 4
169 95.8 0
195 97.2 4
18.6 20.1 0
13.1 59 0
10.7 49 0
2.58 66 0
3.05 91.2 0
43.5 37.1 0
23.6 35.7 0
48.7 39.1 0
44.2 16.3 0
41.3 33.7 0
48.9 76.2 4
53.6 1.1 0
88.7 9.15 0
84.7 13.9 0
83.7 27.1 4
68.2 25.7 0
80.2 34.2 4
54.1 36.6 0
88.7 39.1 4
84.2 16.3 0
82 36.4 4
59.6 65.5 4
88.8 76 4
83.8 71.1 4
98.9 4.18 0
117 40.8 4
99.7 33.9 4
103 29.4 4
118 34.4 4
106 49.6 4
91.4 99 4
91.3 75.4 4
139 35 4
141 20.3 4
144 20.3 4
139 65.1 4
129 55.7 4
135 74.8 4
149 80 0
129 85.7 0
143 85.6 1
129 81.5 0
169 10.6 4
165 1.13 4
194 6.65 4
174 23.4 4
168 24.6 4
163 17.5 4
165 16.6 4
196 25.2 4
161 20.5 4
199 23.7 4
181 48.9 4
180 54.7 4
182 53.2 4
165 46.4 4
172 52.8 4
172 65.6 4
179 95.2 0
163 72.8 0
165 71.9 0
179 91.2 0
187 90.6 4
193 85.5 4
182 89.6 0
187 95 4
176 86.5 0
161 75.8 0
184 89.3 0
11 41.3 0
16.5 36.8 0
16.4 52.9 0
9.4 65.2 0
6.3 98.6 4
18.7 76 0
27.5 4.03 0
48.6 8.93 0
44.7 13.6 0
28.1 25.6 0
45.9 17.2 0
44.7 43.8 0
45.5 91 4
44 71.2 4
63.3 40.7 4
67.1 22.2 0
69.9 26.9 0
57.8 24.2 0
53.3 17.5 0
85.9 17.2 4
54.9 16.6 0
58.9 41.2 4
52 15.9 0
51.3 20.5 0
84.7 43.8 4
53.7 32.6 0
81 29.7 4
86.6 73 4
53.3 72.8 4
54.9 71.9 4
52 70.9 4
51.3 75.8 4
92.8 1.1 0
98 25.3 4
124 20.3 4
107 26.2 4
91.2 87.2 4
115 89.6 0
109 87.4 4
126 8.38 4
140 32.7 4
145 32.6 4
154 27.9 4
130 35.2 4
155 35.3 4
139 95.2 1
159 75.3 0
141 83.6 0
193 4.18 4
174 3.83 4
196 1.73 4
193 33.1 4
197 19.5 4
162 15.9 4
194 30.3 4
180 28.5 4
200 82.8 4
191 95.7 4
191 83.1 4
199 80 4
175 89.6 0
162 70.9 0
18.8 56.8 0
6.5 74.8 0
48.6 7.23 0
29.8 26.7 0
48.7 37.4 0
47.8 15.9 0
47.8 42.2 0
21.3 39 0
21.3 20.3 0
29.6 32.3 0
34.9 65.3 0
27.8 64.8 0
36.2 49.3 0
32.7 46.2 0
44.6 68.7 4
30.9 46.2 0
31.5 53.2 0
25.1 85.1 0
45.7 72.1 4
47.8 70.9 4
21.6 75.4 0
72.8 4.83 0
87.8 12.3 0
84.3 1.33 0
51.3 8.95 0
54.9 13.7 0
66.3 1.55 0
74.9 10.2 0
52 14.1 0
68 19.7 0
88.7 37.4 4
87.8 15.9 4
87.8 42.2 4
52 44.1 0
76.4 49.3 4
52 69 4
84.6 68.7 4
81.7 80.3 4
87.8 70.9 4
52 99 4
84.6 98.3 4
98.5 9.95 4
91.4 1.1 0
112 19.4 4
119 36.7 4
115 49.3 4
101 54.7 4
124 56.8 4
116 57.1 4
119 54.5 4
116 79.7 4
101 94.2 4
91.2 89 4
124 86.6 0
92.3 73.7 4
108 83.5 4
126 6.68 4
146 35 4
134 23 4
151 23 4
126 20.3 4
159 20.3 4
153 59.8 4
129 64.2 4
159 57.4 4
129 94.2 1
159 87.4 1
161 5.98 4
162 14.1 4
179 39.6 4
187 39.7 4
161 39 4
165 43.7 4
164 32.8 4
162 44.1 4
188 64.9 4
181 65.1 4
200 53.3 4
181 60.8 4
188 48.7 4
198 65.5 4
162 69 4
165 61.1 4
162 99 1
165 98.7 1
191 88.6 4
0.8 27 0
9.43 35.9 0
18.8 58.6 0
18.9 86.5 0
29.4 8.95 0
31.8 13.4 0
33.6 13.4 0
47.8 14.1 0
46.4 12.7 0
46.9 20.6 0
22.2 18.6 0
21 17.2 0
21.3 37.3 0
49.1 43.4 0
48.8 22.6 0
42.6 25.5 0
41.8 23.5 0
47.8 69 4
39.7 78.3 4
25.1 92.2 4
22.5 73.7 0
21 72.2 0
47.8 99 4
29.6 79.1 0
88.2 6.18 0
68.1 1.55 0
89.1 13.4 4
53.3 12.7 0
87.1 20.5 4
89.1 43.4 4
73 43.7 4
88.9 22.6 4
63.5 22.3 0
66.8 65.1 4
74.7 65.3 4
71.2 53.4 4
87.8 69 4
55.2 68.6 4
67.2 95.1 4
61.5 89 4
74.7 94.8 4
68.9 84.4 4
59.8 95.4 4
86.3 97.4 4
87.8 99 4
66.1 90.8 4
70 87 4
108 19.5 4
103 19.4 4
91 17.2 4
124 58.6 4
91 59.3 4
113 96.2 0
113 78.2 4
103 89.9 4
101 92.2 4
124 88.4 0
91 72.2 4
136 35.3 4
127 18.6 4
158 18.6 4
159 17.2 4
126 17.2 4
130 27.3 4
159 59.2 4
153 89.8 1
141 78.6 0
126 72.2 4
126 75.8 4
159 89.2 1
183 10.8 4
192 13.7 4
194 13.7 4
176 40.1 4
175 28.2 4
161 37.3 4
182 33.2 4
179 34.5 4
163 42.8 4
186 58.1 4
168 80.1 0
163 97.8 1
175 95 0
4.25 13.8 0
2.85 38 0
18.9 88.3 0
49.2 1.75 0
33.3 43.8 0
44.8 48.7 0
44.3 51.3 0
46.3 67.7 4
41.7 46.8 0
48.9 77.8 4
86.9 7.68 0
51.3 7.25 0
52 1.1 0
71.2 43.7 4
82 23.3 4
84.8 48.7 4
84.3 51.3 4
68.3 53.4 4
86.3 67.7 4
72.7 46.2 4
81.7 46.8 4
80.8 90.2 4
84.3 73.2 4
82.2 71.1 4
94.1 98.1 4
98.2 99 4
129 12.1 4
146 78.7 0
162 2.88 4
192 43.6 4
161 22.1 4
192 49.5 4
173 79.9 0
197 90.9 0
197 74.5 4
183 74.6 4
