13.7 7.5 1
12.7 9.05 1
13.7 37.5 1
14.4 27.5 1
14.4 47.5 1
18.8 23.1 1
57.8 5.85 1
58.7 7.5 1
17.5 24.4 1
17.5 0.625 1
15.6 7.5 1
16.9 46.3 1
16.9 48.8 1
18.8 68.1 0
57.8 39.2 0
57.8 35.9 0
58.7 37.5 0
17.5 25.6 1
15.6 27.5 1
15.6 47.5 1
59.4 27.5 0
17.5 69.4 0
59.4 47.5 0
15.6 37.5 1
18.8 98.1 0
17.5 99.4 0
17.5 70.6 0
61.9 6.1 1
61.9 8.9 1
88.7 7.5 1
60.8 7.5 1
61.9 28.8 0
61.9 46.3 0
61.9 48.8 0
87.8 35.9 0
88.7 37.5 0
61.3 37.5 0
60.6 27.5 0
89.4 27.5 0
60.6 47.5 0
89.4 47.5 0
87.8 39.2 0
119 7.5 1
118 9.05 0
118 5.95 1
90.8 7.5 1
118 46.3 0
118 28.8 0
91.9 28.8 0
118 48.8 0
118 38.9 0
91.3 37.5 0
119 37.5 0
90.6 27.5 0
90.6 47.5 0
119 27.5 0
119 47.5 0
118 36.1 0
124 23.1 0
168 5.8 0
168 9.13 0
169 7.5 0
123 0.625 1
123 24.4 0
121 7.5 0
122 48.8 0
124 68.1 4
168 39.2 4
168 35.9 4
169 37.5 4
123 25.6 0
121 27.5 0
121 47.5 0
121 37.5 0
169 27.5 0
123 69.4 4
169 47.5 4
123 39.4 0
121 39.4 0
124 98.1 4
123 99.4 4
123 70.6 4
171 7.5 0
172 9.05 0
172 28.8 0
172 46.3 4
172 48.8 4
171 37.5 4
172 36 4
171 27.5 0
171 47.5 4
5.23 1.98 1
12.9 16.8 1
8.65 2.1 1
2.5 23.8 1
13.3 19.8 1
7.13 1.15 1
14.1 18.1 1
14.2 22.2 1
13.1 56.7 1
14.1 58.2 1
2.5 68.8 1
2.5 25.6 1
0.625 27.5 1
0.625 26.3 1
5.53 98.1 1
13 78.4 1
2.5 71.3 1
13.1 86.7 1
14.1 88.2 1
13.3 74.8 0
14.1 73.1 0
14.2 77.2 0
7.4 99.3 1
29.6 1.93 1
58.1 19 0
46 23.1 0
54.7 23.1 0
56 23.1 0
48.4 2.05 1
26.2 2.1 1
54.4 1.63 1
32.6 23.8 0
27.8 1.15 1
44.7 1.68 1
47.2 24.4 0
57.2 24.4 0
52.7 24.4 0
59.4 22.4 0
59.4 17.8 0
43.1 0.875 1
57 0.85 1
42.7 24.4 0
15.6 17.8 1
47.2 0.8 1
52.8 0.775 1
15.6 22.4 1
50 2.03 1
58.1 21.1 0
43.9 23.1 0
17.5 20.5 1
16.3 20.5 1
19.1 31.6 1
57.5 59.4 0
30.6 27.5 0
30.6 26.3 1
51.6 68 0
48.2 67.9 0
34.6 67.8 0
45.4 27.5 0
45.4 26.3 0
55.4 27.5 0
55.4 26.3 0
41.6 68 0
32.9 67.5 0
57.9 55.8 0
45.2 68.3 0
55.2 68.3 0
31.9 68.9 0
58.7 57.4 0
19.1 27.9 1
17.9 30.4 1
17.9 29.1 1
46.9 69.1 0
56.9 69.1 0
47.2 25.6 0
15.6 57.5 1
57.2 25.6 0
20.4 27.9 1
52.7 25.6 0
42.8 69.2 0
52.8 69.2 0
32.5 25.6 0
42.7 25.6 0
47.2 28.1 0
48.5 26.9 0
16.9 58.8 1
16.9 88.8 0
57.5 89.4 0
58.1 74 0
46 71.9 0
44.7 71.9 0
56 71.9 0
51.6 98 0
48.2 97.9 0
16.3 74.7 0
17.5 74.7 0
41.6 98 0
32.9 97.5 0
31.9 98.9 0
57.9 85.8 0
34.2 72.2 0
45.2 98.3 0
55.2 98.3 0
32.6 71.3 0
58.7 87.4 0
57.2 70.6 0
47.2 70.6 0
59.4 72.8 0
46.9 99.1 0
56.9 99.1 0
15.6 87.5 0
42.7 70.6 0
59.4 77.4 0
52.7 70.6 0
42.8 99.2 0
52.8 99.2 0
15.6 72.8 0
15.6 77.4 0
58.1 76.1 0
53.9 71.9 0
16.9 90 0
69.2 1.93 1
86 23.1 0
62.2 16.8 0
84.4 1.63 1
72.6 23.8 0
61.7 19.8 0
87.2 24.4 0
67.6 0.775 1
89.4 22.4 0
89.4 17.8 0
60.9 18.1 0
60.8 22.2 0
87 0.85 1
82.7 24.4 0
82.8 0.775 1
81.6 2.03 1
66.2 1.88 1
88.1 21.1 0
83.9 23.1 0
88.1 19.9 0
87.5 59.4 0
70.6 27.5 0
70.6 26.3 0
62.3 55.4 0
85.4 26.3 0
85.4 27.5 0
81.6 68 0
72.9 67.5 0
62.6 57.1 0
85.2 68.3 4
88.7 57.4 0
61.1 58.2 0
71.9 68.9 0
86.9 69.1 4
87.2 25.6 0
82.8 69.2 4
72.5 25.6 0
82.7 25.6 0
72.5 28.1 0
73.7 26.9 0
87.5 89.4 4
88.1 74 4
86 71.9 4
62 78.4 0
81.6 98 4
72.9 97.5 4
62.6 87.1 0
71.9 98.9 4
61.7 74.8 0
85.2 98.3 4
88.7 87.4 4
61.1 88.2 0
72.6 71.3 0
87.2 70.6 4
89.4 72.8 4
60.9 73.1 0
86.9 99.1 4
89.4 77.4 4
82.7 70.6 4
60.8 77.2 0
82.8 99.2 4
88.1 76.1 4
83.9 71.9 4
87.9 85.8 4
118 16.8 0
96.5 2 1
91.9 2.35 1
91.7 19.8 0
118 19.8 0
93.2 1.1 1
119 18.1 0
90.9 18.1 0
90.8 22.2 0
97.9 0.9 1
119 22.2 0
118 56.9 0
91.9 56.7 0
119 58.1 0
91 58.2 0
99.4 97.9 4
92 78.4 4
118 78.4 4
94.9 98.3 4
118 86.9 4
91.9 86.7 4
119 88.1 4
91.7 74.8 4
118 74.8 4
91 88.2 4
119 73.1 4
90.9 73.1 4
93 99 4
119 77.2 4
90.8 77.2 4
97.7 99.3 4
146 22.5 0
139 22.5 0
146 2.2 0
168 19 0
166 23.1 0
162 2.13 0
138 23.8 0
147 23.8 0
137 2.25 0
165 1.68 0
138 0.95 0
167 24.4 0
169 17.8 0
169 22.4 0
163 24.4 0
163 0.875 0
147 0.85 0
167 0.8 0
121 17.8 0
121 22.4 0
168 21.1 0
123 20.5 0
121 20.5 0
165 23.1 0
126 32 0
124 31.7 0
122 58.8 0
167 59.4 4
139 67.3 4
146 67.5 4
146 27.5 0
140 27.5 0
146 26.3 0
140 26.3 0
162 68 4
165 26.3 0
165 27.5 0
124 27.9 0
137 68.6 4
165 68.3 4
123 30.4 0
123 29.2 0
169 57.4 4
148 68.8 4
125 27.9 0
167 69.1 4
121 57.5 0
167 25.6 0
163 69.2 4
163 25.6 0
138 25.6 0
147 25.6 0
127 30.8 0
127 29.2 0
122 88.8 4
167 89.4 4
146 72.5 4
139 97.3 4
139 72.5 4
168 74 4
166 71.9 4
162 98 4
121 74.7 4
148 98.8 4
137 98.6 4
165 98.3 4
147 71.3 4
169 87.4 4
138 71.3 4
167 70.6 4
169 72.8 4
167 99.1 4
169 77.4 4
163 70.6 4
121 87.5 4
163 99.2 4
121 72.8 4
121 77.4 4
164 71.9 4
168 76.1 4
191 22.5 0
176 2.1 0
172 19.7 0
193 23.8 0
178 1.15 0
171 18 0
171 22.2 0
195 26.9 0
191 27.5 0
200 26.9 0
191 26.3 0
194 26.9 0
172 56.7 4
193 67.7 4
171 58.2 4
192 69.1 4
193 25.6 0
193 28.1 0
191 72.5 4
172 74.8 4
172 86.7 4
193 97.7 1
193 71.3 4
171 88.2 4
171 73 4
171 77.2 4
192 99.1 1
172 78.5 4
10.2 23 1
14 11.9 1
12 24.2 1
10.9 26.9 1
12.2 25.6 1
9.93 68.3 1
11.8 69 1
14 66.8 1
9.35 66.7 1
10.1 72.2 1
11.9 70.9 1
14 96.8 1
24.5 21.4 1
24.8 23 1
37.9 2.35 1
17.5 10.3 1
16.3 10.3 1
34.8 1.88 1
36.7 1.1 1
23 24.2 1
59.1 12 1
15.6 12.2 1
57.8 10.1 1
44.2 52.3 0
42.6 54.4 0
24.5 67.8 0
57.8 65.1 0
42.4 50 0
42.6 51.4 0
24.7 26.3 1
16.3 65.3 0
17.5 65.3 0
39.8 52.7 0
41.4 52.7 0
22.9 25.6 1
59.1 66.9 0
23 69.2 0
15.6 67.2 0
44.2 54.1 0
24.5 97.8 0
24.9 72.2 0
57.8 95.1 0
16.3 95.3 0
17.5 95.3 0
59.1 96.9 0
23.1 70.9 0
23 99.2 0
15.6 97.2 0
26.2 97.5 0
64.8 23 0
62.4 13 1
61.1 11.7 1
63 24.2 0
76.8 0.95 1
89.1 12 1
87.8 10.1 1
64.5 67.8 0
62.3 65.5 0
87.8 65.1 0
64.7 27.5 0
64.7 26.3 0
89.1 66.9 0
62.9 25.6 0
63 69.2 0
60.8 67 0
64.5 97.8 4
62.3 95.5 0
87.8 95.1 4
89.1 96.9 4
63.1 70.9 0
63 99.2 4
60.8 97 4
64.9 72.2 0
104 22.6 0
111 22.6 0
118 13.1 0
94.8 23 0
92.4 13 1
112 23.8 0
103 23.8 0
91.1 11.7 1
119 11.9 0
93 24.2 0
91.9 9.83 1
104 67.3 4
104 26.9 0
118 65.5 4
114 68.2 4
111 26.9 0
94.7 27.5 0
94.7 26.3 0
102 68.6 4
95.1 68.3 4
93.2 69 4
91 66.8 4
112 69.1 4
92.9 25.6 0
112 25.6 0
103 25.6 0
119 67 4
111 72.6 4
104 72.6 4
94.9 72.2 4
118 95.5 4
112 71.3 4
103 71.3 4
93.1 70.9 4
91 96.8 4
119 97 4
91.9 94.3 4
158 2.2 0
155 22.9 0
130 22.9 0
127 2.35 0
123 10.3 0
121 10.3 0
130 1.93 0
128 1.1 0
169 11.9 0
157 24.2 0
128 24.2 0
157 0.95 0
121 12.2 0
155 2.1 0
168 65.1 4
158 67.8 4
127 67.8 4
156 26.9 0
130 26.3 0
123 65.3 4
121 65.3 4
155 68.3 4
157 25.6 0
130 68.3 4
128 69 4
157 69 4
169 66.9 4
128 25.6 0
121 67.2 4
131 66.7 4
130 27.5 0
130 72.2 4
168 95.1 4
158 97.8 4
127 97.8 4
123 95.3 4
121 95.3 4
155 98.3 4
130 98.3 4
128 99 4
157 99 4
157 70.9 4
128 70.9 4
169 96.9 4
121 97.2 4
155 72.2 4
184 22.5 0
172 13.1 0
175 23 0
186 2.03 0
183 23.7 0
171 11.9 0
187 1.15 0
173 24.2 0
189 1.98 0
181 67.8 4
185 26.3 0
175 27.5 0
175 26.3 0
182 68.6 4
175 68.3 4
173 69 4
171 66.8 4
173 25.6 0
183 25.6 0
172 64.3 4
176 96.7 4
184 97.1 0
184 72.5 4
175 72.2 4
182 98.6 4
183 71.3 4
175 98.3 4
173 99 4
173 70.9 4
171 96.8 4
172 94.3 4
14 33.3 1
12.7 35.1 1
47.5 46.7 0
47.3 50.7 0
45.7 47.4 0
45.7 48.6 0
48.8 48 0
50 48 0
47.5 49.2 0
16.9 34.2 1
16.9 35.4 1
15.6 32.9 1
59.1 33.2 0
61 33.3 0
89.1 33.2 0
62.3 35.1 0
112 1.18 1
110 2.05 1
108 0.875 1
99.8 42.7 0
118 32.2 0
96.3 42.6 0
97.8 43.6 0
119 33.4 0
97.5 45.4 0
91 33.3 0
99.4 46 0
101 43.9 0
101 45.4 0
92.3 35.1 0
99.4 47.2 0
109 99.1 4
108 97.7 4
111 99.1 4
137 36.2 0
136 41.5 0
136 37.9 0
139 39.6 0
122 34.2 0
123 46 0
122 35.4 0
137 39.6 0
123 44.7 0
121 32.9 0
169 33.2 4
124 47.2 0
125 47.2 0
139 36.1 0
140 37.9 0
123 36.7 0
150 88.4 4
152 87.4 4
155 87.2 4
153 90.6 4
153 88.7 4
152 85.7 4
154 85.4 4
150 90.9 4
152 91.8 4
157 86.9 4
171 33.3 4
5.45 22.6 1
7.33 23.8 1
14 3.3 1
11.7 0.95 1
12.7 5.18 1
6.03 66.5 1
5.98 26.9 1
4.73 26.9 1
13.1 63.2 1
14.1 61.7 1
7.23 25.6 1
14 41.7 1
14 53.4 1
7.23 69.3 1
7.23 28.1 1
8.48 26.9 1
5.35 68.1 1
12.7 39.8 1
5.45 72.5 1
13.1 93.2 1
7.33 71.3 1
14.1 91.7 1
11.7 99 1
14 83.4 0
9.83 98.3 1
43.8 18.2 0
48.8 18 0
41.3 18.2 0
47.6 20.5 0
47.6 19.3 0
42.5 20.7 0
42.5 19.5 0
16.9 4.23 1
27.7 23.8 1
16.9 5.48 1
32.3 0.775 1
36.9 24.2 0
15.6 2.98 1
23.3 0.95 1
59.1 3.2 1
47.6 16.8 0
46.3 18 0
29.7 22.6 1
35.1 23 0
32.7 46.7 0
37.6 46.6 0
52.1 52.6 0
22.7 37.7 1
26.9 37.7 1
30.8 47.4 0
30.8 48.6 0
34.8 52.1 0
25.8 41.2 0
23.7 39.2 1
48.5 53.6 0
53.1 49.9 0
53.3 51.3 0
38.8 47.8 0
33.1 52.4 0
35.8 26.9 0
21.8 48.9 0
33.9 48 0
32.1 51 0
54.9 53.9 0
27.3 67.5 0
40.1 47.8 0
34.5 26.9 0
48.1 57 0
25.8 39.4 1
17.5 40.2 1
16.3 40.2 1
37.4 50.5 0
28.4 68.9 0
58.7 62.4 0
16.9 55.5 1
16.9 54.2 1
37 25.6 0
37.6 49.1 0
47.2 55.3 0
59.1 41.8 0
15.6 53 1
32.7 49.2 0
54.9 52.2 0
19.3 47.6 1
59.1 53.2 0
15.6 62.3 1
36.9 69.2 0
27.7 25.6 1
15.6 42 1
20.5 47.6 0
18.1 53 1
23.7 36.1 1
25.8 36 1
36.3 47.8 0
53.3 54.3 0
50.6 57 0
16.9 61 1
16.9 51.7 1
42.7 84.3 0
44.4 82.2 0
53.3 81.3 0
46.5 94.9 0
56.6 81.4 0
54.4 77.5 0
55.6 77.5 0
51.2 72.7 0
49.9 72.7 0
54.9 83.9 0
42.6 79.9 0
52.4 75.2 0
52.4 74 0
28.4 98.9 0
43.2 95.1 0
39.9 82.6 0
58.7 92.4 0
27.7 71.3 0
42.7 81.3 0
16.9 85.5 0
16.9 84.2 0
15.6 83 0
41.5 82.5 0
54.9 82.2 0
44.8 95.4 0
36.8 70.9 0
59.1 83.2 0
15.6 92.3 0
36.9 99.2 0
44.3 83.9 0
53.1 78.8 0
53.3 84.3 0
29.7 72.6 0
52.1 82.5 0
56.9 79.9 0
35.4 97.8 0
79 20.1 0
83.8 18.1 0
85 18.1 0
79.8 18.4 0
81.3 18.1 0
82.5 19.4 0
82.5 20.6 0
72.1 1.15 1
63.5 1.1 1
67.7 23.8 0
61.1 3.45 1
76.9 24.2 0
89.1 3.2 1
82.5 16.9 0
73.6 2.1 1
75.1 23 0
87.8 5.08 1
77.3 46.6 0
78.4 51.8 0
78.6 47.8 0
79.8 47.8 0
75.8 26.9 0
76.1 47.8 0
67.3 67.5 0
62.6 62.7 0
74.8 47.8 0
88.7 62.4 0
77.2 50.5 0
68.4 68.9 0
61.1 61.7 0
77.3 49.1 0
77 25.6 0
61 41.7 0
89.1 41.8 0
89.1 53.2 0
76.9 69.2 0
60.8 53.2 0
67.7 25.6 0
67.7 28.1 0
75.4 67.8 0
62.3 39.8 0
87.9 55 0
78.5 74.9 4
79.4 76.5 4
80.8 76.7 4
80.8 72.9 4
67.3 97.5 4
62.6 92.7 4
82.1 75.4 4
82.1 74.2 4
68.4 98.9 4
88.7 92.4 4
61.1 91.7 0
67.7 71.3 0
89.1 83.2 4
76.8 70.9 0
76.9 99.2 4
60.8 83.2 0
69.7 72.6 0
75.4 97.8 4
75 72.2 0
79.3 73.2 4
62.3 84.6 0
101 2.15 1
115 23 0
115 2.13 1
102 1.25 1
119 3.3 1
117 24.2 0
117 0.95 1
91.9 5.33 1
113 44.4 0
102 36.4 0
113 45.9 0
104 39.8 0
101 38.1 0
118 54.3 0
115 27.5 0
117 62.7 4
115 26.3 0
115 46.5 0
119 41.6 0
119 61.6 4
102 39.8 0
91 61.7 0
115 47.7 0
91 41.7 0
91 53.4 0
119 53 0
117 25.6 0
117 69.2 4
114 43.3 0
104 36.4 0
105 38.2 0
118 42.8 0
92.3 39.8 0
99.3 77.7 4
104 97.3 4
99 82.1 4
96 81.9 4
114 96.8 4
118 84.3 4
117 92.7 4
119 91.6 4
97.4 78.9 4
115 98.2 4
102 98.6 4
91 91.7 4
117 70.9 4
97.5 80.9 4
91 83.4 4
119 83 4
117 99.2 4
101 78.9 4
101 81.4 4
115 72.2 4
164 18 0
165 18 0
157 17.2 0
130 7.73 0
159 18.5 0
135 7.2 0
133 5.33 0
163 20.5 0
163 19.3 0
130 6.18 0
122 4.23 1
156 20.1 0
143 23.8 0
138 5.75 0
143 2.3 0
122 5.48 1
138 8.7 0
131 5.13 0
142 0.95 0
137 7.2 0
121 2.98 1
169 3.15 0
158 20.1 0
128 5.55 0
155 18.5 0
160 18.2 0
140 5.8 0
152 44.1 4
155 53.4 4
126 60.8 4
155 32.2 0
158 53.9 4
154 58.2 4
154 54.9 4
152 45.8 4
152 48.3 4
127 56.8 4
158 32.3 0
155 56.7 4
158 57.9 4
157 56.4 4
126 58.3 4
150 46.5 4
150 47.7 4
169 62.4 4
143 68.7 4
122 55.5 0
122 54.2 0
125 57.7 4
157 31 0
169 41.8 4
157 29.4 0
121 42 0
169 53.2 4
121 53 0
143 25.6 0
121 62.3 4
123 62.3 4
157 52.6 4
127 62.3 4
154 47.1 4
122 61 4
168 55 4
160 28.2 0
159 28.2 0
153 31.2 0
165 81.3 4
123 92.3 4
163 80.5 4
132 89 4
163 79.1 4
159 75 4
134 92 4
160 76.5 4
151 77.5 4
138 88.8 4
161 76.7 4
136 91.1 4
154 78 4
164 77.8 4
166 77.8 4
161 73 4
153 78.8 4
162 75.5 4
162 74.2 4
169 92.4 4
143 98.7 4
122 85.5 4
122 84.2 4
143 71.3 4
136 88.8 4
134 87.9 4
153 80.7 4
169 83.2 4
121 83 4
121 92.3 4
134 93.8 4
132 90.9 4
138 91.1 4
122 91 4
168 85 4
159 73.3 4
181 2.03 0
199 2.03 4
188 23.8 0
198 1.18 4
171 3.3 0
183 0.875 0
173 0.95 0
192 0.825 4
172 5.18 0
189 46.9 4
189 48.2 4
177 53.6 4
175 62.4 4
198 44.2 4
181 51.6 4
183 46.3 4
187 46.3 4
178 53.9 4
176 52.1 4
183 48.8 4
187 48.8 4
198 46 4
176 60.9 4
175 57.5 4
180 42.5 4
176 59 4
199 47.3 4
176 42.4 4
178 43.4 4
178 51.1 4
188 67.6 4
179 52.3 4
188 69.1 4
171 61.7 4
171 41.7 4
185 46.9 4
171 53.4 4
188 25.6 0
185 48.2 4
197 47.3 4
181 43.7 4
198 48.5 4
172 39.8 4
179 77.6 4
176 81.8 4
177 78.8 4
188 97.6 0
188 71.3 4
188 99.1 0
171 91.7 4
177 80.8 4
171 83.4 4
1.63 8.68 1
0.525 6.9 1
3.53 5.13 1
1.48 5.13 1
2.65 0.825 1
3.68 8.68 1
4.63 6.9 1
12.8 14.1 1
4.68 53.7 1
8.23 49.1 1
8.23 50.4 1
3.08 30.8 1
4.8 36.9 1
1.65 35.2 1
5.35 55.3 1
3.1 29.3 1
1.83 58 1
0.8 42.8 1
13.1 29.4 1
13.1 45.6 1
13.1 49.4 1
12.8 31 1
12.8 44.1 1
12.8 51 1
2.4 43.9 1
5.6 42.6 1
7.63 45.2 1
2.38 45.4 1
3.78 58 1
3.7 35.2 1
5.08 57 1
9.48 47.8 1
10.7 47.8 1
7.45 43.4 1
8.98 42.5 1
6.58 31.1 1
9.75 51.4 1
4.68 31.9 1
0.525 57 1
6.08 76.6 1
7.95 77.8 1
12.8 81 0
9.68 77 1
2.68 98.8 1
10 75.4 1
42.8 10.4 1
44.4 10.8 0
42.6 15 0
44.4 12.7 1
49.4 23.1 0
50.6 23.1 0
40.6 23.1 0
42.8 13.6 0
20.8 23 1
19.4 1.88 1
58.1 15.6 0
39.2 23 0
51.8 6.88 1
21 2.2 1
54.1 4.75 1
41.5 12.3 0
57.9 14.2 1
16.9 14.4 1
16.9 15.6 1
52.5 5.15 1
21.7 21.4 1
48.5 5.18 1
49.3 6.88 1
40.9 2.13 1
43.9 40.9 0
55.1 43.5 0
44 42.7 0
53.5 44.3 0
40.8 57.2 0
38 43.3 0
42.3 40.5 0
42.4 63.3 0
53.3 45.7 0
22.4 55.4 0
46.5 64.9 0
39.2 42 0
42.2 45 0
57.9 30.9 0
39.4 26.9 0
42.4 43.6 0
58.1 29.4 0
50.6 26.9 0
57.1 45.7 0
58.1 49.4 0
22.7 57.1 0
21.2 58.1 0
43.2 65 0
20.8 68 0
39.2 68 0
37.3 55.2 0
55.2 47.6 0
55.2 46.4 0
41.1 42.3 0
37 56.9 0
19.5 57.5 0
38.5 58 0
44.8 65.4 0
16.3 26.3 1
56.8 44.3 0
16.9 44.4 1
57.9 50.9 0
20.9 53.9 0
40.6 26.9 0
48.4 86.1 0
46.8 76 0
46.8 74.7 0
43.1 74.7 0
43.1 76 0
20 93.1 0
47.5 84.5 0
47.8 80 0
40.6 71.9 0
39.1 72.1 0
20.9 72.2 0
21.8 92.5 0
45.6 77.2 0
44.3 77.2 0
16.9 80.6 0
19.4 71.9 0
22.7 87.3 0
21.2 88.3 0
22.9 95.2 0
20.8 98 0
39.2 98 0
23.2 93.5 0
47.6 81.5 0
16.9 79.4 0
19.5 87.7 0
48.8 82.7 0
77.4 6.88 1
66 9.03 1
76.4 5.33 1
80.6 23.1 0
88.1 15.6 0
79.2 23 0
87.9 14.2 1
79 2.2 1
64.8 7.93 1
64.8 6.38 1
74.3 5.23 1
73.1 6.9 1
83.5 60.8 0
66.8 46.2 0
76.8 55.5 0
74 58.4 0
77.9 58.2 0
82.3 62.8 0
76.5 57.2 0
87.9 30.9 0
87.9 50.9 0
87.9 44.2 0
79.4 26.9 0
62.2 31 0
62.2 44.1 0
88.1 29.4 0
88.1 45.6 0
88.1 49.4 0
62.1 50.8 0
79.2 68 0
80.6 26.9 0
83.1 64.5 0
84.7 64.9 0
64.9 46.8 0
64.9 48.1 0
65.5 43.5 0
67.1 44.4 0
83.5 90.8 4
83.2 80.1 4
83 78.7 4
88.1 79.4 4
82.3 92.8 4
87.9 80.9 4
84.3 77.5 4
85.5 77.5 4
79.2 98 4
62.1 80.8 0
83.1 94.6 4
84.7 94.9 4
84.8 81 4
105 12.8 1
99.5 22.6 0
109 12.8 0
108 23.8 0
97.7 23.8 0
107 13.9 0
92.2 15.9 0
113 32.2 0
95 62.4 0
111 35.3 0
115 37.7 0
99.7 27.5 0
114 33.3 0
96.2 60.9 0
99.7 26.3 0
94.9 57.6 0
92.2 31 0
103 53.4 0
92.2 44.1 0
92.2 51 0
108 69.1 4
115 36.1 0
96.1 59.1 0
108 25.6 0
108 67.7 4
102 49.9 0
99.9 52.6 0
102 51.8 0
113 35.1 0
97.8 25.6 0
97.8 69.3 4
98.4 51.3 0
97.8 28.1 0
109 26.9 0
111 33.4 0
99.5 67.9 4
91.9 45.6 0
91.9 49.4 0
108 28.1 0
118 50.7 0
106 26.9 0
93.2 62.7 0
99.5 72.6 4
104 88.7 4
118 80.7 4
92.2 81 4
95 76.9 4
99.5 87.3 4
97.7 71.3 4
103 87.3 4
108 71.3 4
101 88.3 4
94.6 75.3 4
99.2 85.6 4
146 6.48 0
162 12 0
163 13.3 0
134 12.7 0
163 10.1 0
131 17 0
161 23.1 0
168 15.6 0
150 22.5 0
135 22.5 0
125 18.1 0
148 9.73 0
150 2 0
146 11.5 0
134 2.13 0
159 22.9 0
168 14.1 0
124 1.88 1
129 20.1 0
126 18.4 0
132 16.1 0
145 8.08 0
131 12.9 0
152 1.15 0
165 12.4 0
133 23.8 0
152 23.8 0
165 10.5 0
122 14.4 0
122 15.6 0
146 9.6 0
127 20.1 0
133 0.825 0
133 14 0
126 22.9 0
163 60.8 4
134 66.3 4
135 27.5 0
150 27.5 0
162 62.8 4
122 50.6 0
168 30.9 0
168 50.9 4
168 44.2 4
150 26.3 0
135 26.3 0
151 68.1 4
144 42.4 0
168 29.4 0
168 45.6 4
168 49.4 4
141 42.4 0
143 45 4
163 64.5 4
165 64.9 4
143 43.2 4
152 69.3 4
152 25.6 0
133 25.6 0
133 69.3 4
121 26.3 0
135 67.9 4
152 28.1 0
153 26.9 0
145 40.5 0
163 90.8 4
129 76.7 4
135 72.5 4
150 72.6 4
125 76.9 4
168 79.4 4
151 98.1 4
162 92.8 4
126 76.7 4
129 75.1 4
168 80.9 4
122 80.6 4
126 73.4 4
152 71.3 4
122 79.4 4
133 71.3 4
163 94.5 4
165 94.9 4
152 99.3 4
127 75.1 4
133 99.3 4
128 77.9 4
124 75 4
135 97.9 4
125 73.1 4
188 6.78 0
196 13.5 0
184 17.2 0
186 13.6 0
194 17.3 0
194 12.7 0
191 12.8 0
183 5.03 0
185 12.7 0
186 6.75 0
180 22.5 0
183 16 0
181 12.7 0
193 16 0
200 6.8 0
172 15.9 0
198 23.8 0
178 23.8 0
185 5.03 0
193 14 0
183 13.9 0
190 5 0
196 16 0
186 16 0
196 22.5 0
183 30.1 0
189 32.7 4
183 31.6 0
187 30.1 0
184 39.6 4
196 67.3 4
200 52.5 4
180 27.5 0
185 34.7 4
187 31.9 0
180 26.3 0
181 37.9 4
172 31 0
172 44.1 4
172 51 4
195 52.7 4
185 32.8 0
197 53.1 4
198 68.8 4
198 51.7 4
182 39.6 4
198 25.6 0
178 25.6 0
178 69.3 4
178 28.1 0
185 29.5 0
175 92.4 4
182 91.6 4
180 72.6 4
176 90.9 4
175 87.6 4
196 97.3 1
182 87.1 4
172 81 4
176 89.1 4
175 76.9 4
178 71.3 4
198 98.8 1
198 71.3 4
179 87.3 4
181 88.2 4
184 91.6 4
175 75.2 4
185 92.6 4
178 99.3 4
179 96.3 4
196 72.5 4
179 97.8 4
0.95 12.6 1
4.25 12.6 1
2.55 13.7 1
22.5 12.1 1
36.9 5.48 1
23.8 13.4 1
29.3 12.4 1
35.1 6.1 1
27.4 13.2 1
26 10.4 1
25.9 12.2 1
33.9 5 1
23.8 10.2 1
37.3 29.6 0
34.9 32.1 0
38 32.6 0
36.8 31.4 0
33.5 31 0
33.5 29.6 0
52.4 93.2 0
53.2 95 0
54.8 95.3 0
69.9 6.93 1
68.9 5.08 1
68.9 8.75 1
67.1 5.03 1
77.3 29.6 0
74.9 32.1 0
78.1 32.6 0
76.8 31.3 0
108 5.08 1
106 5.15 1
109 6.8 1
104 58.6 0
99.6 57.3 0
103 57.3 0
101 58.2 0
106 47.6 0
104 47.6 0
95 92.4 4
113 77.8 4
96.2 90.9 4
94.9 87.5 4
96.1 89 4
115 77 4
115 75.4 4
156 13.3 0
151 12.2 0
154 10.3 0
152 13.1 0
154 12.2 0
131 53.4 4
155 35.8 0
135 58 4
148 62.5 4
161 37.4 4
131 56.7 4
133 55.3 4
134 57.1 4
144 62.4 4
132 58.2 4
131 54.9 4
146 63.7 4
157 39 4
158 37.4 0
157 35.9 0
144 81.7 4
147 79.1 4
144 92.4 4
146 82.9 4
146 93.7 4
148 81.6 4
144 79.1 4
145 77.9 4
149 82.3 4
145 96.2 4
197 31.2 4
197 29.4 0
195 32.1 0
184 62.2 4
193 30.8 4
185 65.7 4
185 63.3 4
183 83.3 4
182 82 4
180 82.7 4
0.025 51.8 1
1.9 51.1 1
1.9 49.2 1
0.025 47.3 1
0.025 48.6 1
17.5 22.4 1
16.3 23.6 1
30.7 37.7 0
27.6 44.2 0
31.7 35.9 0
31.7 39.6 0
33.5 39.6 0
33.5 35.8 0
25.5 46.6 0
27.1 31.3 1
27.3 45.9 0
34.6 38.5 0
34.6 36.9 0
26.9 29.5 1
23.5 31.1 1
23.1 29.5 1
25.5 47.8 0
25.6 32.2 1
22.9 65.2 0
23.2 63.5 0
34 41.5 0
22.2 32.3 1
25 28.9 1
21.7 62.5 0
20 63.1 0
110 40.5 0
106 42.4 0
109 42.4 0
108 43.2 0
109 38.9 0
108 45 0
151 6.85 0
156 5.33 0
153 6.85 0
154 5.23 0
121 23.6 0
150 5.13 0
123 22.4 0
133 44.3 0
133 50 4
134 46.7 0
131 48 0
131 46.7 0
133 48.6 0
134 48 0
133 46.1 0
124 26.7 0
122 28.6 0
125 83.4 4
129 86.6 4
126 83.8 4
126 87.8 4
127 86.3 4
125 87.1 4
192 40.1 4
195 41.9 4
194 40.1 4
4.25 18.5 1
0.3 18.5 1
2.28 17.2 1
5.18 83.9 1
2.63 79.1 1
4.5 82.3 1
0.75 82.3 1
2.63 81.6 1
18.5 26.6 1
16.6 28.5 1
58.5 26.3 0
31.6 92.2 0
29.5 87.3 0
33 90.8 0
31.6 87.3 0
33 88.7 0
16.3 71.5 0
70.4 19.1 0
70.4 21.6 0
72.3 44.8 0
72.4 46.2 0
70.5 46.8 0
70.5 48.1 0
88.5 26.3 0
105 2.13 1
141 17.4 0
142 16.1 0
143 12.6 0
142 13.9 0
145 34.2 0
141 32.3 0
144 32.3 0
143 31.5 0
143 29.7 0
168 26.3 0
160 82.7 4
157 79.9 4
157 81.7 4
158 82.9 4
121 71.5 4
155 82.4 4
195 2 4
175 46.9 4
175 48.1 4
179 46.9 4
179 48.1 4
177 46.2 4
177 48.7 4
197 83.2 4
198 81.8 4
200 82.6 4
14.2 20.6 1
14 9.98 1
9.23 35.9 1
8.15 37.6 1
13.4 26.3 1
9.33 39.2 1
8 92 1
8.25 95.3 1
4.53 92.3 1
5.83 93.3 1
6.1 95 1
14.2 75.6 0
9.18 93.5 1
57.2 22.4 0
35.3 20.2 0
54.3 24.4 0
15.6 9.05 1
45.6 0.8 1
58.5 23.6 0
55.2 0.85 1
58.7 9.05 1
58.8 20.1 0
44.9 23.8 0
16.9 19.5 1
15.6 19.5 1
46.6 31.1 0
43.3 31 0
44.8 33.8 0
17.5 67.2 0
44.9 31.9 0
54.3 25.6 0
44.3 25.6 0
44.4 69.2 0
54.4 69.2 0
16.3 68.4 0
46.5 34.2 0
42 32.3 0
43.2 34.2 0
47.8 32.4 0
43.1 29.6 0
47.1 90.5 0
48.4 92.5 0
17.5 97.2 0
44.3 70.6 0
15.6 75.8 0
44.4 99.2 0
54.4 99.2 0
16.3 98.4 0
58.8 75.1 0
54.9 71.3 0
87.2 22.4 0
60.8 20.6 0
85.2 0.85 1
88.5 23.6 0
61.1 9.83 1
84.9 23.8 0
88.7 9.05 1
89.4 19.5 0
68.3 31.4 0
65.3 52.6 0
71.8 35.7 0
70.1 32.2 0
71.8 39.3 0
62.9 27.5 0
68 51.5 0
67 52.9 0
67.4 49.7 0
73.6 39.4 0
73.6 35.6 0
66 39.2 0
66 35.9 0
74.7 38.3 0
74.7 36.7 0
67.1 37.5 0
73.2 61.9 0
71.8 63.3 0
84.3 25.6 0
84.4 69.2 4
61.6 26.3 0
70.8 37.5 0
71.8 31 0
71 76.6 0
75.1 75.4 4
73 77.9 4
74.7 77.1 4
60.8 75.6 0
84.4 99.2 4
88.8 75.1 4
84.9 71.3 4
95.2 1.1 1
90.8 20.6 0
119 20.6 0
119 9.98 0
90.8 9.05 1
102 29.9 0
98.5 31.7 0
102 31.4 0
108 55.7 0
101 32.5 0
92.9 27.5 0
97.1 48.8 0
115 52.8 0
95.2 46.9 0
95.2 48.2 0
108 52.1 0
112 55.3 0
107 53.6 0
112 52 0
113 53.3 0
91.6 26.3 0
107 57.2 0
116 83.2 4
114 87.1 4
114 83.7 4
113 85.8 4
96 99.3 4
90.8 75.6 4
119 75.6 4
167 22.4 0
165 4.78 0
162 6.85 0
163 5.23 0
169 10.1 0
121 9.05 0
166 0.8 0
168 23.6 0
169 20.1 0
121 19.5 0
164 24.4 0
150 38 0
149 42.9 4
154 41.4 4
147 44 4
147 45.5 4
123 67.2 4
153 37.9 0
123 47.9 0
154 39.6 4
122 46.6 0
139 57.6 4
140 53.9 4
140 56.4 4
164 25.6 0
164 69.2 4
121 68.4 4
149 39.7 0
142 52.5 4
146 46.1 4
123 97.2 4
121 75.8 4
164 99.2 4
121 98.4 4
165 71.3 4
169 75.1 4
179 7.23 0
176 8.9 0
177 7.25 0
176 5.63 0
171 20.6 0
171 9.98 0
173 27.5 0
172 26.3 0
171 75.6 4
9.25 8.73 1
8.08 7.08 1
9.15 5.43 1
13.3 23.4 1
13.7 6.1 1
0.025 32.4 1
3.5 62.2 1
4.8 63.2 1
1.55 62.2 1
0.25 63.2 1
13.7 38.9 1
13.7 36.1 1
52.8 16.5 0
54.6 12.4 1
51.7 12 1
52.8 20.2 0
52.8 19 0
54 17.7 0
55.3 17.7 0
54.5 10.5 1
52.9 10.1 1
29.4 6.93 1
27.5 6.93 1
16.3 1.73 1
26.3 5.25 1
59.1 5.08 1
15.6 6.1 1
53 13.2 1
51.5 17.7 0
30.3 5.08 1
33.1 62.1 0
31.7 63.5 0
59.1 35 0
59.1 39.9 0
15.6 38.9 1
15.6 36.1 1
57.2 72.8 0
58.5 71.5 0
49.3 77.3 0
50.5 77.3 0
61.8 23.4 0
61.1 5.33 1
88.7 6.1 1
82.8 34.4 0
84.4 34 0
81.5 53.3 0
84.3 54.7 0
81.6 32.5 0
84.5 32.1 0
81.9 56.8 0
82.7 29.8 0
82.9 31.2 0
82.7 55.1 0
89.1 35 0
61.3 38.9 0
61.3 36.1 0
89.1 39.9 0
87.2 72.8 4
88.5 71.5 4
113 5.68 1
113 17.3 0
112 7.33 1
115 19.9 0
115 18.2 0
91.8 23.4 0
119 5.18 1
90.8 6.1 1
111 60.4 4
114 58.4 0
109 47.8 0
117 27.5 0
113 60.2 4
114 61.7 4
118 26.3 0
119 39.7 0
108 49 0
91.3 36.1 0
119 35.3 0
91.3 38.9 0
111 47.8 0
112 49 0
112 93.5 4
113 90.5 4
114 91.9 4
91.8 98 4
138 14.4 0
137 16.6 0
121 1.73 1
169 5.03 0
121 6.1 1
135 17.8 0
137 13 0
165 52.9 4
164 34 0
164 32.1 0
162 53.3 4
164 54.7 4
126 38.1 0
162 56.8 4
127 39.7 0
163 55.1 4
126 41.6 0
124 41.9 0
121 36.1 0
169 35 4
169 39.9 4
163 52.1 4
163 34.4 0
122 37.3 0
121 40.2 0
126 26.7 0
163 29.8 0
163 31.2 0
128 27.9 0
162 32.5 0
164 84.9 4
167 72.8 4
162 87 4
163 85.3 4
133 78.2 4
135 76.9 4
168 71.5 4
160 87.7 4
172 23.4 0
171 6.1 0
179 31.7 0
176 36.2 4
181 32.6 0
197 57.2 4
177 37.8 4
193 58 4
176 39.5 4
195 58.5 4
171 35.1 4
198 58.3 4
181 34.5 4
171 38.9 4
1.7 39.9 1
5.75 47.5 1
3.75 39.9 1
4.5 47.5 1
8.8 54.3 1
13.1 71.8 0
42.4 5.55 1
37.1 15.3 0
41.5 7.18 1
37.4 10.2 0
39.6 7.18 0
34.9 12.5 1
38.1 12.1 0
36.8 13.3 0
54.3 33.8 0
52.7 34.2 0
54.3 32 0
48.4 42.5 0
51.6 41.9 0
52.6 29.7 0
47.2 43.7 0
52.7 31.1 0
54.2 64.9 0
21.5 42.4 0
54.4 40.5 0
52 38.3 0
51.5 32.4 0
53.1 60.8 0
26.8 59.4 0
52.8 40.1 0
52.7 64.5 0
22.7 43.7 0
18 47 1
22.4 45.3 0
18 48.2 0
28.2 62.9 0
51.9 62.8 0
26.8 61.5 0
58.3 46.4 0
58.2 68.1 0
47.1 40.6 0
24.4 53.4 0
19.9 42.8 1
21.4 26.6 1
22.9 52 0
19.4 78.1 0
22 80.7 0
19.4 81.8 0
20.8 82 0
53.2 72.7 0
51.9 71.5 0
58.2 98.1 0
22 79.1 0
20.8 77.9 0
76.6 13 1
68.9 12.3 1
77.8 11.8 1
72.9 12.9 0
84.2 9.58 1
84.2 5.33 1
74.5 11.9 1
76.8 16.6 0
76.5 9.9 1
82.6 9.18 1
82.6 5.73 1
75.1 17.9 0
74.4 10 1
81.8 7.45 1
63 7.93 1
63 6.38 1
67.3 13.4 0
75.6 19.6 0
73.5 17 0
65.9 12.3 1
78 38.9 0
83 40.4 0
81 37.5 0
78 36.1 0
79.1 37.5 0
84.6 40.8 0
81.8 42.3 0
82.9 44.9 0
83 43.5 0
84.6 42.7 0
63.1 46.8 0
63.1 48.1 0
88.2 68.1 4
70.4 86.4 4
79.6 83.3 4
81.2 83.3 4
84.1 84.7 4
65.4 83.6 0
68.1 82.4 4
68.3 86.4 4
67.1 83.9 4
82.5 85.1 4
88.2 98.1 4
61.9 71.8 0
78.2 84.8 4
77.9 86.5 4
79.3 87.5 4
81.7 86.8 4
71.8 87.8 4
66.9 87.8 4
97.6 5.25 1
104 18.1 0
100 18.1 0
102 16.8 0
101 7.1 1
99.6 5.4 1
102 14.4 0
117 46.5 0
113 39.8 0
117 47.7 0
109 94.2 4
108 92.7 4
105 93.3 4
91.9 71.8 4
104 92.1 4
109 91.1 4
125 12.9 0
126 12.4 0
128 13.6 0
127 15.7 0
165 42.3 4
123 32.7 0
157 46.1 4
157 48.6 4
137 31.4 0
153 61.8 4
162 41.9 4
144 48.6 4
151 64.8 4
131 39.6 0
141 48.6 4
165 40.4 4
136 32.6 0
144 37.4 0
163 40 4
156 47.4 4
139 62 4
123 58.3 4
151 63.1 4
140 63.2 4
133 31.5 0
142 49.2 4
131 32.4 0
132 29.7 0
168 68.1 4
163 43.1 4
158 47.4 4
131 41.4 0
132 37.9 0
137 29.9 0
122 31.5 0
131 34.3 0
153 65.1 4
141 47.3 4
154 63.3 4
131 82.9 4
134 83.3 4
156 93.3 4
132 84.5 4
157 93.6 4
158 92.1 4
163 73 4
162 71.7 4
168 98.1 4
132 81.9 4
134 84.8 4
155 95.1 4
185 9.83 0
183 9.8 0
200 32.2 4
179 64.5 4
194 35.3 4
180 61.8 4
196 63.5 4
179 62.7 4
195 62.3 4
177 64.9 4
196 37.1 4
198 62.4 4
200 92.2 4
172 71.8 4
9.5 18.1 1
7.9 17.2 1
9.73 0.95 1
9.98 19.8 1
9.85 62.9 1
8.68 59.5 1
14.4 28.8 1
14.4 46.3 1
14.4 48.8 1
8.68 61.4 1
14.1 59.8 0
13.1 68 1
14 55.3 1
9.85 58 1
4.73 88.1 1
9.18 82 1
6.03 87.2 1
0.975 92.1 1
7.65 81 1
8.2 88.5 1
14.1 89.8 0
14 85.3 0
8.83 99.3 1
9.38 87 1
8.6 83.6 1
0.525 87.4 1
24.6 17.5 1
45.7 5.2 1
48.5 12.9 0
47.2 8.9 1
20 17.2 1
21.5 17.5 1
32.9 9.9 0
47.2 14.1 0
19.6 7.43 1
28.1 16.9 1
31.2 9.88 1
32.1 16.9 1
22.5 5.88 1
21.5 7.43 1
22.8 16.2 1
30.1 18.2 1
18.8 0.625 1
46.7 21.8 0
19.4 23.8 1
30.4 0.775 1
58.2 1.95 1
25.2 0.95 1
20 13.4 1
31.9 14.9 1
33.7 17.8 0
31 23.8 0
55.9 5.85 1
34 23.8 0
43.3 22 0
34.1 8.8 0
38 38.9 0
17.9 32.7 1
41.1 37.5 0
38 36.1 0
44 60 0
30.1 32.5 0
39.1 37.5 0
28.7 51.6 0
37.4 64.8 0
27.6 53.1 0
46.5 60 0
58.7 60.5 0
37.1 63.1 0
42.7 66.8 0
38.5 62.1 0
29.6 26.9 0
59.4 28.8 0
59.4 48.8 0
29.6 25.6 1
16.3 49.4 1
19.4 68.8 0
15.6 56.1 1
35 69.2 0
33.9 25.6 0
30.2 68.9 0
59.1 55.1 0
47.8 62 0
56.6 55.1 0
28.1 49.9 0
16.3 45.6 1
16.6 31.4 1
18.2 58.1 0
16.3 59.8 0
28.6 56.8 0
30.7 56.8 0
23 75.6 0
38.4 75.7 0
35.8 83.6 0
42.1 87.1 0
34.8 75.5 0
36.6 94.9 0
42.9 90.6 0
37.8 92.2 0
38 78.6 0
40.6 77.5 0
24.8 75.6 0
36.3 93.2 0
26.9 89.4 0
39.2 77.3 0
30.7 76.7 0
37 84.8 0
26.9 78 0
56.9 76.7 0
38.2 87.6 0
58.7 90.5 0
36.7 86.5 0
34.4 77.1 0
25.1 77.2 0
42.7 96.9 0
32.7 77.9 0
18.8 70.6 0
19.4 98.8 0
30.2 98.9 0
15.6 86.1 0
59.1 85.1 0
34.9 70.9 0
24.5 83.5 0
31 71.3 0
38 80.2 0
41.7 92.6 0
56.6 85 0
23.2 84.8 0
15.6 90.4 0
34.3 98.6 0
28.3 92.9 0
26.9 91.5 0
84.3 13.4 1
81.4 13 1
82.7 14.2 1
65.5 18.1 0
67.1 17.2 0
70.2 1.15 1
88.2 1.95 1
65 19.8 0
65.4 1.1 1
74 23.8 0
83.3 21.9 0
86.3 19.9 0
75.1 43.1 0
72.5 51.7 0
77.6 64.6 0
75.3 52.8 0
70.5 42.5 0
78.3 42.7 0
77 43.9 0
73.6 53.1 0
67.5 58.5 0
77.3 62.9 0
71 57.1 0
78.7 61.9 0
88.7 60.5 0
68.9 57.1 0
68 63.3 0
66.6 61.9 0
69.6 26.9 0
89.4 28.8 0
89.4 46.3 0
89.4 48.8 0
61.3 29.4 0
61.3 45.6 0
69.6 25.6 0
61.3 49.4 0
60.8 55.1 0
61.1 59.8 0
70.2 68.9 0
61.8 68.2 0
63.2 66.8 0
74.5 26.3 0
74.3 68.6 0
88.7 56 0
73.1 50 0
78 80.2 4
65.2 75.6 0
63.2 96.8 4
77.3 94.7 4
78 78.6 4
69.4 93.2 4
65.5 77.2 0
77 93 4
86.8 76.7 4
66.4 91.7 4
78.4 91.9 4
88.7 90.5 4
72.9 91.8 4
75 82.9 4
71.5 93.2 4
67.3 78 0
72.2 81.8 4
73.3 83.2 4
81.6 71.7 4
70.2 98.9 4
61.1 89.8 0
61.8 98.2 4
71 71.3 0
74.3 98.6 4
74 71.3 0
82.8 72.9 4
61.5 85.7 0
89.1 85.1 4
97.6 12.9 1
99.4 11.8 1
95.6 7.35 1
96.2 11.8 1
95.6 8.9 1
110 18.6 0
105 9.83 1
114 12.6 0
96.8 9.95 1
112 13.5 0
118 23.4 0
91.9 3.45 1
90.8 2.35 1
98.8 9.9 1
108 9.83 1
108 17.3 0
104 8.18 1
96 52.9 0
106 32.8 0
96.5 54.5 0
98.7 64.9 4
109 64.2 4
108 31.9 0
104 62.1 4
108 62.8 4
105 63.3 4
100 62.2 0
99 63.1 0
97.3 37.8 0
96.1 39.4 0
119 45.6 0
119 29.4 0
91.3 29.4 0
119 55.5 0
119 59.8 4
92 68 4
91 59.8 0
91 55.3 0
96.7 65.3 4
112 64.6 4
98.3 54.8 0
117 37.7 0
113 29.5 0
117 36.1 0
90.6 46.3 0
90.6 48.8 0
114 65.7 4
119 49.4 0
108 87.4 4
110 76.5 4
98.7 94.9 4
109 85.8 4
106 76.5 4
108 77.8 4
108 82.2 4
100 92.2 4
93.2 77.3 4
99 93.1 4
107 83.8 4
105 83.9 4
119 85.5 4
119 89.8 4
118 71.8 4
91 89.8 4
91 85.3 4
96.7 95.3 4
126 7.45 0
127 8.85 0
125 7.45 0
159 11.2 0
132 9.83 0
167 18.9 0
134 9.58 0
145 18.5 0
158 7.8 0
148 13.8 0
157 9.35 0
124 0.625 1
167 9.43 0
168 1.9 0
142 7.93 0
163 15.6 0
141 9.38 0
124 23.8 0
165 21.8 0
148 30 0
135 61.5 4
149 34.5 0
148 31.5 0
165 46.9 4
165 48.1 4
137 49.7 4
151 53.1 4
163 48.8 4
134 62.4 4
138 43.9 0
151 56.5 4
163 46.3 4
138 45.4 0
130 62.8 4
124 52 0
149 32.6 0
127 51.1 4
161 47.5 4
151 54.7 4
126 52.4 0
135 52.4 4
128 44.1 0
132 61.3 4
169 60.5 4
158 63.4 4
159 61.9 4
169 28.8 0
169 46.3 4
169 48.8 4
121 49.4 0
124 68.8 4
121 56.1 0
152 51.9 4
137 51.7 4
127 49.5 0
128 45.6 0
121 59.8 4
169 56 4
149 52.4 4
141 84.1 4
131 95.1 4
127 92.1 4
151 94.8 4
145 86.4 4
128 93.6 4
128 81 4
130 93.3 4
140 76.6 4
143 87.7 4
169 90.5 4
140 92.9 4
124 70.6 4
124 98.8 4
121 86.1 4
139 77.8 4
141 86.6 4
121 89.8 4
169 86 4
167 77 4
192 9.88 0
175 18.1 0
180 18.5 0
196 8.03 0
194 9.78 0
175 0.95 0
175 19.8 0
177 17.2 0
190 18 0
193 5.23 0
190 0.825 0
190 53.8 4
178 56.4 4
193 50.1 4
193 48.8 4
187 52.5 4
190 51.9 4
188 51.2 4
187 57.6 4
194 47.5 4
183 56.8 4
185 58.1 4
173 57.9 4
171 29.4 0
171 45.6 4
171 49.4 4
172 68 4
171 59.8 4
171 55.3 4
188 54.5 4
185 52.9 4
180 57.3 4
194 77 4
188 78.2 4
176 84.4 4
196 93.4 0
184 77 4
195 92.2 4
188 81.9 4
190 77 4
197 86.9 4
198 78.1 4
192 78.2 4
173 77.3 4
188 91.2 4
191 92.8 4
189 85.2 4
190 91.2 4
193 87.8 4
182 78.2 4
190 94.3 0
195 88.3 4
192 85.1 4
190 82.6 4
190 84.5 4
172 98 4
171 89.8 4
171 85.3 4
178 84.7 4
192 81.7 4
193 83.1 4
200 76.9 4
187 83.2 4
4.1 23.8 1
0.9 23.8 1
4.68 3.25 1
9.23 32.6 1
4.1 25.6 1
4.1 68.8 1
0.9 68.8 1
11.5 77.5 1
0.9 71.3 1
4.1 71.3 1
13.8 79.2 0
11.8 75.1 0
13 98 0
49 3.3 1
39.1 17.9 0
53.7 2.88 1
51.6 0.775 1
51.4 24.4 0
41.4 24.4 0
50.6 3.28 1
50 0.775 1
38.3 19.6 0
31.9 43.8 0
48 37.4 0
30.3 42.6 0
46.8 66.7 0
50.8 68.8 0
51.4 25.6 0
45.1 67.2 0
40.8 68.8 0
45.3 51.4 0
44.3 49.9 0
41.4 25.6 0
32.2 83.4 0
31.2 82 0
53.7 90 0
52.1 86.8 0
27.6 83.4 0
28.7 82 0
18.3 88.3 0
46.8 96.7 0
52.7 96.8 0
50.8 98.8 0
41.4 70.6 0
59.4 78.6 0
40.8 98.8 0
45.1 97.2 0
15.6 78.6 0
18.3 89.6 0
69 3.2 1
81.4 24.4 0
80.8 1.25 1
67.2 3.15 1
82.6 66.3 0
80.8 68.8 4
81.4 25.6 0
86 60.2 0
82.7 96.4 4
89.4 78.6 4
80.8 98.8 4
61.3 79.2 0
86 90.2 4
101 23.8 0
114 23.8 0
99.6 0.9 1
93.2 57.9 0
101 25.6 0
115 69.2 4
118 68.2 4
114 25.6 0
101 68.6 4
96.4 84.3 4
117 96.7 4
112 81.4 4
101 71.3 4
93.2 87.8 4
100 98.6 4
119 79.2 4
91.3 79.2 4
92.8 74.9 4
118 98.2 4
114 71.3 4
146 4.6 0
153 17.1 0
138 3.88 0
144 23.8 0
141 23.8 0
149 23.8 0
136 23.8 0
149 0.85 0
145 1.35 0
136 1.3 0
161 24.4 0
140 0.95 0
124 19.9 0
145 54.2 4
145 56.7 4
144 58 4
141 68.7 4
163 66.3 4
165 66.7 4
149 68.8 4
156 28.2 0
149 25.6 0
136 25.6 0
144 25.6 0
141 25.6 0
122 27.3 0
161 68.8 4
161 25.6 0
166 60.2 4
147 57.9 4
136 68.6 4
144 68.7 4
158 26.9 0
155 75.2 4
141 98.7 4
136 71.3 4
149 71.3 4
163 96.3 4
144 71.3 4
141 71.3 4
149 98.8 4
169 78.6 4
161 98.8 4
121 78.6 4
166 90.2 4
123 74.7 4
136 98.6 4
158 72 4
176 12.3 0
178 13.2 0
189 23.8 0
181 23.7 0
199 23.8 0
186 23.8 0
180 1.15 0
184 0.875 0
194 23.8 0
190 35.6 4
189 37.3 4
187 37.4 4
195 68.6 4
180 69.3 4
189 26.9 0
196 25.6 0
188 61.3 4
191 62.9 4
190 61.3 4
190 64.5 4
199 25.6 0
189 25.6 0
200 68.8 4
181 25.6 0
186 25.6 0
190 69.1 4
185 42.7 4
187 87.8 4
179 92.6 4
184 95.1 0
189 71.3 4
186 98.5 0
181 71.3 4
199 71.3 4
173 87.9 4
186 71.3 4
173 74.9 4
190 99.1 0
194 71.3 4
185 88.3 4
181 98.6 4
171 79.2 4
4.43 0.825 1
0.65 3.25 1
13.8 15.9 1
8.85 23.8 1
2.48 28.1 1
14 64.7 0
8.75 69.3 1
8.18 67.7 1
9.38 26.3 1
4.45 98.8 1
9.83 73.7 1
8.85 71.3 1
14 94.7 0
26.1 23.8 1
48.5 24.4 0
33.8 0.775 1
59.4 16.5 0
15.6 16.5 1
41.8 0.875 1
41.4 55.4 0
57.2 28.1 0
39.2 51.2 0
39.3 54.4 0
25.8 68.6 0
49.1 68.8 0
58.7 63.9 0
17.3 27.3 1
26.2 25.6 1
15.6 63.8 0
49.1 26.3 0
45.3 54.7 0
32.9 28.4 0
19.4 37.9 1
40.6 49.7 0
45.9 73.5 0
18.1 72.8 0
49.1 98.8 0
55.1 97.1 0
26.1 71.3 0
58.7 93.9 0
15.6 93.8 0
44.7 73.5 0
26.8 98.9 0
48.5 70.6 0
61.3 15.9 0
66.1 23.8 0
89.4 16.5 0
74.7 0.95 1
84.7 48.4 0
84.7 47.2 0
83 50.5 0
82.8 49.1 0
66.2 26.9 0
87.2 28.1 0
65.8 68.6 0
61.5 64.2 0
85 66.7 4
88.7 63.9 0
66.2 25.6 0
84.6 51.3 0
65.6 32.6 0
65.8 98.6 4
61.5 94.2 4
85.1 96.7 4
88.7 93.9 4
66.1 71.3 0
106 23.8 0
109 23.8 0
119 15.9 0
96.2 23.8 0
113 1.18 1
90.9 16.8 0
96.3 26.9 0
106 68.7 4
119 64.2 4
110 69.1 4
96.3 69.3 4
96.3 25.6 0
110 26.3 0
105 26.3 0
117 77.4 4
109 71.3 4
106 71.3 4
94.8 73.6 4
119 94.2 4
96.2 71.3 4
117 75 4
113 99.1 4
91 93.2 4
156 21.7 0
131 3.25 0
161 1.25 0
154 23.8 0
131 23.8 0
169 16.5 0
131 0.825 0
121 16.5 0
129 3.68 0
154 1.15 0
159 42.2 4
157 43.5 4
122 63.8 4
167 28.1 0
166 64.7 4
169 63.9 4
154 69.3 4
131 69.3 4
131 25.6 0
121 63.8 4
132 67.7 4
148 49.4 4
154 26.3 0
122 93.8 4
129 73.4 4
165 96.7 4
131 71.3 4
127 72.2 4
169 93.9 4
154 99.3 4
131 99.3 4
121 93.8 4
154 71.3 4
171 16.8 0
186 3.18 0
176 23.8 0
188 3.13 0
188 43.6 4
173 46.9 4
173 48.1 4
176 26.9 0
176 69.3 4
176 25.6 0
192 45.3 4
173 63 4
171 63.2 4
185 28.2 0
192 43.9 4
190 42.7 4
194 98.6 1
175 73.5 4
176 71.3 4
176 99.3 4
177 97.7 4
171 93.2 4
13 2.05 1
1.2 0.825 1
14 13.1 1
12.2 28.1 1
1.23 98.8 1
36.6 3.6 1
39 1.25 1
34.7 3.13 1
21.8 24.2 1
59.1 13.2 1
15.6 13.4 1
22.7 22.6 1
45.1 18.7 0
47.9 52.2 0
35.7 50.4 0
21.6 29.2 1
21.8 69.2 0
35.6 53.8 0
51.3 49.8 0
21 31.1 1
35.2 48.3 0
33.3 58.3 0
23.9 96.5 0
56.5 95.1 0
53.7 75.9 0
21.9 70.9 0
21.8 99.2 0
53.8 79.9 0
18.8 94.6 0
25.6 96.2 0
55.6 79.3 0
57.9 82.5 0
71.7 22.8 0
78.1 0.95 1
61.3 14.1 1
89.1 13.2 1
62.2 2.2 1
86.4 64.7 4
86.4 94.7 4
78.2 71.9 4
97 17 0
95.4 17.9 0
119 14.1 0
91.3 14.1 1
118 2.05 1
94.9 19.6 0
100 41.4 0
116 43 0
100 48.4 0
92.2 64.3 4
93.2 93 4
129 21.7 0
126 1.25 0
169 13.2 0
159 1.25 0
127 24.2 0
158 24.2 0
121 13.4 0
161 19.3 0
128 35.3 0
140 40.8 0
146 66.2 4
123 56.3 4
159 68.8 4
126 68.8 4
124 61.2 4
153 28.8 0
166 94.7 4
163 76.4 4
159 98.8 4
126 98.8 4
162 77.6 4
124 87.8 4
147 97.5 4
171 14.1 0
172 2.05 0
182 49.8 4
195 28.1 0
184 67.3 4
182 45.2 4
182 66.5 4
193 28.7 4
199 98.8 1
173 93 4
9.33 12.1 1
7.8 13 1
14 32 1
14 52.1 1
14 43 1
6.43 74.1 1
14 82.1 0
43.2 16.3 0
18.1 2.98 1
48.8 21.8 0
41.3 22 0
22.1 0.95 1
38.1 24.2 0
42 16.3 0
50.6 53.2 0
54.6 48.8 0
18.2 56.1 0
59.1 31.9 0
59.1 52 0
38.1 69.2 0
38.3 25.6 0
15.6 43.3 1
38.5 45.3 0
51.9 55 0
40.4 45.9 0
24.7 27.6 1
58.1 43.2 0
18.9 54.2 0
16.3 51.1 1
45.7 82 0
18.3 86.3 0
38 70.9 0
38.1 99.2 0
15.6 81.7 0
45.7 83.7 0
50.9 82.4 0
58.1 79.9 0
49.9 71.5 0
78.1 24.2 0
61 32 0
61 43 0
89.1 31.9 0
89.1 52 0
89.1 43.1 0
60.8 51.9 0
78.1 69.2 4
78.3 25.6 0
86.1 35.1 0
83.2 76 4
89.1 82 4
78.1 99.2 4
60.8 81.9 0
82 77.3 4
109 3.18 1
114 9.65 0
94.1 43.8 0
116 33.4 0
119 31.1 0
91 32 0
91 43 0
91 52.1 0
119 51.8 0
95.7 33.1 0
95.8 35 0
119 43.9 0
96.1 77.8 4
91 82.1 4
119 81.8 4
99.3 84.1 4
97.9 76.5 4
98.2 73.9 4
167 16.8 0
150 18.6 0
123 2.98 1
133 3.45 0
162 21.8 0
134 6.13 0
148 17.3 0
166 5.78 0
141 3.93 0
158 34 0
169 31.9 0
169 52 4
169 43.1 4
121 51.7 0
156 34 0
121 43.3 0
122 44.7 0
160 26.9 0
123 40 0
169 82 4
121 81.7 4
134 95.4 4
174 8.2 0
176 33.1 4
174 51.4 4
174 43.6 4
181 41 4
171 32 4
171 43 4
171 52.1 4
174 36.9 4
198 49.7 4
193 54.9 4
181 90 4
176 77.7 4
171 82.1 4
178 76.4 4
178 73.9 4
11.3 8 1
11 43.6 1
4.7 28.1 1
4.4 43.5 1
8.98 46.1 1
6.58 28.7 1
4.3 33.2 1
36.2 28.4 0
23.8 66.5 0
56.1 39.4 0
34.9 28.4 0
56.6 51.4 0
18.7 64.6 0
20.2 91.4 0
21.9 90.8 0
46.5 79.1 0
43.7 79 0
86.3 16.9 0
79.9 21.7 0
81.3 21.9 0
73.5 3.35 1
76.2 28.4 0
63.4 44.6 0
72.4 65.8 0
71.8 29 0
86.3 39.7 0
86.8 78.7 4
86.5 80.2 4
103 49.3 0
92.2 61.6 0
116 87 4
94.1 81.1 4
98 88.5 4
115 73.7 4
95.1 98.3 4
157 3.45 0
130 18.3 0
159 21.7 0
155 3.35 0
129 57.2 4
166 35.1 4
141 28.5 0
144 28.5 0
138 82 4
167 80.6 4
167 79.1 4
124 78.1 4
149 79.1 4
151 81.1 4
125 71.9 4
182 3.18 0
177 3.75 0
200 3.28 4
188 28.9 0
200 43 4
174 81 4
178 88.6 4
11.6 50.7 1
12 46.6 1
12 49.1 1
5.95 96.6 1
56.5 18.6 0
26.9 3.38 1
54.4 21.5 0
29.1 3.2 1
52.2 66.3 0
27.7 28.2 0
29.4 47 0
44.4 47.4 0
57.1 48.2 0
32.3 66 0
15.6 25.6 1
46.6 29 0
55.6 60.2 0
34 66.3 0
44.7 28.4 0
25.7 34.3 1
23.6 34.4 0
21.5 96.7 0
41.8 73.5 0
77.7 3.45 1
67.2 7.65 1
71.7 6.3 1
66.4 5.78 1
78.5 28.4 0
84.3 28.6 0
107 0.875 1
103 28.6 0
116 58.3 4
111 43.8 0
105 41 0
98.1 58.5 0
103 55.3 0
106 39.4 0
107 98.7 4
124 16.9 0
164 2.9 0
150 10.9 0
163 3.35 0
167 13.2 0
126 21.7 0
135 42.8 0
121 25.6 0
166 39.3 4
124 84.5 4
144 97.4 4
124 85.7 4
155 84.5 4
157 85.1 4
193 0.825 4
188 13.4 0
186 67.2 4
177 45.1 4
177 49.7 4
182 85.3 4
179 81.5 4
8.48 3.55 1
2.83 52.8 1
1.15 46.4 1
11.7 58.4 0
11.4 35.8 1
18.1 23 1
56.2 10.3 1
15.6 24.2 1
54.6 66.7 0
28.9 37.9 0
38.5 28.4 0
26.5 42.5 0
23.5 47.9 0
42.8 45.6 0
21.8 60.6 0
18.7 62.3 0
33.6 73.8 0
83.7 3.45 1
69.2 22.8 0
82.1 3.85 1
63.9 35.8 0
72.1 95.7 4
64.4 87.2 0
85.8 85.8 4
91.8 21.8 0
97.8 3.38 1
117 17.9 0
117 19.6 0
117 5.88 1
104 1.25 1
96.5 46 0
106 45.7 0
97.7 47.3 0
105 98.7 4
121 24.2 0
151 3.25 0
123 23 0
164 28.6 0
131 88 4
196 1.18 4
196 43.2 4
181 46.9 4
181 48.1 4
4.6 21 1
6.58 37 1
8.88 40.7 1
11.4 39.3 1
9 96.8 1
11.2 87.3 0
4.85 78.2 1
45.3 3.33 1
18.8 18.1 1
35.1 21.8 0
50.3 18.2 0
44.3 22.6 0
55.9 64.7 0
58.5 27.5 0
21.4 66.7 0
19.1 26 1
16 29.1 1
59.1 25.6 0
54.2 28.5 0
33 95.9 0
17.5 71.5 0
54.2 72.1 0
15.6 70.9 0
16.9 75.3 0
56.2 89.4 0
49.8 74.4 0
51 75.7 0
63.7 17.8 0
63.2 19.5 0
68.5 46.7 0
88.5 27.5 0
74.1 47.1 0
63.9 39.2 0
89.1 25.6 0
65.9 41.6 0
77 75.2 4
63.7 77.6 0
70.6 74.1 0
74.7 73.7 4
104 20.6 0
116 53.9 0
98 50 0
98.9 96.5 4
117 84.3 4
167 20 0
166 21.6 0
144 12.2 0
164 23 0
150 43.9 4
153 42.6 4
139 65.7 4
149 45.7 4
168 27.5 0
124 43.5 0
121 29.2 0
124 26.1 0
169 25.6 0
147 28.7 0
126 32.1 0
138 28.7 0
124 37.3 0
131 28.4 0
127 30.8 0
145 74.1 4
124 82.1 4
140 74.1 4
139 95.4 4
156 79.9 4
164 72.3 4
121 70.9 4
123 71.5 4
154 81.4 4
161 81.1 4
158 87.4 4
173 19.4 0
190 20.5 0
174 5.58 0
176 40.9 4
200 28.2 0
184 74.5 4
191 74.5 4
11.3 17.7 1
11.8 19.4 1
11.3 5.38 1
13.4 27.5 1
14 25.6 1
9.83 65.4 1
12.7 75.9 0
11 93 1
24.3 20 1
18.8 12.5 1
18.4 8.98 1
47.5 45.7 0
34.4 34.2 0
18.1 67.8 0
44.3 68.1 0
15.6 69 0
56.6 74 0
47.1 93.9 0
18.1 97.8 0
57.5 75.8 0
44.3 98.1 0
15.6 99 0
48.1 87.9 0
51.8 77.9 0
86 21.7 0
62.2 8.85 1
65.1 21.4 0
84.3 22.5 0
85.9 9.4 1
87.5 19.5 0
64 12.1 0
79.9 52.2 0
79.7 57 0
86 55 0
62.2 28.1 0
66.1 49 0
73.7 60.3 0
61 25.6 0
68.3 29 0
63.4 75.2 0
87.4 75.7 4
84.8 73.1 4
94.2 11.7 1
116 12.8 0
110 21.1 0
114 3.8 1
115 21.5 0
93.8 9.83 1
106 3.25 1
101 34.9 0
105 65.7 4
92.2 28.1 0
105 53.1 0
91 25.6 0
98.5 29.2 0
100 28.6 0
112 28.2 0
93.3 46.3 0
93.3 48.8 0
113 67.2 4
105 74 4
110 74 4
91.9 75.7 4
114 95.4 4
123 11.9 0
145 21 0
153 8.73 0
168 10.4 0
123 9 0
140 21 0
138 10.9 0
122 19.5 0
145 43.4 4
166 55 4
123 67.8 4
164 67.6 4
121 69 4
130 65.3 4
132 51.6 4
140 35.9 0
141 37.7 0
158 65.9 4
154 47 4
154 66.6 4
161 29.9 0
144 44.9 4
160 31.8 0
155 91.4 4
167 74.3 4
131 76.9 4
166 85.2 4
134 74.4 4
123 97.8 4
164 97.6 4
121 99 4
157 96.1 4
122 75.8 4
167 76.1 4
156 96.7 4
181 5.8 0
175 21.4 0
184 21 0
172 28.1 0
171 25.6 0
176 66.5 4
200 57.9 4
191 66 4
174 39.5 4
192 95.9 0
172 75.7 4
9.9 21.4 1
6.33 6.48 1
2.3 15.5 1
4.8 65.7 1
1.7 31.2 1
3.8 60.2 1
0.9 33.7 1
1.85 60.2 1
0.3 66.5 1
56.3 13.1 0
56.5 16.5 0
52.7 8.35 1
54.5 2.1 1
59.1 24.2 0
47.6 16.2 0
51.5 21.5 0
31.8 52.9 0
23.2 55.3 0
30.7 51.5 0
24.4 58.8 0
27.8 65.4 0
30.1 49.8 0
18.6 41.7 0
41.9 28.4 0
51.2 59.1 0
21.8 53.8 0
22 50.6 0
25 73.9 0
18.1 82.9 0
48.9 79.2 0
50.8 93.1 0
54.3 98 0
59.1 70.9 0
44.2 72.2 0
47.9 76.4 0
47.9 75.2 0
62.2 5.6 1
89.1 24.2 0
75.3 21.2 0
85.9 5.65 1
83 58.9 0
63.8 57.2 0
74.6 34 0
86.2 31.3 0
81.5 28.6 0
84.2 67.6 4
63.8 51.2 0
63.5 55.5 0
73.4 31.3 0
86.5 74 4
84.3 97.6 4
89.1 70.9 4
64.1 84.7 0
65.4 73.9 0
101 3.53 1
117 8.93 0
105 57.1 0
116 61.5 4
96.7 41 0
95.9 66.9 4
102 43.7 0
117 35.3 0
116 51.5 0
116 65.7 4
102 45.1 0
112 46.7 0
113 48 0
117 82 4
109 96.1 4
116 91.8 4
118 75.8 4
163 8.4 0
169 24.2 0
135 20.3 0
134 16.4 0
135 13.8 0
164 16.8 0
163 58.9 4
136 34.8 0
160 54.2 4
154 37.1 0
137 42.4 0
137 56.7 4
160 56.7 4
155 38.7 0
122 48.5 0
122 56.9 4
121 46 0
129 61.4 4
134 38.3 0
126 54.4 4
125 48.6 0
126 46 0
152 31.8 0
164 82.8 4
163 89.1 4
130 96.7 4
160 77.2 4
169 70.9 4
128 96.1 4
150 91.8 4
151 92.7 4
174 12.5 0
182 30.7 0
182 32.2 0
177 54.1 4
178 54.3 4
179 38.2 4
197 55.2 4
179 29.3 0
180 28.7 0
183 51.9 4
183 34.1 4
181 35.8 4
14 24.2 1
2.05 9.2 1
4.1 9.2 1
1.58 41.5 1
6.5 45.8 1
0.225 36.3 1
7.1 48.5 1
5.13 41.3 1
3.98 38.2 1
3.75 46 1
11.7 62.4 0
11.6 73.4 0
14 70.9 0
17.5 1.73 1
42.2 9.03 0
29.7 20.7 0
39.9 12.5 0
26.9 8.83 1
45.5 21.2 0
15.6 1.1 0
18.4 6.03 1
57.2 5.08 1
31.9 5.18 0
44.9 41.2 0
53.1 43.3 0
54.7 42.4 0
42.3 58.5 0
43.9 62.1 0
22.9 40.7 0
45 43.1 0
24.1 42 0
47.1 58.2 0
21 46 0
17 56.7 0
17.4 46.4 0
17.4 48.9 0
59.1 69 0
40.4 31.8 0
46.4 63.3 0
57.9 54.4 0
20.7 26 1
56.6 36.1 0
30.3 74.2 0
41.3 79.3 0
42.8 85.1 0
39.1 83.9 0
18.1 80.6 0
18.1 79.3 0
59.1 99 0
39.9 80.7 0
42.9 93.9 0
57.9 84.4 0
35.5 96.2 0
77.9 19.6 0
78.7 17.9 0
76.2 8.35 1
61 24.2 0
82.5 16.3 0
74 8.48 1
65.7 10.1 1
77.2 52.3 0
77 54.6 0
79.2 46.6 0
80 31.9 0
75.5 54.8 0
72.5 57.9 0
86.4 43.5 0
75.9 51.1 0
77.3 46 0
77.8 60.1 0
67.6 65.8 0
64.1 62.3 0
62.4 46.2 0
62.4 48.7 0
86.7 66.5 4
89.1 69 4
76.5 65.9 0
74.8 49.7 0
82.4 81.4 4
76.2 95.9 4
69 95.7 4
79.4 77.1 4
86.8 96.5 4
89.1 99 4
61 70.9 0
83.4 74.2 4
82.7 88.9 4
84 82.3 4
100 20.6 0
91 24.2 0
110 6.58 1
93.8 6.58 1
118 28.1 0
98.9 38.3 0
117 45.9 0
119 25.6 0
97.8 52.5 0
114 41.9 0
99.3 53.7 0
117 38.4 0
114 28.2 0
107 48.4 0
117 48.4 0
93.9 39.5 0
93 73.2 4
91 70.9 4
90.8 99 4
102 78.3 4
102 82.5 4
104 95.6 4
104 90.5 4
129 7.68 0
132 8.23 0
135 8.28 0
123 1.73 1
129 13.5 0
121 1.1 1
123 6.05 0
128 6.28 0
129 15.5 0
127 16.9 0
161 16.9 0
154 53.5 4
166 52.2 4
153 56.9 4
134 64.9 4
166 31.3 0
154 60 4
153 55.1 4
123 53.1 0
151 66.4 4
133 28.4 0
158 59.8 4
167 66.5 4
169 69 4
150 28.7 0
123 59.4 4
162 35.4 0
136 28.7 0
126 26.1 0
142 46.1 4
144 39.3 0
150 87.4 4
167 96.5 4
169 99 4
139 87.7 4
134 86.6 4
138 91.6 4
151 85.7 4
155 73.5 4
185 8.1 0
171 24.2 0
176 63.1 4
177 57.7 4
176 56.2 4
177 61.6 4
187 49.7 4
196 66 4
172 56.5 4
191 48.2 4
176 82.9 4
180 78.3 4
173 73.1 4
171 70.9 4
195 74.5 4
179 86 4
6.28 53.4 1
7.95 51.4 1
6.8 58.8 1
13.2 47.2 0
13.2 48.4 0
6.95 55 1
14 69 0
9.48 52.4 0
0.75 55.7 1
8 79.3 1
45.4 9.5 0
38.3 5.93 0
21.2 4 1
18.8 15.9 1
45.4 13.5 0
40.6 18.3 0
42.1 23.2 0
21.5 20 1
18.8 14.7 1
47.8 5.58 1
48.6 7.28 1
33.9 7.4 0
41.2 3.68 1
32.1 45.6 0
56.1 31.2 0
41.4 39.3 0
38.8 66.3 0
39.1 40.1 0
37.4 43.3 0
40.8 63.4 0
50.5 47.5 0
58.3 47.6 0
38.1 60 0
59 45.7 0
51.3 28.5 0
18.6 44 0
46 52.8 0
16 30.8 1
18.1 36.5 1
17.6 59.2 0
39.1 74 0
41.8 76.6 0
54.6 74 0
17 86.9 0
56.8 96.9 0
51.3 70.9 0
53.4 84.8 0
24.5 88.9 0
22.6 86 0
17 90 0
26.5 94.1 0
25.1 92.7 0
86 14.2 0
79.2 6.83 1
68.7 9.78 1
65.2 2.63 1
79 66.1 4
77.9 34.5 0
80.9 62.7 0
61 69 0
89.4 47.5 0
68.6 43.8 0
63.9 82.1 0
78.7 96.1 4
80.6 92.8 4
63.9 92.1 4
81 71.1 4
61 99 4
105 11.4 1
110 13.3 0
119 24.2 0
90.8 1.1 1
93.2 19.2 0
108 11.4 0
104 14.1 0
108 15.8 0
96.1 63.5 4
94.1 52.2 0
95.9 56.2 0
97.3 62 0
113 38.2 0
92.2 56.5 0
92.2 59.8 0
91 69 4
111 36.8 0
109 45.9 0
110 33.2 0
99 66.5 4
108 29.4 0
104 46.1 0
96.5 82.9 4
105 87.3 4
100 90.6 4
104 85.9 4
92.2 86.4 4
157 17.1 0
139 2.58 0
136 2.93 0
132 11.5 0
123 14.1 0
134 11.3 0
163 14.1 0
147 12.5 0
162 23 0
169 1.1 0
161 11.2 0
144 8.45 0
155 18.3 0
140 8.55 0
141 7.1 0
166 43 4
166 48.8 4
166 46.3 4
140 43.3 0
123 50.8 0
162 38.8 4
161 62.7 4
167 61.4 4
169 47.5 4
121 30.9 0
125 92.5 4
151 96.4 4
164 74.5 4
160 93 4
161 71.1 4
167 91.4 4
132 93.5 4
131 91.8 4
127 78.8 4
157 75 4
192 11.5 0
196 12.3 0
173 16.8 0
180 21 0
198 7.4 0
194 11.4 0
185 11.5 0
182 11.4 0
187 16.5 0
191 16.6 0
195 50.7 4
189 65.9 4
172 59.8 4
171 69 4
198 37.7 4
196 47.3 4
182 43.4 4
176 86.2 4
196 95.9 1
187 92.3 4
172 86.5 4
189 95.8 0
172 89.8 4
171 99 4
175 96.1 4
4.05 11.2 1
2 11.2 1
3.88 2.1 1
1.5 27.4 1
3.28 48.6 1
4.08 26.8 1
11.1 81.3 0
12.2 78.3 0
22.2 13.3 1
27.9 14.9 1
29.5 11.1 0
23.4 14.6 1
56.3 3.2 1
47.9 23 0
59.1 1.1 1
29.7 14.2 0
23.1 9.23 1
37.9 34.4 0
24.9 62.8 0
22.6 28 1
41.9 67.6 0
32.1 31.6 0
21.4 38.1 0
34.3 27.1 0
18.1 39.3 1
22.2 73.9 0
50.6 85.6 0
38.1 96.4 0
53.7 92 0
47.8 97.6 0
58.1 78 0
41.9 97.6 0
87.5 17.8 0
82 23.1 0
70 2.43 1
89.1 1.1 1
66.4 3.9 1
69.1 49 0
74.9 27.7 0
69.2 37.5 0
87.3 61.3 0
88 78 4
87.3 91.4 4
95 21.2 0
108 8.05 1
105 6.7 1
111 40.3 0
113 31.4 0
104 60.5 4
105 43.3 0
108 66.1 4
100 60.5 0
110 38.6 0
99.4 56 0
96.1 93.4 4
111 76.7 4
97.2 91.9 4
92.4 78.1 4
117 73.3 4
92.2 89.7 4
119 70.9 4
98.2 85.3 4
168 17.7 0
157 11.8 0
150 13.1 0
155 22.5 0
156 9.88 0
124 21.7 0
134 59.5 4
149 63.3 4
142 63.2 4
132 59.5 4
162 67.1 4
127 65.5 4
155 27.6 0
150 41.4 4
150 48.3 4
151 49 4
155 76.7 4
144 90.1 4
143 83.1 4
150 74 4
151 76.5 4
145 84.3 4
142 92.9 4
168 78.3 4
162 97.1 4
122 77.4 4
143 78.2 4
145 77 4
189 6.98 0
196 21.1 0
182 17 0
180 13 0
184 2.03 0
190 5.2 0
184 18.2 0
173 9.13 0
189 1.98 4
189 46 4
188 34.4 4
187 45.4 4
198 31.3 4
185 38.4 4
186 35.5 4
195 33.4 4
182 62.9 4
184 41.2 4
172 61.9 4
198 29.4 4
186 27.6 0
180 64.7 4
182 96.6 0
186 96.5 0
177 91.6 4
181 92.3 4
172 78.1 4
182 80.2 4
179 95.1 4
186 83.1 4
184 90 4
183 87.8 4
180 83.8 4
12.6 8.93 1
8.1 27.4 1
11.4 31.5 1
7.68 31.6 1
12.4 38.4 1
12.4 36.8 1
8.58 72.8 1
13.9 99 0
56.2 21.3 0
57.1 19.7 0
57.1 9.28 1
52.1 2.03 1
53.1 14.8 0
53.9 22.7 0
50.6 2.03 1
39.2 21.2 0
50 51.8 0
36.3 38.4 0
30.8 34.5 0
36.3 36.9 0
28.2 31.8 0
24.1 45.6 0
52.5 46.5 0
47.8 67.6 0
16.6 26.6 1
35.3 42.2 0
43.2 55.6 0
27.3 49 0
44.2 27.1 0
38.8 52.9 0
51.9 97.5 0
42.6 72.2 0
17.5 93.8 0
26.2 97.6 0
68.7 18.8 0
73.1 22.8 0
72.5 18.6 0
74.6 2.2 1
80.7 48.8 0
71 34 0
62.9 38.3 0
87.3 63.5 4
81.8 67.1 4
83.8 27.3 0
62.9 36.7 0
87.3 93.5 4
81.9 97.1 4
95.4 1.1 1
93.6 34.9 0
110 53 0
119 69 4
110 55 0
91.2 63.2 4
95.7 86 4
113 79.2 4
117 78.2 4
96.1 72.7 4
114 72.8 4
119 99 4
96.1 99.3 4
148 6.73 0
139 16.4 0
149 8.45 0
122 17.8 0
140 14.2 0
165 2.03 0
157 6.55 0
130 22.5 0
132 2.15 0
158 23 0
158 40.2 4
139 31.7 0
142 34 0
144 35.1 0
136 45.9 0
134 54 4
148 67.5 4
129 46.1 0
167 63.5 4
122 26.7 0
164 27.3 0
157 52.2 4
126 62.5 4
132 42.9 0
144 67.4 4
129 48.7 4
158 26.3 0
130 85.2 4
161 84.2 4
127 82.5 4
130 72.5 4
148 97.5 4
167 93.5 4
145 98.7 4
148 93.3 4
149 83.9 4
124 72.8 4
122 86.4 4
159 71.1 4
195 18.3 0
197 17.1 0
189 31.9 4
173 46.2 4
173 48.7 4
191 27.5 4
185 60.5 4
195 26.9 4
187 63 4
195 38.5 4
198 80 4
176 72.6 4
172 91.9 4
194 83.1 4
1.9 2.1 1
13.9 1.1 0
5.18 85.1 1
1.23 78.4 1
0.375 83.5 1
5.9 81.4 1
6.58 82.9 1
33.7 2.03 0
53.8 67.6 0
28.9 43.7 0
31.1 41 0
32.7 42.1 0
53.7 27.2 0
43.7 49.3 0
36.5 52.1 0
18.8 52.4 0
35.3 57.5 0
28.8 89.1 0
29.9 91.5 0
19.4 96.5 0
34.7 87.5 0
22.4 97.9 0
57.4 93.9 0
58.8 81.6 0
84.6 2.68 1
76.7 2.2 1
70.5 24.1 0
63.3 3.73 1
61.1 1.1 1
86.8 8.38 1
74.2 44.8 0
86.5 46.6 0
81.8 35.5 0
63.5 31.4 0
86.5 49.1 0
71.3 44.2 0
76.4 38.3 0
76.4 36.7 0
86.3 50.6 0
87.4 34.2 0
72.4 49.3 0
76.4 77.7 4
73.2 79.8 4
73.7 72.9 0
79.1 71.1 4
118 20.4 0
119 1.1 1
111 2.3 1
113 56.8 4
92.9 42.7 0
108 50.6 0
92.1 46.9 0
92.1 48.2 0
112 50.5 0
93.2 98 4
114 88.7 4
92.2 91.9 4
156 15.1 0
135 4.25 0
153 15.1 0
160 21.2 0
168 12.2 0
127 22.9 0
168 5 0
147 33.7 0
135 48.9 4
146 31.8 0
144 60.4 4
134 50.2 4
139 59.6 4
142 51.1 4
167 34.2 4
147 60.4 4
123 37.9 0
122 40.2 0
146 40.2 4
145 47.2 4
123 88.8 4
127 89.9 4
159 79.3 4
126 71.3 4
171 1.1 0
181 8.58 0
173 6.5 0
194 3.35 4
191 31.1 4
190 38.9 4
173 52.5 4
173 42.5 4
185 68.7 4
172 36.1 4
181 67.9 4
173 38.6 4
197 85.1 4
175 93.6 4
3.25 22.2 1
5.8 18.2 1
1.3 22.2 1
12.3 6.3 1
12.3 42.5 1
5.78 90.5 1
7.95 90.5 1
3 93.2 1
46.1 2.45 1
50.3 12.7 0
34 22.6 0
16.3 20.2 1
17.1 8.35 1
33.7 19.1 0
37.7 2.5 0
29.9 63 0
25.1 67.3 0
26.2 27 0
57.9 52.5 0
42.3 35.2 0
49.4 31.8 0
17.4 50.6 0
57.4 40.1 0
41.2 49.1 0
17.5 63.8 0
45.1 91.1 0
32.9 93.1 0
29.4 85.7 0
31.5 85.7 0
34.3 91.7 0
15.6 75.8 0
56.9 79.3 0
62.3 20.3 0
74.8 41.2 0
70.1 27.8 0
82 39.3 0
71.4 40.6 0
86.9 56 0
75.5 62.5 0
62.2 43.5 0
69.8 63.1 0
70.9 67.3 0
73.8 66.9 0
70.5 52 0
68.1 54.9 0
87.6 40.5 0
71.9 72.9 0
69.5 77 0
93.6 16.6 0
93.3 2.2 1
92.7 9.05 1
104 32 0
93.6 32 0
117 55.2 4
117 32.3 0
104 36.5 0
117 44.1 0
92.9 82.2 4
94.3 79 4
118 85.6 4
111 85.6 4
96.3 96.9 4
150 21.1 0
151 7.3 0
143 17.1 0
160 7.15 0
167 3.13 0
166 7.78 0
122 8.38 0
142 18.4 0
150 5.58 0
153 2.4 0
142 11.1 0
129 39.5 0
127 42.8 0
150 36 0
138 52.9 4
142 27.2 0
144 27.2 0
168 81.7 4
137 77.3 4
133 80.6 4
200 18 0
176 2.6 0
172 20.3 0
174 31.9 4
193 42.8 4
191 41.7 4
195 53.5 4
173 82.1 4
11.4 13.2 1
9.55 2.4 1
12.7 20.2 1
5.95 12.6 1
6.53 62.3 1
12.9 51.8 0
9.13 34.6 1
10.9 45.5 0
8 97.8 1
55.2 7.73 1
30 8.18 0
24.5 5.9 0
25.9 2.23 0
17.1 6.65 1
29.9 2.05 0
52.7 36.2 0
50.1 42.3 0
56.3 66.5 0
49.7 62.1 0
19.4 66.5 0
35.2 63 0
22.4 67.9 0
56.5 49.4 0
26 53.1 0
34.4 67.8 0
35.5 64.7 0
59 44 0
18.9 91.8 0
45.3 80.2 0
76.5 14.7 0
74 14.7 0
70.8 12 0
63.3 21.9 0
86.8 6.68 1
81 44.9 0
78.1 40.8 0
80.4 43.1 0
77.4 27.1 0
62.5 76 0
97.4 6.85 1
115 5.68 1
113 15.7 0
117 22 0
99.4 8.35 1
103 7.65 1
92.7 7.35 1
92.9 37 0
92.9 38.6 0
113 82.7 4
110 93.3 4
117 90.1 4
110 91.4 4
158 2.5 0
122 6.68 0
130 53.9 4
167 56 4
134 32 0
142 56.7 4
163 50.7 4
143 54.2 4
168 40.1 4
132 35.6 0
167 86.2 4
159 89.9 4
179 2.8 0
177 10.2 0
173 21.9 0
195 60.8 4
180 45.8 4
180 49.1 4
197 60.7 4
174 78.9 4
6.4 3.88 1
11.7 21.8 1
3.5 67.2 1
1.55 67.2 1
0.225 38.9 1
12.5 55 0
9.28 56.5 1
12 94.5 0
10.9 96.6 0
4.88 97.3 1
44.2 5.95 1
26.3 17.2 1
38.7 9.08 0
33.9 11.2 0
33.6 14.3 0
52.3 22.7 0
34.6 15.9 0
35.1 10.1 0
37 19.6 0
47.8 27.8 0
37.4 27.1 0
30.9 67.5 0
46.7 35.2 0
56.9 61.4 0
42.6 27.1 0
27.8 58.7 0
36.5 76.1 0
36.1 77.7 0
18.1 76.9 0
23 82 0
34.3 72.5 0
37.2 81.5 0
23.3 78.4 0
22.1 77.1 0
21.8 83.2 0
83.6 11.5 1
79.4 12.7 0
82 11.1 1
71.8 3.68 1
66.9 15.1 0
82.2 27.3 0
67.6 60.4 0
66.7 27.8 0
67 31.9 0
65.9 34.5 0
85.5 58.3 0
72.2 55.1 0
65.2 53.9 0
73.4 29.2 0
79.6 81.5 4
63.6 73.5 0
73.5 96.8 4
76.4 80.9 4
71.4 84.5 4
74.9 92.4 4
70.3 83.1 4
76.7 84.2 4
76.4 85.9 4
78.8 89.4 4
72.8 85.9 4
71.2 89.5 4
63.3 85.8 0
87.1 85.2 4
100 13.1 0
112 18.3 0
114 22.3 0
118 5.1 0
109 61.7 4
117 59.9 4
101 27.4 0
113 63.2 4
102 93 4
108 89.2 4
137 21.6 0
127 10.5 0
162 2.48 0
136 62.3 4
139 49.5 4
163 44.5 4
160 47.4 4
156 42 4
166 58.3 4
130 42.6 0
162 27.3 0
139 46.5 4
156 63 4
129 31.3 0
127 28.6 0
130 82.2 4
136 73.2 4
165 88.5 4
199 11.2 0
174 66.3 4
192 59.9 4
179 59.3 4
200 63.4 4
186 77.7 4
196 77.6 4
189 80.5 4
199 86.7 4
192 80.5 4
11.7 66 0
12.7 60.3 0
10.9 40.7 1
0.75 73 1
12.2 85.9 0
12.2 89.2 0
8.6 84.7 1
2.75 86.8 1
47.8 10.8 0
57.8 17.4 0
31 21.9 0
50.1 38.2 0
28.5 54.8 0
30.1 28 0
55.6 55.5 0
51.4 67.1 0
47.3 39.5 0
52.1 27.2 0
16.9 38.7 1
41 46.6 0
18.5 32.1 0
16.9 37.1 1
19.5 61 0
30.6 54.8 0
42.6 89 0
40.1 86.7 0
34 83.6 0
37 89.7 0
31.6 72.9 0
39.3 92.8 0
31.8 80 0
28.8 77.1 0
29.6 96.8 0
55.9 85.4 0
34.4 97 0
47 73.9 0
48.4 72.3 0
86.3 3.78 1
81.4 3.08 1
82.4 51.7 0
63.7 41.6 0
62.7 60.7 0
86.2 29.2 0
84 52.6 0
64 65.9 0
63.8 95.7 4
70.7 97.1 4
68.3 92.4 4
67.3 80.5 4
76.7 73.5 4
62.4 90.4 4
85.2 88.3 4
66.8 89.4 4
117 16.9 0
99.6 2.28 1
106 17.8 0
108 2 1
117 63.1 4
110 64.5 4
102 63.1 4
98.7 48.4 0
94 66.6 4
116 95.4 4
117 93.3 4
107 80.1 4
104 77.2 4
166 29.2 0
141 67 4
157 44.9 4
124 32.2 0
148 39.4 4
136 27.4 0
147 86.7 4
122 83.2 4
153 94.4 4
192 8.3 0
174 3.7 0
178 18.3 0
189 21.8 4
194 6.88 0
192 35.8 4
183 29.4 0
191 50.4 4
175 49.7 4
174 40.9 4
175 45.1 4
195 67.2 4
193 63.1 4
187 55.4 4
181 27.4 0
185 54.7 4
182 56.6 4
199 26.9 4
198 93.2 0
192 89.6 4
195 90.5 4
193 86.2 4
190 73.2 4
11.5 3.5 1
48.3 3.7 1
57.5 12.2 0
38.2 16 0
16.9 24.2 1
17.5 21.8 1
42.1 2.43 1
56.1 29.1 0
56.9 63.5 0
32.9 60.5 0
53.4 88.1 0
27.5 80.1 0
26.1 83.6 0
57.5 90.6 0
15.6 77.4 0
52.4 79.1 0
52.3 76.3 0
83.8 45.9 0
102 21.8 0
118 9.85 0
94.6 45.4 0
97.4 32.7 0
114 27 0
114 68.1 4
101 73.2 4
110 82.5 4
100 97.2 4
112 96.9 4
142 22.3 0
144 22.3 0
122 24.2 0
137 67 4
161 42 4
127 36.9 0
132 27.2 0
121 27.9 0
123 26.1 0
149 56.6 4
149 27.5 0
123 43.5 0
146 49.2 4
147 54.1 4
144 72.8 4
137 96.7 4
141 96.7 4
141 72.8 4
187 21.8 0
198 2.43 4
177 15.4 0
174 63.7 4
176 35.3 4
188 59.6 4
190 67.4 4
193 73.2 4
199 73.1 4
181 73.2 4
193 92.9 0
188 86.2 4
190 97.3 1
185 71.3 4
9.15 9.78 1
8.53 22.2 1
12.2 16.8 1
12.6 63.9 0
8.65 66.4 0
17.5 16.8 1
36.8 23 0
27.5 21.9 0
45.7 17.5 0
50.3 20.7 0
59.1 26.9 0
17.9 26 1
16 27.9 1
32.1 29.5 0
17.5 73.5 0
26.2 73 0
48.3 95.7 0
16.9 70.9 0
50.8 80.3 0
49.8 73.2 0
62.9 13.2 0
62.8 16.8 0
66.4 22.2 0
63.8 9.88 1
62.6 52.3 0
87.3 53.3 0
66.2 57.3 0
87.4 32.4 0
63 63.8 0
66.1 66.9 0
89.1 26.9 0
62 55.1 0
65.9 96.7 4
63 78.4 0
62.8 93.6 4
66.6 73 0
107 22.3 0
93.2 20.8 0
113 8.53 0
95.7 26.3 0
110 28.2 0
106 67.1 4
118 52.6 0
94.5 41.1 0
97.1 67.9 4
100 67.2 4
116 49.9 0
116 67.2 4
106 72.8 4
118 83.1 4
122 13.2 0
128 4.4 0
157 49.8 4
167 32.4 0
124 54.5 4
141 39.6 0
169 26.9 0
153 67.6 4
132 66.3 4
161 28.6 0
122 42 0
129 34.4 0
149 51.2 4
151 51.2 4
166 83.1 4
149 72.7 4
132 74.4 4
122 70.9 4
123 94.1 4
157 73.3 4
158 97.1 4
172 17.7 0
195 22.3 0
176 22.2 0
181 22.3 0
181 3.95 0
177 32.7 4
176 26.3 0
175 53.6 4
179 40.3 4
177 67.5 4
193 46 4
184 50.1 4
195 97.2 1
188 89.6 4
173 96.7 4
0.75 29.1 1
2.58 32.5 1
14 26.9 1
1.3 97.1 1
31.7 3.3 0
22.5 21.2 1
17.5 13.7 1
33.9 53.5 0
56.4 42.1 0
35.9 47.1 0
57.3 32.2 0
16.9 69 0
52.5 55 0
21 31.1 0
57.9 35.3 0
31.5 57.6 0
20.9 52.5 0
23.2 72.7 0
47.6 78.3 0
16.9 81.7 0
18.9 84.3 0
16.9 99 0
87.2 13.2 0
87.6 42.4 0
61 26.9 0
64.2 49.7 0
87.1 83.3 4
81.3 77.3 4
97.1 14.4 0
98.8 17.5 0
93.1 12.8 1
117 13.7 0
109 22.3 0
112 3.98 1
115 56.7 4
93.5 27.5 0
111 68 4
115 41.7 0
101 42.3 0
104 55 0
104 50.9 0
98.6 40.6 0
91 26.9 0
108 57.3 4
96.4 36.2 0
94.3 64.1 4
101 46.9 0
94.2 94 4
112 74.2 4
109 72.8 4
116 88.5 4
148 4.85 0
149 2.45 0
134 7.2 0
126 3.08 0
162 18.1 0
167 53.3 4
128 52.4 4
139 41.8 0
123 49.2 0
122 69 4
121 47.2 0
127 33.5 0
160 33.5 0
159 66.9 4
152 29.4 0
131 97.7 4
122 99 4
153 97.6 4
125 96.2 4
161 77.6 4
127 97.1 4
154 72.6 4
174 27.5 0
174 55.7 4
171 26.9 0
186 43.3 4
193 56.3 4
200 97.2 0
174 83.3 4
177 96.6 4
8.85 29.2 1
11.4 29.3 1
11.4 52.7 0
3.93 42.2 1
7.85 46.8 1
5.13 44.9 1
3.88 72.6 0
44.5 15.7 0
19 4.15 0
22.3 2.75 0
16.9 1.1 0
40.4 29.3 0
49.3 66 0
37.7 67.5 0
19.2 45.4 0
44.2 57.4 0
17.4 42.9 0
37.9 45.3 0
54.8 34.6 0
38 72.8 0
27.1 95.5 0
50.8 95.6 0
44.9 84.5 0
77.1 22.5 0
78.8 21.2 0
77.9 67.3 4
80 29.4 0
77.6 97.4 4
62.7 83.2 0
85.7 81.5 4
117 3.23 1
114 11.2 0
110 58.9 4
106 34.7 0
92.9 53.3 0
115 38.9 0
94.1 55.8 0
119 26.9 0
102 84.5 4
94.6 83.2 4
99 77.2 4
99.3 74.6 4
165 16.2 0
124 4.18 0
122 1.1 0
148 15.8 0
141 5.23 0
139 29.6 0
168 41.9 4
122 51.9 0
146 29.7 0
166 36.8 4
136 83.2 4
140 83.4 4
136 94.1 4
139 79.7 4
173 13.5 0
190 3.33 4
191 53.8 4
183 35.4 4
183 44.9 4
174 85.8 4
179 77.1 4
179 74.6 4
8.28 15.1 1
12.6 32.5 1
13.9 47.8 0
12.3 82.4 0
41.3 16.4 0
32.6 20.7 0
40.8 65.9 0
45.5 46.3 0
59 47 0
16.2 47.6 0
51.7 49.3 0
37 97.6 0
23.7 91.2 0
42.5 78.4 0
41.6 95.7 0
51.8 83.6 0
85 16.3 0
79.2 4.33 1
66.9 8.68 1
72.6 7.88 1
63.5 29.2 0
67.8 48.3 0
61.2 47.4 0
92.4 17.5 0
97.1 2.48 1
112 42.4 0
111 45.5 0
116 28.9 0
119 47.1 0
100 54.9 0
105 27.4 0
103 47.9 0
98.2 90.5 4
98.3 83.8 4
144 2.68 0
154 20.8 0
166 14.1 0
159 3.73 0
124 16 0
147 18.3 0
128 16.7 0
151 42.5 4
134 41.3 0
142 65.7 4
130 59 4
149 65.8 4
161 65.2 4
123 63.4 4
143 95.4 4
125 78.8 4
160 95.5 4
132 95.1 4
158 85.5 4
187 12.1 0
182 41.9 4
197 49.1 4
197 28.2 4
177 87.2 4
187 94.7 0
173 94.2 4
4.43 52.5 0
2.53 47.1 1
10.5 79.3 0
40.6 20.8 0
39 4.05 0
28.2 29.4 0
23.6 61.1 0
24.9 43.2 0
22.7 46.3 0
53.8 48.3 0
44 44.6 0
25.9 65.3 0
29.3 48.8 0
55 58.3 0
27.1 33.8 0
41.2 74.7 0
56.2 92.4 0
73.9 21.1 0
62.2 32.5 0
80.9 65.2 4
80.6 95.3 4
91 21.4 0
96.4 22 0
103 2.63 1
116 31.4 0
104 42 0
97.8 57.2 0
98.4 60.5 4
107 46.6 0
94 85.5 4
107 97 4
97.4 97.9 4
152 18.1 0
145 5.08 0
149 22.3 0
149 11.8 0
154 44.2 4
136 43.7 0
126 66.5 4
168 47.5 4
156 33.8 0
124 65.5 4
132 86.7 4
138 74.8 4
149 95.8 4
151 82.7 4
162 82.6 4
188 15 0
185 36.5 4
180 66.2 4
181 94.8 0
181 90.7 4
178 90.2 4
180 85.1 4
180 80.2 4
183 89.5 4
178 82.6 4
12.6 12.3 1
1.45 54 1
6.05 32.9 1
11.1 56.8 0
29.1 35.8 0
30.1 45.9 0
68.3 21.3 0
75.3 46.5 0
74.1 49 0
77.9 76.2 4
64.3 88.8 4
95.1 3.58 1
104 3.75 1
105 44.8 0
113 49.5 0
94.4 96.6 4
97.6 87 4
116 79.2 4
105 97 4
139 20.1 0
124 61.4 4
125 90.3 4
130 89.8 4
149 78 4
153 85.1 4
192 2.18 4
174 10.4 0
188 29.8 4
196 45 4
187 65.5 4
183 86 4
200 80.1 4
6.15 20.7 1
5.75 38.3 1
6.88 40.3 1
5.48 74.1 0
6.25 79.7 0
43.9 4.08 0
55.6 14.8 0
49.7 17 0
44.2 23.8 0
18.1 18.7 1
29.4 40 0
27.8 42 0
36.2 35.3 0
58.8 75.8 0
54.1 70.9 0
44.7 98.9 0
31.3 95.2 0
87.2 21.8 0
88.1 20.2 0
84.2 23.8 0
85.3 11.3 1
73.1 33.1 0
69.4 45.5 0
72.2 59.8 0
76 60.9 0
69.4 65.6 0
87.8 47.8 0
75.5 65 4
67.6 41.9 0
112 20.8 0
105 20.3 0
92.3 33 0
115 64.1 4
97.4 51.1 0
110 95.3 4
168 21.7 0
169 20.1 0
150 9.6 0
131 21.2 0
145 13.2 0
165 23.7 0
125 44.1 0
129 55.9 4
144 45.9 4
125 81.5 4
169 76.1 4
164 71.1 4
157 79.2 4
161 79.7 4
158 89.5 4
200 41.7 4
172 33 4
190 29 4
172 47.5 4
193 65.5 4
184 73.2 4
0.1 15.1 1
6.53 64.8 0
11.3 34.5 1
0.15 60.1 1
10.1 90.9 0
3.18 95.7 1
13.5 75.5 0
19.6 11.1 1
24.3 4.03 0
59.1 23 0
54.1 1.25 1
26 19.7 0
49.4 29.3 0
32.9 33.6 0
29.5 65.5 0
44.7 68.9 0
24.2 57.4 0
35.9 66.1 0
45 93.2 0
56.6 72.8 0
44.8 71.6 0
46.4 87 0
55.9 87.5 0
89.1 23 0
61.1 8.08 1
63.9 59.1 0
78.6 52.8 0
79.8 33.8 0
79.5 58.8 0
78.5 55.1 0
63.8 34.4 0
76.3 35.1 0
84.6 68.3 4
65.9 29.5 0
85.7 35.9 0
87.8 74.1 4
69.1 74.5 0
88.7 75.8 4
84.7 98.4 4
84.7 71.9 4
115 3.8 1
95.5 6.08 1
97.3 28 0
103 29.1 0
94.6 50.6 0
111 29.5 0
102 65.6 4
99.3 36.2 0
91.5 47.6 0
106 50 0
104 74.7 4
91.2 75.3 4
124 10.6 0
131 18.5 0
144 10.7 0
122 20.2 0
155 8.33 0
169 9.35 0
169 23 0
151 3.7 0
136 10.5 0
139 35.3 0
135 36.2 0
160 58.5 4
165 68.4 4
133 51.9 4
156 65.5 4
129 29.1 0
146 74.3 4
167 73.1 4
130 78.2 4
122 75.2 4
165 98.4 4
154 96 4
153 83 4
183 7.15 0
193 20.3 4
185 20.3 0
199 20.5 4
196 3.78 4
197 41.9 4
193 95.4 0
171 75.3 4
4.48 16.4 1
14 23 1
5.78 7.73 1
1.45 37.6 1
5.53 60.6 1
7.23 34.9 1
50.8 8.13 0
31.6 6.8 0
48.3 63.5 0
49 59.8 0
36.3 61.1 0
55.8 38 0
23 34.5 0
51.9 57.9 0
36.2 74.4 0
58.8 85.3 0
57.8 70.9 0
54.7 98.8 0
50.2 87.4 0
61 23 0
61.1 6.38 1
81.6 60.2 0
69.5 35.1 0
85.9 38.5 0
63.8 53.6 0
74.9 94.9 4
81.6 80 4
89.1 72.2 4
111 11.2 0
91 23 0
109 10.2 0
109 7.83 1
118 36.1 0
119 75.4 4
92.1 73.6 4
162 8.7 0
152 8.45 0
135 12.4 0
139 10.8 0
137 58.7 4
152 58.7 4
163 36.7 4
156 60.6 4
134 29.6 0
121 56.9 4
161 60.3 4
126 47.4 4
149 47 4
154 92.3 4
168 70.9 4
161 90.7 4
171 23 0
177 28.1 4
172 73.6 4
7.45 50 0
7.43 57.2 0
0.1 40.5 1
10.4 84.3 0
12.5 73.8 0
14 72.2 0
44 8.18 0
58.1 6.1 0
40.1 10.3 0
28.4 9.35 0
25 8 0
45.4 22.5 0
37.9 21.3 0
34 45.6 0
49.1 46.4 0
40.2 33.6 0
42.3 62.2 0
40.7 60.1 0
57.8 69 0
20.7 27.3 0
16.4 56.7 0
38.5 41.3 0
58.8 55.4 0
18.7 75 0
40.8 84.7 0
52.1 91.9 0
54.6 72.7 0
56.5 97.8 0
57.8 99 4
16.9 78.1 0
39.1 82 0
21.1 84.5 0
80.2 17 0
70.6 9.53 0
78 8.3 1
66 1.53 1
86.4 67.4 4
87.8 69 4
73.7 56 0
67.9 94.9 4
86.4 97.4 4
61 72.2 0
87.8 99 4
83.3 72.9 4
81 90.3 4
116 15.7 0
117 7.3 0
104 6.18 1
105 58.9 4
118 37.7 0
111 35.6 0
105 38.7 0
105 89.1 4
102 95.5 4
103 80.7 4
116 81.6 4
91.5 99 4
91 72.2 4
102 91.4 4
130 8.18 0
129 11.5 0
165 50.7 4
135 64.8 4
156 40 4
124 36.1 0
136 54.5 4
166 67.4 4
126 27.4 0
168 69 4
121 58.7 4
141 45.2 4
150 89.6 4
140 89.4 4
164 73.3 4
166 97.4 4
168 99 4
190 11.1 0
181 54.5 4
199 65.9 4
171 57.3 4
171 59.1 4
190 49.1 4
177 59.4 4
183 53.7 4
171 72.2 4
187 73.2 4
196 75.1 4
11.2 9.98 1
0.525 8 1
4.88 50.2 0
14 67.7 0
2.13 74.3 0
4.63 77 0
46 11.4 0
37.4 7.83 0
47.3 23.7 0
42.6 23.8 0
19.4 20.3 1
34.9 8.68 0
45.1 40.1 0
17.3 30.8 0
16.4 58.5 0
45.6 52.5 0
19.2 40.8 0
21.3 75.4 0
39.3 95.3 0
28.4 74.6 0
16.4 88.7 0
58.8 77.4 0
43.1 98.9 0
16.4 86.9 0
52.5 70.9 0
24.4 87.7 0
64.4 15.1 0
82.6 23.8 0
80.8 50.7 0
74.3 26.5 0
62.3 69 0
71 50.2 0
64.8 80.5 0
82.2 71.1 4
61 97.7 4
118 24.2 0
91.5 1.1 1
110 15.4 0
106 16.3 0
110 51.5 0
91.2 57.3 4
91.2 59.1 4
92.3 69 4
91.2 87.3 4
159 17.1 0
169 18.4 0
139 1.63 0
137 1.63 0
159 5.9 0
163 23.7 0
161 12.5 0
130 10.4 0
168 1.1 0
166 44.5 4
146 41.9 4
153 32.6 0
155 36 4
122 30.9 0
131 52.1 4
153 48.2 4
143 80.9 4
169 77.7 4
162 71.1 4
156 77.3 4
158 75.9 4
187 7.6 0
178 20.8 0
199 8.73 4
187 1.15 4
181 11.7 0
174 35.2 4
196 32.6 4
172 69 4
199 55.1 4
198 95.7 0
171 87.3 4
171 89.1 4
171 97.7 4
