146.263 39.8229 1
143.163 54.8954 1
106.306 33.8562 1
128.801 56.2842 1
112.894 38.2528 1
102.988 54.512 0
141.713 40.7609 1
71.7766 50.0505 0
109.663 40.5586 1
141.605 47.233 1
143.584 36.6309 1
146.939 52.0804 1
138.491 64.7772 1
132.661 53.8943 1
168.668 34.4547 0
143.436 60.0285 1
100.611 66.0059 0
158.359 50.8059 1
150.66 37.9507 1
160.079 43.2458 1
116.335 39.7203 1
136.919 70.8175 1
2.88078 3.08622 0
167.839 52.3348 0
146.246 95.6991 0
155.531 4.30069 1
139.173 59.0404 1
132.46 95.6993 0
109.207 4.30094 0
35.3677 4.30069 0
95.7629 34.9874 0
140.389 74.4285 1
164.644 95.6991 0
132.089 71.0874 1
114.619 65.901 1
192.712 95.3778 0
133.224 59.2306 1
135.976 74.6871 1
71.9117 95.6987 0
149.861 47.9576 1
132.014 4.3009 1
154.186 59.6826 1
77.1688 4.30057 0
133.309 47.2226 1
63.4976 43.6864 1
138.651 53.9349 1
11.7562 4.32847 0
149.109 60.609 1
131.947 65.5951 1
112.679 33.8567 1
100.75 75.1114 0
3.43 94.0735 0
101.138 71.4878 0
72.1276 35.0211 0
113.343 95.6992 0
73.6891 40.4663 0
95.3572 65.7015 0
108.743 74.0868 0
151.025 42.5046 1
196.483 5.89839 0
58.7703 4.3014 0
11.7885 95.6342 0
156.147 39.1871 1
141.399 4.301 1
39.5184 95.6989 0
149.959 65.6378 1
112.11 61.7194 1
54.0248 95.6989 0
122.226 70.3199 1
126.8 61.5637 1
91.1661 4.30069 0
141.328 69.7526 1
145.22 65.3551 1
117.955 69.9295 1
124.64 52.6944 1
30.9323 95.6991 0
132.366 74.9297 1
145.637 70.2567 1
187.614 4.35128 0
100.289 29.8989 1
121.848 31.4217 1
127.793 95.6993 0
136.397 4.3008 1
68.4408 39.0137 0
113.908 25.5097 1
62.884 95.6976 0
66.9232 95.6982 0
163.385 30.165 1
76.8736 95.6994 0
150.9 95.6993 0
109.354 25.8025 1
104.689 29.6169 1
123.094 95.6994 0
63.7614 39.1488 0
167.582 38.8928 0
72.1965 4.30077 0
86.2005 65.6719 0
179.216 95.6977 0
127.731 4.30066 1
187.889 95.635 0
182.63 4.30694 0
160.137 4.3008 0
45.2411 4.30107 0
16.7065 95.6896 0
145.875 30.1233 1
81.5884 4.3005 0
119.266 36.7881 1
197.096 88.8579 0
178.612 4.30266 0
141.657 95.6994 0
2.86776 11.1745 0
104.656 4.30076 0
81.4961 95.6995 0
197.144 84.2946 0
2.85275 15.7087 0
197.149 79.7227 0
2.85027 20.2776 0
2.85 24.85 0
2.84997 29.4227 1
2.84997 33.9955 1
2.84997 38.5682 1
2.84997 43.1409 1
2.84997 47.7136 1
2.84997 52.2864 1
2.84997 56.8591 1
2.84997 61.4318 1
2.84997 66.0045 1
2.84997 70.5773 1
2.85002 75.15 1
197.15 24.85 0
197.15 29.4227 0
197.15 33.9955 0
197.15 38.5682 0
197.15 43.1409 0
197.15 47.7136 0
197.15 52.2864 0
197.15 56.8591 0
197.15 61.4318 0
197.15 66.0045 0
197.15 70.5773 0
197.15 75.15 0
2.85051 79.7226 1
197.149 20.2774 0
174.58 4.30099 0
197.144 15.7059 0
2.85521 84.2937 0
58.9675 95.6989 0
6.70438 4.46153 0
164.752 4.30167 0
126.555 69.1002 1
150.599 30.3805 1
197.093 11.1463 0
86.0938 95.6992 0
2.90083 88.8495 0
121.7 44.7875 1
21.3714 95.6979 0
49.8763 4.30079 0
173.92 95.6988 0
158.862 30.882 1
99.9048 95.6981 0
123.061 4.3008 1
54.4903 4.30099 0
183.308 95.6899 0
66.9193 4.3011 0
44.4676 95.6993 0
26.0199 4.30104 0
130.96 38.8685 1
155.529 95.6993 0
48.77 33.6923 1
103.874 95.6984 0
125.98 48.0687 1
90.7222 95.6989 0
168.331 56.3057 0
78.4098 40.7285 0
124.328 57.5154 1
68.1048 34.3365 0
104.917 25.1673 1
21.3712 4.30158 0
35.3317 34.6874 1
113.783 74.0107 0
159.996 60.6247 1
44.3869 34.049 1
40.2587 4.30069 0
196.545 94.0826 0
118.136 95.6994 0
164.175 61.1035 0
31.2888 29.6677 1
86.4149 4.30066 0
16.9902 4.30425 0
26.2823 95.6991 0
95.6063 95.6991 0
40.121 46.5314 1
169.632 4.3012 0
7.18256 95.3677 0
62.5569 4.30123 0
108.797 95.6992 0
72.9249 30.4308 0
153.539 49.961 1
81.593 70.4254 0
34.8428 95.6991 0
146.505 4.30125 1
151.217 4.30075 1
68.4426 50.1363 0
74.41 45.8584 0
31.0085 4.30066 0
106.862 57.9293 1
95.7532 4.30062 0
36.0241 43.0797 1
168.916 95.6991 0
59.0548 43.424 1
164.066 42.9061 1
118.081 4.30097 1
86.0121 29.7748 0
141.876 29.6002 1
113.389 4.30085 1
90.6894 38.687 0
31.4682 33.482 1
59.0513 56.7651 0
68.194 65.7424 0
34.9361 30.0202 1
173.033 47.3675 0
124.03 37.1219 1
63.5525 61.1944 0
31.8847 42.3841 1
100.398 4.30082 0
48.3411 38.0251 1
104.573 74.4721 0
164.176 56.5686 0
72.923 65.5168 0
91.2182 34.1023 0
117.976 74.3549 0
100.77 34.3012 1
3.02785 6.39745 0
137.042 95.6994 0
132.221 34.3748 1
154.953 25.0689 1
90.929 66.1782 0
161.702 34.8893 1
77.009 30.1835 0
49.056 29.9816 0
77.4443 69.6085 0
151.623 54.8618 1
31.6578 38.1619 1
85.2861 69.8262 0
172.597 38.9584 0
36.1858 47.1109 1
157.279 47.6095 1
106.087 63.6501 1
76.2614 35.2374 0
100.003 43.8688 0
59.7141 52.7542 0
48.9412 42.4169 1
117.602 25.0909 1
160.172 95.6991 0
72.9773 70.1 0
49.1339 95.6992 0
192.403 4.61314 0
44.084 47.1212 1
40.2599 41.7105 1
68.3294 60.9434 0
45.5401 30.2116 1
172.509 43.058 0
86.6173 34.4436 0
153.655 33.8357 1
114.427 57.1274 1
101.268 57.6872 0
44.6992 42.9727 1
136.171 34.0516 1
126.753 29.8491 1
64.4669 52.9418 0
151.436 25.8 1
146.252 48.0563 1
81.8964 30.0076 0
43.8675 38.4661 1
63.4192 57.0704 0
59.4167 47.5912 1
83.6802 40.3246 0
117.774 45.1522 1
77.1343 64.1138 0
69.7039 54.4362 0
40.0497 30.3109 1
161.622 46.7291 1
78.3618 59.2784 0
146.617 55.8401 1
73.6275 59.1155 0
153.505 46.6838 1
69.6877 44.7904 0
90.0582 55.0791 0
125.357 42.3063 1
145.429 42.9998 1
74.2453 54.0948 0
39.9095 35.0425 1
78.7165 53.3251 0
96.5748 60.5919 0
167.816 46.5122 0
81.355 34.3867 0
74.9399 50.0829 0
128.111 53.1934 1
81.9341 66.2732 0
148.895 51.2 1
115.14 37.2837 1
90.2278 62.7486 0
144.048 51.4699 1
64.1001 48.0352 0
147.016 38.6626 1
97.245 38.6859 0
106.28 42.5814 1
85.2587 46.7526 0
83.9361 53.5835 0
117.997 64.5462 1
102.433 60.8154 0
130.658 49.022 1
112.968 41.6096 1
35.954 38.9503 1
111.827 69.9618 0
78.7406 46.2744 0
161.668 40.0248 1
116.798 29.1829 1
128.589 56.9951 1
119.648 52.4747 1
0 100 0
0 95.4545 0
0 90.9091 0
0 86.3636 0
0 81.8182 0
0 77.2727 1
0 72.7273 1
0 68.1818 1
0 63.6364 1
0 59.0909 1
0 54.5455 1
0 50 1
0 45.4545 1
0 40.9091 1
0 36.3636 1
0 31.8182 1
0 27.2727 1
0 22.7273 0
0 18.1818 0
0 13.6364 0
0 9.09091 0
0 4.54545 0
0 0 0
200 100 0
195.349 100 0
190.698 100 0
186.047 100 0
181.395 100 0
176.744 100 0
172.093 100 0
167.442 100 0
162.791 100 0
158.14 100 0
153.488 100 0
148.837 100 0
144.186 100 0
139.535 100 0
134.884 100 0
130.233 100 0
125.581 100 0
120.93 100 0
116.279 100 0
111.628 100 0
106.977 100 0
102.326 100 0
97.6744 100 0
93.0233 100 0
88.3721 100 0
83.7209 100 0
79.0698 100 0
74.4186 100 0
69.7674 100 0
65.1163 100 0
60.4651 100 0
55.814 100 0
51.1628 100 0
46.5116 100 0
41.8605 100 0
37.2093 100 0
32.5581 100 0
27.907 100 0
23.2558 100 0
18.6047 100 0
13.9535 100 0
9.30233 100 0
4.65116 100 0
200 0 0
200 4.54545 0
200 9.09091 0
200 13.6364 0
200 18.1818 0
200 22.7273 0
200 27.2727 0
200 31.8182 0
200 36.3636 0
200 40.9091 0
200 45.4545 0
200 50 0
200 54.5455 0
200 59.0909 0
200 63.6364 0
200 68.1818 0
200 72.7273 0
200 77.2727 0
200 81.8182 0
200 86.3636 0
200 90.9091 0
200 95.4545 0
4.65116 0 0
9.30233 0 0
13.9535 0 0
18.6047 0 0
23.2558 0 0
27.907 0 0
32.5581 0 0
37.2093 0 0
41.8605 0 0
46.5116 0 0
51.1628 0 0
55.814 0 0
60.4651 0 0
65.1163 0 0
69.7674 0 0
74.4186 0 0
79.0698 0 0
83.7209 0 0
88.3721 0 0
93.0233 0 0
97.6744 0 0
102.326 0 0
106.977 0 0
111.628 0 0
116.279 0 0
120.93 0 1
125.581 0 1
130.233 0 1
134.884 0 1
139.535 0 1
144.186 0 1
148.837 0 1
153.488 0 0
158.14 0 0
162.791 0 0
167.442 0 0
172.093 0 0
176.744 0 0
181.395 0 0
186.047 0 0
190.698 0 0
195.349 0 0
121.293 67.1181 1
119.072 58.6485 1
83.7937 60.2346 0
143.164 33.396 1
71.6707 50.3945 0
5.7 8.6 0
5.7 13.2 0
10.3 8.6 0
10.3 13.2 0
5.7 17.8 0
10.3 17.8 0
5.7 22.4 0
10.3 22.4 0
5.7 27 1
10.3 27 1
5.7 31.6 1
10.3 31.6 1
5.7 36.2 1
10.3 36.2 1
5.7 40.8 1
10.3 40.8 1
5.7 45.4 1
10.3 45.4 1
5.7 50 1
10.3 50 1
5.7 54.6 1
10.3 54.6 1
5.7 59.2 1
10.3 59.2 1
5.7 63.8 1
10.3 63.8 1
5.7 68.4 1
10.3 68.4 1
5.7 73 1
10.3 73 1
5.7 77.6 1
10.3 77.6 1
5.7 82.2 1
10.3 82.2 1
5.7 86.8 0
10.3 86.8 1
5.7 91.4 0
10.3 91.4 0
14.9 8.6 0
14.9 13.2 0
14.9 17.8 0
14.9 22.4 1
14.9 27 1
14.9 31.6 1
14.9 36.2 1
14.9 40.8 1
14.9 45.4 1
14.9 50 1
14.9 54.6 1
14.9 59.2 1
14.9 63.8 1
14.9 68.4 1
14.9 73 1
14.9 77.6 1
14.9 82.2 1
14.9 86.8 1
14.9 91.4 0
19.5 8.6 0
19.5 13.2 0
19.5 17.8 0
19.5 22.4 1
19.5 27 1
19.5 31.6 1
19.5 36.2 1
19.5 40.8 1
19.5 45.4 1
19.5 50 1
19.5 54.6 1
19.5 59.2 1
19.5 63.8 1
19.5 68.4 1
19.5 73 1
19.5 77.6 1
19.5 82.2 1
19.5 86.8 1
19.5 91.4 0
24.1 8.6 0
24.1 13.2 0
24.1 17.8 0
24.1 22.4 1
24.1 27 1
24.1 31.6 1
24.1 36.2 1
24.1 40.8 1
24.1 45.4 1
24.1 50 1
24.1 54.6 1
24.1 59.2 1
24.1 63.8 1
24.1 68.4 1
24.1 73 1
24.1 77.6 1
24.1 82.2 1
24.1 86.8 1
24.1 91.4 0
28.7 8.6 0
28.7 13.2 0
28.7 17.8 0
28.7 22.4 1
28.7 27 1
28.7 31.6 1
28.7 36.2 1
28.7 40.8 1
28.7 45.4 1
28.7 50 1
28.7 54.6 1
28.7 59.2 1
28.7 63.8 1
28.7 68.4 1
28.7 73 1
28.7 77.6 1
28.7 82.2 1
28.7 86.8 1
28.7 91.4 0
33.3 8.6 0
33.3 13.2 0
33.3 17.8 0
33.3 22.4 1
33.3 27 1
33.3 45.4 1
33.3 50 1
33.3 54.6 1
33.3 59.2 1
33.3 63.8 1
33.3 68.4 1
33.3 73 1
33.3 77.6 1
33.3 82.2 1
33.3 86.8 0
33.3 91.4 0
37.9 8.6 0
37.9 13.2 0
37.9 17.8 0
37.9 22.4 1
37.9 27 1
37.9 50 1
37.9 54.6 1
37.9 59.2 1
37.9 63.8 1
37.9 68.4 1
37.9 73 1
37.9 77.6 1
37.9 82.2 1
37.9 86.8 0
37.9 91.4 0
42.5 8.6 0
42.5 13.2 0
42.5 17.8 0
42.5 22.4 0
42.5 27 1
42.5 50 1
42.5 54.6 1
42.5 59.2 1
42.5 63.8 1
42.5 68.4 0
42.5 73 1
42.5 77.6 1
42.5 82.2 1
42.5 86.8 0
42.5 91.4 0
47.1 8.6 0
47.1 13.2 0
47.1 17.8 0
47.1 22.4 0
47.1 27 0
47.1 50 1
47.1 54.6 1
47.1 59.2 1
47.1 63.8 0
47.1 68.4 0
47.1 73 0
47.1 77.6 1
47.1 82.2 0
47.1 86.8 0
47.1 91.4 0
51.7 8.6 0
51.7 13.2 0
51.7 17.8 0
51.7 22.4 0
51.7 27 0
47.1 45.4 1
51.7 45.4 1
51.7 50 1
51.7 54.6 1
51.7 59.2 0
51.7 63.8 0
51.7 68.4 0
51.7 73 0
51.7 77.6 0
51.7 82.2 0
51.7 86.8 0
51.7 91.4 0
56.3 8.6 0
56.3 13.2 0
56.3 17.8 0
56.3 22.4 0
56.3 27 0
51.7 31.6 1
56.3 31.6 0
51.7 36.2 1
56.3 36.2 1
51.7 40.8 1
56.3 40.8 1
56.3 45.4 1
56.3 50 1
56.3 54.6 0
56.3 59.2 0
56.3 63.8 0
56.3 68.4 0
56.3 73 0
56.3 77.6 0
56.3 82.2 0
56.3 86.8 0
56.3 91.4 0
60.9 8.6 0
60.9 13.2 0
60.9 17.8 0
60.9 22.4 0
60.9 27 0
60.9 31.6 0
60.9 36.2 0
60.9 40.8 0
60.9 59.2 0
60.9 63.8 0
60.9 68.4 0
60.9 73 0
60.9 77.6 0
60.9 82.2 0
60.9 86.8 0
60.9 91.4 0
65.5 8.6 0
65.5 13.2 0
65.5 17.8 0
65.5 22.4 0
65.5 27 0
65.5 31.6 0
65.5 36.2 0
65.5 63.8 0
65.5 68.4 0
65.5 73 0
65.5 77.6 0
65.5 82.2 0
65.5 86.8 0
65.5 91.4 0
70.1 8.6 0
70.1 13.2 0
70.1 17.8 0
70.1 22.4 0
70.1 27 0
70.1 31.6 0
70.1 68.4 0
70.1 73 0
70.1 77.6 0
70.1 82.2 0
70.1 86.8 0
70.1 91.4 0
74.7 8.6 0
74.7 13.2 0
74.7 17.8 0
74.7 22.4 0
74.7 27 0
74.7 73 0
74.7 77.6 0
74.7 82.2 0
74.7 86.8 0
74.7 91.4 0
79.3 8.6 0
79.3 13.2 0
79.3 17.8 0
79.3 22.4 0
79.3 27 0
79.3 73 0
79.3 77.6 0
79.3 82.2 0
79.3 86.8 0
79.3 91.4 0
83.9 8.6 0
83.9 13.2 0
83.9 17.8 0
83.9 22.4 0
83.9 27 0
83.9 73 0
83.9 77.6 0
83.9 82.2 0
83.9 86.8 0
83.9 91.4 0
88.5 8.6 0
88.5 13.2 0
88.5 17.8 0
88.5 22.4 0
88.5 27 0
88.5 73 0
88.5 77.6 0
88.5 82.2 0
88.5 86.8 0
88.5 91.4 0
93.1 8.6 0
93.1 13.2 0
93.1 17.8 0
93.1 22.4 0
93.1 27 0
88.5 31.6 0
93.1 31.6 0
88.5 68.4 0
93.1 68.4 0
93.1 73 0
93.1 77.6 0
93.1 82.2 0
93.1 86.8 0
93.1 91.4 0
97.7 8.6 0
97.7 13.2 0
97.7 17.8 0
97.7 22.4 0
97.7 27 0
97.7 31.6 0
97.7 68.4 0
97.7 73 0
97.7 77.6 0
97.7 82.2 0
97.7 86.8 0
97.7 91.4 0
102.3 8.6 0
102.3 13.2 0
102.3 17.8 0
102.3 22.4 0
102.3 27 0
102.3 73 0
102.3 77.6 0
102.3 82.2 0
102.3 86.8 0
102.3 91.4 0
106.9 8.6 0
106.9 13.2 0
106.9 17.8 1
106.9 22.4 1
106.9 77.6 0
106.9 82.2 0
106.9 86.8 0
106.9 91.4 0
111.5 8.6 0
111.5 13.2 1
111.5 17.8 1
111.5 22.4 1
111.5 77.6 0
111.5 82.2 0
111.5 86.8 0
111.5 91.4 0
116.1 8.6 1
116.1 13.2 1
116.1 17.8 1
116.1 22.4 1
116.1 77.6 0
116.1 82.2 0
116.1 86.8 0
116.1 91.4 0
120.7 8.6 1
120.7 13.2 1
120.7 17.8 1
120.7 22.4 1
120.7 77.6 0
120.7 82.2 0
120.7 86.8 0
120.7 91.4 0
125.3 8.6 1
125.3 13.2 1
125.3 17.8 1
125.3 22.4 1
120.7 27 1
125.3 27 1
120.7 73 0
125.3 73 0
125.3 77.6 0
125.3 82.2 0
125.3 86.8 0
125.3 91.4 0
129.9 8.6 1
129.9 13.2 1
129.9 17.8 1
129.9 22.4 1
129.9 27 1
129.9 73 1
129.9 77.6 0
129.9 82.2 0
129.9 86.8 0
129.9 91.4 0
134.5 8.6 1
134.5 13.2 1
134.5 17.8 1
134.5 22.4 1
134.5 27 1
129.9 31.6 1
134.5 31.6 1
129.9 68.4 1
134.5 68.4 1
134.5 73 1
134.5 77.6 0
134.5 82.2 0
134.5 86.8 0
134.5 91.4 0
139.1 8.6 1
139.1 13.2 1
139.1 17.8 1
139.1 22.4 1
139.1 27 1
139.1 31.6 1
139.1 73 1
139.1 77.6 0
139.1 82.2 0
139.1 86.8 0
139.1 91.4 0
143.7 8.6 1
143.7 13.2 1
143.7 17.8 1
143.7 22.4 1
143.7 27 1
143.7 73 1
143.7 77.6 0
143.7 82.2 0
143.7 86.8 0
143.7 91.4 0
148.3 8.6 1
148.3 13.2 1
148.3 17.8 1
148.3 22.4 1
148.3 27 1
143.7 68.4 1
148.3 68.4 1
148.3 73 0
148.3 77.6 0
148.3 82.2 0
148.3 86.8 0
148.3 91.4 0
152.9 8.6 1
152.9 13.2 1
152.9 17.8 1
152.9 22.4 1
148.3 63.8 1
152.9 63.8 1
152.9 68.4 1
152.9 73 0
152.9 77.6 0
152.9 82.2 0
152.9 86.8 0
152.9 91.4 0
157.5 8.6 1
157.5 13.2 1
157.5 17.8 1
157.5 22.4 1
157.5 63.8 1
157.5 68.4 0
157.5 73 0
157.5 77.6 0
157.5 82.2 0
157.5 86.8 0
157.5 91.4 0
162.1 8.6 0
162.1 13.2 0
162.1 17.8 0
162.1 22.4 1
157.5 27 1
162.1 27 1
162.1 63.8 0
162.1 68.4 0
162.1 73 0
162.1 77.6 0
162.1 82.2 0
162.1 86.8 0
162.1 91.4 0
166.7 8.6 0
166.7 13.2 0
166.7 17.8 0
166.7 22.4 0
166.7 27 0
166.7 63.8 0
166.7 68.4 0
166.7 73 0
166.7 77.6 0
166.7 82.2 0
166.7 86.8 0
166.7 91.4 0
171.3 8.6 0
171.3 13.2 0
171.3 17.8 0
171.3 22.4 0
171.3 27 0
166.7 31.6 0
171.3 31.6 0
166.7 59.2 0
171.3 59.2 0
171.3 63.8 0
171.3 68.4 0
171.3 73 0
171.3 77.6 0
171.3 82.2 0
171.3 86.8 0
171.3 91.4 0
175.9 8.6 0
175.9 13.2 0
175.9 17.8 0
175.9 22.4 0
175.9 27 0
175.9 31.6 0
171.3 36.2 0
175.9 36.2 0
171.3 50 0
171.3 54.6 0
175.9 50 0
175.9 54.6 0
175.9 59.2 0
175.9 63.8 0
175.9 68.4 0
175.9 73 0
175.9 77.6 0
175.9 82.2 0
175.9 86.8 0
175.9 91.4 0
180.5 8.6 0
180.5 13.2 0
180.5 17.8 0
180.5 22.4 0
180.5 27 0
180.5 31.6 0
180.5 36.2 0
175.9 40.8 0
180.5 40.8 0
175.9 45.4 0
180.5 45.4 0
180.5 50 0
180.5 54.6 0
180.5 59.2 0
180.5 63.8 0
180.5 68.4 0
180.5 73 0
180.5 77.6 0
180.5 82.2 0
180.5 86.8 0
180.5 91.4 0
185.1 8.6 0
185.1 13.2 0
185.1 17.8 0
185.1 22.4 0
185.1 27 0
185.1 31.6 0
185.1 36.2 0
185.1 40.8 0
185.1 45.4 0
185.1 50 0
185.1 54.6 0
185.1 59.2 0
185.1 63.8 0
185.1 68.4 0
185.1 73 0
185.1 77.6 0
185.1 82.2 0
185.1 86.8 0
185.1 91.4 0
189.7 8.6 0
189.7 13.2 0
189.7 17.8 0
189.7 22.4 0
189.7 27 0
189.7 31.6 0
189.7 36.2 0
189.7 40.8 0
189.7 45.4 0
189.7 50 0
189.7 54.6 0
189.7 59.2 0
189.7 63.8 0
189.7 68.4 0
189.7 73 0
189.7 77.6 0
189.7 82.2 0
189.7 86.8 0
189.7 91.4 0
194.3 8.6 0
194.3 13.2 0
194.3 17.8 0
194.3 22.4 0
194.3 27 0
194.3 31.6 0
194.3 36.2 0
194.3 40.8 0
194.3 45.4 0
194.3 50 0
194.3 54.6 0
194.3 59.2 0
194.3 63.8 0
194.3 68.4 0
194.3 73 0
194.3 77.6 0
194.3 82.2 0
194.3 86.8 0
194.3 91.4 0
92.9124 45.361 0
98.8166 52.7857 0
105.006 35.5344 1
110.108 30.6796 1
136.241 38.12 1
101.756 38.6319 0
148.844 34.3982 1
162.585 51.6243 1
152.12 38.1623 1
109.864 37.6218 1
156.526 43.4425 1
149.167 45.4697 1
115.498 61.3037 1
119.232 40.2937 1
105.218 49.4662 0
121.893 48.274 1
112 50 1
154 45 1
