14.4 15.8 1
0.15 23.3 1
12.4 62.3 1
13.7 76.8 1
11.7 67.5 1
8.9 33.1 1
6.28 53.7 1
5.95 44.3 1
7.45 67.1 1
18.1 30.8 1
16.1 93.5 0
14.9 96 0
35.9 23.5 1
30.2 24.3 1
42.1 16.7 1
23.7 25.1 1
32.2 26.8 1
50.6 14.8 1
27 23.8 1
26.2 26.3 1
37.9 18.5 1
27.8 56.1 1
46.2 61.3 0
45.8 78.9 0
43.3 78.9 0
45.3 88 0
46.5 92.1 0
37.3 83.1 0
34.8 83.1 0
34.1 85.6 0
84.7 6.2 1
88.5 10.4 1
82.3 76.5 0
64.8 37.8 1
72.5 33.2 1
86.1 72.8 0
74.2 94.4 0
84 87.8 0
84 92.2 0
75.3 91.9 0
86.5 86.4 0
86.5 93.6 0
77.8 94.4 0
81.5 94.7 0
81.5 85.3 0
68.3 85.7 0
65.8 88.2 0
76.7 96.9 0
66.9 83.2 0
63.3 86.8 0
64.4 84.3 0
109 19.7 0
97.1 3.18 1
110 3.43 0
115 68.9 0
96.1 76.5 1
104 77.1 1
103 33.1 0
108 52.8 0
102 96.9 1
95.2 95.7 1
106 83 1
125 12.7 0
137 22.2 0
136 8.25 0
123 2.55 0
147 63.8 0
131 74.4 0
132 76.8 0
122 30.8 0
122 44.3 0
148 97.1 1
177 7.3 0
182 22.6 0
179 4.13 0
181 35.1 0
195 65.6 4
196 46.4 4
194 53.2 4
194 45 0
196 54.7 4
179 77 0
185 66.6 4
4.58 36.9 1
3.43 48.2 1
0.7 38.1 1
18.8 37 1
7.45 83.1 1
5.28 83.1 1
31.6 14.9 1
58.8 20.8 1
43.9 28.7 1
46.4 28.7 1
58.8 18.3 1
32.5 18.9 1
36.7 2.58 1
56.3 67.2 0
47 58.3 0
27 45.4 1
24 40.5 1
59 43.1 1
42.9 31.4 1
50.9 53.7 0
35 39.7 1
51.5 50 1
35.4 61.2 1
57 86.4 0
70.8 20.1 1
81.1 43 0
82.6 40.8 0
66.2 33 1
61.1 47.9 0
63.6 57.5 0
93.1 62.9 0
117 52.7 0
92.8 47.6 0
101 85.8 1
99.5 83.3 1
95.1 84.4 1
97.3 83.3 1
94.2 86.9 1
125 24.9 0
133 7.13 0
169 28.1 0
128 15.8 0
169 6.93 0
169 12.8 0
132 1.53 0
133 2.78 0
155 16.4 0
167 16.6 0
139 58.9 0
167 51.5 0
144 76.7 0
124 50.2 0
123 67.3 0
127 49.5 0
121 37 0
125 57 0
167 47.3 0
177 11.9 0
195 27.2 0
176 25.2 0
187 35.8 0
195 70.3 4
188 38.8 0
181 41.8 0
183 47.4 0
173 47.5 0
178 39.4 0
173 86.7 0
176 83.1 0
176 96.8 1
173 93.2 0
174 84.2 0
174 95.7 1
13.8 26.2 1
16 24.9 1
18.8 1.93 1
8.58 16.2 1
13.8 38.5 1
11.1 34.5 1
5.25 77.2 1
18.9 42.5 1
12.2 50.2 1
16.9 32.1 1
4.13 85.6 1
17.3 84.1 1
18.5 86.6 0
31.6 21.8 1
21.1 1.93 1
36.6 17.1 1
55.8 77.3 0
24.4 47.1 1
22.6 52.6 1
32.5 33.1 1
21 42.8 1
21.1 31.9 1
34.8 43.6 1
29.4 85.7 0
23.7 86.8 0
24.8 84.3 0
27.3 83.2 0
78.4 13.5 1
61.1 1.93 1
62.9 10.4 1
67.8 43.1 0
76.2 35.3 1
89 41.6 0
63 67.6 0
61.1 31.9 1
74.2 50.6 0
101 4.7 0
118 22.2 0
119 1.93 0
91.2 37 0
119 31.9 0
91 31.9 0
92.7 68.8 0
117 47.4 0
111 34.5 0
162 4.4 0
127 20 0
148 27 0
153 27.1 0
158 27.1 0
129 22.1 0
142 4.43 0
164 1.28 0
166 1.28 0
142 6.95 0
150 3.18 0
122 1.15 0
144 26.6 0
146 46.9 0
157 54.5 0
157 77.1 0
167 67.4 0
166 63.8 0
153 33.5 0
123 32.1 0
164 78.7 0
166 78.7 0
169 76.3 0
169 73.8 0
156 85.7 0
161 94.4 1
167 93.3 1
154 83.2 0
131 83.3 1
196 12.1 0
194 22 0
195 18.4 0
171 9.65 0
171 1.93 0
183 25.3 0
187 76.5 4
200 54.3 4
171 31.9 0
185 83.2 0
184 92.3 0
199 83 4
179 83.1 0
12.8 23.7 1
2.05 41.5 1
4.7 34.3 1
24.6 15.3 1
34.5 17.3 1
57.2 63.7 0
49.7 70.6 0
39.2 94.9 0
37.4 92.4 0
77.2 3.15 1
73.4 3.93 1
73.9 17.8 1
87.2 23 0
70.8 35.4 1
63.7 46.3 0
64.5 75 0
63.4 72.5 0
87 76.2 0
66.2 46.9 0
86.1 34.4 0
94.7 7.95 1
91.1 10.4 1
91 1.93 1
101 19.3 0
115 72.5 1
151 11.5 0
157 5.23 0
167 41.8 0
126 53.4 0
167 38.6 0
152 68.3 0
128 51.6 0
134 34.2 0
123 62.1 0
135 36.7 0
144 96.8 1
140 84.5 1
138 87 1
127 83.5 1
124 95.2 1
123 92.7 1
196 3.7 0
197 25 0
172 35.6 0
177 33.3 0
173 68 0
193 88.7 4
195 83 4
179 85.4 0
11.6 4.28 1
0.55 43.1 1
5.95 48.4 1
8.2 85.4 1
5.53 91.8 1
38.5 13.7 1
33.4 1.43 1
49.3 37.7 1
41.9 72 0
21.6 35.4 1
26.6 41.1 1
43 98 0
37.1 88.5 0
49.3 92.4 0
82.6 13.3 1
80.3 67.6 0
79.7 51.8 0
80.3 65.3 0
67.3 35.1 1
66.9 51.1 0
63.4 61.7 0
64.4 52.8 0
101 7.8 0
91.9 21.9 0
113 28.4 0
93.6 6.2 1
117 58.8 0
97.5 34.6 0
119 37.1 0
116 97.5 1
113 98.6 1
119 93.5 1
121 17.9 0
142 22.4 0
169 3.2 0
147 44.8 0
149 68.7 0
142 72 0
134 64.4 0
143 33.2 0
141 75 0
138 64.2 0
139 37 0
140 34.5 0
145 50.9 0
130 59.8 0
122 88.3 1
124 85.8 1
172 6.5 0
188 24.8 0
182 8.65 0
198 33.7 0
175 39.7 0
171 40.6 0
196 33.7 0
184 85.6 0
193 92.6 0
16.7 13.7 1
2.28 4.9 1
16.2 50.7 1
2.28 64.8 1
17.2 52.4 1
17.7 39 1
15.1 62.7 1
5.78 68.6 1
5.85 87.9 1
13.8 83.5 1
56.8 5.88 1
33.3 9.98 1
54.9 62.5 0
32.6 60.5 1
59 46.9 1
58.1 38.2 1
87.5 0.775 1
67.9 22.2 1
64.9 21.2 1
71.6 42.9 0
71.9 74.9 0
81.1 35 0
82.6 37.3 0
72.8 71.7 0
78.4 54 0
87.5 30.8 0
87 45.9 0
119 62.8 0
92.2 33.3 0
108 77.2 1
109 75.1 1
109 44.6 0
109 61.3 0
133 17.9 0
128 7.38 0
164 62 0
142 58.2 0
125 39.6 0
189 7.5 0
195 40 0
180 75.3 0
192 83.2 4
18.8 28.1 1
9.23 38.2 1
12.3 74.8 1
1.8 54.4 1
19 47.5 1
18.1 98.9 0
18.1 81.1 1
55.5 4 1
24.5 11 1
40.5 4.08 1
21.7 7.33 1
35.6 9.3 1
47 1.43 1
21.1 28.1 1
21 46.6 1
58.7 77.6 0
57.8 48.2 0
54.8 36.6 1
74.9 25 1
62.8 13.4 1
80.2 25.5 1
64.3 25.4 1
66.8 28.6 1
61.1 28.1 1
87.2 3.25 1
86.5 10.1 1
87.5 78.8 0
117 12.8 0
110 8.43 0
119 28.1 0
91 28.1 0
109 5.28 0
115 43.7 0
113 44.3 0
91.3 57 0
113 31.4 0
96.8 44.6 0
105 46.8 0
116 85.1 1
117 87.6 1
152 5.4 0
150 7.93 0
121 5.2 0
122 28.8 0
136 15.1 0
166 21.2 0
122 3.33 0
142 25.4 0
158 74.9 0
124 75.5 1
157 61.7 0
123 73 1
135 69.1 0
134 74.9 0
143 52.6 0
139 68.5 0
133 72.4 0
134 56.9 0
146 84.8 0
139 97.3 1
146 87.3 1
122 98.9 1
122 81.1 1
127 89.7 1
186 6.8 0
189 11.3 0
179 15.3 0
181 1.38 0
171 28.1 0
189 47.7 4
190 45.3 0
191 76.6 4
198 71.8 4
178 65.4 0
194 61.4 4
182 65.4 4
185 88.6 0
8.53 13.8 1
2.65 9.83 1
18.7 7.15 1
9.1 1.25 1
3 61.9 1
15.9 75.6 1
17.1 73.1 1
8.55 55.6 1
15.8 69.5 1
52.3 15.7 1
40.3 6.5 1
39.3 21.7 1
22.6 22.6 1
24.5 21.3 1
52.6 18.6 1
55.4 34 1
38.2 77.2 0
24.1 58.3 1
34.4 35.1 1
57 41.9 1
26.6 32.7 1
47.1 65.5 0
47.9 69.6 0
22.1 62.6 1
47.3 97 0
87 13.3 1
61.4 7.38 1
85.8 27 0
83.3 28.3 0
80.3 22.4 1
77.6 43.5 0
70.1 51.3 0
71.4 53.4 0
61.3 37 1
82.9 49.7 0
85.3 50.3 0
85.2 83.9 0
82.7 82.8 0
85.2 96.1 0
82.7 97.2 0
118 7.38 0
97 48.8 0
101 72.6 1
118 33.3 0
107 46.9 0
105 58.8 0
94.2 44.1 0
101 75.6 1
108 42.7 0
102 50.4 0
113 90.9 1
127 24.8 0
142 10.6 0
148 6.93 0
121 13.5 0
140 13.9 0
135 17.6 0
149 4.4 0
161 12.7 0
138 7.4 0
164 55.1 0
157 69.8 0
140 46 0
132 66.8 0
147 74.8 0
146 71.8 0
127 45.5 0
159 66.4 0
159 63.2 0
187 4.28 0
183 17.6 0
174 20.5 0
177 48.7 0
179 51.4 0
174 49.4 0
194 56.9 4
180 53.9 0
177 69.5 0
193 97.1 0
187 83.2 4
7.4 1.25 1
14.9 10.2 1
7 75.1 1
6.03 72.5 1
12.4 85.8 1
37.9 27.5 1
41.8 22.8 1
51.1 18.9 1
41.6 25.5 1
29.2 46.4 1
40.1 76.1 0
39.2 61.5 0
42.7 48.8 1
45.3 56 0
46.7 31.3 1
23 38.9 1
49.3 95.4 0
53.3 98.3 0
55.8 97.2 0
43.6 83 0
46.1 83 0
63.1 17 1
86.9 17 1
68.4 68.5 0
64.9 69.2 0
86.4 62.3 0
87 48.5 0
107 17 0
113 11 0
105 26.2 0
104 10.7 0
107 10.8 0
94.4 49.6 0
104 54 0
92.6 76.1 0
91.7 73.6 0
118 42.1 0
114 77.1 1
102 53.2 0
100 95.3 1
131 8.53 0
130 12.1 0
123 22.4 0
123 8.55 0
121 1.93 0
135 23.9 0
131 42.5 0
133 40.7 0
167 36 0
166 34.1 0
155 75.2 0
140 66 0
151 64.1 0
160 38.2 0
130 62 0
150 95.4 1
149 92.9 1
133 84.5 1
163 81.7 0
166 82.8 0
133 87 1
190 1.43 0
189 71.8 4
197 74.8 4
193 63.9 4
173 76 0
172 73.5 0
171 56.9 0
17.3 22.4 1
0.925 3.1 1
5.3 18.6 1
1.08 75.6 1
1.08 73 1
18.9 40.6 1
8.48 95.6 1
8.28 98.5 1
43.1 14.9 1
31.1 5.15 1
41.6 12.9 1
47.5 16.4 1
31.1 8.25 1
51.3 4.28 1
22.8 3.6 1
58.7 1.93 1
43.1 1.48 1
45.2 48.7 1
36.7 42.2 1
48.7 50.4 1
52.1 57.5 0
41.7 62.4 0
42.5 64.9 0
54.1 53.7 0
48.6 63.7 0
58.7 31.9 1
30.8 37.7 1
66.8 11.3 1
73 13.8 1
76.9 15.8 1
82.9 18.3 1
84.2 35.1 0
82.7 32.8 0
89 36 0
89 39.7 0
92.9 17.8 1
117 17.9 0
117 26.5 0
99.2 61.6 0
99.1 64.1 0
91.6 42.2 0
105 69.7 0
116 75.9 1
109 38.3 0
117 73.4 1
113 75 1
95.9 89.2 1
106 92.8 1
99.5 89.2 1
134 13.1 0
162 26.9 0
167 11.6 0
161 54 0
133 37.5 0
149 62.1 0
144 54.8 0
121 47.4 0
132 34.9 0
169 31.9 0
140 91 1
163 96.9 1
165 95.8 1
135 97.6 1
188 22.1 0
171 22 0
173 12.8 0
199 36.1 0
175 34.1 0
180 39.8 0
173 42.8 0
178 95.4 0
15 21.2 1
17.4 3.43 1
14.4 12.6 1
14 46.1 1
16.5 45.5 1
6.58 98.5 1
27 11.4 1
53 2.85 1
36 7.05 1
41.4 53.5 1
40.8 50.7 1
36.2 50.2 1
44.6 32.6 1
53.3 78.5 0
21.5 73.3 1
22.6 75.8 1
58.4 73.6 0
41.8 84.5 0
85 11.9 1
69.1 8.43 1
62.5 3.65 1
69 5.53 1
83 46.9 0
73.9 52.7 0
83.2 78.6 0
70.5 58.3 0
74.6 63.9 0
62.4 33.3 1
88.3 73.7 0
75 61.1 0
72.5 82.5 0
72.8 96 0
103 16.9 0
108 15 0
117 3.65 0
92.8 26.2 0
100 43.4 0
99.4 38.5 0
108 70.5 0
113 63 0
111 50.9 0
107 95.3 1
101 92.8 1
166 25.5 0
163 6.98 0
157 17.4 0
126 2.6 0
169 22.3 0
168 18.2 0
137 56.8 0
138 43.8 0
124 69.3 0
126 69.3 0
154 46.9 0
153 51.5 0
132 51.6 0
128 43.3 0
154 70.1 0
166 71.1 0
155 37.6 0
155 35.1 0
158 84 0
159 96.1 1
165 91.1 0
162 91.1 0
145 91.1 1
153 89 1
155 89 0
131 89.2 1
197 8.8 0
172 3.23 0
177 1.3 0
183 49.7 0
186 50.8 0
198 39.5 0
187 57.8 4
192 95.1 0
179 92.8 0
199 88.6 4
198 97.2 0
11.6 6.88 1
3.13 46.1 1
11.6 37 1
0.425 57 1
18.8 35.2 1
33.9 25.6 1
47.4 9.75 1
43.1 9.35 1
43.3 20.9 1
35.2 2.58 1
28.9 48.7 1
41.1 69.6 0
37.4 55.7 1
52.9 32.8 1
22.5 41.9 1
41.5 42.4 1
36.5 65 0
53.2 81.4 0
55.7 82.5 0
25.5 89.1 0
28.7 89.1 0
45.3 95 0
77.1 20.5 1
83.5 1.33 1
65.2 59 0
61.5 42.7 1
102 14.9 0
116 20 0
112 15.2 0
94.4 70.9 0
96.9 70.4 0
115 55.1 0
116 49.4 0
113 48.8 0
96.9 37.5 0
104 34.5 0
112 96.9 1
113 84 1
158 7.8 0
146 25.2 0
169 5.08 0
152 16.6 0
141 39 0
143 39.2 0
121 38.8 0
150 44 0
160 42.5 0
152 58.1 0
138 31.3 0
136 31.3 0
121 35.1 0
138 51.9 0
155 41.5 0
137 48 0
129 85.1 1
198 15.5 0
187 17.9 0
185 13.4 0
191 15.3 0
192 3.5 0
198 3.63 0
189 74.9 4
175 64.8 0
187 64.8 4
175 89 0
199 92.8 4
4.9 4.38 1
5.93 10.7 1
18.1 0.775 1
18.1 29.4 1
15.5 54.6 1
18.1 30.8 1
34 23.2 1
56.7 12.3 1
36.8 71.2 0
24.6 54.6 1
38.4 69.4 0
54.9 65.6 0
33.8 51.6 1
50.9 34.1 1
24.6 49.2 1
21.1 98.9 0
21.1 81.1 1
68.2 15.2 1
73.6 10 1
81 4.2 1
77.7 48.2 0
61.1 98.9 0
61.1 81.1 0
98.1 16.5 0
109 28.5 0
93 12.7 1
92.9 3.4 1
94.5 64.8 0
97 65.4 0
112 37.2 0
91.2 35.2 0
104 37 0
119 98.9 1
119 81.1 1
91 81.1 0
157 24.7 0
154 2.23 0
154 24.7 0
159 11.5 0
162 20.7 0
158 21.6 0
153 22 0
147 22.5 0
143 16 0
121 28.1 0
150 37.8 0
154 62.3 0
163 32.9 0
150 54.5 0
165 52.7 0
122 30.8 0
167 44.1 0
152 84.7 0
151 87.2 0
125 90.6 1
179 6.5 0
177 28.9 0
180 8.5 0
174 70 0
185 60.7 4
177 88.8 0
197 84.6 4
197 87.1 4
171 98.9 1
171 81.1 0
9.33 26 1
8.33 61.4 1
18.1 78.8 1
14.9 91.5 1
54.6 7.6 1
51.6 7.15 1
58.7 28.1 1
21.4 12.5 1
27.5 15.9 1
28.1 14 1
33 3.48 1
30.9 69.7 0
34.4 54.2 1
24.1 33.5 1
58.9 51.2 0
53.7 46.9 1
63.2 23 1
88.7 28.1 0
61.1 47.9 0
73.7 47.7 0
73.7 44.6 0
116 16.1 0
94.7 19.6 0
111 26.9 0
96.8 28.1 0
101 41.6 0
96.1 31.4 0
109 31.5 0
103 44.3 0
108 89.5 1
91 98.9 1
109 83.7 1
124 20.3 0
167 8.35 0
144 18.4 0
127 13.7 0
169 28.1 0
136 1.25 0
150 35.1 0
161 34.5 0
160 47.4 0
128 66 0
122 78.8 1
124 44.2 0
142 95.2 1
181 28.9 0
187 28 0
193 38.4 0
187 54.3 4
185 55.8 4
190 54.8 4
185 69.1 4
190 87.7 4
5.65 46.3 1
13.1 69.9 1
13.4 51.4 1
8.05 92.9 1
27 54.1 1
50.8 74.9 0
52.6 64.4 0
39.3 31.4 1
27 49.7 1
42.3 87.5 0
77.9 8.65 1
75.3 5.38 1
84.7 59.5 0
69.7 64.1 0
79.5 57.8 0
87.5 42.3 0
77.3 69.3 0
113 19.5 0
104 1.85 0
115 10.8 0
117 38.6 0
92.9 55.2 0
119 35.2 0
92.8 38.7 0
117 96 1
117 91.6 1
153 12.6 0
145 14 0
131 28.7 0
150 41.2 0
136 43.6 0
166 57 0
162 51.7 0
144 37.5 0
125 63.7 0
134 45.4 0
164 71.4 0
123 32.1 0
134 47.5 0
124 97.3 1
195 2.08 0
198 17.7 0
191 28.4 0
174 17.4 0
172 8.33 0
194 35.4 0
177 44.8 0
182 61.1 4
188 31.7 0
190 31.7 0
174 44.2 0
185 98.7 0
5.38 21.2 1
14.1 31.4 1
16 84.9 1
17.3 87.4 1
46.4 14.7 1
21.7 5.48 1
58.8 12.4 1
45.1 2.9 1
54.1 70.9 0
36.6 75.4 0
29.6 74.4 0
58.1 40.1 1
25.4 70.4 1
23.9 64.3 1
54 89.3 0
64.2 11.4 1
81.5 6.5 1
85.3 19 1
72.5 40 0
74.9 40.1 0
80.2 74.8 0
64.7 63.5 0
79.1 33.6 0
102 24.1 0
118 40.2 0
117 61.3 0
117 64.4 0
123 12.4 0
137 28.8 0
147 14.1 0
168 2.05 0
139 28.8 0
146 1.23 0
165 45.9 0
144 34.8 0
168 47.9 0
126 31.3 0
153 78.1 0
131 32.1 0
123 82.9 1
199 27.8 0
192 12.6 0
179 2.68 0
184 33.7 0
173 55 0
191 84.7 4
188 98.1 0
18.7 5.3 1
8.7 77.9 1
3.25 98.5 1
16.1 97.5 0
12.2 91.3 1
56 22.6 1
39.4 25.6 1
22.7 47.1 1
30.5 64.5 1
30.3 57.4 1
46.4 77.3 0
58.8 56.8 0
28.8 40.7 1
49.8 85 0
74.9 22.1 1
69.7 27.1 1
75.8 42.4 0
84.6 70.7 0
84.8 64 0
88.4 56.2 0
61.3 35.1 1
64.9 39.5 1
85.5 46.8 0
97.5 19 0
97.3 10.5 1
93 9.23 1
105 65.8 0
91.6 40.3 0
108 59.2 0
104 42.5 0
146 18.7 0
148 16.3 0
125 2.6 0
140 11.1 0
145 63.6 0
125 41.9 0
179 13 0
172 26.4 0
184 1.38 0
174 8.83 0
174 35.9 0
173 40.9 0
187 41.6 0
1.75 19.2 1
18.7 8.98 1
2.43 7.58 1
18.3 57.2 1
18.3 62.1 1
17.6 46.7 1
0.775 94.5 1
18.1 82.6 1
46.7 20.3 1
55.5 14.1 1
49.6 27 1
38.3 23.2 1
26.8 1.68 1
45.2 8.35 1
43.1 26.8 1
48.8 42.1 1
57.1 76.1 0
57.7 54.4 0
33.9 45 1
24.1 60.7 1
86.5 6.65 1
61.4 9.2 1
61.4 5.53 1
72.9 28.5 1
62.6 26.2 1
65.8 26.7 1
86 2.1 1
85.7 77.4 0
61.8 56.3 0
100 26.4 0
118 5.53 0
97 1.48 1
118 9.2 0
97.7 56.3 0
119 47.3 0
111 32.9 0
110 53.1 0
96.9 98.4 1
124 26.9 0
122 10.1 0
168 10.1 0
169 13.9 0
165 68.5 0
161 62.8 0
136 78 0
138 78 0
168 39.9 0
123 49 0
168 77.5 0
161 66 0
157 58.8 0
138 81.2 1
133 96 1
153 98.3 1
131 98.4 1
133 93.5 1
136 81.2 1
171 5.1 0
175 11.4 0
185 78.3 4
171 47.5 0
186 96.7 0
200 95.3 0
15.9 17.7 1
7.38 8.33 1
2.4 1.33 1
17.4 26.3 1
16 38.8 1
3.18 31.4 1
18.9 43.6 1
1.23 31.4 1
23.3 16.8 1
48 13.2 1
22.4 26.3 1
21.1 0.775 1
40.2 73.9 0
52.5 55.4 0
52.9 44.4 1
51.5 36.7 1
28.4 34.2 1
41.8 37.9 1
33.4 78.2 0
21 44 1
21 45.4 1
21.1 30.8 1
48.6 53.1 1
59 45.6 1
59 44.2 1
31.8 94.3 0
61.1 0.775 1
74 78.4 0
66.3 31.3 1
61.1 30.8 1
61.5 40.8 1
78.1 60.4 0
88.4 52.3 0
94.3 14.3 1
114 28.4 0
113 1.73 0
119 0.775 0
119 29.4 0
96.8 13.6 1
91.9 5.28 1
112 55.5 0
111 67.6 0
96.6 78.5 1
119 30.8 0
91 30.8 0
91.4 47.5 0
97.2 81.6 1
153 28.6 0
127 28.7 0
157 71.9 0
150 52.1 0
158 94.4 1
137 96.1 1
131 81.7 1
136 93.6 1
122 93.3 1
197 5.7 0
171 0.775 0
176 38.1 0
194 51.3 4
177 31.5 0
177 78.4 0
178 56.2 0
171 30.8 0
14 1.5 1
13.2 44.2 1
8 31.6 1
1.73 39.7 1
2.23 49.9 1
19 48.8 1
9.33 42.7 1
19.4 98.9 0
19.4 81.1 1
49.1 16.2 1
58.5 5.18 1
21.1 29.4 1
56.7 10.4 1
55.1 60.3 0
44 72.1 0
21.4 40.3 1
56.4 47.2 1
26.7 43.8 1
58.9 49.5 0
21.1 78.8 1
33.7 38.1 1
36.8 62.8 0
32 85.5 0
46.2 90.1 0
24.4 97.3 0
58.3 93.3 0
26.9 98.4 0
21.8 93.3 0
58.7 98.9 0
58.7 81.1 0
64.5 18.8 1
74.3 15.5 1
66.5 1.73 1
61.1 29.4 1
73.1 20.2 1
61.1 50.9 0
61.1 78.8 0
66.7 76.9 0
65.9 90.1 0
88.7 98.9 1
88.7 81.1 0
70.6 94.4 0
116 27.7 0
109 21.5 0
91 0.775 1
91 29.4 0
97.7 58.6 0
119 78.8 1
91 78.8 0
102 78.5 1
92.8 60 0
103 85.7 1
91.8 93.3 1
103 98.5 1
163 25.4 0
161 15.8 0
134 8.28 0
132 1.53 0
141 1.7 0
162 75.2 0
149 78.1 0
153 31.8 0
159 85.6 0
143 81.8 0
168 86.7 0
169 98.9 1
169 81.1 0
121 98.9 1
121 81.1 1
129 88.5 1
180 22.3 0
171 29.4 0
184 28 0
182 70.5 4
172 63.1 0
180 31.5 0
172 51.7 0
171 78.8 0
176 98.4 1
176 81.4 0
16.8 2.28 1
1.6 28.7 1
3.55 28.7 1
0.1 78.5 1
9.53 66.9 1
6.83 49.8 1
6.78 43.4 1
12.2 48.6 1
1.68 85.6 1
49.7 14.4 1
57.2 3.3 1
32.8 28.4 1
38.2 1.15 1
21.4 10.6 1
23.2 9.3 1
57.9 21.8 1
34.8 4.63 1
58.5 35.2 1
46.6 43.3 1
38.8 33.3 1
23 35.4 1
42.1 78.9 0
56.5 37 1
34.2 98.5 0
34.3 81.5 0
68.7 20.2 1
78.3 28.6 1
68.2 28.6 1
87.1 26.4 0
68.4 59.4 0
61.6 62.6 0
73.4 31.6 1
78 78.4 0
88.5 68.1 0
62.7 39.2 1
75.6 90 0
62.8 84.2 0
64.3 97.4 0
61.7 86.7 0
66.8 81.6 0
66.8 98.5 0
61.7 93.4 0
70.3 84.1 0
104 24.5 0
118 57.5 0
91.6 63 0
104 78.5 1
101 31.5 0
91.6 51.9 0
91.3 58.4 0
92.8 95.8 1
101 81.6 1
92.3 86.6 1
117 84.5 1
131 22.1 0
128 18.1 0
128 4.13 0
138 2.95 0
167 20.4 0
153 15.5 0
165 37.2 0
163 68.8 0
129 74.3 0
122 57.6 0
168 63.5 0
122 62.5 0
132 78.4 1
143 92 1
154 81.5 0
121 86.9 1
127 98.4 1
185 16.4 0
195 68.3 4
195 42.4 0
173 60 0
197 48.7 4
178 58.8 0
198 54.5 4
195 78.4 4
190 57.1 4
171 86.5 0
171 93.4 0
195 81.6 4
181 98.7 0
10.9 2.75 1
7.23 24.7 1
10.4 63.6 1
4.58 53.9 1
12.6 54.1 1
14 78.4 1
18.5 68.1 1
16.3 32.1 1
0.025 81.7 1
18 93.6 0
7.8 81.5 1
13.3 98.6 1
28.5 24 1
31.5 20.2 1
47.7 28.7 1
58.8 17 1
57.2 33.4 1
22 57.1 1
46.6 59.7 0
26.5 78.3 0
32.9 31.4 1
44.1 37.3 1
21.8 68.1 1
58.6 63.3 0
41.7 31.4 1
57.7 68.3 0
21.9 86.5 0
27 81.5 0
24.5 82.6 0
88.5 5.13 1
69.3 35.1 1
69.4 43.1 0
79.6 94.6 0
80 85.4 0
88.3 93.6 1
74.2 84 0
73.8 98.5 0
118 25.2 0
105 28.5 0
109 1.73 0
116 32.2 0
114 31.4 0
103 31.5 0
109 98.3 1
119 87 1
167 15.3 0
144 28.3 0
135 27.5 0
152 45.1 0
154 72.2 0
139 32.9 0
121 46.2 0
144 78.4 0
122 51.4 0
159 31.6 0
165 42.8 0
134 54.5 0
168 50.9 0
124 31.3 0
121 44.8 0
168 93.5 0
139 98.5 1
194 19.8 0
194 28.4 0
182 1.38 0
187 43.6 0
185 90.6 0
185 81.5 4
8.48 28.5 1
16.9 77.2 1
4.18 38.7 1
17.2 40.5 1
55.9 25.6 1
51.8 28.3 1
26.4 28.2 1
58.8 10.5 1
49.7 22.5 1
44.8 21.2 1
26.5 31.2 1
21.3 51.7 1
58.3 86.4 0
38.3 81.5 0
38.2 98.5 0
80.7 13.6 1
73 2.23 1
79.9 43.8 0
79.8 69.2 0
88.5 62.7 0
84 90 0
88.2 86.5 0
118 23.4 0
113 16.8 0
94.8 10.4 1
115 70.6 0
97.6 32.9 0
118 68 0
119 51.8 0
111 85.7 1
105 81.7 1
115 95.4 1
115 92.4 1
163 22.3 0
123 3.38 0
149 1.53 0
159 28.6 0
163 1.28 0
149 28.6 0
167 33.2 0
169 35 0
162 36.9 0
168 67.5 0
137 36.9 0
143 31.6 0
126 78.4 1
168 56.3 0
169 72.5 0
158 78.6 0
132 58.9 0
123 77.2 1
144 98.6 1
126 81.8 1
177 27.1 0
179 28.9 0
182 26.9 0
180 78.4 0
195 31.9 0
186 63 4
197 46.5 4
171 58.3 0
187 78.3 4
183 46.6 0
180 45.3 0
200 81.6 4
172 97.3 1
172 82.5 0
1.83 21.7 1
17.5 44.8 1
42.1 17.9 1
24.3 2.45 1
38.9 20.5 1
38.1 28.8 1
42.6 19.4 1
55.6 43.3 1
28.9 71.1 0
51 71.8 0
37.4 90.5 0
49 90.4 0
22.6 98.9 0
22.6 81.1 1
67.1 17.9 1
75.4 8.58 1
81.1 71.5 0
82.6 39.2 0
61.3 68.2 0
75.5 48.8 0
62.6 98.9 0
61.1 82.6 0
77.8 98.5 0
78.1 81.5 0
102 3.33 0
101 28.3 0
91.9 25 0
117 43.7 0
111 89 1
117 98.9 1
119 82.6 1
156 3.7 0
150 9.63 0
123 5.25 0
143 2.93 0
159 1.48 0
121 14.6 0
134 2.78 0
128 33.4 0
126 55.4 0
163 77.4 0
127 63.5 0
154 59.4 0
135 32.8 0
158 81.5 0
160 98.6 1
133 82.8 1
148 98.6 1
148 81.5 0
136 98.8 1
189 26.4 0
198 31.9 0
181 41.9 0
199 50.3 4
184 31.4 0
179 81.4 0
5.05 7.05 1
13.9 28.1 1
6.43 1.25 1
4.15 78.6 1
5.53 89.8 1
4.33 81.5 1
32.5 11.6 1
38.5 19 1
58.9 52.7 0
24.4 37.4 1
50.6 88.3 0
41.7 98 0
78.3 1.45 1
72 76.4 0
67.8 62.5 0
68.2 50.3 0
62.9 53.6 0
63.8 32.1 1
79.5 31.4 1
66.2 78.9 0
116 2.5 0
91.9 23.1 0
115 62.9 0
93.1 32.1 0
91.4 68.3 0
91 97.5 1
94.2 82.7 1
152 3.75 0
140 20.9 0
138 20.6 0
144 8.18 0
121 16.7 0
168 26.6 0
164 59.5 0
147 70.1 0
148 31.6 0
138 59.2 0
127 47.6 0
121 68.1 0
153 42.3 0
139 83 1
123 95.8 1
184 8.63 0
175 19.3 0
176 1.3 0
182 35.2 0
171 68.3 0
183 63.4 4
183 83.9 0
193 90.8 4
0.45 11.6 1
11.4 24.1 1
19.4 0.775 1
19.4 29.4 1
16.9 29.4 1
7.65 17 1
0.825 65.9 1
17.7 50 1
18.7 51.7 1
19.4 30.8 1
16.9 30.8 1
14.1 81.9 1
57.8 26.7 1
38.1 12.7 1
36.6 10.7 1
58.7 0.775 1
37.8 73.2 0
48.2 39.2 1
58.7 30.8 1
42.4 40.4 1
52.8 48.8 1
74.9 27.1 1
64 2.5 1
88.7 0.775 1
85.8 34.4 0
87.1 36.3 0
61.9 71.8 0
88.7 30.8 0
77.5 35.2 0
109 9.95 0
101 20.9 0
93.8 27.5 0
108 63.6 0
167 12.7 0
124 7.13 0
161 2.75 0
126 1.2 0
169 0.775 0
121 0.775 0
121 29.4 0
121 26.9 0
142 27.1 0
131 19.5 0
144 47.3 0
162 43.6 0
162 45.9 0
130 51.3 0
137 62.1 0
169 30.8 0
121 30.8 0
154 76.7 0
136 54.3 0
159 54.6 0
137 87.6 1
197 26.2 0
189 9.48 0
180 17.4 0
185 35.4 0
188 39.8 0
193 78.4 4
180 83.8 0
12.6 1.5 1
15.6 1.5 1
19.4 78.8 1
16.7 63.8 1
9.35 97.1 1
5.6 98.5 1
37.1 17.6 1
48.2 1.43 1
31.9 13.8 1
57.7 15 1
58.7 29.4 1
34.8 33.4 1
28.9 62.3 1
31 60.2 1
38.4 78.9 0
58.7 78.8 0
25.9 62.4 1
57 95.8 0
39.8 96.4 0
88.7 29.4 0
88.4 25.1 0
64.2 75.7 0
81.7 59.1 0
81.1 50.7 0
88.7 78.8 0
61.1 49.2 0
61.1 46.7 1
98.8 26.4 0
111 75 1
99.3 49.4 0
111 64.6 0
107 78.5 1
91.6 43.3 0
98.4 98.4 1
114 81.9 1
136 7.43 0
169 29.4 0
133 28.7 0
157 67.1 0
147 43.9 0
160 75.1 0
134 70.6 0
152 68.3 0
169 78.8 0
121 78.8 1
167 84.2 0
135 81.2 1
122 84.4 1
125 98.4 1
197 11 0
185 2.8 0
179 19.8 0
195 59.4 4
179 66.4 4
179 69.1 4
194 98.7 0
187 81.5 4
193 81.6 4
11.1 33 1
7.2 76.6 1
4.23 33 1
17.2 42.3 1
0.35 97 1
2.2 98.5 1
17.4 96.1 0
10.4 85.6 1
47.1 18 1
35.1 17.8 1
27.3 36.9 1
40.4 77.8 0
48.1 78.4 0
29.1 38.8 1
64 27.5 1
82.1 28.3 1
88.4 23.3 1
68.7 25.2 1
67.9 47.4 0
63.4 57.8 0
89 39.7 0
88.5 43.8 0
88.5 45.2 0
78.4 55.2 0
81.8 63.8 0
61.5 43.8 1
100 1.48 0
98.5 1.48 1
100 9.45 0
95.1 55.8 0
111 45.1 0
114 78.6 1
101 77 1
91.9 81.1 1
162 14 0
131 10.4 0
148 2.75 0
140 28.8 0
145 1.23 0
145 49.6 0
142 76.4 0
159 40.2 0
134 62.8 0
168 49.2 0
122 49.7 0
168 46.7 0
132 61.2 0
132 33.5 0
146 89.4 1
135 87.5 1
123 91.2 1
190 1.43 0
172 2.08 0
181 76.7 0
200 45.7 4
172 43.5 0
197 98.7 0
4.48 2.58 1
18.1 14.4 1
5.7 70.2 1
18.7 72.2 1
15.6 78.4 1
30.4 9.88 1
53.3 14.5 1
23.9 27.6 1
41.6 28.1 1
52.4 59.7 0
30.7 45.1 1
22.5 43 1
24 77 1
48 31.3 1
24 31.9 1
55.7 54 0
52 98.3 0
80.3 26.8 1
61.3 14.1 1
86.9 57.9 0
87.5 41.2 0
88.4 53.7 0
62.6 45.6 1
87 96.1 0
105 17.3 0
108 28.5 0
95.6 28.1 0
108 3.58 0
109 48.9 0
91.7 72.3 0
116 77.4 1
95 31.4 0
117 30.8 0
100 96.9 1
106 91 1
94.1 88.9 1
139 15.1 0
133 10.7 0
127 26.8 0
127 6.78 0
143 10.3 0
147 8 0
155 49.6 0
125 38.2 0
150 56.5 0
156 39.6 0
147 76.5 0
144 39.2 0
135 76.4 0
151 78.1 0
141 46.7 0
122 33.2 0
125 78.4 1
149 90.9 1
151 88.8 0
167 96 0
162 81.7 0
124 81.8 1
172 14.3 0
190 48.8 4
175 55.7 0
184 41.8 0
172 72.2 0
200 34.4 0
199 90.8 4
7.7 12.7 1
14.5 19.6 1
18.1 16.4 1
1.35 1.33 1
0.825 46.2 1
0.2 49 1
8.5 40 1
17.6 48 1
18.8 35.1 1
18.6 46.1 1
14.9 98.6 1
11.9 98.6 1
19.4 97.5 0
19.4 82.6 1
16.9 81.5 1
24.6 18.8 1
30.2 3.73 1
53.6 19.1 1
41.9 1.48 1
39.9 2.63 1
21.4 13.6 1
22.6 0.775 1
22.6 29.4 1
41.4 47.7 1
36.9 32 1
22.7 45.9 1
43.8 66.1 0
22.6 30.8 1
39.9 43.1 1
21.7 48.6 1
57 83.9 0
47.8 81.5 0
42.8 81.5 0
32.2 96.8 0
61.3 16.2 1
88.6 14.2 1
68.4 10.5 1
61.5 25 1
62.6 0.775 1
62.6 29.4 1
88 9.8 1
70.1 45.9 0
63.2 69.8 0
62.6 30.8 1
86.8 50.8 0
87 84 0
106 21.5 0
119 13.7 0
117 0.775 0
117 29.4 0
102 11.2 0
103 55.2 0
100 54.4 0
98.9 65.1 0
108 40.4 0
98.6 78.5 1
117 55.7 0
119 44.7 0
119 46.1 0
99.3 31.5 0
108 31.5 0
117 78.8 1
119 48.6 0
101 90.9 1
102 98.5 1
108 81.7 1
99.2 81.6 1
166 14.2 0
160 20 0
125 28.1 0
161 28.6 0
169 5.03 0
130 28.7 0
136 15.4 0
136 17.9 0
122 25.6 0
169 25.4 0
133 39.2 0
123 55.4 0
132 68.8 0
139 42.7 0
142 51.3 0
140 78 0
139 40.3 0
153 65.4 0
121 72.2 1
121 35.1 0
138 89.9 1
133 89.7 1
132 97.2 1
145 83.3 0
121 97.5 1
121 82.6 1
186 10.7 0
171 25.1 0
172 16.4 0
171 23.3 0
190 44.3 0
187 50.4 4
179 31.5 0
180 97.1 0
0.3 28.7 1
18.6 25 1
16.1 27.5 1
11.7 76.4 1
5.95 40.7 1
17 55.3 1
17.2 70.1 1
13.1 31.4 1
21.4 15.7 1
28.4 11 1
50.4 2.8 1
39.2 7.9 1
51.1 20.5 1
37.1 8.48 1
54.8 21 1
52.2 1.38 1
21.3 25.1 1
36.8 1.15 1
50.3 63.6 0
47.1 69.3 0
46.5 66.5 0
36.7 48.7 1
58.4 72.3 0
52.1 78.5 0
21.5 72 1
22.6 78.8 1
58.8 58.2 0
43.4 32.6 1
32.3 55.5 1
57.5 45.8 1
57.5 44.4 1
32.3 83 0
23.3 95.8 0
48 98.5 0
58.7 97.5 0
58.7 82.6 0
88.6 16.2 1
72.2 12.5 1
61.5 23.1 1
70.5 78.1 0
88.3 72.4 0
87 64.4 0
81.3 46.3 0
80.4 61.7 0
61.1 52.4 0
88.5 49.1 0
76.5 78.4 0
82 78.6 0
63.2 95.9 0
82 98.6 0
88.7 82.6 0
88.7 97.5 1
71.6 96.9 0
111 11.3 0
104 19.8 0
106 1.85 0
91.9 13.5 1
103 58.3 0
111 48.1 0
98.6 44.7 0
91.4 46.3 0
91.4 48.8 0
91.6 53.3 0
91.2 35.1 0
104 46.2 0
103 83.2 1
104 89.2 1
159 17.5 0
136 4.48 0
168 16.9 0
169 23.5 0
122 23.2 0
135 25.5 0
122 38.1 0
130 43.1 0
167 71.2 0
127 31.3 0
130 32.1 0
151 98.3 1
152 83 0
141 81.8 0
162 98.6 1
169 82.6 0
169 97.5 0
128 83.5 1
185 28 0
198 76.8 4
180 50.2 0
180 55.2 0
192 50.7 4
196 50.5 4
199 41.1 0
183 78.3 4
173 50 0
191 31.7 0
171 46.3 0
171 48.8 0
172 53.2 0
174 32.3 0
195 98.7 0
183 98.7 0
197 83.1 4
18.6 23.2 1
9.38 48.8 1
4.4 51.4 1
9.88 77.9 1
18.3 60.7 1
18.3 58.6 1
5.83 31.6 1
43.1 16.1 1
40.4 12.3 1
34.5 27.2 1
59 25.5 1
28.2 1.68 1
58.8 13.5 1
21.3 23.2 1
49.9 25.3 1
48.3 21.8 1
39.6 26.9 1
56.1 70.4 0
39.6 49.6 1
23.3 55.2 1
28.9 43.3 1
44.5 70.2 0
23.3 70 1
50.2 76.9 0
42.7 68.3 0
21.8 66.7 1
52.2 31.4 1
57.4 60.1 0
44.8 76 0
35.8 46 1
49.8 61 0
50 96.9 0
52 81.4 0
40.9 83 0
23.4 84 1
71.5 28.5 1
80.5 21 1
69.5 12.9 1
82.2 1.33 1
76.9 28.6 1
67.2 26.7 1
72.9 46.4 0
86.7 70.3 0
79.8 77 0
79.6 48.4 0
62.9 64.4 0
88.5 66.7 0
81.8 31.4 1
75.9 60.2 0
64.3 83.1 0
82 81.4 0
110 14.1 0
111 1.73 0
91.3 17.1 1
119 17.3 0
110 71.9 1
101 46.8 0
112 32.9 0
101 40 0
99.9 59.9 0
93.6 77.3 1
93 50.2 0
92.9 64.9 0
119 72.4 1
104 33 0
92.9 44.8 0
111 98.3 1
116 83.4 1
147 26.9 0
141 16.3 0
139 1.7 0
124 1.2 0
151 28.6 0
148 20.9 0
167 6.83 0
123 13.5 0
147 40.8 0
123 64.2 0
134 78.4 0
122 52.9 0
139 50.9 0
129 68.8 0
128 71 0
160 83.1 0
150 96.9 1
158 96.9 1
192 28.4 0
173 27.6 0
199 2 0
174 1.3 0
183 48.9 0
193 33.7 0
180 40 0
178 78.4 0
173 65 0
186 58.7 4
174 77.2 0
196 89.3 4
178 98.4 0
1.75 77.1 1
18.5 66.6 1
13.4 49.8 1
17.1 36.8 1
15.7 43.6 1
41.1 9.75 1
28.9 20.8 1
59 23.6 1
37.1 42.3 1
32.4 68.9 0
29.9 76.5 0
58.1 40.1 1
32 78.2 0
35.4 77.1 0
45 41.4 1
45.8 38.9 1
24.1 44.3 1
57.4 48.5 1
56.3 66.6 0
51 43.6 1
36.8 81.5 0
36.7 98.5 0
69.7 32.9 1
67.7 31.3 1
76.4 33 1
117 26.5 0
103 26.8 0
93.9 2.25 1
105 78.5 1
118 66.6 0
119 53.3 0
119 35.2 0
117 49.9 0
107 96.8 1
158 9.9 0
142 18.8 0
151 1.53 0
167 2.05 0
134 1.53 0
168 44.1 0
168 66 0
151 31.8 0
162 31.2 0
155 64.5 0
162 78.7 0
138 48.6 0
167 52.2 0
155 98.3 1
143 97 1
150 81.5 0
130 98.4 1
192 41.9 0
178 48.9 0
182 32.9 0
187 33.2 0
173 44.9 0
178 81.4 0
16.4 9.73 1
0.125 17.2 1
6.75 21.6 1
5.08 27.1 1
11.4 44.4 1
5.45 78.6 1
1.85 83.1 1
5.63 81.5 1
44.1 24.9 1
27.5 18 1
32 2.05 1
21.7 5.43 1
37.9 22 1
36.7 28.8 1
35.7 70 0
37.3 68.3 0
46.4 47.9 1
50.2 32.7 1
21.3 53.1 1
22.9 49.8 1
23.7 89.8 0
58.3 91.9 0
28.3 98.4 0
21.8 91.9 0
21.5 97.5 0
49.8 82.9 0
21.5 82.6 1
30.4 98.4 0
69.5 3.95 1
78.5 19.9 1
67.9 1.73 1
86.6 11.6 1
74.8 3.68 1
82.1 18.6 1
87.1 38.2 0
68.1 76.9 0
62.2 77.6 0
63.4 90.1 0
61.5 97.5 0
62.6 81.5 0
76.3 98.5 0
76.7 81.5 0
101 13.7 0
99.9 28.3 0
111 21.1 0
106 28.5 0
111 26.9 0
112 70.1 1
118 40.2 0
117 70.2 0
95.4 78.5 1
93 70.4 0
91.9 30.8 0
95.1 59.1 0
91.8 91.9 1
119 97.5 1
96.1 81.6 1
117 81.5 1
91.8 89.8 1
148 10.1 0
145 12.8 0
128 28.7 0
154 28.6 0
133 46.7 0
129 48.5 0
144 33.2 0
137 34.4 0
163 72.8 0
149 39.4 0
141 31.6 0
123 70.1 0
167 77.5 0
134 31.5 0
156 33.4 0
123 44.7 0
167 90.2 0
133 91.8 1
130 81.7 1
137 97.3 1
168 88.1 0
140 98.5 1
134 98.8 1
194 2.08 0
196 28.4 0
199 13 0
172 61.7 0
178 46.2 0
198 52.1 4
185 43.9 0
191 39.5 0
188 52.5 4
173 70.3 0
172 30.8 0
176 31.5 0
175 78.4 0
198 81.6 4
171 95.9 0
171 84 0
18.7 9 1
18.1 3.38 1
18.7 5.25 1
6.3 28.5 1
9.18 31.6 1
6.48 45.4 1
16.7 91.5 1
55.1 9.13 1
29.5 13.6 1
34.1 20.3 1
31.4 28.4 1
44.1 19.7 1
35.2 66.4 0
58.6 65.8 0
43.7 73.8 0
56.6 89.7 0
43.5 96.5 0
80.2 16.1 1
78.1 17 1
76.8 1.45 1
85.5 39.6 0
72 31.6 1
61.6 59.1 0
61.6 61.2 0
61.3 66.7 0
61.3 35.1 1
79.6 97.1 0
80 82.9 0
68.2 81.6 0
68.2 98.5 0
61.7 88.1 0
61.7 92 0
70.3 81.6 0
70.3 98.5 0
98.5 15.1 0
117 21.9 0
91.9 29.4 0
112 28.4 0
91.6 40.4 0
106 31.5 0
118 61 0
118 58.9 0
91.6 61.6 0
91.4 66.9 0
91.9 78.8 0
104 38.6 0
93.5 57.5 0
106 81.7 1
106 98.5 1
154 5.23 0
157 26.2 0
145 28.3 0
147 12.8 0
156 1.48 0
154 26.2 0
130 1.53 0
168 62.1 0
150 33.4 0
136 42.5 0
137 38.5 0
161 32.8 0
145 78.4 0
168 53.8 0
122 59 0
122 61.1 0
155 78.6 0
121 66.6 0
154 31.8 0
121 88.3 1
121 90.4 1
172 29.4 0
175 28.2 0
175 59.3 0
196 31.9 0
196 78.4 4
183 45.5 0
191 53 4
185 31.4 0
172 78.8 0
185 56.7 4
181 44.2 0
184 81.5 4
173 89.9 0
175 98.4 0
175 81.4 0
171 87.9 0
171 92 0
15.9 12.1 1
9.18 19.4 1
0.225 9.33 1
11.7 20.5 1
9.33 46.4 1
17.6 33.2 1
16.3 49.2 1
18.7 53.1 1
45.1 15.8 1
35.4 22.3 1
56.7 20.3 1
57.7 17.9 1
29.2 26.6 1
22 60.6 1
32 66.6 0
40 45.4 1
22 58.5 1
27.9 78.3 0
31.5 31.4 1
58.6 61.9 0
43 77.6 0
56.9 52.2 0
21.9 87.9 0
30.5 81.5 0
28.4 81.5 0
61.4 5.48 1
86.5 8.15 1
61.4 9.23 1
78 31.4 1
88.3 92.2 0
93.2 21.5 0
118 5.48 0
117 15.4 0
92.1 0.775 1
118 9.23 0
92.8 38 0
106 40.8 0
119 90.5 1
119 88.4 1
93.3 84.1 1
95.5 98.4 1
168 10.1 0
122 10.2 0
167 59.9 0
129 76.8 0
160 77.3 0
168 39.9 0
131 78.4 1
166 45.9 0
123 32.4 0
168 92.1 0
155 81.5 0
136 91.9 1
128 98.4 1
146 81.5 0
146 98.6 1
156 98.3 1
179 2.68 0
171 5.05 0
192 3.5 0
171 8.8 0
172 35.3 0
172 40.5 0
180 59.6 4
171 66.9 0
188 98.1 0
6.1 14.6 1
2.13 14.3 1
13.1 78.4 1
18.3 40 1
8.98 81.5 1
16.3 83.3 1
47.1 27.4 1
52.2 26.6 1
53.7 25.2 1
27.8 28.2 1
40.8 20.1 1
40.3 18.6 1
48.4 49.7 1
29.3 32.6 1
27.9 31.2 1
21.4 40.3 1
37 78.9 0
58.3 87.8 0
71.6 2.23 1
80.4 2.78 1
86.2 27.6 0
88.5 59.2 0
88.5 61.3 0
61.5 40.8 1
86.5 90 0
88.2 87.9 0
91.9 5.23 1
93.2 15.1 1
95.6 1.48 1
91.9 8.98 1
117 37.9 0
93.8 96.9 1
166 68.6 0
131 46.3 0
168 57.7 0
135 40 0
146 31.6 0
158 31.6 0
128 81.7 1
186 1.43 0
181 1.38 0
173 9.3 0
173 57.6 0
182 38.4 0
182 57.1 4
191 96.7 0
9.65 28.5 1
18.8 90.4 1
18.8 88.3 1
23.2 3.55 1
58.5 5.13 1
21.4 10.6 1
34.5 11.4 1
47.4 45.3 1
55.4 49.7 1
62.8 11 1
62.7 39.2 1
63.7 78.9 0
117 42.6 0
96.4 32.9 0
158 28.6 0
127 35.3 0
127 78.4 1
157 78.6 0
124 96.9 1
188 1.43 0
189 76.7 4
173 98.4 0
173 81.4 0
45.6 17.9 1
44.5 22.5 1
57.2 3.25 1
48.7 17.8 1
56.6 42.2 1
56.5 38.5 1
58.5 35.2 1
21.4 34.9 1
71.9 70.7 0
86.9 46.1 0
67.6 78.9 0
92.8 26.2 0
117 3.6 0
92.2 33.2 0
116 32.2 0
91 82.6 0
123 19.5 0
163 1.28 0
158 1.48 0
129 2.73 0
169 73.4 0
122 36.2 0
157 81.5 0
123 83.3 1
173 11.9 0
174 39 0
186 38.3 0
11.4 26.6 1
13 28.1 1
10.9 2.75 1
19.4 1.88 1
18.1 76.4 1
10.8 83.3 1
49.7 19.8 1
58.8 10.5 1
54.3 16.3 1
58.7 1.88 1
51.4 13.9 1
50.4 38.2 1
41.4 74.3 0
37.2 44.6 1
58.7 31.9 1
57.2 33.3 1
62.9 3.6 1
88.5 5.08 1
85.1 9.98 1
88.7 1.88 1
87.2 3.2 1
88.1 35.2 0
63.1 73.2 0
117 10.5 0
121 4.95 0
121 1.88 0
168 3.15 0
122 3.08 0
161 67.2 0
125 40.6 0
121 31.9 0
165 77.4 0
178 27.1 0
187 78.3 4
200 95.6 4
16.8 2.6 1
13.1 81.9 1
45.6 25.5 1
45.5 2.9 1
56.2 77.3 0
50.9 48.2 1
62.9 26.2 1
86.9 19.2 1
91.6 42.2 0
110 77.1 1
92.1 98.6 1
168 12 0
121 17.6 0
127 1.2 0
167 27.9 0
122 12 0
159 70.9 0
161 72.6 0
169 35 0
141 70.9 0
139 69.2 0
146 45.8 0
122 76.4 1
179 28.9 0
177 1.3 0
198 98.7 0
3 61.2 1
18.3 41.9 1
56.5 15.9 1
56.8 28 1
39.3 60.6 1
22.9 31.9 1
69.2 69.1 0
62.9 53.3 0
86.1 77.4 0
63.5 32.1 1
88.5 42.7 0
61.5 42.7 1
71.2 56.7 0
85.9 32.2 0
87.8 30.8 0
93.7 10.1 1
100 71.5 1
108 78.5 1
111 83.6 1
123 8.38 0
144 58.8 0
144 65.3 0
121 39.4 0
168 30.8 0
146 61.6 0
133 82.8 1
171 3.18 0
199 71.2 4
172 42.4 0
184 39.8 0
18.1 13.3 1
6.9 1.25 1
1.68 58.3 1
8.38 76.6 1
52.6 20.5 1
57.8 29.4 1
23.2 8.55 1
41.7 61.6 0
41.3 76.5 0
57.8 78.8 0
21.4 42.2 1
40.7 41.1 1
50 45.5 1
61.3 13 1
87.8 29.4 0
87.5 26.4 0
87.8 78.8 0
70.9 53.8 0
109 28.5 0
91.2 36.2 0
111 31.5 0
118 33.3 0
113 81.9 1
165 1.28 0
124 26.9 0
168 29.4 0
159 68.2 0
166 41.7 0
167 38.2 0
166 32 0
168 78.8 0
131 33.5 0
141 65.3 0
123 48.3 0
196 4.08 0
172 13.2 0
192 1.43 0
190 71.1 4
193 98.7 0
190 83.1 4
17.4 26.3 1
7.63 60.4 1
19.4 78 1
8.7 56.4 1
17.5 30.8 1
18.8 30.8 1
47.4 1.43 1
53.8 22.4 1
21.4 12.5 1
47.9 23.3 1
21.5 1.88 1
38.3 56.1 1
47.2 78.4 0
35.1 33.4 1
44.9 56.1 1
31.8 91.8 0
57 96.1 0
88.6 13.1 1
61.5 1.88 1
62.8 19 1
75.7 68.9 0
119 12.6 0
119 1.88 0
119 43.6 0
113 78.6 1
109 31.5 0
109 81.7 1
128 26.8 0
168 0.775 0
133 28.7 0
134 26.7 0
145 56.4 0
146 69.5 0
124 34.3 0
121 78 1
148 61.3 0
153 76.7 0
169 75.1 0
168 76.7 0
158 91.9 0
156 89.8 0
167 83.9 0
193 19.5 0
173 19.3 0
187 69.5 4
199 60.3 4
197 68.8 4
193 64.2 4
183 90 0
179 91.9 0
188 81.5 4
16.8 19.2 1
12.6 1.5 1
17.5 29.4 1
18.8 29.4 1
1.13 72 1
18.7 73.1 1
6.08 98.5 1
0.425 92 1
17.4 96.4 1
48.4 9.8 1
42.6 26.2 1
48.7 25.7 1
45.1 58.7 0
40.6 54.4 1
29.7 49.3 1
47.1 31.3 1
21.4 33 1
32.2 50.8 1
32 88 0
29.4 89.8 0
34.4 90 0
82.9 28.3 1
88.4 22.5 1
61.1 48.6 0
61.1 47.3 0
68.4 90.1 0
70.6 91.9 0
98.6 26.4 0
91.9 12.4 1
103 70 0
119 36.3 0
91.7 73.2 0
152 18.3 0
163 27.1 0
121 27.5 0
121 28.8 0
126 33.2 0
148 57.8 0
159 88.1 0
161 90.2 0
134 81.2 1
131 97.2 1
188 18.8 0
191 17.1 0
189 21.2 0
172 26.4 0
189 65.5 4
200 66.8 4
196 59.2 4
173 33.4 0
193 78.4 4
172 73.1 0
193 81.6 4
18.1 17.3 1
1.2 68 1
16.9 77.6 1
8.13 97.1 1
0.7 88.1 1
21.7 6.53 1
46 23.1 1
42.8 1.48 1
58.8 12.4 1
22.8 18.5 1
23.6 27.6 1
39.9 34.6 1
58.6 43.4 1
23.7 77 1
43.8 31.3 1
52.8 98.3 0
46.8 81.5 0
61.3 17.1 1
74.6 64.5 0
70.4 65.4 0
88.4 53.4 0
62.1 33.2 1
67 39.5 1
73.4 53.1 0
74.5 90 0
78.1 90 0
87 96.4 0
71.3 85.6 0
92.9 3.35 1
98 70 0
118 39.1 0
96.5 37.6 0
116 77.4 1
118 30.8 0
99.8 67.1 0
103 67.1 0
152 21 0
163 7.2 0
167 20.9 0
168 26.6 0
160 48.6 0
122 43 0
121 73.1 1
123 77.6 1
163 81.7 0
167 96.3 0
172 17.3 0
190 31.7 0
195 43.2 4
186 90.7 0
186 95.2 0
199 97.6 0
18.7 7.9 1
18.7 6.35 1
10.9 7.23 1
11.5 36.4 1
0.875 39 1
4.2 54.8 1
3.33 69.8 1
18.1 82.3 1
19.4 82.3 1
19.4 97.8 0
16.1 97.8 1
50.7 8.18 1
22.3 29.4 1
21.4 16.6 1
40.6 36.8 1
37.2 32 1
44.1 72 0
36.7 72.1 0
45.6 77.2 0
58.4 73.2 0
21.5 73 1
22.8 37.7 1
43.6 81.5 0
47 98.5 0
57 83.6 0
80.6 11.7 1
88.6 17.2 1
62.3 28.1 1
62.3 29.4 1
76.1 55.5 0
75 57.9 0
69.1 41.4 1
86.8 51.6 0
88.3 73.3 0
61.3 37.7 1
62.3 30.8 1
61.3 36.2 1
69 37.7 1
79.6 92.1 0
80 87.9 0
87 83.7 0
73.8 85.4 0
118 28.1 0
118 29.4 0
96.5 28.1 0
118 78.8 1
91.6 39.3 0
162 28.6 0
168 17.9 0
155 3 0
161 51.1 0
151 78.1 0
168 43 0
157 50 0
122 46.8 0
167 72.2 0
165 73.4 0
122 97.8 1
122 82.3 1
121 82.3 1
121 97.8 1
180 23.9 0
178 6.2 0
191 28.4 0
196 20 0
198 55.1 4
179 31.5 0
194 68.8 4
178 89.7 0
195 98.7 0
4.95 2.58 1
0.025 28.7 1
11.9 98.6 1
2.83 90 1
53 1.38 1
37.1 1.15 1
22.1 26.3 1
27.8 50.4 1
28.1 54.3 1
22.3 78.8 1
52.9 78.5 0
31 54.4 1
43.8 98.5 0
58.7 82.3 0
58.7 97.8 0
78.9 9.45 1
88.4 20.9 1
84.5 28.3 0
61.4 8.13 1
61.4 6.58 1
61.5 22.3 1
79.9 41.9 0
71 39.6 1
75.2 39.7 0
61.1 52.1 0
76.8 78.4 0
81.5 90 0
88.7 82.3 0
88.7 97.8 0
101 1.48 0
118 8.13 0
118 6.58 0
98.1 1.48 1
91.3 18 1
119 18.2 0
112 37.5 0
98.3 78.5 1
91.6 53 0
99.1 31.5 0
119 73.3 1
91 31.9 0
98 98.4 1
99 81.6 1
150 17.4 0
127 14.2 0
168 8.98 0
131 28.7 0
122 22.4 0
169 22.7 0
150 20.1 0
153 11.8 0
168 7.43 0
123 41.2 0
159 52.5 0
152 83 0
169 82.3 0
163 98.6 0
169 97.8 0
182 25.6 0
171 7.7 0
171 22.5 0
171 6.15 0
181 8.9 0
172 36.4 0
172 52.9 0
171 31.9 0
172 37.9 0
173 50.8 0
196 45.8 4
190 88.1 4
18.6 22.4 1
18.3 38.9 1
18.6 48 1
18.6 46.7 1
18.3 37.3 1
9.38 91.9 1
56.3 2.48 1
21.3 22.4 1
57.3 8.13 1
21.7 48 1
21.7 46.8 1
53 31.4 1
43 33.4 1
21.4 39.2 1
39.2 90.5 0
54.4 98.3 0
52.8 81.4 0
42.6 87.8 0
23.4 83.7 1
56.1 97.5 0
77.2 28.6 1
76.1 42 0
81.2 39.4 0
88.5 47.2 0
88.5 48.4 0
82.8 78.6 0
87.2 33.3 0
89.1 31.9 0
82.8 98.6 0
82.8 81.4 0
91.9 6.33 1
91.3 21.3 1
119 21.5 0
113 22.9 0
91.9 7.88 1
92.7 76.5 0
119 46.7 0
119 48 0
116 83.4 1
152 9.68 0
143 4.28 0
127 55.5 0
122 52.6 0
169 31.9 0
125 47.6 0
152 98.3 1
166 82.5 0
192 12.3 0
198 18.2 0
173 1.3 0
178 78.4 0
173 76.4 0
8.8 1.25 1
1.78 1.33 1
3.33 38 1
6.1 31.6 1
18.7 74.8 1
13.3 70.5 1
7.88 89.8 1
37 14.1 1
44.5 1.48 1
58.5 6.23 1
59 22.8 1
21.4 9.53 1
57.8 1.1 1
45.4 31.3 1
43.6 35.6 1
57.8 31.1 1
56.3 32.5 1
37 98.5 0
37.1 81.5 0
45 89.8 0
83 1.33 1
75.6 22.1 1
87.8 1.1 1
86.3 2.43 1
88.5 67.1 0
61.1 73.6 0
82.6 31.4 1
60.8 31.9 1
67 50.9 0
72.8 75.2 0
91.1 1.88 1
91.7 74.9 0
119 53 0
91.4 46.9 0
91.4 48.2 0
119 31.9 0
111 98.3 1
102 98.5 1
144 7 0
157 10.1 0
140 10.8 0
151 1.53 0
151 28.6 0
166 6.83 0
157 59.1 0
162 59.5 0
148 70.6 0
130 53 0
121 74.8 1
133 78.4 0
168 33.1 0
163 78.7 0
167 75.1 0
166 76.6 0
160 55.8 0
160 61.5 0
138 84.3 0
165 81.7 0
184 7.95 0
181 71 4
191 78.4 4
172 74.8 0
171 46.9 0
171 48.1 0
192 98.7 0
179 85 0
182 85.1 0
193 90.8 4
178 98.4 0
18.1 28.1 1
8.48 8.4 1
0.825 64.7 1
18.5 67.1 1
9.1 67.6 1
15.8 36.2 1
48.4 12.2 1
44.9 7.78 1
43.8 21 1
47.2 28.8 1
37 28.8 1
58.8 18.2 1
36.9 16.3 1
59 26.1 1
58.5 37.8 1
57.5 76.5 0
58.5 36.3 1
21.8 67.1 1
58.4 74.9 0
21.5 74.7 1
54.5 78.5 0
21.4 36 1
58.6 47.7 1
58.6 46.5 1
21.3 52.8 1
45.1 81.5 0
21.5 97.8 0
45.3 98.5 0
21.5 82.3 1
82.6 9.83 1
74.7 25.8 1
77.8 37 1
61.1 76.8 0
61.5 97.8 0
62.3 81.5 0
77 81.5 0
76.6 98.5 0
116 25.9 0
108 8.7 0
102 4.58 0
99.7 28.3 0
112 1.73 0
108 59.7 0
118 66.9 0
109 53.4 0
118 81.5 1
119 97.8 1
128 18.1 0
155 7.1 0
133 1.53 0
169 1.88 0
122 28.1 0
131 23.6 0
136 8.58 0
137 26.2 0
162 3.63 0
124 14.3 0
124 1.2 0
168 19.6 0
142 26.4 0
152 31.8 0
134 31.5 0
163 31.2 0
138 86.5 1
151 81.5 0
154 98.3 1
128 89.3 1
131 81.7 1
134 98.8 1
166 97.8 0
198 24.9 0
184 3.68 0
171 20.9 0
189 9.55 0
177 31.5 0
197 42.4 4
178 81.4 0
191 81.6 4
171 96.2 0
171 83.7 0
