43 9.65 1
45.5 9.63 1
51.5 5.18 1
53.5 3.9 1
19.2 27.6 1
50.7 14.7 1
36.7 22.1 1
15.2 15.2 1
41.3 7.5 1
55.2 13.6 1
43.4 6.05 1
5.35 26.4 1
25.7 7.45 1
13.1 10.4 1
52.5 12.5 1
19 24.6 1
40.3 29.7 1
48.5 27 1
10.1 35.2 1
32.1 16.9 1
13.5 33.4 1
33.6 26.1 1
0.075 31 1
58.3 28 1
23.3 38.3 1
57.2 3.58 1
10.4 23.8 1
56.9 29.3 1
9.4 7.28 1
7.8 30.6 1
29.6 28.5 1
21.3 36.4 1
42.6 40.3 1
37.6 29.9 1
10.6 29.6 1
15.5 4.28 1
18.8 14.8 1
55.5 36.8 1
19.2 17.1 1
24.3 33.2 1
51.1 23.5 1
47.2 14.7 1
44.1 18.2 1
12 42.4 1
10.2 40.6 1
51.2 40.5 1
11.2 4.23 1
27 27.8 1
13.1 2.98 1
58.6 34.5 1
22.5 18.3 1
37.4 15.3 1
58.6 19.2 1
32.8 1.95 1
5.18 16.6 1
42.1 31.8 1
5.43 40.6 1
24.3 43.8 1
44.3 43.7 1
44.3 1.28 1
57.2 6.95 1
21.2 12.2 1
58.7 11.6 1
51.9 31 1
38.4 42 1
45.1 16.3 1
53.2 36 1
17.4 1.3 1
2.53 22.8 1
24.9 18.1 1
18.7 1.3 1
47.8 36 1
58.7 9.73 1
43.9 37.6 1
1.5 43.6 1
3.25 43.6 1
58.6 21.7 1
58.6 32.6 1
7.33 1.25 1
46.8 43.7 1
46.8 1.28 1
52.1 17.5 1
28.6 23.9 1
14.6 27.4 1
37.3 19.9 1
2.73 28.9 1
4.55 34.7 1
16 7.15 1
9.63 21.6 1
26 2.95 1
23.4 4.25 1
58.4 39.5 0
18.5 42.4 1
29.5 36.3 1
55.9 42.5 0
4.58 5.3 1
17.1 40.5 1
33.3 43.1 1
58.3 26.8 1
56.9 25.4 1
36.6 40.2 1
37.1 37.1 1
0.6 50.7 1
26.1 63.5 0
25.9 86.4 0
35.8 78 0
42.2 51.1 1
53.8 70.4 0
33.7 81.8 0
36.5 84.8 0
37.9 50.6 1
37.6 74.3 0
55.1 84.8 0
9.53 49.9 1
32.6 85.8 0
36.2 95.3 0
42.7 62.1 0
42.5 73.7 0
42 65 0
51.9 66.1 0
55.4 96.1 0
5.95 54.4 1
52.5 84.4 0
2.15 46.5 1
40.1 73.2 0
12.1 97.9 0
25.8 69.3 0
38.6 91.1 0
10.7 86.9 0
34.2 90.8 0
54.3 54.8 0
57.7 69 0
25.6 46.6 1
14.2 47.6 1
18.2 69.1 0
39 70.8 0
22.4 57.5 1
49 74.4 0
44.3 65.8 0
14.7 52.2 1
58.2 52.7 0
57 82.4 0
13.3 54.5 1
26.1 91.4 0
20.1 77 0
58 87.4 0
55.7 77.9 0
50.3 58.2 0
21.9 75.5 0
12.4 81 0
8.48 68.8 1
8.4 79.5 0
46.6 72.4 0
1.63 85.1 1
2.13 59.2 1
3.55 66.2 1
31.9 66.1 0
31.2 78.5 0
29.9 58 1
16.5 59.1 1
1.2 82.2 1
34.3 59.7 0
43.5 54.3 0
29.3 71.8 0
39.8 86.6 0
31.8 70.2 0
0.5 74.2 1
20 63.9 0
30.3 55.4 1
5.48 62.4 1
30.6 93.2 0
32 98.6 0
5.2 89.9 0
17.4 98.6 0
34.8 55.6 0
18.6 98.6 0
59 75.7 0
4.1 79 1
48.3 90.4 0
2.98 70.6 1
6.85 98.5 0
47.1 98.6 0
23.1 46.6 1
26.8 98.6 0
59 73.2 0
16.9 46.2 1
18.1 46.2 1
26 61.1 0
47.9 49.1 0
9.63 63.7 1
4.65 87 0
10.7 76.4 0
13.9 72.5 0
47.7 76.7 0
21.7 96.7 0
23.5 95.4 0
54.7 93.5 0
58 92.5 0
33.1 48.4 1
6.68 73.2 1
51.3 95.7 0
20.8 82 0
56.4 62.6 0
71 22.3 1
65 25.8 1
65.2 28.2 1
77.1 16.2 0
72 28.2 0
69.4 14 1
86.8 3.85 0
79.4 3.18 1
63.8 11.7 1
62.7 25.6 1
68.6 3.8 1
72.9 25.1 1
64.6 40.3 0
88.1 7.5 0
79.8 40.4 0
63.5 38.4 0
78 25.8 0
68.2 29.7 1
82.7 34.7 0
70.3 41.3 0
88.1 18.1 0
63.4 35.3 1
87.2 41.5 0
78.8 29 0
75 41.7 0
61.3 7.03 1
83.1 1.85 0
62.7 19.3 1
71.9 43.3 0
67.8 1.38 1
61.5 17.5 1
75.1 36 0
66.9 18.3 1
61.5 13 1
63.8 2.53 1
83.4 43.5 0
61 2 1
61 43 0
61.2 21.9 1
61.4 32.5 1
76.3 7.63 1
86.4 23.3 0
84.5 21.4 0
86.7 10.4 0
86.7 14 0
80.8 9.23 0
66.9 43 0
62.9 29.2 1
87.1 32.3 0
85.5 34.6 0
76.1 4.58 1
85.8 67.1 0
80.6 58.9 0
84.3 64.9 0
75.8 57.4 0
71.6 70.3 0
78 49.2 0
76.1 51.1 0
72.9 58.4 0
80.7 86.2 0
80.9 64 0
86 53.8 0
88.1 73.9 0
88.5 59.3 0
65.5 83.7 0
71.1 89.9 0
88.1 76.4 0
68.9 65.1 0
87.1 90.1 1
75.7 92.1 0
85.2 79.2 1
75.4 95.2 0
79.7 95.1 1
61.4 74.2 0
63.2 90.4 0
88.5 61.4 0
71.7 46.9 0
61.8 86.8 0
88.6 88 1
87.2 84.3 1
87.2 96 1
82.6 79.9 0
69.5 97.1 0
87.1 81.3 1
63.9 97.2 0
83.5 98.5 1
83.5 46.4 0
61 97.5 0
88.6 52.6 0
61.4 76.7 0
61 47.5 0
61 46.3 0
61.4 66.9 0
70.9 85 0
63.4 64.2 0
69.6 46.9 0
67.9 50.5 0
77.3 96.7 0
68.3 79.7 0
88.6 48.9 0
64.7 54.2 0
65.2 56.2 0
86 46.4 0
88.6 47.6 0
137 7.35 1
197 18.7 0
196 11.9 0
199 6.23 1
184 21.8 0
198 13.7 0
159 23.2 0
109 31 0
136 16 0
153 13.8 0
128 27.9 0
137 22.1 0
108 39.7 0
152 11.1 0
147 34.1 0
93.1 20.1 0
187 40.2 0
190 8.2 1
161 22.1 0
122 4.7 1
180 40.2 0
129 25.8 0
117 10.3 1
135 2.88 1
147 15.4 0
124 43 0
191 25.6 0
158 40.1 0
183 9.28 0
132 19.3 0
96 42 0
182 11.5 0
164 33 0
163 26.4 0
92.4 41.7 0
130 19.4 0
135 23.2 0
127 12.6 0
106 14.2 0
100 30.7 0
129 13.5 0
165 5 1
178 28.4 0
158 35.8 0
158 4.33 1
156 23 0
191 19.6 0
141 14.7 0
132 24.4 0
91.7 17.9 0
153 24 0
93.2 39 0
164 43.1 0
170 7.75 0
98.7 4.08 0
123 7.58 1
106 9.25 0
152 22 0
193 30.4 0
104 20.4 0
149 16.9 0
121 12.3 0
157 6.98 0
117 19.1 0
172 42.5 0
154 36.2 0
91.4 26 0
176 26.7 0
167 26 0
151 40.5 0
137 37.6 0
111 20.1 0
196 23.8 0
187 28.7 0
127 15.5 0
155 20.9 0
157 1.23 1
190 15.6 0
108 24.1 0
166 41.9 0
98.4 32.2 0
115 25.4 0
135 36.5 0
117 26.8 0
185 11.3 0
177 23.9 0
143 16.6 0
171 25.4 0
161 9.15 0
116 42.1 0
174 1.65 1
116 37.7 0
136 43.6 0
185 43.5 0
98.3 34.6 0
152 29.3 0
118 43.6 0
173 1.65 1
91.4 22.2 0
114 1.45 1
180 1.63 1
105 43.5 0
174 28.1 0
182 43.5 0
106 25.2 0
130 43.7 0
92.6 8.4 0
115 43.6 0
104 1.33 0
128 43.7 0
91.3 6.73 0
115 20.8 0
117 1.45 1
96.5 1.08 0
157 43.7 0
92 3.08 0
91.2 32.8 0
91.8 0.85 0
90.9 43 0
155 1.23 1
91.3 10.2 0
155 43.7 0
91.3 12.1 0
94.7 1.08 0
199 43.7 0
146 41.9 0
156 31.9 0
183 4.43 1
103 32.4 0
106 41.1 0
148 43.4 0
126 33.2 0
145 35.7 0
185 1.6 1
182 20.6 0
173 38.5 0
132 10.4 1
134 11.1 0
112 11.8 0
114 10.2 0
178 35.1 0
176 36 0
187 1.6 1
91.8 28.4 0
122 41.6 0
98.2 42 0
110 36 0
117 15.4 0
198 33.1 0
198 31.1 0
128 5.95 1
128 3.88 1
151 37.5 0
116 31.8 0
178 41.8 0
177 40.5 0
128 24 0
104 36.9 0
101 37.6 0
96.1 7.55 0
97.8 9.38 0
99.7 7.88 0
188 76.4 0
188 84.8 0
144 51.7 0
200 75.1 0
167 62.2 0
150 69 0
114 49.5 0
172 84.5 0
136 79.9 0
194 81.5 0
112 50.6 0
159 82.1 0
114 52.5 0
185 50.1 0
173 80 0
149 89.2 0
119 72.3 0
151 65 0
161 83.9 0
107 91.9 0
122 71 0
173 63.2 0
166 66.6 0
169 55.2 0
112 53.6 0
160 86.3 0
162 50.1 0
160 95.3 0
103 62 0
194 78.1 0
121 80.9 0
159 92.6 0
189 56.5 0
129 52 0
165 49.4 0
101 83.8 0
120 94.8 0
123 61.5 0
187 70.5 0
173 46.9 0
131 52.6 0
141 65.4 0
188 60.7 0
127 86.8 0
171 97.2 0
179 55.1 0
142 67.3 0
110 60.1 0
173 68.4 0
139 58.4 0
122 94.9 0
190 71.9 0
110 57.5 0
99.6 72.9 0
114 67 0
153 81.9 0
122 68.2 0
184 54.8 0
105 47 0
132 78.6 0
101 66.2 0
115 83.1 0
164 60.3 0
176 73.1 0
157 98.5 0
135 72.8 0
99.7 50.2 0
119 64.8 0
133 62.4 0
113 80.3 0
164 51.7 0
98.4 48.3 0
110 80.8 0
164 95.5 0
175 91.2 0
182 67.1 0
159 64.1 0
124 46.4 0
124 98.7 0
108 62.2 0
129 58.2 0
172 70.7 0
123 98.7 0
140 46.4 0
107 77 0
171 93 0
181 56.4 0
137 74.7 0
185 98.4 0
97.2 75.2 0
119 91.8 0
98.2 79.9 0
107 56.5 0
110 83.6 0
126 64.7 0
161 75.5 0
98.6 85 0
133 56 0
181 72.7 0
93.4 51.8 0
163 76.2 0
175 61.3 0
154 60.3 0
197 62.4 0
142 63.1 0
175 58.1 0
117 53.4 0
114 98.6 0
161 90.8 0
93.2 55.5 0
126 59.9 0
91.9 93.3 1
131 98.4 0
193 98.3 0
153 58 0
132 85.5 0
196 59.8 0
116 46.2 0
197 89.1 0
119 83.9 0
129 92.9 0
97.1 98.3 0
167 46.6 0
91.4 86.7 1
127 46.4 0
193 52.7 0
91.4 58.7 0
193 46.3 0
91.4 77 0
155 98.5 0
123 91.9 0
127 98.7 0
157 46.3 0
117 98.6 0
90.9 46.3 0
155 46.3 0
118 46.2 0
103 98.6 0
104 98.6 0
200 71.8 0
102 78.4 0
157 86.2 0
157 83.8 0
195 70 0
115 61.9 0
166 82.5 0
170 78.9 0
191 81.5 0
93.6 62.9 0
91.4 60.9 0
144 86.4 0
191 46.3 0
190 48.3 0
190 58.8 0
137 89.1 0
176 97.4 0
152 79 0
137 49.6 0
136 46.3 0
94.1 66.7 0
122 47.6 0
121 46.2 0
94.6 74.8 0
103 58.8 0
169 84.5 0
141 73.6 0
196 52.2 0
94.5 82.2 1
161 71.3 0
101 90.7 0
91.6 48.8 0
92.5 47.5 0
91 97.5 1
92.9 95.8 0
186 48.3 0
143 74.9 0
196 49.4 0
1.78 13.5 1
8.3 11.2 1
55.2 26.2 1
31.1 33.7 1
15.6 21.7 1
41.7 25.5 1
2.53 16.2 1
5.88 30.4 1
13.5 8.25 1
16.6 15.8 1
43.8 24.5 1
22.1 40.7 1
32.9 18.9 1
36.1 11.1 1
25 22.3 1
49.8 25.5 1
11.5 33.5 1
15.8 33.3 1
9 25.4 1
11.6 20.7 1
36.9 8.65 1
56 5.05 1
57.1 41.4 0
43.7 41.8 1
42.7 2.53 1
26.5 8.93 1
16.4 2.53 1
56.8 18.2 1
13.2 40.5 1
39.5 37.1 1
9.63 31.1 1
35 3.2 1
9.15 15.2 1
57 35.8 1
17 18 1
40.1 40.2 1
7.23 42 1
49.8 21.3 1
22.6 22.5 1
0.675 28.8 1
11.3 16.6 1
12.5 1.23 1
41.5 34 1
53.4 43.4 1
11.4 38.7 1
48.4 33.6 1
30 41.9 1
6.08 20.1 1
25.1 37.3 1
10.7 2.48 1
20.4 9.65 1
26.3 16.6 1
31.4 1.95 1
31.8 43.1 1
58.4 37.8 0
26 14.4 1
23.7 12.1 1
58.8 43 0
58.8 2 1
50 37.1 1
51.8 35.2 1
45.8 36.8 1
50.8 33.1 1
4.28 42.4 1
58.7 7.98 1
38.5 13.4 1
9.08 1.25 1
36.8 43.6 1
37.2 1.25 1
28.2 43.8 1
28.5 25.8 1
13.1 24.4 1
16.6 28.7 1
5.93 37.6 1
26 29.8 1
23.9 31 1
13.5 14.9 1
35.9 18.2 1
1.6 2.18 1
4.5 28.6 1
5.83 7.7 1
5.23 9.98 1
1.48 35.9 1
45.9 26.6 1
8.28 21.2 1
28.8 3.6 1
16.9 43.9 1
18.1 43.9 1
45 31 1
16.1 42.1 1
17.6 37.3 1
2.28 49 1
25.6 89.1 0
22.8 88.7 0
13.1 49.6 1
44.5 82.9 0
27.6 48.5 1
13.4 63 1
37.4 80.7 0
6.5 85.3 0
40.4 58.4 0
16 91.5 0
27.6 65.3 0
10.6 79 0
1.4 96.9 1
37.8 96.7 0
9.8 96.4 0
15.1 61.2 1
8.6 87.6 0
38.2 88.5 0
2.7 91.2 1
15 94.7 0
55.6 49.4 0
25.4 66.8 0
55.1 80.7 0
27.6 54.1 1
11.1 48.4 1
3.15 98.5 0
56.8 52 0
36 52.5 1
0.75 88.9 1
29.5 46.9 1
18.3 64.7 1
22.4 55 1
2.3 67.8 1
16 81.1 0
15.8 69 0
22.3 71.7 0
52.5 81.3 0
16.9 83.7 0
8.88 57 1
18.4 77.2 0
43.3 98.3 0
58.4 83.5 0
2.23 86.1 1
45.4 96.8 0
51.8 93.2 0
47.1 62 0
20.4 58.6 1
7.65 90.4 0
40.3 92.2 0
21.8 63.7 0
57 76.3 0
25 78.5 0
30.6 96 0
42.3 86.3 0
31.9 58.4 0
56.6 64.9 0
12.2 46.4 1
58 91 0
5.48 65.1 1
6.38 80.3 0
8.3 59.5 1
32.3 55.8 1
46.3 54.1 0
58 88.9 0
8.03 66.4 1
8.6 98.5 0
58.8 47.5 0
58.8 46.3 0
2.98 75.2 1
31.7 46.9 1
46.1 91.3 0
44.1 89.9 0
58.8 97.5 0
58.7 66.8 0
28.3 98.6 0
24 59.6 1
20 96.7 0
46.3 50.8 0
53.1 48.1 0
51.9 50.5 0
42.8 80.6 0
14.1 87.7 0
36.7 48 1
40.1 95 0
23.2 98.1 0
25.1 96.7 0
43.7 48.5 0
46.8 68.8 0
57.4 58.1 0
52.9 97.2 0
19.4 47.8 1
26.9 83.7 0
30.5 83.5 0
6.63 47.8 1
22.4 83.2 0
55.2 60.9 0
57.4 60.3 0
73.5 10.7 1
78.2 13.7 0
80.9 13.2 0
82.2 31.4 0
70.9 4.15 1
71.6 17.7 1
68.3 22.7 1
65.3 8 1
69.1 16.2 1
64.4 41.9 0
80.7 36.4 0
62 37.4 0
86.7 16.1 0
77.5 1.33 1
76.7 43.4 0
75.7 33.8 0
81.8 3.18 0
88.5 37.9 0
68.4 43 0
72.4 36.8 0
88.8 2 0
88.8 43 0
88.6 12.3 0
62.5 43.9 0
62.5 1.15 1
88 26.4 0
88 27.7 0
88.4 33.1 0
86.9 35.4 0
73.7 1.73 1
83.5 71.1 0
84 57.4 0
76.2 69.3 0
64.8 49.9 0
80.3 88.5 0
73 83.6 0
63.4 52.5 0
88.4 66.2 0
82.4 90 1
80.1 50.5 0
76.7 76 0
72.4 81.4 0
87 64 0
80 72.1 0
85.4 89.5 1
62.1 60.9 0
63.8 84.6 0
68.7 77.5 0
63.4 73.7 0
75.3 81.9 0
75.9 84.1 0
74.8 48.5 0
62 82.8 0
76.6 46.7 0
62.1 58.7 0
82.8 84.5 0
68.9 68.6 0
62.5 46.9 0
61.8 88.3 0
88.8 97.5 1
67.9 98.6 0
61.4 92.2 0
88.5 92.1 1
62.5 98.6 0
88.6 82.7 1
71.6 98.5 0
62.5 45.6 0
87.3 47 0
97.4 20.6 0
99.2 19.2 0
160 39.5 0
148 12.9 0
145 43.5 0
101 25.9 0
103 24.5 0
155 15.9 0
184 29.4 0
142 34.4 0
168 3.23 1
138 20.1 0
122 19.9 0
94.9 14.3 0
183 40.3 0
94.1 40.9 0
102 40.4 0
136 29.9 0
112 17.8 0
118 12.9 0
134 32 0
120 25.3 0
161 5.13 0
146 3.78 1
114 35.8 0
151 26.9 0
157 41.7 0
170 4.88 1
135 18.4 0
176 38.2 0
159 13.4 0
110 14.7 0
118 41.9 0
168 20.5 0
185 41.9 0
169 15.1 0
105 15.6 0
185 36 0
134 25.4 0
181 35.9 0
157 2.78 1
183 34.4 0
193 12.7 0
171 14.2 0
163 3.58 1
148 29.8 0
99.8 15.2 0
137 40.5 0
168 8.13 0
192 23.6 0
195 43.7 0
196 1.9 1
97.2 2.75 0
188 26.4 0
148 2.05 1
160 7.78 0
147 27.4 0
113 3.38 1
161 36.4 0
107 11.5 0
92.9 35.9 0
109 21.2 0
105 3.25 0
188 22.3 0
116 40.4 0
190 29.5 0
193 1.9 1
166 11.1 0
113 26.4 0
191 17.2 0
91.7 37.7 0
159 28.7 0
190 21.4 0
171 32.1 0
92.9 30.4 0
168 28.3 0
182 41.9 0
104 42.1 0
163 19.8 0
188 35.6 0
141 25.6 0
102 1.33 0
112 28.5 0
167 13.3 0
144 24.8 0
118 36.2 0
200 41.8 0
135 42 0
185 15.5 0
173 43.7 0
97.9 13.4 0
144 1.73 1
124 1.25 1
121 30.3 0
125 15.6 0
176 17.8 0
172 22.8 0
178 16.9 0
122 1.25 1
140 1.73 1
131 1.4 1
176 20.8 0
133 40.6 0
177 22.1 0
161 28.9 0
94.3 8.18 0
109 1.93 1
129 16.4 0
149 36.4 0
123 28.5 0
188 30.8 0
144 22 0
127 1.25 1
133 38 0
197 43.7 0
187 11.8 0
140 43.5 0
90.7 2 0
145 39.5 0
156 34.4 0
193 40.6 0
193 38.1 0
149 41.8 0
130 32 0
128 31 0
128 34.3 0
120 41.9 0
181 18.2 0
180 20.4 0
191 3.5 1
123 22.4 0
138 3.13 1
189 41.7 0
93.2 26.9 0
167 31.8 0
169 33.7 0
165 25.1 0
116 16.9 0
172 9.63 0
149 18.9 0
128 2.65 1
195 33.2 0
195 31.1 0
199 36.3 0
154 42.2 0
115 28.9 0
178 43.5 0
130 22.6 0
190 77.9 0
192 76.2 0
147 66 0
129 49.5 0
131 48.2 0
179 93.7 0
132 50.1 0
149 70.9 0
133 80.8 0
169 71.9 0
124 84.6 0
133 69.6 0
189 90 0
104 89.3 0
168 74.3 0
175 78.4 0
144 49.2 0
155 68.4 0
181 87 0
180 97.5 0
196 83 0
151 62.9 0
158 96.7 0
173 98.5 0
163 47.9 0
103 64.1 0
114 89.3 0
199 95.9 0
177 46.9 0
184 71.2 0
109 68.3 0
123 59.5 0
166 53.8 0
191 91.3 0
107 70.7 0
163 83.5 0
155 90.5 0
140 52.3 0
153 67.4 0
175 46.9 0
96.2 48.3 0
106 64.5 0
113 68.3 0
130 72.2 0
182 78.7 0
132 73.9 0
138 55.9 0
162 57.7 0
114 70.9 0
178 69.5 0
121 51.5 0
184 76.6 0
126 74.8 0
141 59.2 0
123 53.1 0
117 56 0
129 55.7 0
97 82.5 0
148 79.4 0
178 72.1 0
128 60 0
148 86.4 0
174 83.1 0
113 92.3 0
103 84.7 0
198 55.7 0
149 82.3 0
116 48 0
172 91.1 0
130 65.8 0
101 70.8 0
180 62.4 0
116 64.7 0
129 95.6 0
136 59.4 0
162 73 0
162 96.8 0
188 98.4 0
184 91.7 0
113 96.8 0
99.6 88.9 0
159 50.1 0
152 49.5 0
116 91 0
128 64.9 0
131 97 0
161 88.8 0
139 96.6 0
106 96.8 0
112 73 0
164 73.7 0
105 86.2 0
146 61.5 0
133 95.3 0
168 98.7 0
114 77 0
95.3 98.3 0
136 65.5 0
137 98.4 0
91.8 53.2 0
145 72.9 0
93.3 90.1 0
146 98.6 0
152 51.9 0
100 96.9 0
159 78.5 0
91.9 91.9 0
154 53.8 0
164 78.4 0
121 90.2 0
127 53.5 0
135 62.8 0
131 63.1 0
197 98.3 0
127 91.5 0
148 98.6 0
140 98.3 0
159 57.7 0
196 46.3 0
121 86 0
149 46.3 0
194 46.3 0
124 81.5 0
183 95.8 0
182 93.6 0
152 91.7 0
184 68.9 0
187 68.2 0
179 48.7 0
167 87.8 0
169 80.4 0
156 71 0
190 82.6 0
181 46.8 0
106 49.3 0
142 88.9 0
140 89.9 0
152 95.1 0
175 98.5 0
171 50.1 0
190 98.4 0
191 96.6 0
130 69.5 0
135 48.2 0
109 72.8 0
113 85.1 0
92.2 65.7 0
184 83.4 0
119 76.7 0
93.3 75.3 0
91.9 73.2 0
151 54 0
103 47 0
101 49 0
98.7 56.9 0
168 82.9 0
91.4 84.2 0
146 46.3 0
100 76.1 0
166 91.3 0
93.4 50.2 0
94.3 48.9 0
91.8 98.6 1
93.7 96.9 0
171 57.3 0
169 61 0
131 90.7 0
167 48.2 0
143 78.1 0
197 47.8 0
199 46.5 0
38.8 28.1 1
39.8 23.8 1
35.4 25.1 1
13.7 22.5 1
41.5 27.9 1
55.2 28.8 1
31.1 26.6 1
43.8 22.5 1
28.7 30.5 1
12.5 12.5 1
37.3 23.1 1
52.8 25.1 1
31 15.7 1
35 33.4 1
48 7.75 1
50.6 8.15 1
31.7 12.7 1
43.8 4.45 1
39.5 35.2 1
10.2 20.3 1
9.48 13.1 1
41.9 10.8 1
51.5 27 1
23.7 42.3 1
19.6 40.8 1
37 31.9 1
10.8 27.4 1
58.6 24.9 1
20.9 17.1 1
43.7 19.2 1
29.6 11.8 1
22.9 20 1
19.7 13.6 1
48.8 14.6 1
20.8 23.6 1
11.1 6.63 1
52.6 29.4 1
23.1 35.3 1
40.9 13.1 1
8.5 40.8 1
50.2 42.1 1
40.2 8.63 1
11.8 43.8 1
51.4 19.7 1
1.3 41.9 1
45.2 20.5 1
10.2 18.1 1
25.3 19.8 1
22.2 8.43 1
3.08 40.6 1
19.3 1.3 1
58.6 23 1
8.05 16.8 1
18.9 9.03 1
5.85 17.9 1
47.4 20.9 1
40.9 1.25 1
24 13.7 1
48 1.28 1
7.15 43.8 1
24.1 9.9 1
48 43.7 0
58.6 30 1
38.3 1.25 1
58.6 31.8 1
58.8 43.9 0
58.8 1.15 1
50.9 5.45 1
27.1 22.8 1
13.2 26.8 1
4.23 37.6 1
37.9 20.9 1
3.45 35.5 1
4.13 23.2 1
47.2 25.2 1
16.9 7.33 1
27.5 1.65 1
5.75 3.15 1
2.53 4.08 1
3.85 5.33 1
58.7 12.4 1
56.9 13.8 1
8 37.7 1
10.2 37.1 1
21.3 1.3 1
35 41.7 1
19.5 37.6 1
35.7 82.5 0
39.9 50.9 1
29.3 75.3 0
29.5 72.7 0
4.1 50.3 1
14.3 64.5 1
56.4 85.9 0
16.4 96.8 0
13.1 96.1 0
36.3 87.4 0
34.8 49.9 1
34.1 88.4 0
11.3 62.4 1
1.75 78.9 1
17.6 67.2 1
54.4 53.2 0
6.38 56 1
13.3 56.9 1
11.8 86.6 0
57.2 96.3 0
16.2 52.5 1
13.8 81.7 0
34 95.4 0
22 60.8 1
6 52.2 1
38.7 65.9 0
37.9 58.3 0
14.8 46.2 1
4.98 47.8 1
54.9 56.8 0
41.8 55.9 0
19.8 70.7 0
35.7 76.1 0
22.2 74.3 0
1.08 76.2 1
15.2 67.1 1
24.9 70.8 0
33 70.1 0
32.9 92.5 0
48.6 58.1 0
35 71.4 0
35.7 64.2 0
49.7 66.2 0
43.6 78.3 0
52.8 58.4 0
15.3 58.8 1
9.53 70.8 1
31.4 81.2 0
46.5 71.5 0
4.18 58.5 1
25.2 55.2 1
50.5 85.8 0
32.4 97.4 0
35.5 61.5 0
24.8 81.2 0
58.1 78.1 0
5.73 60.4 1
4.33 73 1
19.1 52.2 1
4.93 98.5 0
16.3 46.2 1
35.8 54.1 0
28.6 97.4 0
22 46.6 1
48.4 98.6 0
57.7 70.1 0
59 72 0
58.8 98.6 0
58.8 45.6 0
25.6 58.4 1
27.6 59.8 0
47.5 82.3 0
41.8 60.2 0
10.3 75 0
19.9 91.9 0
41.3 81.8 0
15.3 72 0
11.8 72.7 0
48.8 47.4 0
18.9 82.1 0
48.9 79.9 0
56.5 93.7 0
8.03 73.1 1
15.3 85.3 0
45.5 66.9 0
58.8 60.8 0
58.8 58.6 0
19 49.5 1
20 46.6 1
29 84.5 0
7.88 49.8 1
76.3 11.1 1
69.8 31.1 0
69.4 33.9 0
74.1 24.2 1
84.6 16.7 0
77.3 24.1 0
67.8 5.4 1
76.9 18.2 0
79 21.1 0
71.9 39.7 0
80.1 41.9 0
72.2 1.73 1
65.2 12 1
73.6 41.7 0
63 6.73 1
86.9 37.1 0
88 25.8 0
68.7 12.9 1
67 2.98 1
82.2 43.5 0
61.2 25 1
64.7 18.9 1
64.5 4.13 1
61.5 16.2 1
61.4 29.9 1
88.6 15.5 0
61.2 23.1 1
61.4 31.7 1
88.8 1.15 0
61.4 43.9 0
61.4 1.15 1
88.8 43.9 0
88.6 13.1 0
77.8 8.9 1
88 23.9 0
84 20.1 0
85.5 29.1 0
85.9 31.2 0
80.3 10.2 0
61.5 13.8 1
86.7 9.35 0
76.1 3.05 1
83.9 68.3 0
78.2 58.6 0
72.9 72.4 0
75.9 54.8 0
79.1 65.6 0
70.6 56.2 0
77.7 79.9 0
63.9 57 0
84.1 54.7 0
78.7 70.2 0
86.1 72.8 0
86.6 58.6 0
76.2 66.2 0
73.2 75.3 0
61.4 48.1 0
65.1 63.1 0
71.8 89.3 0
72.8 62 0
73.3 48.5 0
87 62.6 0
83.3 97.2 1
86.6 78 0
74.6 90.5 0
62 81.7 0
63.4 79.5 0
62 72 0
86.9 87.4 0
65 91.2 0
78.2 98.1 0
63.4 70.1 0
68 92.2 0
85.4 85.2 0
61.4 78 0
68.7 95.3 0
64.6 95.4 0
67.1 96.8 0
63.2 92.9 0
85.8 95.8 1
82.3 46.4 0
88.6 51.5 0
61.4 98.6 0
88.8 98.6 1
88.6 81.7 0
88.6 49.5 0
61.4 68 0
61.4 45.6 0
88.8 45.6 0
81.5 61.3 0
65.4 77.8 0
63.4 76.2 0
70.8 86 0
80.4 80.5 0
68.9 48.9 0
78.5 85.1 0
80.7 53.6 0
81.6 95.3 1
94.9 20.1 0
148 39.5 0
106 30 0
199 30.1 0
137 7.4 0
180 11.1 0
183 28.4 0
188 1.6 1
110 39.6 0
181 27.3 0
196 16.5 0
105 31.6 0
122 40.1 0
199 3.78 1
184 22.8 0
194 42.3 0
105 5.43 0
98.9 25 0
126 28.4 0
125 32.2 0
101 28.6 0
167 5.25 0
115 23.4 0
125 18 0
177 3.28 1
196 38 0
147 31.7 0
178 11 0
157 23.7 0
165 32.5 0
116 34.2 0
179 28.9 0
167 40.2 0
168 42.1 0
145 5.33 1
198 41.8 0
149 27.3 0
175 1.65 1
156 14.3 0
111 36.2 0
184 8.13 0
118 25.9 0
128 37.3 0
134 28.6 0
152 25.6 0
113 18 0
162 22.1 0
173 21.8 0
151 4.83 1
171 40.9 0
99.4 43.3 0
183 37.5 0
190 27.1 0
99.9 3 0
135 1.4 1
123 9.35 0
141 29.7 0
132 30.7 0
162 43.1 0
123 32.4 0
101 8.08 0
184 31.8 0
150 29.8 0
119 3.5 1
110 12.1 0
142 32 0
106 20.1 0
160 10.8 0
104 8.33 0
166 21 0
93.8 3.9 0
95.4 2.75 0
176 8.88 0
171 38.6 0
172 30.3 0
109 23.3 0
153 37.2 0
126 8.05 1
195 1.9 1
91.8 29 0
105 25.6 0
154 18.9 0
130 17.6 0
169 38 0
180 1.63 1
173 28.6 0
107 1.93 0
145 26.4 0
113 20.3 0
122 12.1 0
98 10.9 0
93.1 6.5 0
193 16 0
145 8.5 0
135 34.9 0
154 1.23 1
118 1.45 1
127 43.7 0
91.2 31.9 0
143 20.9 0
114 43.6 0
131 43.7 0
175 43.7 0
187 14.9 0
91.4 23.5 0
91.4 25.4 0
126 1.25 1
124 1.25 1
90.9 43.9 0
90.7 1.15 0
130 11 0
198 9.73 0
155 30.5 0
183 4.75 1
185 3.13 1
105 39.6 0
140 9.18 0
190 1.6 1
138 23 0
190 40.3 0
124 43 0
126 41.6 0
103 22.2 0
120 19.8 0
121 37.1 0
179 34 0
93.5 17.8 0
95.4 16.4 0
111 42 0
151 21.7 0
111 1.93 1
121 3.3 1
122 1.25 1
191 36.4 0
189 37.3 0
171 11.3 0
148 18.7 0
150 19.8 0
199 34.5 0
155 40.2 0
155 6.98 0
153 7.48 0
93.2 12.7 0
116 30.3 0
172 3.45 1
176 42.2 0
126 23.7 0
103 35.4 0
101 36.1 0
162 15.5 0
187 48.6 0
171 85.5 0
186 91.9 0
177 56 0
178 96 0
173 76.8 0
147 70.6 0
189 87.7 0
170 87.8 0
187 98.4 0
178 48.7 0
171 53.3 0
134 72.3 0
177 89.9 0
139 49.8 0
156 75.3 0
173 64.6 0
122 66.9 0
114 60.9 0
172 72.1 0
183 85.3 0
148 63.1 0
110 48.8 0
178 86.8 0
189 56.4 0
157 92.1 0
120 64.6 0
124 65.4 0
112 90.6 0
188 62 0
115 72.8 0
122 49.1 0
139 65.2 0
184 80.8 0
159 66.5 0
114 94.7 0
159 81.4 0
166 74.4 0
131 54.7 0
122 63.1 0
174 74.2 0
147 53.8 0
141 47.9 0
105 94.9 0
120 79 0
127 77.9 0
106 54.6 0
171 97.2 0
98.9 66.8 0
145 95.4 0
142 71.7 0
166 77.3 0
143 68.8 0
138 75.2 0
161 68.1 0
123 96.9 0
95.1 69.8 0
145 58 0
99.5 47 0
181 57.6 0
146 92.8 0
163 60.3 0
136 56.9 0
106 77.2 0
138 82.7 0
126 46.4 0
149 97.2 0
182 90.2 0
119 51.9 0
124 46.4 0
192 71.4 0
186 75.8 0
154 98.5 0
152 55.9 0
120 96.8 0
130 78.1 0
182 74.3 0
158 47.8 0
161 77.5 0
141 61.5 0
114 78.9 0
182 60.5 0
141 82.1 0
128 86.9 0
100 85.9 0
107 98.3 0
129 62.3 0
177 61.3 0
189 64.6 0
98.5 98.3 0
125 98.7 0
113 74.9 0
126 98.7 0
111 98.3 0
109 98.3 0
125 92.5 0
102 98.6 0
118 98.6 0
195 98.3 0
155 46.3 0
120 46.2 0
119 46.2 0
91.4 88.2 0
91.4 78.3 0
90.7 98.6 1
90.9 45.6 0
197 76.4 0
121 55.6 0
198 71.2 0
103 54.3 0
150 90.6 0
103 78.4 0
106 91.8 0
104 90.3 0
142 51.8 0
142 49.3 0
170 77.2 0
93.6 61.5 0
153 75.5 0
105 50.9 0
143 86.4 0
190 46.3 0
191 52.7 0
194 65.7 0
138 88.1 0
172 48.5 0
191 94.5 0
185 98.4 0
95.4 67.2 0
117 77.1 0
119 73.9 0
198 89.6 0
117 83.3 0
101 57.1 0
168 85.4 0
160 70.6 0
98.4 77.2 0
194 89.4 0
102 91.7 0
158 53.3 0
157 61.1 0
159 62.8 0
190 49.9 0
133 91.8 0
169 49.8 0
38 25.8 1
1.05 13.2 1
55.4 5.33 1
49.7 11.9 1
46.1 22.8 1
19.7 27.6 1
31.1 32.9 1
47.5 9.88 1
14.4 8.43 1
56.9 25.7 1
52.1 10.8 1
5.3 25.3 1
34.9 10.3 1
32.5 18.9 1
55.5 20.1 1
46.6 3.2 1
37.8 34.3 1
35.8 35.9 1
16 29.1 1
51.4 31.5 1
35.7 7.88 1
53 20.8 1
17 4.45 1
17.1 21.7 1
45.2 40.3 1
33.5 41.7 1
28.3 16.1 1
20.3 4.88 1
34.5 5.15 1
44.7 17.3 1
18.6 3.23 1
32.3 3.9 1
21.5 14.9 1
28 14 1
57.3 22.4 1
41.9 43.1 1
25.6 40.9 1
21.9 43.5 1
42 3.18 1
39.9 41.7 1
19.9 42.4 1
13.1 43.8 1
20.6 7.8 1
52.1 43.4 0
58.2 16.5 1
29.4 40.6 1
16.3 43.9 1
8.43 42.5 1
10.8 2.48 1
15.2 1.23 1
58.7 7.98 1
13.8 1.23 1
39 14.6 1
18.8 43.9 1
28.5 37.9 1
9.25 1.25 1
9.85 43.8 1
5.5 43.8 1
27.6 42.4 1
37.8 43.6 1
52.9 4.18 1
49.7 3.13 1
27 24.8 1
23 31.2 1
14.9 15.5 1
36.5 19.2 1
5.1 7.73 1
4.5 10 1
7.58 24.8 1
41 20.3 1
57 34.7 1
5.43 21.7 1
47.6 32.7 1
4.43 1.9 1
15.5 42.1 1
13.8 41.9 1
43.9 33.5 1
45.8 34.6 1
44.4 28.9 1
45.6 31.6 1
22.4 2.95 1
0.35 48.8 1
14.9 55.1 1
13.7 48.1 1
43 84.1 0
27.2 50 1
15.5 49.9 1
19.4 56.2 1
42.5 73.4 0
40.1 72.9 0
19.4 66.9 0
31.3 76.5 0
9.73 87.3 0
28 52.9 1
49.7 83.4 0
52.8 73.7 0
32.6 67.2 0
46.4 92.2 0
34.9 66.1 0
40.9 64.5 0
16 62.7 1
37.8 98 0
7.78 66.6 1
48.9 73.5 0
53.5 71.2 0
21.6 87.8 0
13 84.3 0
39.4 68.1 0
22.2 98.1 0
37.7 60.4 0
33.4 75.1 0
55.3 74.9 0
56.4 80.4 0
45.9 95.4 0
20.1 64.5 0
39 70.5 0
13.9 98.2 0
55.4 63.1 0
15.3 98.2 0
7.83 91.4 0
47.1 60.2 0
51.1 81 0
48.3 64.3 0
42.7 86.9 0
24.5 68.2 0
20.4 53.9 1
37.8 46.5 1
18 79.6 0
5.55 46.3 1
17.2 47.9 1
51.5 66.7 0
25.8 77.7 0
58.4 82.5 0
56.5 92.3 0
10.6 57.4 1
57 88.5 0
46.6 55.6 0
43.9 89.1 0
58.6 51.8 0
52.2 98.7 0
50.6 97.3 0
42.2 46.8 1
42.1 98.3 0
10 59.9 1
37.1 76.7 0
58.7 67.9 0
19.6 95.2 0
20.2 98.1 0
52.4 46.6 0
51.2 49 0
17.6 92 0
14.1 89.6 0
40 96.3 0
21.2 84.4 0
48.6 91.3 0
8.65 46.3 1
9.48 48.2 1
7.2 46.3 1
48 78.2 0
8.18 96.6 0
29.4 92.4 0
27.3 91.7 0
48.6 68.3 0
9.38 94.5 0
19.7 48.3 1
58.6 49.7 0
57.4 48.5 0
26.2 94.6 0
80.6 31.6 0
78.6 30.3 0
72.2 21.4 1
65.2 28.1 1
79.5 15 0
83.9 30.2 0
70.1 5.75 1
86 41 0
65 25.7 1
80.5 20.2 0
78.4 17.3 0
64.8 34.1 1
73.3 18.4 1
72.3 30.4 0
62.8 29.1 1
64.8 40.3 0
63.4 37.7 0
79.3 34.8 0
77.2 33.5 0
72.2 35.5 0
63.5 17.1 1
82.1 14.5 0
77.8 43.4 0
78.6 1.33 1
81.2 1.33 1
86.9 28.1 0
87.3 32 0
63 13.4 1
84.1 8.08 0
88.1 7.5 0
86.8 4.9 0
84.3 5.08 0
71.1 77.1 0
73 79.4 0
72.7 54.4 0
75.1 71.1 0
76.6 78 0
72.9 84.7 0
78.3 56.1 0
79 74 0
63.2 49.6 0
71.5 50.6 0
61.8 52.2 0
74.2 95.2 0
85 60.8 0
80.7 83.4 0
82.4 92.1 1
63.8 61.3 0
75 64.2 0
85.3 91.6 1
78.7 88.8 0
88.1 71.4 0
88.4 67.3 0
68.2 63.8 0
80.2 48 0
69.7 90.6 0
82.3 98.7 1
77.7 46.7 0
87.3 48.2 0
87 93.3 1
88.6 79 0
79.1 61 0
80.6 96.8 1
182 21.5 0
186 3.13 1
197 40.4 0
187 43.4 0
117 23.6 0
104 29.1 0
181 17.2 0
134 11.6 0
119 21.8 0
176 5.58 0
113 36.9 0
98.6 17.2 0
147 11.9 0
107 23.9 0
102 3.5 0
117 9 0
160 41.1 0
169 17.1 0
169 19.7 0
199 25.3 0
138 30.5 0
127 30 0
105 27.5 0
110 16.8 0
120 12.7 0
186 43.4 0
99 22.8 0
175 35.1 0
122 23.4 0
109 31 0
108 43.4 0
145 30.9 0
175 17.3 0
136 14.8 0
183 15.8 0
94.4 34.2 0
169 43.4 0
128 35.4 0
139 37.4 0
101 41.8 0
139 40.3 0
142 36.7 0
182 25.3 0
135 17.1 0
147 16.1 0
177 27.2 0
158 43 0
178 13.3 0
95.1 26.5 0
170 28.4 0
160 3.58 1
113 4.8 1
127 10.5 0
178 1.63 1
172 26.8 0
107 17.9 0
140 3.25 1
98.3 1.68 0
162 2.03 1
94.4 30.7 0
122 26.9 0
153 2.78 1
141 4.8 1
105 10.6 0
168 10 0
112 26 0
118 43.3 0
175 37.3 0
159 9.38 0
182 3.15 1
169 35.9 0
173 9.05 0
169 1.8 0
142 27.4 0
165 30.2 0
117 16.8 0
173 33.3 0
163 28.8 0
184 1.53 1
129 2.65 1
172 43.7 0
141 42 0
178 15.8 0
112 28.1 0
131 37.6 0
187 34.2 0
197 23.4 0
144 3.28 1
103 43.5 0
187 31.7 0
115 41.8 0
145 20.9 0
119 29.8 0
153 35.9 0
132 42 0
155 2.78 1
91.7 37.7 0
144 19.8 0
111 24 0
124 13.8 0
158 1.55 1
190 8.88 0
136 43.4 0
131 32 0
150 35.5 0
181 43.5 0
144 16.9 0
128 6.58 1
186 22.7 0
188 10.4 0
150 43.5 0
186 25.2 0
131 1.4 1
129 9.05 0
198 20.3 0
155 33 0
107 41 0
120 40.4 0
120 43.3 0
143 42 0
144 39.6 0
142 7.98 0
191 5.68 1
138 21.1 0
141 22 0
140 24 0
137 4.65 1
112 8.28 0
188 43.4 0
101 21.4 0
119 37.4 0
179 31.4 0
91.8 17.4 0
165 23.3 0
149 3.6 1
110 43.4 0
112 42 0
152 19.7 0
157 28.8 0
165 14.1 0
156 26.3 0
97.2 33.8 0
97.2 31.4 0
95 10.6 0
155 41.5 0
153 43.5 0
91.9 13.6 0
128 19 0
129 43.7 0
171 1.8 1
173 3.45 0
129 22.3 0
92.6 41.3 0
127 39.9 0
160 14.5 0
152 10.1 0
96 41.9 0
113 54.9 0
186 87.8 0
119 54.6 0
170 62.7 0
185 50.4 0
178 58 0
156 84.2 0
123 71.3 0
199 64.7 0
125 79.7 0
196 63.6 0
158 95.5 0
191 84 0
157 67.8 0
172 55.4 0
198 94.5 0
168 70.7 0
112 50.5 0
168 53.1 0
191 87.2 0
153 82.4 0
149 84.2 0
130 46.8 0
174 48.5 0
180 91.7 0
153 68 0
94.6 56.8 0
132 48.7 0
115 63.7 0
164 85 0
146 68 0
150 71.6 0
166 95.5 0
194 84.4 0
193 74.1 0
161 50.4 0
96.8 58.5 0
166 93.1 0
108 46.5 0
95 60.2 0
106 72.4 0
175 84.4 0
92.7 58.5 0
128 73.8 0
186 53.7 0
98.6 69.3 0
121 88.2 0
107 64.4 0
197 55.1 0
137 80.6 0
96.2 47 0
168 97.3 0
188 77.3 0
109 79.9 0
143 57.9 0
110 46.5 0
181 98.6 0
138 74.1 0
172 98.5 0
163 46.7 0
108 83.6 0
162 81.8 0
173 67.3 0
124 47.9 0
91.8 50.2 0
125 73.5 0
154 96.5 0
146 97.2 0
162 72.3 0
148 86.8 0
126 85.5 0
140 54.3 0
107 74.5 0
149 92.6 0
140 62.3 0
164 55.6 0
117 96.5 0
128 58.8 0
197 81.8 0
118 91.7 0
130 75.5 0
159 55.4 0
123 59.5 0
99.8 89.9 0
101 95 0
127 48.2 0
136 46.9 0
140 95 0
98 47 0
188 80.2 0
115 46.8 0
166 66.6 0
130 86.3 0
134 98.4 0
180 78.8 0
146 60.4 0
94.7 91 0
121 98.3 0
139 78.2 0
141 79.8 0
93.2 92.9 0
185 73.5 0
133 96.9 0
195 59.2 0
160 98.2 0
156 47.8 0
155 72.8 0
125 52.6 0
196 52.7 0
153 60.1 0
154 48.1 0
118 48 0
91.8 52.2 0
124 96.9 0
192 64.9 0
182 46.8 0
102 96.7 0
141 84.5 0
163 79.2 0
137 61 0
127 97.2 0
141 96.6 0
104 83.3 0
175 98.5 0
128 89.8 0
115 80 0
136 98.4 0
138 85.2 0
126 95.5 0
157 77.4 0
133 63.5 0
159 46.5 0
121 47.8 0
106 84.9 0
162 98.2 0
193 46.3 0
131 98.5 0
140 92 0
91.3 68.1 0
143 91 0
196 74.3 0
182 64.3 0
182 66.9 0
130 89.2 0
200 69.5 0
101 76.2 0
135 67.8 0
169 78.8 0
157 70.5 0
166 89.1 0
163 87.9 0
166 63.7 0
188 96.3 0
186 94.9 0
153 77.3 0
108 48.8 0
156 97.3 0
190 58.7 0
111 60.8 0
110 58.2 0
195 68 0
155 89.2 0
157 87.7 0
150 95.2 0
95.6 96.8 0
94 95.4 0
94.3 47.7 0
171 46.6 0
190 96.3 0
130 68.1 0
184 97 0
151 48.1 0
150 46.3 0
93.6 66.2 0
117 74.2 0
102 72.9 0
170 95.8 0
170 93.4 0
117 81.7 0
149 53.1 0
103 48.6 0
101 50.6 0
145 77.7 0
177 79.8 0
167 83.8 0
185 61.6 0
146 47.8 0
194 87.6 0
91.3 70.7 0
93.3 71.4 0
156 52.8 0
188 67.2 0
159 59.9 0
160 61.5 0
196 48.4 0
197 49.8 0
168 46.7 0
92.5 83.6 0
93.9 81.7 0
92.5 80 0
117 86.3 0
114 87.3 0
15.3 13.6 1
0.375 5.35 1
48.3 5.05 1
10.9 34.4 1
10.3 28.2 1
2.55 11 1
31.4 27.5 1
38.6 17.4 1
32.1 16.6 1
34.8 19.5 1
31.8 40.4 1
53.1 23.9 1
33.4 32.8 1
15.9 33.5 1
29.9 30.4 1
55.6 24.5 1
5.6 36.7 1
32.8 11 1
28.4 5.05 1
15.2 22.5 1
52.9 34.7 1
30.8 5.35 1
47.1 42.2 1
20.4 17.4 1
5.58 31.2 1
30.1 8.13 1
57.1 41.4 0
0.225 22.8 1
21 25.1 1
1.18 28.5 1
22.6 34.3 1
30.7 10.1 1
14 27.1 1
42.8 16.7 1
9.4 30.5 1
58.7 11.6 1
19.7 22.4 1
27.7 7.83 1
48.4 15.4 1
41.6 22.5 1
46.1 37.9 1
53.4 43.4 0
4.6 18 1
0.75 43.2 1
26.2 19.2 1
58.7 9.73 1
8.28 12.8 1
17.2 19.3 1
56.9 29.6 1
25.8 38.3 1
36.9 1.25 1
41.4 14.3 1
58.4 37.8 0
58.6 32.6 1
58.8 2.03 1
58.8 43 0
9.98 6.05 1
12.7 1.23 1
14.9 10.2 1
13.4 12.1 1
56.6 7.23 1
51.7 1.85 1
4.45 27.4 1
25.1 30 1
2.18 17.2 1
7.63 22.8 1
49.2 40.5 1
48.9 38.2 1
17.9 10.7 1
17.9 12.7 1
28.2 20.7 1
22.1 19 1
8.08 37.3 1
10.3 36.6 1
26.4 1.65 1
45 29.5 1
17 35.9 1
1.43 95.6 1
0.775 82.1 1
17.3 95.3 0
23 52.9 1
2.83 80.1 1
26.7 89.4 0
51.1 87.9 0
2.18 50.1 1
5.85 96.6 0
50.7 73.1 0
21.3 68.6 0
43.9 68.4 0
27.2 72.1 0
28.1 76.5 0
45.9 79 0
41.6 66.8 0
25.5 48.2 1
40.2 88.2 0
29.1 48.4 1
0.65 88.6 1
48.3 62.5 0
27.2 61 0
31.8 71.4 0
41.4 75.2 0
23.4 46.6 1
41.3 90.3 0
20.2 74.4 0
43.9 56.5 0
33.8 72.7 0
28.7 64.6 0
44.3 71.6 0
24.5 75.8 0
25.6 54 1
49.8 95.9 0
42 77.6 0
37.6 79.4 0
57.3 73 0
18.1 75.8 0
40.2 79.8 0
44.1 59.2 0
55.4 87 0
13.2 80.9 0
9.43 89.7 0
55 55.1 0
56 71.1 0
40.1 48.3 1
6.43 53.9 1
47.6 97.2 0
32.8 46.9 1
39.7 54.2 0
3.23 57.8 1
51.1 58.3 0
16.7 73.7 0
39.1 74.7 0
37.1 70.6 0
3.83 72.8 1
5.23 65.3 1
37.5 55.5 0
55.5 90.8 0
58.8 46.3 0
5.78 84 0
5.95 81.4 1
25.6 80.4 0
57.2 97.3 0
32.1 55.9 0
2.6 90.9 1
19.8 96.5 0
46 81.7 0
40.1 61.7 0
16.9 57.1 1
46.8 50.5 0
8.18 69.2 1
20 89.9 0
16 88.4 0
13.3 72.1 0
48.4 48.7 0
19.2 83.5 0
50.4 93.3 0
10.5 79.7 0
2.88 84.5 1
29.2 87.5 0
3.33 67.5 1
1.25 67 1
16.8 85.7 0
30.9 82 0
28.8 83.6 0
56.7 78 0
47.3 66.4 0
11.4 94.2 0
31.4 60 0
57.4 47.9 0
28.3 95.3 0
68.2 29.5 1
67.9 33.7 0
85.6 38.3 0
86.6 16.1 0
72.1 10.4 1
65.4 9.9 1
71.5 39.9 0
62.8 32.4 1
88.4 36.8 0
62.7 25.5 1
86.9 26.8 0
63.1 3.63 1
88.9 29.1 0
68.4 15.1 1
74.1 33.6 0
61.7 7.25 1
67.3 41.4 0
64.9 15.3 1
61.4 2.03 1
61.4 43 0
88.8 2.03 0
73.3 1.73 1
88.8 43 0
88.6 12.3 0
86.4 23.2 0
83.5 42.1 0
84.3 21.3 0
81.4 40.5 0
82.3 37.8 0
67.2 22 1
66.7 24.2 1
88.9 30.9 0
73.9 43.4 0
63.2 20.2 1
61.2 21.9 1
86.6 76.7 0
77.8 63.6 0
68.9 69 0
86.1 74.1 0
77.6 72 0
65.6 58.5 0
88.6 77.8 0
69.2 58.5 0
84.9 53.6 0
68.1 84.7 0
86.5 68.8 0
73.7 92.1 0
86.9 51.8 0
70.5 62 0
63.2 96.9 0
65 84.2 0
63.2 82.4 0
81 49.5 0
80.6 67.8 0
76 88.9 0
61.4 47.5 0
61.4 46.3 0
86.8 85 0
85.6 49.1 0
65 89.7 0
63.2 87.8 0
88.8 46.3 0
88.8 47.5 0
70.3 95.3 0
83.1 47.8 0
75.4 86.3 0
72.2 97.1 0
88.3 87.2 0
87.3 97.3 1
80.7 79 0
63.1 65.9 0
78.1 86.2 0
73.8 46.7 0
62 75.7 0
62 73.2 0
76.8 98.1 0
197 8.73 0
129 22.2 0
149 33 0
181 8.83 0
110 10.4 0
157 32.8 0
180 5.45 0
139 10.5 0
101 5.18 0
199 29.3 0
187 5.3 1
123 32.8 0
197 5.23 1
118 10.7 0
180 13.4 0
127 25.6 0
151 31.5 0
115 34 0
193 5.53 1
178 3.93 0
185 42.1 0
174 5.75 0
173 19.9 0
124 16.2 0
140 13.6 0
122 17 0
115 31.6 0
135 24.4 0
174 22.8 0
118 6.8 1
172 15.8 0
109 34.1 0
112 22.2 0
196 37 0
183 40.5 0
114 4.9 1
117 4.75 1
134 29.1 0
135 9.25 0
92.5 3.7 0
198 43.2 0
166 41.5 0
184 26.4 0
153 33.5 0
103 35.2 0
119 15.2 0
98.3 26 0
186 1.53 1
95.3 1.68 0
194 30.6 0
195 34 0
183 30.8 0
119 4.78 1
148 5.15 1
176 28.4 0
125 11.6 0
125 9.15 0
161 36.6 0
144 15.1 0
171 42.1 0
93.7 28 0
178 25.2 0
191 27.4 0
179 22.6 0
120 27.5 0
171 35.2 0
167 28 0
100 10.3 0
154 4.33 0
129 4.5 1
146 9.63 0
191 29.7 0
192 23.7 0
92.7 32.2 0
118 2.73 1
186 8.68 0
147 21.9 0
173 31.5 0
132 36 0
193 35.8 0
157 43 0
110 28.7 0
147 24.6 0
140 25.7 0
131 40.2 0
195 3.35 1
164 33.9 0
114 40.3 0
185 34.4 0
130 34.4 0
163 17.8 0
185 31.9 0
91.8 7.33 0
132 16.2 0
197 35.2 0
93.3 25.6 0
192 10.8 0
121 4.58 1
104 14.6 0
101 14.6 0
144 28 0
187 15.5 0
134 43.4 0
124 1.25 1
127 1.25 1
177 22.9 0
122 1.25 1
183 1.53 1
117 43.3 0
180 43.5 0
134 1.4 1
173 37.2 0
90.9 43 0
179 43.5 0
193 43.6 0
152 43.5 0
157 1.55 1
175 43.7 0
133 1.4 1
90.7 2.03 0
132 12.5 0
197 18.1 0
106 39.5 0
114 24.2 0
190 3.78 1
114 8.38 0
190 42 0
124 41.5 0
120 18.6 0
106 4.1 0
178 34.6 0
164 43.1 0
93.8 16 0
165 26.5 0
150 1.55 1
111 43.4 0
158 30 0
91.4 22.2 0
93.2 20.9 0
105 21.8 0
111 3.35 0
149 19.6 0
122 7.75 1
165 11.9 0
162 11.8 0
189 20 0
98 29.6 0
99.7 28.2 0
155 8.9 0
149 25.9 0
151 24.3 0
191 16.2 0
189 17.3 0
154 11.2 0
95.8 43.6 0
97.9 41.9 0
186 46.6 0
114 58.9 0
115 56.5 0
112 57.4 0
185 90.4 0
175 77 0
198 67.5 0
113 66.4 0
121 73 0
104 64 0
176 55.2 0
154 79.7 0
200 94.1 0
119 89.1 0
178 69.3 0
187 46.6 0
133 80.6 0
175 74.3 0
157 82.6 0
178 95.9 0
177 50.1 0
176 89 0
170 70.9 0
190 54.8 0
157 93.5 0
96.4 82.1 0
148 71.3 0
151 73.8 0
157 90.8 0
159 89.3 0
171 87.8 0
126 65.6 0
173 89.8 0
188 60.5 0
108 67.2 0
122 68.6 0
190 67.5 0
123 78.3 0
177 86 0
199 55.1 0
182 81 0
159 65.2 0
136 73 0
112 89.8 0
114 96.2 0
192 69.4 0
119 94.7 0
97.3 96.8 0
150 89.1 0
108 81.4 0
98.8 94.9 0
194 48.4 0
187 55.2 0
106 96.4 0
152 62.3 0
182 83.4 0
146 55.6 0
138 96.7 0
143 95.2 0
159 73.8 0
107 78.5 0
134 46.9 0
171 68.5 0
153 98 0
192 58.8 0
104 80.7 0
129 56.3 0
161 48.2 0
195 83.2 0
144 92.6 0
163 67.2 0
93.3 75.3 0
164 61.5 0
131 55.3 0
159 76.4 0
153 57.2 0
125 49.7 0
192 46.3 0
117 78.7 0
138 48.4 0
113 48.2 0
111 76 0
119 80.3 0
143 60.3 0
181 74.9 0
162 53.9 0
122 61.7 0
179 46.8 0
159 97 0
129 61 0
178 73.2 0
176 97.3 0
125 54.6 0
155 61.1 0
194 94.7 0
112 98.3 0
97.8 91.6 0
180 46.8 0
149 98.6 0
153 46.8 0
155 49.6 0
137 88.8 0
141 72.6 0
173 98.5 0
117 46.8 0
126 90.8 0
111 46.5 0
119 49.5 0
128 46.8 0
144 87.1 0
91.4 77 0
126 58.7 0
196 96.8 0
183 98.6 0
91.4 87.1 0
158 46.5 0
199 83 0
92.4 45.6 0
112 78.7 0
129 98.5 0
198 78.7 0
122 56.7 0
184 48.4 0
101 58.4 0
134 90.3 0
133 66.7 0
185 68.7 0
107 90.2 0
106 88.8 0
168 64 0
107 50.4 0
155 95.3 0
124 88.2 0
193 52.8 0
93.4 48.9 0
150 49.6 0
148 47.8 0
142 55.5 0
197 91.7 0
147 78.5 0
200 87.3 0
145 74.6 0
195 89.8 0
187 66.9 0
167 68.1 0
190 47.9 0
93.6 63.7 0
92.1 97.1 0
169 48.2 0
91.1 81.8 0
113 87.1 0
