18.1 28.1 1
8.48 8.4 1
0.825 64.7 1
18.5 67.1 1
9.1 67.6 1
15.8 36.2 1
48.4 12.2 1
44.9 7.78 1
43.8 21 1
47.2 28.8 1
37 28.8 1
58.8 18.2 1
36.9 16.3 1
59 26.1 1
58.5 37.8 1
57.5 76.5 0
58.5 36.3 1
21.8 67.1 1
58.4 74.9 0
21.5 74.7 1
54.5 78.5 0
21.4 36 1
58.6 47.7 1
58.6 46.5 1
21.3 52.8 1
45.1 81.5 0
21.5 97.8 0
45.3 98.5 0
21.5 82.3 1
82.6 9.83 1
74.7 25.8 1
77.8 37 1
61.1 76.8 0
61.5 97.8 0
62.3 81.5 0
77 81.5 0
76.6 98.5 0
116 25.9 0
108 8.7 0
102 4.58 0
99.7 28.3 0
112 1.73 0
108 59.7 0
118 66.9 0
109 53.4 0
118 81.5 1
119 97.8 1
128 18.1 0
155 7.1 0
133 1.53 0
169 1.88 0
122 28.1 0
131 23.6 0
136 8.58 0
137 26.2 0
162 3.63 0
124 14.3 0
124 1.2 0
168 19.6 0
142 26.4 0
152 31.8 0
134 31.5 0
163 31.2 0
138 86.5 1
151 81.5 0
154 98.3 1
128 89.3 1
131 81.7 1
134 98.8 1
166 97.8 0
198 24.9 0
184 3.68 0
171 20.9 0
189 9.55 0
177 31.5 0
197 42.4 4
178 81.4 0
191 81.6 4
171 96.2 0
171 83.7 0
18.8 1.1 1
17.5 1.1 1
8.25 31.6 1
5.73 78.6 1
10.9 62.6 1
15.5 62.4 1
18.1 31.9 1
19.4 31.9 1
11.9 90.3 1
5.9 81.5 1
41.6 20.9 1
54.6 1.38 1
57.9 21.3 1
52.4 28.3 1
53.9 26.9 1
33.2 14.5 1
34.9 16.5 1
58.8 9.4 1
52.8 56 0
22.3 76.2 1
58 52.9 0
53.4 58.7 0
56.1 82.2 0
40.6 95.7 0
80.9 7.58 1
88.5 7.73 1
61.5 20.8 1
88.5 6.18 1
77.1 1.45 1
80.8 71.2 0
79.5 68.8 0
81.9 52.1 0
88.1 37.8 0
87.3 76.6 0
88.1 36.3 0
88.3 75 0
84.4 78.6 0
69.1 57.9 0
84.4 98.6 0
84.3 81.4 0
86 82.2 0
86.1 97.8 0
97.8 19.6 0
112 33.8 0
96.4 78.5 1
97.1 31.5 0
111 56.8 0
97 81.6 1
153 28.6 0
121 6.05 0
165 28.5 0
122 20.8 0
121 1.1 0
121 7.6 0
138 22.4 0
140 22.6 0
154 49.5 0
130 58.7 0
168 66.5 0
135 70.6 0
168 53.5 0
123 31.1 0
121 31.1 0
151 52.1 0
164 98.6 0
195 10.8 0
179 12.1 0
176 1.3 0
176 78.4 0
193 60 4
176 98.4 0
9.85 12 1
15.2 9.25 1
6.58 28.5 1
18.6 20.8 1
11 33.9 1
3.23 33.8 1
18.7 52.8 1
10.4 88.1 1
9.7 98.6 1
52.6 9.75 1
55.1 28.6 1
21.3 20.8 1
34.4 3.98 1
34.8 38.3 1
29.2 70.7 1
35.8 62 1
50.5 71.3 0
54.6 31.4 1
43 78.8 0
23.7 31.2 1
55.6 55.6 0
57.8 80.8 0
57.8 99.2 0
54.4 81.4 0
43 95.7 0
72.7 19.7 1
84.6 1.33 1
67.2 47.4 0
64.9 56.8 0
79.7 54.9 0
84.2 31.4 1
61.3 67.2 0
78.3 31.4 1
87.8 80.8 0
87.8 99.2 0
108 4.45 0
116 23.1 0
119 19.9 0
91.3 19.7 1
91 27.5 0
91 28.8 0
112 25.6 0
99.4 20.8 0
101 8.95 0
99.2 50.2 0
112 43.6 0
109 40.6 0
102 75.8 1
118 76.6 1
119 75 1
91 78 0
95.6 33.8 0
96.5 98.4 1
130 10.5 0
146 2.08 0
148 3.6 0
131 1.53 0
139 28.2 0
123 2.3 0
160 40.2 0
153 31.8 0
169 37.6 0
155 78.6 0
151 69.3 0
169 36.1 0
121 67 0
140 75.1 0
122 49.1 0
168 48.5 0
168 47.3 0
123 46.1 0
134 85.7 1
146 89.4 0
142 91.3 1
154 81.5 0
168 80.8 0
125 91.2 1
168 99.2 0
176 28.2 0
171 27.5 0
171 28.8 0
181 17.6 0
172 2.4 0
181 75.4 4
171 78 0
198 45.1 4
194 98.7 0
176 81.4 0
6.33 70.3 1
11.9 54.4 1
7.88 78.6 1
8.05 81.5 1
17.5 84.1 1
31 8.65 1
59.1 28.8 1
43 28.1 1
34.8 13.1 1
58.1 27.3 1
50.1 64.6 0
59.1 78 0
37.3 78.9 0
49.1 90.9 0
70.2 20.7 1
80.3 25.6 1
89.1 27.5 0
89.1 28.8 0
85.6 57.1 0
89.1 78 0
63.8 45.6 0
96.6 1.48 1
113 27.1 0
94 21.9 1
109 49.5 0
119 78 1
91.4 67.3 0
115 95.4 1
115 92.3 1
107 91.1 1
111 90 1
95 88.9 1
114 81.9 1
161 14.4 0
133 11 0
160 10.2 0
147 7.35 0
142 10.6 0
169 28.8 0
153 1.53 0
169 27.5 0
150 55.7 0
133 55.5 0
148 75.2 0
143 39.1 0
136 75.2 0
140 59 0
169 78 0
164 78.7 0
131 78.4 0
121 36.7 0
165 31.2 0
121 38.3 0
154 71.2 0
150 90.9 0
152 88.8 0
189 25.1 0
185 16 0
171 67.3 0
192 57.9 4
200 35.3 0
190 47.1 4
199 90.8 4
197 98.7 0
14.6 11.6 1
1.68 21.2 1
8.73 28.5 1
16.3 33.7 1
0.975 95.7 1
17.5 80.8 1
18.8 80.8 1
18.8 99.2 1
17.5 99.2 1
36.5 7.93 1
39.9 3.88 1
58.8 19.9 1
20.8 27.5 1
20.8 28.8 1
30.8 4.5 1
22.3 1.1 1
51.1 12.2 1
42.2 47.9 1
43.4 65.8 0
47.9 53.8 1
20.8 78 1
31.2 46.2 1
49.6 62 0
33.5 56.4 1
50.6 88.7 0
33.2 95.4 0
74.3 15.7 1
60.8 27.5 1
60.8 28.8 1
62.3 1.1 1
67.7 10.6 1
70.1 45.3 0
81.4 57.2 0
63.4 78.9 0
61.1 75.3 0
64.5 69.8 0
106 2.73 0
119 27.5 0
119 28.8 0
103 10.7 0
104 54.8 0
99.3 64.2 0
116 55.9 0
115 63.6 0
99.2 40.2 0
109 63.1 0
94.1 38 0
100 52.4 0
114 78.6 1
116 38.7 0
99.7 90.9 1
160 20.6 0
136 4.53 0
154 17.1 0
131 19.8 0
156 39.9 0
131 38.5 0
129 41.6 0
124 55.6 0
132 31.5 0
141 40.4 0
138 63 0
132 68.7 0
139 76.8 0
139 43.9 0
132 89.7 1
140 89.9 1
144 84.6 0
132 98.8 1
123 80.8 1
123 99.2 1
121 80.8 1
121 99.2 1
179 3.83 0
180 20.1 0
185 10 0
185 27.4 0
186 63.1 4
179 40.3 0
183 77 4
186 50 4
189 45.1 0
188 96.5 0
180 95.7 0
172 82.2 0
15.7 55.4 1
15.9 70.1 1
17.5 79.2 1
18.8 79.2 1
13.1 32.3 1
11.9 75.5 1
2.83 97.3 1
44.9 26.9 1
50.4 4.05 1
38.7 7.35 1
40.6 13.7 1
28 10.5 1
45.5 28.8 1
48.3 69.8 0
35.7 49.5 1
31.3 60.1 1
57.6 57.5 0
44.5 78.8 0
25.3 63.4 1
46.8 66.1 0
51.9 39.9 1
29.3 62.1 1
33.4 84.5 0
24.2 82.3 1
24.7 95.5 0
80.4 22.9 1
73.4 13.3 1
67.1 18.4 1
81.3 45.6 0
68.5 63.7 0
81.5 64.5 0
71.2 76.8 0
86.1 64.6 0
64.6 95.6 0
71.6 95.8 0
111 10.7 0
99.4 1.48 0
111 20.3 0
105 15.9 0
118 1.1 0
111 48.7 0
111 64.1 0
103 33.9 0
104 77.3 1
109 72.8 1
103 58.8 0
104 84.8 1
101 95.5 1
91 82.3 0
103 89.2 1
159 18.1 0
163 22.1 0
139 14.3 0
147 21.1 0
146 49.2 0
155 59.7 0
152 46 0
166 67.9 0
134 63.5 0
152 64.8 0
162 37.7 0
128 64.4 0
123 79.2 1
121 79.2 1
141 83.1 0
128 84.5 1
178 25.9 0
174 9.13 0
198 75.5 4
193 50.3 4
179 51.6 4
179 53.9 0
183 97.2 0
197 84.3 4
0.125 18.6 1
19.4 28.8 1
19.4 27.5 1
4.65 51.1 1
9.38 49.4 1
17.7 58 1
1.48 46.4 1
17 60.7 1
41.8 15.5 1
42.1 10.3 1
39.6 25.6 1
33.7 26.5 1
27.8 2.83 1
24.2 3.73 1
31.4 69.6 0
52 42.5 1
54.9 70.4 0
39.7 50.4 1
50.2 75.7 0
24.7 55.5 1
29.6 39.8 1
56.2 59.4 0
34.7 45.5 1
24.5 70 1
55.6 39.6 1
42.2 68 0
50 95.6 0
41.7 83.8 0
69.4 25.3 1
68.8 13 1
75.4 9.68 1
72.2 27.9 1
63.9 10.7 1
85.5 70.3 0
79.8 75.7 0
64.3 64.1 0
75.2 49.3 0
76 61.2 0
64 39.2 1
64.2 51.8 0
73.6 46.4 0
64.6 84.5 0
110 14.7 0
106 21.3 0
116 42.2 0
94.8 54.9 0
99.4 60.4 0
98.5 44.2 0
104 46.3 0
94.2 44.8 0
94.2 50.2 0
93.9 65 0
107 95.5 1
91.1 97.8 1
128 7.25 0
147 25.6 0
129 25.6 0
140 2.65 0
135 14.6 0
123 29.4 0
121 29.4 0
166 13.6 0
124 19.4 0
163 2.15 0
147 41.1 0
130 61 0
124 63.4 0
129 68.8 0
128 71 0
140 45.6 0
160 84.4 0
125 95.7 1
149 95.6 1
159 95.6 0
180 27.6 0
182 2.25 0
192 4.33 0
189 75.4 4
174 54.9 0
193 34.5 0
174 65.1 0
182 63.6 4
187 59.3 4
195 50 4
184 49.5 0
175 39 0
179 69.6 4
179 66.1 4
196 98.7 0
197 89.3 4
190 95.2 0
11.4 3.7 1
5.3 6.4 1
5.23 22.9 1
3.3 1.33 1
0.225 49.8 1
1.75 75.8 1
9.48 39.3 1
11.9 50.4 1
15.6 42.9 1
39 23.2 1
28.9 20.9 1
36.5 39.9 1
55.7 42.1 1
28.8 43.8 1
30.7 75.2 0
34.8 75.9 0
27.9 38 1
32.8 77 0
55.1 67.7 0
44.7 48.1 1
22.3 99.2 0
22.3 80.8 1
83.2 19.2 1
73.7 70.2 0
69.3 34 1
85.7 45.5 0
79.6 49 0
67.3 32.5 1
64.3 71.9 0
76.4 34.1 1
62.3 99.2 0
60.8 82.3 0
94.1 25.6 0
104 19.7 0
112 16.2 0
116 3.78 0
105 27.3 0
104 25.5 0
101 47 0
112 69.7 0
93.2 33.4 0
116 49.9 0
103 38.1 0
114 32.3 0
119 82.3 1
134 18.4 0
132 25.5 0
137 55.2 0
161 42.3 0
161 47.1 0
166 51.1 0
129 49.2 0
143 52.8 0
133 83.5 1
143 95.7 1
124 84.5 1
174 11.7 0
177 50.2 0
174 44.9 0
181 34.1 0
187 34.3 0
193 41.9 0
4.73 25.9 1
0.425 1.33 1
11.7 42.8 1
8.43 75.3 1
6.18 40.7 1
1.85 84.3 1
32.6 2.83 1
33.4 20.3 1
35.2 23.5 1
26.9 16.8 1
45.1 3.78 1
39.2 57.9 1
49.8 38.2 1
38.8 69 0
50.2 34 1
24.3 44.5 1
24.2 49.8 1
35.5 34.5 1
24.8 89.8 0
27.2 96.9 0
23.3 93 0
57 92.6 0
49.8 84.1 0
31.4 96.9 0
73.8 4.83 1
69.9 5.1 1
80.1 15.4 1
78 16.3 1
67.3 2.5 1
64 3.93 1
64.2 25.6 1
77.7 20.9 1
85.7 19.1 1
85.9 52.5 0
67.4 75.7 0
87.1 55.2 0
64.5 90.1 0
102 13.2 0
116 9.43 0
105 32.4 0
116 70.2 0
94.3 70.4 0
106 41 0
106 83.2 1
92.7 93.4 1
92.7 89.8 1
118 99.2 1
122 16.9 0
141 15.6 0
167 3.18 0
149 10.5 0
145 14 0
154 41.7 0
134 46.7 0
127 40.4 0
137 34 0
154 64 0
140 32.5 0
156 34.3 0
143 34.4 0
124 70.1 0
138 51.1 0
130 34.5 0
147 46.9 0
145 44.9 0
153 75.5 0
165 90.9 0
133 91.8 1
140 98.5 1
167 87.4 0
137 95.9 1
198 12.4 0
196 27.8 0
195 4.9 0
199 58 4
186 77.1 4
178 45.6 0
188 52.9 4
191 38.4 0
185 44.2 0
174 70.3 0
191 64.8 4
184 32.3 0
173 63.2 0
199 93.1 4
198 97.6 4
198 82.8 4
16.2 3.85 1
7.98 14.8 1
0.425 10.2 1
11.8 20.2 1
5.23 44.8 1
8.15 58.3 1
15.5 91.5 1
34.5 10.6 1
32 27.8 1
28.3 14.2 1
42.9 59.4 0
39 39.1 1
35.3 65.6 0
42.7 55.5 1
57.4 66.9 0
31 66.2 1
55.3 89 0
72.6 64.6 0
63 58.1 0
80 61.1 0
63 62.3 0
72.6 32.3 1
63.3 54.9 0
73 57 0
85.7 40.3 0
67.1 97 0
67.1 83.1 0
63.2 87 0
63.2 93.1 0
79.6 95.8 0
80 84.1 0
71.3 83.1 0
70.3 97.4 0
98.5 15.7 0
99.2 25.1 0
117 62 0
92.5 42.1 0
117 57.7 0
92.5 63.1 0
105 98.5 1
157 24.9 0
167 11.9 0
154 25 0
143 19.3 0
147 13.2 0
122 12.2 0
145 27.6 0
143 70.3 0
145 67.3 0
122 58.4 0
138 37.9 0
146 77.1 0
167 62.8 0
135 43.7 0
122 61.7 0
161 34 0
149 34.2 0
149 39.6 0
122 87.6 1
134 81.9 1
123 90.4 1
198 3.18 0
181 38.8 0
185 56.1 4
197 33.2 0
173 53.9 0
180 44.4 0
196 77.1 4
191 53.3 4
184 45.8 0
197 51.6 4
181 60.1 4
181 91 0
183 82.7 4
174 89.9 0
171 93.2 0
171 86.6 0
2.15 13.6 1
8.38 19.4 1
16 49.8 1
9.33 47 1
17 41.4 1
45.1 15.2 1
24.5 8.55 1
49 18.1 1
29.2 25.3 1
35.2 1.93 1
38.7 33.2 1
47.7 51.5 1
40.2 44.9 1
32.1 32.2 1
23.5 57.5 1
27.2 77 0
45.7 38.3 1
57.3 62.6 0
23.5 61.7 1
44.5 41.9 1
31.5 82.9 0
23.4 86.9 1
27.1 81.5 0
67.3 27.5 1
75.9 27.3 1
75.2 66.6 0
75.1 77.1 0
87.6 42.6 0
64.5 32.3 1
62.4 42.5 1
61.9 78.1 0
74.1 54.6 0
87 92.9 0
74.2 87.9 0
70.3 88.1 0
72.8 91 0
116 15.4 0
94.8 9.8 1
110 75.8 1
108 77.3 1
92.6 54 0
92.2 35.3 0
93.8 95.9 1
117 91.5 1
95.1 84.6 1
117 87.2 1
124 25.6 0
166 2.08 0
124 9 0
137 48.9 0
129 76 0
160 76.1 0
128 34.9 0
165 59.1 0
131 46.4 0
141 67.3 0
165 45.9 0
166 38.2 0
158 89 0
159 91.1 0
127 97.1 1
130 96.2 1
167 92.8 0
137 93.1 1
146 98.6 1
157 97.1 0
146 82.8 0
190 18.3 0
191 20.7 0
185 2.3 0
190 27.1 0
197 56.9 4
173 42.2 0
189 32.9 0
174 51.8 0
181 56.4 4
186 37.9 0
186 92.7 0
17.5 13.4 1
16.1 25.6 1
13.6 36 1
4.98 60.8 1
6.05 55.5 1
13.2 77.6 1
27.2 27.6 1
40.1 17.5 1
47.8 2.23 1
51.1 14.7 1
28.6 52.2 1
45.3 71.7 0
42.1 42.1 1
47.8 77.8 0
46.3 45 1
35.8 72.6 0
28.9 33.7 1
22.4 42 1
26.6 31.2 1
31.5 52.4 1
55.3 49.6 1
57 87.1 0
57 94.3 0
86.2 10.6 1
86.2 25.8 1
72 3.38 1
80.4 4.03 1
62.6 13.8 1
63.7 18.6 1
69.7 67.5 0
62.4 50.6 0
87.3 58.5 0
87.3 62 0
85.2 90.7 0
87 87.1 0
108 27.9 0
94.4 15.1 1
111 32.4 0
117 33.6 0
114 38.7 0
113 96.8 1
111 84.7 1
155 3.95 0
158 70.6 0
161 65.7 0
123 53.8 0
166 41.6 0
146 32.4 0
134 40.1 0
167 57 0
158 32.5 0
150 76.9 0
167 85.7 0
128 82.7 1
174 18.9 0
188 2.58 0
173 13.1 0
192 27.8 0
175 60 0
191 32.6 0
192 70.3 4
194 66.5 4
183 87.5 0
179 87.5 0
189 83.9 4
5.63 3.73 1
14 2.75 1
16.1 18.6 1
2.68 56.7 1
18.1 72.5 1
4.35 97.3 1
18.1 87.7 1
17.5 90.4 1
49.9 20.1 1
41.4 25 1
40.8 22.5 1
38.5 2.4 1
54.3 15.6 1
22.4 12.3 1
22.6 66.3 1
47.4 32.1 1
22.7 54.3 1
35.7 83 0
36.2 97.7 0
87.8 23.1 1
82.3 27.6 1
78 28 1
87.7 13 1
77.5 77.6 0
87.5 66.2 0
101 2.73 0
114 2.68 0
118 12.4 0
96 26.9 0
118 36.3 0
98.3 77.3 1
95.9 35.7 0
94.8 59.7 0
117 44.4 0
92.9 51.6 0
117 54.3 0
118 66.1 0
92.9 71.9 0
108 32.7 0
99.3 97 1
109 82.8 1
116 84.7 1
158 28 0
163 26.4 0
163 5.5 0
158 57 0
160 73.6 0
127 77.6 1
157 77.8 0
121 48.1 0
121 46.9 0
169 48.1 0
169 46.9 0
174 25.7 0
197 3.18 0
189 67.8 4
173 72.7 0
179 32.7 0
188 89 4
171 94.9 0
171 84.9 0
173 97.4 0
17.5 16.7 1
0.7 27.4 1
12.6 8.48 1
17.2 65.8 1
7.65 96.4 1
2 98.8 1
17.4 94.5 1
35.1 28.1 1
42.4 2.35 1
24 17.2 1
46.2 17.9 1
25.5 77 1
33.8 32.2 1
43.3 32.1 1
43.5 71.1 0
37.4 72.2 0
56.8 54.7 0
22.4 33.2 1
23.4 85.2 1
51.6 97.1 0
47.2 82.4 0
41.1 88.8 0
25.4 81.5 1
22.9 96.3 0
62.2 16.8 1
71.7 72.7 0
76.2 38.3 1
66.3 78.9 0
61.7 48.6 0
61.7 47.3 0
75.5 82.9 0
87 94.6 0
63.7 82.9 0
62.9 96.3 0
75.2 97 0
93 12.1 1
117 39.9 0
99.4 32.7 0
93.2 56.6 0
99.9 82.9 1
118 96.9 1
156 8.38 0
127 27.5 0
131 27.5 0
129 3.83 0
158 2.43 0
155 11.2 0
138 24.9 0
136 27.4 0
166 20.8 0
141 25.2 0
128 54 0
122 51.7 0
122 72.4 0
167 64.7 0
158 67.9 0
152 97.6 0
152 83.7 0
158 82.7 0
163 82.4 0
167 94.5 0
197 22.4 0
172 16.9 0
180 6.75 0
191 2.25 0
174 33.6 0
184 39.4 0
195 77.1 4
173 56.8 0
187 82.4 4
191 89.1 4
13.3 27.5 1
11.1 25.4 1
3.23 35.7 1
16.9 77 1
10.8 84.3 1
13.3 97.4 1
22.7 15.3 1
23 6.53 1
56.4 15.2 1
57.9 12.3 1
52 19.7 1
25.5 27.6 1
46.2 76.5 0
41.2 33.4 1
57.8 72.6 0
57.7 43.3 1
23.1 68.5 1
24.1 37.7 1
40.6 74.2 0
36.2 44.1 1
22.1 52.2 1
22.7 71.7 1
24.9 31.2 1
51.7 48.5 1
48.3 97.3 0
41 92.1 0
43.1 82.3 0
57 85.4 0
39.4 82.3 0
44.7 91.5 0
41.8 93.9 0
44.3 93.9 0
39.3 97.7 0
87.9 16.5 1
76.1 2.4 1
75.4 23.8 1
77.8 41.2 0
87.6 72.7 0
87.2 68.5 0
62.1 66.4 0
63 33.4 1
77.2 32.5 1
87 85.4 0
108 6.35 0
111 2.9 0
94 3.68 1
116 27.5 0
117 68.4 0
118 52.2 0
92.5 40.2 0
102 97.1 1
110 97.4 1
104 98.5 1
153 8.2 0
127 16.2 0
161 28 0
168 17.2 0
167 26 0
161 57.1 0
122 43.2 0
128 57.7 0
167 55.3 0
123 77 1
121 65.7 0
173 3.35 0
190 11.1 0
198 1.18 0
181 72.9 4
179 77.1 4
191 92.7 4
172 96.6 0
194 83 4
12.4 11.8 1
17.4 8.53 1
11 5.58 1
18.1 6.35 1
2.28 62.9 1
17.8 67.9 1
17.5 54.1 1
14.1 33.6 1
11.9 74 1
10.2 68.9 1
12.7 72.3 1
12.1 69.6 1
5.78 32.8 1
15.5 96.6 1
18.1 86 1
14 83.1 1
46.9 8.8 1
52.5 2.15 1
37.8 28.1 1
31.4 6.38 1
41.9 35.6 1
52.3 77.9 0
56.8 51.5 1
43.3 97.8 0
62.2 22.8 1
83.9 27.6 1
62.5 5.8 1
63.5 27.5 1
87.1 20.9 1
62.5 8.9 1
79.4 38 0
81 53.7 0
62.6 37.7 1
87.2 50.5 0
62.6 36.2 1
77.3 97.7 0
77.6 82.3 0
102 7.18 0
117 8.13 0
117 6.58 0
118 17.9 0
92.6 16.8 1
112 35.7 0
92.3 66.3 0
117 72 1
126 19.4 0
148 5.48 0
133 2.35 0
122 23 0
168 23.3 0
126 1.2 0
138 9.85 0
167 9.98 0
151 2.68 0
167 7.43 0
151 28 0
148 72.7 0
135 77.2 0
151 33 0
137 69.7 0
167 42.9 0
140 72.6 0
158 60.4 0
123 96.5 1
162 97.8 0
151 82.2 0
123 83.5 1
192 6.2 0
184 5.53 0
172 22.9 0
190 7.98 0
172 8.63 0
173 6.15 0
189 72.9 4
172 66.3 0
199 98.9 4
178 97.7 0
179 82.7 0
0.55 23 1
18 23 1
0.2 40.2 1
13.3 61.3 1
10.1 55.4 1
6.9 68.5 1
17.6 38.9 1
17.6 37.3 1
56 8.13 1
35.9 6.18 1
48.3 22.8 1
56.6 3.33 1
23.4 25.7 1
22.6 23.6 1
23.2 2.05 1
34.7 5.08 1
54.5 22.9 1
44.7 5.65 1
35.5 36.4 1
37.8 61.1 1
50.2 45.2 1
41.3 63.4 0
42.1 65.1 0
35.5 77.7 0
52.5 32.2 1
41.1 77 0
58.8 67.9 0
23.2 32.1 1
56.5 96.6 0
54.8 97.4 0
52.4 82.2 0
78.6 2.7 1
74.4 21.1 1
63.4 2.2 1
84.2 52.5 0
82.2 78 0
67 69.8 0
64.6 78.9 0
62.6 68.6 0
80.6 32.2 1
65.7 46.3 0
82.3 82.2 0
81.6 97.4 0
118 21.9 0
105 3.98 0
93 5.55 1
100 27 0
92.1 21.7 1
95.7 20.7 1
93 8.65 1
110 42 0
101 73.3 1
93.4 76.9 0
110 38.7 0
107 54.2 0
97.4 38.9 0
96.3 77.3 1
91 31.1 0
105 59.8 0
145 3.43 0
167 5.05 0
140 27.6 0
145 63.3 0
142 59.3 0
132 57.8 0
148 49.6 0
131 54.3 0
124 41.3 0
134 32.7 0
124 34.2 0
122 67.8 0
150 51 0
153 51.5 0
154 73 0
167 52.1 0
167 83.3 0
155 97.3 0
130 90 1
130 82.7 1
135 98.8 1
177 6.7 0
175 8.35 0
177 2.45 0
186 70.1 4
193 62.4 4
173 76.8 0
183 70.1 4
176 77.2 0
176 32.5 0
171 31.1 0
173 37.9 0
173 35.4 0
172 49.6 0
8.05 2.4 1
9.18 9.95 1
9.08 60.9 1
16.4 56.7 1
17.9 48 1
9.1 32.6 1
17.9 46.7 1
18.1 52 1
5.05 78.6 1
18.1 75.4 1
16.3 83.9 1
5.23 81.5 1
50.4 6.55 1
50.4 26.5 1
39.2 5.75 1
26.3 3.78 1
26.6 9.3 1
44.7 20.4 1
58.4 23.4 1
59.1 1.1 1
44.1 2.35 1
45.7 32.1 1
22.4 40.1 1
56.6 33.4 1
59.1 31.1 1
53.9 39.9 1
48.1 65.4 0
33.6 50.2 1
22.9 48.6 1
22.9 46.1 1
70.2 22.9 1
82.6 2.1 1
86.7 3.28 1
89.1 1.1 1
73.4 26.6 1
65.8 11 1
67.4 56.4 0
83.1 56.9 0
86.3 33.4 0
82.2 32.2 1
62.4 72.3 0
89.1 31.1 0
66.1 39.2 1
68.4 52.2 0
87.2 46.6 0
87.2 49.1 0
105 9.58 0
114 28.8 0
117 2.05 0
99.1 22.7 0
93.9 23.6 0
110 58.7 0
114 42.5 0
92.6 74.6 0
117 48.6 0
117 46.1 0
92.6 68.7 0
113 30.9 0
96.2 32.5 0
111 55.4 0
97 82.3 1
92 83.3 1
109 90.7 1
114 83.2 1
128 12.7 0
146 7.18 0
123 16 0
140 12.8 0
136 6.93 0
153 28 0
154 47.7 0
165 67 0
130 39.8 0
136 72.7 0
139 64.5 0
162 78.1 0
169 31.1 0
126 33.1 0
156 77.8 0
122 75.4 1
165 82.5 0
144 90.4 0
127 90.2 1
145 87.1 0
136 83.3 1
194 8.88 0
194 6.78 0
180 10.1 0
176 27.6 0
199 73 4
188 64.6 4
185 75.8 4
177 39 0
172 48.1 0
173 68.7 0
173 74.4 0
172 46.9 0
185 90.1 0
180 93.2 0
175 97.4 0
185 95.7 0
175 82.4 0
172 83.5 0
5.9 27.2 1
10.2 36.9 1
1.1 33.3 1
6.9 72.8 1
43.8 9.3 1
46.4 22.6 1
58.2 17.5 1
20.8 1.1 1
22.4 10.5 1
57.6 5.2 1
41.8 21 1
58.4 24.8 1
48.5 28.8 1
54 42.4 1
30.5 48.2 1
30.7 72.7 0
56.2 76.5 0
22.3 75.1 1
57.1 74.9 0
46 59.9 0
38.7 78.9 0
50.2 73.2 0
36.5 55.6 1
40.2 52.4 1
46.1 54.9 1
47.2 61.9 0
54.5 77.3 0
41 68.5 0
44.9 97.8 0
45.5 82.4 0
50 93.1 0
32.2 92.9 0
80.1 13.2 1
76.7 15.3 1
60.8 1.1 1
69.4 43 0
79.8 73.2 0
77.3 69.6 0
65.8 33.4 1
60.8 31.1 1
67 49.1 0
68.9 36.7 1
80.4 66.7 0
109 20.6 0
91.1 1.1 1
96.1 2.58 1
109 61.3 0
100 62.3 0
105 48.1 0
92 46.9 0
92 48.2 0
119 31.1 0
110 51.8 0
107 48.8 0
97.2 89.9 1
112 91.8 1
107 93.1 1
96.8 97.6 1
163 13.7 0
160 12.5 0
129 8.7 0
162 8.43 0
131 2.63 0
134 13.3 0
164 12.8 0
147 23.1 0
167 19.5 0
165 2.95 0
144 55.7 0
145 40.4 0
154 57.9 0
152 56.7 0
149 63.1 0
155 38 0
147 70 0
154 32.8 0
153 70.1 0
150 64 0
163 32 0
155 36.2 0
133 65.5 0
167 33.2 0
131 36.4 0
132 67.1 0
168 71.6 0
165 73.4 0
135 85.4 1
140 84.5 0
154 82.2 0
154 89.8 0
150 93.1 0
128 87 1
166 96.9 0
125 93.2 1
158 93.1 0
180 15.9 0
194 19.7 0
177 11.6 0
184 17.5 0
172 21.3 0
179 13.5 0
171 1.1 0
197 1.18 0
191 58.7 4
189 58.6 4
176 51.7 0
199 62.1 4
194 97.2 0
17.5 28.1 1
13.3 42 1
1.13 73.3 1
4.7 39.3 1
7.93 77.4 1
13.5 55 1
16 64 1
8.65 65.6 1
9.58 63.9 1
8 82.2 1
9.23 97.9 1
0.6 93.2 1
29.7 9.23 1
51.8 27.7 1
54.9 2.23 1
57.2 21.9 1
53.3 26.3 1
48.6 3.48 1
39.4 37.3 1
35.5 63.4 1
23.1 76.7 1
24.1 65.5 1
57.6 35.3 1
27 70 1
31.9 58.2 1
33.3 45.7 1
33.2 60.5 1
22.4 35.1 1
52.4 70.4 0
57.6 38.9 1
29.8 64 1
27.8 62.3 1
57.3 48.4 1
57.3 45.9 1
32.3 87 0
56.5 83.1 0
27.3 89.8 0
37.6 90 0
42.9 85.6 0
24.2 83.7 1
35.1 90 0
23.1 98.4 0
77.4 9.95 1
69.2 6.98 1
62.2 21.2 1
87.6 5.15 1
87.6 8.75 1
65.9 3.6 1
74.8 12 1
68.2 8.8 1
80.3 43.5 0
86.1 76.6 0
73.7 40.4 0
87 75 0
84.4 77.4 0
66.1 73.2 0
69.7 62 0
63 49.2 0
83 70.3 0
71.9 40.4 1
69.7 59.2 0
83.2 45.5 0
87.2 35.2 0
63 46.7 0
87.2 38.8 0
86.4 83.1 0
86.4 96.9 0
67 90.1 0
84.7 82.3 0
84.7 97.7 0
63.1 98.4 0
62.3 83.7 0
70.6 93.3 0
109 9.45 0
113 9.38 0
119 1.1 0
104 17.7 0
104 70.4 0
104 35.8 0
117 35.5 0
106 76 1
113 56.5 0
106 71.7 1
113 63.2 0
96.7 44.8 0
96.7 50.2 0
114 77.4 1
104 87.3 1
118 83.5 1
92 96.8 1
91 80.8 0
131 10.7 0
162 21.1 0
157 22.9 0
158 21.6 0
138 3.95 0
142 4 0
122 27.5 0
153 22.5 0
169 1.1 0
153 13.3 0
134 9.8 0
164 27.9 0
154 15.7 0
122 21.4 0
124 1.2 0
154 2.48 0
150 53.8 0
158 40.6 0
129 62.7 0
131 77.2 0
148 57.1 0
150 46.7 0
139 61.4 0
141 42.5 0
160 86.9 0
163 90.9 0
165 97.7 0
191 16 0
181 22.5 0
189 22.6 0
186 17.7 0
191 14 0
185 13.4 0
184 11.5 0
187 26.1 0
195 59.8 4
192 77.1 4
187 61.4 4
177 44.9 0
196 69.4 4
180 65.3 4
194 42.8 0
192 97.7 0
198 86.8 4
198 96.3 4
171 80.8 0
192 82.3 4
3.7 21.9 1
17.5 1.73 1
19.4 1.1 1
7.35 6.95 1
8.68 27.9 1
2.58 26.2 1
18 21.4 1
1.2 66.9 1
7.08 50.2 1
17.5 31.7 1
19.4 31.1 1
0.3 45.6 1
4.1 52.8 1
8.95 93.1 1
3.53 98.8 1
8.03 94.8 1
0.875 86.8 1
30.8 20.2 1
22.1 21.3 1
33.9 25.3 1
57.9 10.4 1
54.5 28 1
48.7 76.5 0
26.8 44.5 1
50.2 36.5 1
52.1 65.7 0
54.9 32.3 1
27.2 55.2 1
42.4 78.1 0
53.4 67 0
35.3 47.5 1
26.7 49.8 1
52.8 89 0
54 82.2 0
59.1 99.2 0
59.1 80.8 0
35.6 96.2 0
47 89.3 0
86.5 23.9 1
81.5 26.4 1
78.8 26.7 1
85 2.18 1
67 14.5 1
71.1 26.6 1
66.9 16.6 1
65.5 19 1
68.6 46.4 0
82.3 40.2 0
69.5 75.6 0
78.3 76.3 0
71.7 46.3 0
82.8 65 0
84.6 32.3 1
75.3 43.5 0
75.1 62.7 0
83.9 40.6 0
84.4 65.3 0
74.5 45.3 0
73.4 51.5 0
74 33.4 1
77 90 0
89.1 99.2 0
89.1 80.8 0
98.9 2.38 0
118 19.6 0
92.2 19.4 1
107 15.2 0
101 48.8 0
107 64.3 0
99.5 76.1 1
93.8 43.2 0
105 64.9 0
116 65.4 0
96.8 70.4 0
99.3 42.4 0
117 77 1
118 74.6 1
91 79.2 0
100 66.1 0
103 66.2 0
113 49.9 0
101 33.6 0
95 87.1 1
102 84.4 1
109 96 1
111 88.7 1
111 86.8 1
117 98.4 1
100 93 1
101 90.1 1
160 16.8 0
157 18.4 0
143 8.23 0
158 10.4 0
162 23.9 0
123 2.93 0
162 25.2 0
121 1.1 0
130 18.9 0
131 22.4 0
142 9.68 0
150 10.3 0
122 6.05 0
155 18.4 0
123 13.3 0
122 7.6 0
143 15 0
136 52.9 0
123 57.1 0
128 38.6 0
131 32.4 0
146 43.2 0
129 74.4 0
129 66.9 0
123 31.7 0
167 69.4 0
126 70.1 0
129 72.7 0
130 51.6 0
168 35.1 0
121 31.1 0
128 36.8 0
157 49.9 0
133 70.1 0
163 51.1 0
139 57.4 0
167 37.6 0
152 85.3 0
148 90.1 0
132 93.1 1
152 87 0
132 98.1 1
139 87.9 1
143 93.2 1
131 94.6 1
169 99.2 0
169 80.8 0
123 86.4 1
195 26.5 0
197 14.2 0
197 16.7 0
181 3.4 0
176 19.2 0
194 26.5 0
178 19.6 0
183 25.5 0
187 9.33 0
186 29.4 0
185 26.1 0
200 66.1 4
193 36.4 0
191 47.2 4
179 42.6 0
193 48.5 4
177 70.3 4
187 48.6 4
171 79.2 0
176 54.2 0
176 65.8 4
184 30.9 0
188 47.4 4
176 89.9 0
190 85.9 4
13.4 19.2 1
14.9 18.9 1
0.775 48.2 1
16.4 59 1
3.75 45.8 1
16.6 68.6 1
14.2 76.4 1
16.9 71.6 1
11.1 52.2 1
15.6 76.6 1
10.1 75.9 1
3.95 69.9 1
7.13 90 1
4.95 90 1
16.1 92.8 1
3 90 1
47.2 12.2 1
42.4 27.5 1
24 5.6 1
45.9 13.4 1
28.5 22.9 1
29.4 3.6 1
33.2 9.63 1
41.3 49.1 1
51.5 55.5 0
29.2 42.2 1
41.2 46.2 1
49.4 54.6 1
48.4 33.4 1
35.4 74.2 0
26.3 38.4 1
47.5 38.6 1
56.4 64.2 0
59.1 79.2 0
56.4 66 0
46.9 70.4 0
52.1 59.4 0
45.1 43.5 1
50.8 61.4 0
32.2 55.3 1
49.8 86.6 0
20.8 99.2 0
20.8 80.8 1
69.1 19.8 1
73.5 17.5 1
66 26.2 1
81.1 50.9 0
86.3 43.7 0
63.6 65.6 0
66.8 64.4 0
75.1 58.9 0
63.7 43.6 1
89.1 79.2 0
77.4 49.4 0
77.4 55.2 0
73.5 95.9 0
79.6 93.3 0
80 86.6 0
60.8 99.2 0
60.8 80.8 0
110 3.78 0
107 26.6 0
112 18 0
91.6 27.5 0
106 23.1 0
91 29.4 0
98.7 8.98 0
113 22 0
104 14 0
96.7 9.03 0
97.7 64.5 0
111 44.6 0
113 70.2 0
111 65.7 0
101 39.2 0
95.7 64.9 0
111 67.6 0
119 79.2 1
98.2 53.2 0
104 57.3 0
93.5 36.1 0
96.7 54.2 0
110 46.7 0
100 98.6 1
105 90.3 1
91.1 99.2 1
119 80.8 1
116 96.3 1
150 16.3 0
164 21 0
126 8.23 0
145 20 0
149 20.3 0
123 18.2 0
155 5.83 0
149 14.2 0
143 12.6 0
163 59.1 0
142 75.9 0
167 75.1 0
166 76.7 0
152 66.4 0
134 45.2 0
144 75.9 0
134 48.6 0
163 38 0
126 48.3 0
135 63.5 0
143 37 0
161 36.5 0
166 49.2 0
126 64.5 0
154 61.9 0
125 63.6 0
151 67.9 0
123 50.9 0
142 45.4 0
159 33.8 0
165 32.1 0
169 79.2 0
132 61.9 0
166 46.7 0
148 36.1 0
123 49.7 0
125 48.3 0
148 38.2 0
164 77.5 0
128 48.3 0
160 53.7 0
160 63.1 0
133 86.1 1
151 96.4 0
141 97.2 1
133 87.9 1
162 83.7 0
138 97.1 1
196 11.3 0
172 27.5 0
171 29.4 0
174 43.3 0
187 51.5 4
187 54.4 4
174 71.8 0
197 53.2 4
196 47.5 4
182 61.8 4
187 44.7 0
191 43.7 0
184 84.1 4
195 97.2 4
195 90.3 4
196 84.1 4
186 83.7 4
0.675 11.8 1
0.9 16.8 1
2.98 2.15 1
16.3 14.5 1
16.3 15.8 1
9.63 13.1 1
16.8 5.73 1
0.925 14.7 1
8.73 17.2 1
10.1 19.6 1
2.5 50.5 1
10.6 40.5 1
4.5 33.6 1
41.5 12.6 1
40.9 9.78 1
39.4 8.7 1
36.1 9.43 1
38.2 14.4 1
41.5 3.6 1
59.1 29.4 1
38.1 16.6 1
58.2 20.5 1
27.3 18.7 1
56.9 26.7 1
33.5 38.2 1
44.4 36.1 1
48.1 68 0
31.4 38.9 1
28.5 36.4 1
23.7 43.1 1
37.4 50 1
23.3 51.4 1
20.8 79.2 1
30.5 45.4 1
44.9 66 0
55.8 90.8 0
48.2 83.6 0
82.8 10.5 1
70.4 12 1
82.8 21.2 1
68.7 3.65 1
75.1 8.35 1
74.8 3.55 1
88.5 27.5 1
74 6.7 1
89.1 29.4 0
84.4 10.9 1
63.5 15.8 1
81.6 22.4 1
72.2 12.7 1
74 48.2 0
80.5 62.8 0
77.9 60.8 0
61.9 75.7 0
60.8 79.2 0
77.1 35.9 1
86.2 54.6 0
86.3 63.6 0
80.3 47.3 0
63.5 35.3 1
82.7 90.7 0
100 13.8 0
105 20.3 0
115 0.95 0
110 12.8 0
116 5.65 0
98.4 17.8 0
101 20.2 0
97.5 25.6 0
103 54.5 0
106 33.6 0
101 59.8 0
117 51.4 0
101 53 0
115 33.4 0
108 84.3 1
119 99.2 1
115 99.2 1
159 26.7 0
134 16.7 0
161 26.7 0
136 19.8 0
137 14.8 0
169 29.4 0
149 3.53 0
148 26.8 0
150 27.4 0
145 26.4 0
123 10.9 0
138 21.1 0
141 21.3 0
168 27.5 0
138 35.9 0
141 33.6 0
126 76.3 0
157 70.6 0
162 47.8 0
140 39 0
164 41.9 0
158 76.5 0
162 41.5 0
123 71.5 0
122 36.7 0
122 38.3 0
139 50.9 0
163 46.5 0
137 44.4 0
166 39.9 0
125 76.5 1
122 64.6 0
141 52.2 0
139 90.6 1
166 89.1 0
138 91.8 1
144 97.3 1
126 84.1 1
197 26.5 0
190 3.4 0
174 14.2 0
174 16 0
173 23.7 0
173 5.23 0
195 34 0
193 56.6 4
174 40.3 0
177 60 4
189 39.1 0
193 54.8 4
193 51.9 4
179 67.9 4
180 36.7 0
179 60 4
185 46.9 0
185 48.2 4
174 62.2 0
183 55.9 4
187 39.1 0
186 36.2 0
179 96.3 0
183 98.6 0
7.93 39.4 1
16.7 48.6 1
5.75 42.8 1
16.7 46.1 1
19.4 79.2 1
16.1 44.2 1
13.5 49.8 1
16.4 39.5 1
17.5 78.6 1
16.4 36.7 1
17.5 81.4 1
17.5 98.6 1
13.3 90.5 1
19.4 99.2 1
19.4 80.8 1
43.2 15.2 1
21.4 27.5 1
34.3 22.3 1
51.7 3.4 1
38.6 26.9 1
52.9 14.7 1
31.8 14.8 1
23.7 13.4 1
20.8 29.4 1
49.8 16.7 1
44.3 26.2 1
53.5 8.75 1
34.3 18.1 1
46.1 28.1 1
29.3 14.8 1
27.5 12.6 1
37.6 34.3 1
45.9 72.8 0
56.5 71.6 0
41.4 43.6 1
51.5 76.6 0
37.9 67.9 0
47.2 75.3 0
47.2 74 0
36.5 66.4 0
44.9 46.4 1
30.5 67.8 1
38.8 73.8 0
34.5 72.5 0
32.9 71.7 0
53.5 49 1
45.2 78.1 0
43.4 69 0
28.3 95.8 0
24.4 91.9 0
30.4 95.8 0
86.7 15.6 1
80.4 6.53 1
61.4 27.5 1
86.4 14.1 1
63.7 12.7 1
63.5 23.6 1
60.8 29.4 1
84.3 26.4 1
78.7 22.6 1
86.4 71.8 0
81.4 76.8 0
62.7 77.3 0
63.7 40.7 1
68.2 95.9 0
64.3 92 0
78.4 83.5 0
78.1 96.4 0
114 15.4 0
118 26.9 0
116 13.5 0
106 0.875 0
119 29.4 0
105 28.8 0
102 25.8 0
105 39.2 0
116 60.9 0
104 78.8 1
104 45.1 0
96.9 59.7 0
104 30.9 0
110 71.8 1
106 43.3 0
116 58.7 0
93.5 62.1 0
117 37.8 0
105 81.6 1
93.7 92.4 1
134 3.65 0
167 16.3 0
126 26.3 0
161 3.6 0
146 0.85 0
129 5.7 0
167 24.1 0
139 29.4 0
124 23.8 0
159 3.68 0
166 14.8 0
154 45.2 0
145 49.6 0
152 40.5 0
138 48 0
155 43.6 0
136 33.5 0
145 33.6 0
139 78.8 0
123 78.6 1
139 46.7 0
139 30.9 0
121 79.2 1
166 61 0
135 55.5 0
150 33.8 0
150 40.6 0
144 51.6 0
123 81.4 1
141 81.3 0
128 96.1 1
123 98.6 1
147 97.3 1
123 88.7 1
136 97.4 1
161 96.5 0
121 99.2 1
121 80.8 1
150 83.5 0
156 96.1 0
147 84 0
196 29.4 0
199 34.1 0
196 31.3 0
184 63.9 4
182 50.2 0
180 51 0
186 33.5 0
180 54.5 4
11.6 21.7 1
16.3 12.2 1
14.3 26.3 1
13 3.7 1
1.9 8.48 1
3.85 7.03 1
11.3 23.3 1
16.8 23.8 1
6.1 14.7 1
4.25 13.8 1
9.28 3.35 1
10.9 44.1 1
6.4 46 1
3.8 77.4 1
19.4 57.1 1
19.4 62.9 1
7.65 47.2 1
10.7 46.3 1
18.1 61.7 1
19.4 87.1 1
19.4 92.9 1
10.8 86.8 1
18.1 91.7 1
3.98 82.7 1
37.4 3.5 1
31 26.5 1
27.3 1.15 1
32.9 0.775 1
27.1 29.4 1
32.9 29.4 1
48 18.3 1
37.4 23.8 1
35.5 3.03 1
46.2 3.1 1
29 75.8 0
46 50.8 1
30.6 33.4 1
51.7 33.5 1
21.5 56.7 1
21.5 63.4 1
58.7 63 0
58.7 57 0
27 78.8 0
33.1 78.8 0
32.9 30.8 1
45 49.3 1
30.5 84 0
24.5 87.9 1
33.4 98.6 0
33.4 81.5 0
21.5 86.7 1
26.7 98.6 0
21.5 93.4 1
51.6 83.4 0
58.7 93 0
58.7 87 0
28.2 82.6 0
68.3 26.2 1
81.8 3.35 1
72.7 1.15 1
67.1 0.775 1
67.1 29.4 1
72.9 29.4 1
86.5 21.8 1
75.7 76.3 0
71.1 33.5 1
80.5 58.6 0
64.1 59.1 0
64.1 61.2 0
61.5 56.7 0
61.5 63.4 0
88.7 63 0
88.7 57 0
67.3 31.2 1
73.1 78.8 0
72.9 30.8 1
64.1 54.3 0
63.9 52.8 0
68.2 84.2 0
64.3 88.1 0
73.4 81.5 0
61.5 86.7 0
66.7 98.6 0
66.7 81.5 0
61.5 93.4 0
72.3 98.9 0
81.5 83.4 0
88.7 93 0
88.7 87 0
70.3 84.2 0
117 22.7 0
96.9 15.1 1
109 26.6 0
94.2 13.2 1
117 16.9 0
111 26 0
100 45.7 0
116 43.3 0
93.8 52.6 0
95.2 76.5 1
119 56.5 0
119 63.3 0
93.2 46.3 0
93.2 48.8 0
91 56.2 0
91 63.8 0
116 90.4 1
106 97.2 1
119 86.5 1
119 93.3 1
91 87.7 1
96.9 83.9 1
116 88.2 1
91 93.8 1
157 26.7 0
148 9 0
154 26.8 0
164 66.9 0
160 72.4 0
123 59.4 0
136 38.9 0
162 66.6 0
133 39.1 0
123 60.7 0
130 43.3 0
160 43.6 0
155 65.3 0
135 42.3 0
123 68.6 0
169 63 0
169 57 0
121 57.1 0
121 62.9 0
151 75.7 0
130 44.9 0
160 46.1 0
157 66.8 0
131 48.3 0
169 93 0
169 87 0
121 87.1 1
121 92.9 1
122 91.7 1
200 11.5 0
192 39.6 0
175 76.4 0
186 57.9 4
182 33.5 0
190 52.9 4
197 78.8 4
183 78.7 4
197 41.7 4
199 39.8 0
199 50.4 4
173 46.3 0
171 63.8 0
171 56.2 0
197 81.2 4
183 81.2 4
172 92.2 0
172 87.7 0
6.5 21.8 1
16.9 26.9 1
19.4 29.4 1
18.8 27.5 1
16.8 51.2 1
17.5 74.4 1
53.6 17 1
56.7 13.4 1
52.3 18.3 1
50.8 13.1 1
41.6 57.5 1
51.4 43.7 1
41.7 73.4 0
56.4 44.4 1
24.6 58.5 1
56.1 60.8 0
42.9 72.2 0
24.6 60.6 1
51.3 39.9 1
37.9 70.9 0
54 96.7 0
52.4 96.3 0
56.1 94.8 0
78.1 17.8 1
76.8 26.7 1
77.4 19.5 1
83 17.9 1
81.7 16.6 1
72.2 68.2 0
73.2 66.8 0
85.7 88.9 0
72.5 89 0
116 10.5 0
93.8 72.9 0
93.8 39.4 0
95.7 96.6 1
93.7 84 1
123 28.8 0
128 26.3 0
142 17.3 0
146 13.6 0
123 26.9 0
140 0.95 0
121 29.4 0
145 29.4 0
123 53 0
124 45.5 0
146 78.8 0
162 33.3 0
161 76.9 0
146 30.9 0
124 44.3 0
143 68.2 0
123 74.3 0
157 83.7 0
155 83.2 0
135 92.1 1
166 85.1 0
145 81.3 0
199 4.03 0
186 3.45 0
189 28.1 0
192 26.5 0
184 0.875 0
188 29.4 0
176 26.4 0
175 3.4 0
182 39.2 0
199 45.5 4
185 42.7 0
178 47 0
190 33.7 0
188 31.2 0
177 49.6 0
177 48.2 0
184 40.9 0
173 83.7 0
16.9 2.98 1
19.4 13.3 1
12 26.3 1
16.8 7.75 1
16.9 33 1
19.4 43.3 1
18.1 42 1
8.9 83.2 1
45.8 16.6 1
48.9 21.6 1
21 13 1
59.1 13.1 1
28.2 26.3 1
45.6 19.1 1
34.9 12.3 1
53.8 25 1
56 22.7 1
36 40.6 1
44.9 32.9 1
56.5 73.8 0
49.2 51 1
23.2 74.3 1
23.6 72.6 1
32.7 65.5 1
40.2 78.3 0
35.5 42.5 1
21 43 1
59.1 43.1 1
50.7 49.5 1
27.3 32.3 1
44.7 40 1
21 32.1 1
36.3 83.8 0
45.7 96.9 0
37.8 83.6 0
37.7 96.4 0
47.4 96.4 0
39.4 83.6 0
39.3 96.4 0
63.1 20.4 1
61.3 13.9 1
89.1 13.1 1
63.3 6.58 1
86.7 17.8 1
63.3 8.13 1
86.3 67.6 0
86 60.2 0
61 43 1
89.1 43.1 0
113 3.85 0
91.1 12.8 1
119 13 0
93.4 75.3 0
117 53.5 0
110 33.6 0
119 43.9 0
91 43 0
98.7 96.2 1
112 95.9 1
113 84.3 1
167 18.5 0
169 13 0
121 13.3 0
166 9.2 0
124 20.9 0
165 26.6 0
166 44 0
123 33 0
130 76.3 0
169 43.1 0
121 43.3 0
146 46 0
160 67.1 0
164 83.3 0
154 96.6 0
131 83.4 1
173 20.5 0
189 1.15 0
171 13 0
183 0.875 0
193 29.4 0
173 7.85 0
191 75.9 4
177 33.6 0
171 43 0
193 30.8 0
173 75.2 0
178 75.9 4
182 45.2 0
181 58.1 4
198 93.8 4
187 98.5 0
181 88.5 0
191 83.1 4
13.4 29.4 1
9.3 26.6 1
17.4 20.3 1
4.2 58.3 1
5.5 57.3 1
7.93 33.7 1
16.6 66.6 1
13.1 31 1
13.3 79.2 1
18.8 54.8 1
5.3 96.6 1
10.5 96.9 1
12.3 96.4 1
16.9 88.8 1
19.4 85.4 1
14 81.3 1
19.4 94.6 1
16.1 94.7 1
35.3 26.9 1
57 16.6 1
36.5 26.9 1
24.5 0.95 1
34.6 0.775 1
34.6 29.4 1
25.4 29.4 1
50 28.1 1
40.8 20.4 1
40.2 18.5 1
23.9 67.7 1
24.9 76.2 1
25.3 78.8 1
34.8 78.8 0
34.6 30.8 1
38 44.9 1
34.1 33.3 1
23.5 53.6 1
21.5 55 1
53.6 76.6 0
58.7 55.3 0
44.8 83.2 0
35.1 81.5 0
21.5 85 1
21.5 95.1 1
54.8 83 0
58.7 94.7 0
58.7 85.3 0
25.4 82.9 1
35.7 99.2 0
24.3 99.2 0
23.7 97 0
75.5 0.95 1
65.4 29.4 1
65.4 28.1 1
75.3 28.8 1
64.6 1.1 1
86.4 73.9 0
64.5 31 1
88.7 55.3 0
74.8 78.8 0
61.5 55 0
75.4 31.1 1
64.3 99.2 0
61.5 85 0
65 81.5 0
61.5 95.1 0
88.7 94.7 0
88.7 85.3 0
76.2 83.7 0
75.1 81.5 0
63.7 97 0
75.8 96.2 0
75.1 98.6 0
100 3.63 0
92.9 26.9 0
108 29.4 0
93.8 6.33 1
97.1 3.48 0
93.8 7.88 1
97.4 33.7 0
111 76.1 1
116 67.6 0
117 72.9 1
119 54.8 0
91 54.5 0
108 31.3 0
108 78.8 1
94.2 57.7 0
98.8 83.6 1
119 84.8 1
119 95.7 1
91 95.5 1
91 84.5 0
108 81.1 1
123 4.18 0
158 0.95 0
158 29.4 0
127 29.4 0
165 4.83 0
133 25.5 0
135 26.1 0
123 5.43 0
123 8.23 0
166 70.7 0
125 41.2 0
126 40.8 0
169 55.3 0
158 31 0
127 79.2 1
158 79.2 0
163 73.8 0
121 54.8 0
126 31.3 0
155 76.6 0
131 97.1 1
122 94.6 1
169 94.7 0
169 85.3 0
127 81 1
126 98.8 1
159 81.3 0
121 94.6 1
159 98.8 0
166 95.1 0
121 84.8 1
173 26.9 0
178 26.4 0
171 54.5 0
192 68.5 4
192 67.1 4
174 36.2 0
194 75.9 4
178 83.4 0
176 83.2 0
176 96.7 0
199 97.7 4
193 96.3 4
172 95.4 0
172 99 0
19.4 16.6 1
19.4 71.6 1
13.1 84.1 1
0.45 98.1 1
41.6 26.2 1
54.1 3 1
45.8 21.3 1
23 20.5 1
41.8 0.875 1
21.3 15.9 1
59.4 16.6 1
23.5 18.8 1
52.9 20.5 1
54.2 21.8 1
55 26.7 1
55.9 52.3 0
39.6 39.7 1
47.9 44.9 1
23.7 39.3 1
51.2 46.6 1
41.1 40.8 1
48.2 30.9 1
21.3 70.9 1
59.4 71.6 0
48.5 79.4 0
55.9 54.1 0
48.2 80.9 0
49.1 98.8 0
56.1 84.8 0
87.2 26.9 1
77.6 3.65 1
89.4 16.6 1
60.9 16.9 1
77.8 39.2 0
86.3 51.4 0
83.4 76.8 0
61.3 70.9 0
89.4 71.6 0
66.7 77.6 0
84 83.1 0
83.9 96.9 0
82.4 96.6 0
86.1 84.8 0
86.1 95.1 0
93.5 17.7 1
119 16.9 0
91.3 15.9 1
103 1.25 0
119 65.7 0
115 76.6 1
91.3 70.9 0
119 70.9 0
154 9.48 0
132 3.45 0
162 0.875 0
127 2.3 0
169 16.6 0
121 16.6 0
167 22.1 0
167 26.9 0
159 58.4 0
166 53 0
153 33.9 0
169 71.6 0
121 71.6 0
166 65.2 0
166 54.7 0
164 96.9 0
180 28.1 0
171 16.8 0
180 29.4 0
192 0.825 0
187 78.8 4
171 71.8 0
174 51.2 0
180 31.2 0
174 57.8 0
173 49.6 0
188 91 4
190 91 4
187 80.9 4
191 96.2 4
193 83.7 4
4.15 3.3 1
14.1 1.25 1
0.975 3.3 1
18.1 64.8 1
16.8 53.3 1
6.4 77.4 1
19.4 64.8 1
19.4 51.4 1
16.9 82.7 1
16.9 97.3 1
14.1 98.8 1
6.48 82.2 1
50.4 25.2 1
22.7 26.9 1
23.4 22.8 1
49.1 24 1
39.2 1.25 1
38.6 29.4 1
23.7 9.68 1
56.3 5.98 1
41 22.6 1
25.3 26.3 1
41.1 75.8 0
54.1 33.1 1
20.8 65.8 1
59.1 65.7 0
20.8 51.6 1
58.8 50.8 0
39.2 31.3 1
57.8 67 0
24.4 32.1 1
21.8 31 1
23.5 48 1
23.5 46.8 1
43 90.4 0
40 80.8 0
40 99.2 0
62.7 26.9 1
84.2 2.95 1
79.2 1.25 1
78.6 29.4 1
83.8 33 1
60.8 65.8 0
89.1 65.7 0
63.4 67.8 0
88.8 50.8 0
78.4 79.2 0
61.3 50.8 0
78.7 33.8 1
80.6 33.4 1
80 30.8 1
78.4 99.2 0
78.4 80.8 0
117 20.3 0
93 20.2 1
100 29.4 0
97.4 23.2 0
100 28.1 0
95.7 22.4 0
117 48 0
117 46.7 0
117 75.4 1
91 65.6 0
91.3 50.8 0
119 51.5 0
92 32.1 0
99.1 78.8 1
99.5 31.2 0
103 97.1 1
100 81.3 1
114 97.7 1
153 3.63 0
146 5.3 0
135 29.4 0
151 1.15 0
140 26.3 0
130 56.5 0
134 75.9 0
135 78.8 0
169 50.8 0
123 36.1 0
121 51.4 0
169 64.8 0
128 56.2 0
135 31.2 0
123 39.5 0
122 66.6 0
123 82.7 1
123 97.3 1
134 80.7 0
196 4 0
191 9.48 0
171 65.6 0
172 32.1 0
195 78.8 4
171 50.2 0
171 98.2 0
194 81.4 4
7.15 26.6 1
0.625 28.1 1
0.625 29.4 1
19.4 23.6 1
5 28.8 1
11.7 9.78 1
1.1 35.2 1
0.525 61.7 1
0.625 78.8 1
5.35 31.2 1
16.9 85.8 1
0.625 81.2 1
43.6 20.9 1
57 18.8 1
51.6 0.775 1
59.4 23.6 1
21.3 24.2 1
58.2 1.95 1
51.4 29.4 1
41.4 29.4 1
57 20 1
48.4 0.8 1
36.2 76.9 0
56.3 36 1
23.7 35.9 1
38 78.1 0
51.6 30.8 1
41.6 30.8 1
58.2 32 1
41.4 79.4 0
51.4 79.4 0
56.3 38.1 1
41.6 99.2 0
51.6 80.8 0
41.6 80.8 0
50.8 98.8 0
86.3 5.93 1
60.8 23.4 1
81.6 0.775 1
89.4 23.6 1
88.2 1.95 1
81.4 29.4 1
86.3 7.98 1
84.5 54.6 0
82.9 54.9 0
63.3 73.2 0
81.6 30.8 1
88.2 32 0
81.4 79.4 0
62.8 74.9 0
85.9 36 0
86.6 47.2 0
86.6 48.4 0
85.9 38.1 0
81.6 80.8 0
80.8 98.8 0
119 23.4 0
92.2 2.2 1
90.8 23.4 1
114 35.3 0
115 36.3 0
93.6 67.7 0
119 69.3 0
115 37.8 0
126 17.6 0
124 17.3 0
134 0.825 0
169 23.6 0
161 29.4 0
121 23.6 0
151 29.4 0
132 33.6 0
150 78.8 0
151 31.2 0
162 30.8 0
164 32.9 0
168 32 0
161 79.4 0
121 68.6 0
127 34.1 0
163 76.9 0
166 72.8 0
151 99.3 0
134 98.1 1
162 99.2 0
162 80.8 0
151 80.7 0
182 5.25 0
171 23.4 0
187 72.1 4
183 72 4
185 73.3 4
180 78.7 4
174 67.7 0
196 96 4
179 99.3 0
180 81.2 4
19.4 26.3 1
16.3 29.4 1
16.3 0.625 1
9.7 72.6 1
16.3 30.6 1
19.4 46.3 1
19.4 48.8 1
19.4 68.7 1
16.3 79.4 1
10.2 74.3 1
8 69.7 1
8.1 71.7 1
11.5 71.4 1
16.3 80.6 1
16.3 99.4 1
46 23.7 1
20.6 26.3 1
21.8 2.05 1
44.8 25 1
56.6 9.65 1
57.2 24.8 1
59.4 25 1
47.8 28.1 1
37.6 36.2 1
58.8 69.3 0
21.3 69.3 1
56.7 47.7 1
58.8 49.4 0
56.7 46.5 1
58.8 45.6 1
21.3 49.4 1
21.3 45.6 1
72.5 23.5 1
89.4 26.3 1
60.6 26.3 1
61.9 3.45 1
60.8 2.35 1
72.4 25.4 1
74.2 22.7 1
69.5 73.1 0
67.5 71.8 0
88.8 69.3 0
60.6 46.3 1
60.6 48.8 0
61.3 69.3 0
64 78.1 0
61.8 32.1 1
88.8 45.6 0
88.8 49.4 0
105 5.88 0
104 7.6 0
111 1.18 0
90.6 26.3 0
119 25.6 0
111 40.1 0
113 40.2 0
90.6 46.3 0
91.3 69.3 0
90.6 48.8 0
119 45.6 0
118 33.5 0
119 32.4 0
119 49.4 0
111 99.1 1
124 29.4 0
121 26.3 0
168 1.9 0
124 1.83 0
169 26.3 0
152 71.9 0
150 73.2 0
138 71.8 0
166 35.8 0
124 30.6 0
121 46.3 0
121 48.8 0
169 69.3 0
169 46.3 0
124 79.4 1
169 48.8 0
124 80.6 1
124 99.4 1
199 2.03 0
171 26.3 0
172 2.05 0
190 63.9 4
191 62.4 4
189 60.7 4
190 60.7 4
171 69.3 0
171 48.8 0
171 46.3 0
19.4 6.1 1
18.1 10.2 1
19.4 10.2 1
9.6 58.7 1
15.2 57.8 1
10.8 57.2 1
13.6 58.4 1
12.6 56.9 1
19.4 38.9 1
19.4 36.1 1
48.2 7.05 1
47.4 5.35 1
29.1 7.33 1
37.5 5.38 1
26.1 5.65 1
27.3 7.33 1
59.1 9.93 1
59.1 5.08 1
21 9.83 1
30.1 5.48 1
21.3 6.1 1
45.2 27.5 1
45.8 4.98 1
32.6 48.9 1
59.1 39.9 1
59.1 35.1 1
21 39.8 1
21 35.2 1
33.9 47.7 1
43.6 76.9 0
44.9 76.9 0
84 22.6 1
85.3 22.6 1
82.8 23.9 1
82.8 25.1 1
89.1 9.93 1
89.1 5.08 1
61.1 5.33 1
61.1 9.68 1
73.6 72.1 0
77.4 74.7 0
65.3 53.5 0
78.2 73 0
64.9 48.6 0
75.7 74.7 0
67 53.8 0
76.9 71.7 0
75.2 73 0
89.1 35.1 0
61.3 38.9 1
64.9 47.3 0
61.3 36.1 1
89.1 39.9 0
118 2.05 0
91.1 5.33 1
91.1 9.68 1
114 29.4 0
114 28.1 0
119 6.1 0
119 8.9 0
108 57.8 0
109 56.3 0
95.7 52.5 0
96 40.1 0
97.5 43 0
96 42 0
114 30.9 0
119 36.1 0
114 78.8 1
91.8 78.4 0
91 35.2 0
119 39.7 0
106 58.2 0
97.2 51.5 0
91 39.8 0
109 92.7 1
111 94 1
110 94.1 1
114 81.3 1
92 81.8 0
138 7.28 0
142 7.38 0
139 5.83 0
141 5.88 0
121 6.1 0
121 8.9 0
169 9.9 0
141 8.83 0
139 8.78 0
169 6.1 0
152 49 0
150 48.4 0
144 42.5 0
143 61.7 0
141 62.8 0
143 43.4 0
121 36.1 0
121 38.9 0
169 35.1 0
152 50.3 0
169 38.9 0
141 87 0
143 88.1 0
171 9.83 0
176 29.4 0
177 1.15 0
171 6.1 0
171 35.2 0
172 78.4 0
175 31 0
171 38.9 0
176 78.8 4
182 92.2 0
183 92.2 0
185 93.2 0
194 98.6 4
175 99 0
175 81 0
190 99.1 4
171 82.1 0
13.6 7.13 1
2.58 23.7 1
19.4 20.8 1
9.03 29.4 1
8.9 5.23 1
18.8 1.73 1
12.7 5.58 1
15.6 7.13 1
19.4 75.8 1
18.8 31.7 1
9.93 31 1
9.13 78.8 1
9.03 80.7 1
59.4 20.8 1
54.3 29.4 1
20.8 20.6 1
44.8 0.875 1
55.2 0.85 1
45.5 29.4 1
48.7 72.8 0
43.1 54.3 1
43.1 51.3 1
42.9 49.9 1
39 62.7 0
57.2 77.3 0
37.5 63.8 0
37.7 58.4 1
43 44.3 1
45.3 34.8 1
36.3 57.4 1
42.8 45.7 1
44.7 52.1 1
25.3 67 1
39.3 66.9 0
40.9 67 0
28.1 68.1 1
33.8 58.6 1
48 36.9 1
27 66.7 1
47.1 35.3 1
20.8 75.6 1
45.2 30.9 1
55.2 30.9 1
58.5 78.6 0
47.5 71.5 0
41.9 52.5 1
37.8 65.5 0
44.7 53.9 1
58.8 75.1 0
28.3 64.2 1
54.9 78.8 0
45.5 79.4 0
53.3 90.8 0
54.4 94.9 0
52.8 94.5 0
52 92.8 0
54.4 80.8 0
44.4 99.2 0
58.2 98.3 0
45.3 80.9 0
55.2 99.1 0
58.2 81.7 0
68.1 5.53 1
65.1 6.58 1
66.3 5.48 1
78.1 12.3 1
76.8 13.5 1
84.3 29.4 1
77.6 25.5 1
77.4 24 1
60.8 20.6 1
85.2 0.85 1
88.8 20.1 1
65.1 8.13 1
66.3 9.23 1
66.8 37 1
87.2 77.3 0
83 68.4 0
81.8 42.6 0
84.6 67.5 0
84.6 43 0
83 43.8 0
65.6 35.3 1
60.8 75.6 0
85.2 30.9 1
88.5 78.6 0
81.8 67.2 0
88.8 75.1 0
84.9 78.8 0
85.3 80.9 0
88.2 98.3 0
85.2 99.1 0
88.2 81.7 0
110 5.68 0
99.6 0.9 0
111 7.4 0
114 5.73 0
113 7.38 0
119 19.8 0
90.9 19.8 1
94.7 28.1 0
94.7 29.4 0
96.1 1.1 0
108 51.1 0
103 72.3 1
104 52.8 0
107 52.7 0
103 51.3 0
105 73.5 1
103 49.4 0
119 74.8 1
90.9 74.8 0
95.1 31 0
95.9 78.8 1
96 80.8 1
96.9 99.3 1
92 98.2 1
100 98.6 1
125 12 0
162 11.8 0
126 11.6 0
164 10.3 0
163 9.9 0
127 9.68 0
164 29.4 0
121 20.8 0
121 1.73 0
154 29.4 0
130 1.1 0
155 0.95 0
169 20.1 0
130 28.1 0
130 29.4 0
166 0.8 0
142 13.6 0
138 52.7 0
143 57.6 0
167 77.3 0
166 68.5 0
165 48.5 0
140 54 0
164 40.2 0
163 39.8 0
157 38.7 0
140 56.5 0
163 49.2 0
125 52.2 0
127 49.7 0
158 37.2 0
128 51.3 0
126 52.6 0
121 75.8 1
157 35.6 0
155 79.2 0
121 31.7 0
165 30.9 0
168 78.6 0
155 31 0
130 31 0
165 47.3 0
169 75.1 0
165 78.8 0
131 78.8 0
152 94.8 0
151 93 0
163 89.1 0
154 95 0
155 93.2 0
153 91.7 0
165 85.1 0
131 91.8 1
127 92.1 1
131 88.2 1
130 86.7 1
131 85 1
130 93.3 1
128 93.6 1
162 87.2 0
163 85.4 0
154 80.7 0
165 80.9 0
168 98.3 0
165 99.1 0
168 81.7 0
131 99.3 1
155 99 0
130 81 1
156 93.6 0
178 7.98 0
176 9.63 0
176 5.28 0
197 1.18 0
171 20.6 0
180 7.95 0
176 63.1 4
179 64.4 4
193 46 4
176 40.3 0
177 61.6 4
178 43.1 0
176 42.1 0
179 62.7 4
194 47.3 4
171 74.8 0
177 64.9 4
180 61.7 4
187 46.2 0
193 44.6 4
3.2 0.825 1
8.48 1.15 1
12.2 36.6 1
13.2 38.1 1
6.58 54.2 1
12.2 39.7 1
13.8 62.9 1
10.6 67.5 1
4.5 35.5 1
7.78 51.4 1
12.8 64.4 1
5.6 37.2 1
8.5 35.6 1
12.5 68.2 1
13.3 74.8 1
14.1 73.1 1
7.43 37.2 1
8.73 54 1
15.6 72.8 1
15.3 67.3 1
9.3 52.4 1
13.7 66.9 1
5.9 52.6 1
10 65.9 1
11 64.1 1
15.1 38.1 1
16.2 74.7 1
3.23 98.8 1
8.75 99.3 1
46.5 10.3 1
43.2 13.5 1
33.6 5.8 1
44.8 10.7 1
44.8 12.6 1
34.8 6.9 1
34.8 8.45 1
42.7 8.8 1
39.9 7.1 1
41.8 7.1 1
42.7 5.48 1
52.3 68.6 0
43.7 60.6 0
43.3 64.3 0
42.5 62.6 0
46.6 64.2 0
49.3 67.3 0
51 67.4 0
21.6 78.4 1
44.9 64.7 0
34.2 92 0
34.3 88 0
40.5 92.9 0
40.6 87 0
45.2 84.9 0
28.3 93.3 0
26.9 91.9 0
37.1 85 0
37 95 0
47.8 87 0
38.3 87.8 0
38.2 92.2 0
36.8 86.7 0
36.7 93.3 0
46.9 85.4 0
21.6 98.4 0
21.6 81.6 1
41.4 85.3 0
23.1 83.1 1
41.3 94.6 0
30.4 93.3 0
65.6 13 1
65.3 17.1 1
65.9 40.6 1
71 42.6 0
71.7 57.9 0
67.1 45.2 0
67.3 43.5 0
72.7 43.7 0
72.7 45.1 0
65.8 42.5 1
73.1 59.3 0
74.1 42.6 0
71.7 62.8 0
73.1 61.4 0
61.6 78.4 0
68.2 93.4 0
66.8 92 0
61.6 98.4 0
61.6 81.6 0
63.1 83.1 0
109 22.3 0
95.7 6.33 1
100 7.2 0
98.9 5.5 0
96.9 5.35 0
110 18.3 0
108 25.4 0
108 17 0
108 23.5 0
91.6 28.8 0
111 23.5 0
106 18.3 0
95.7 7.88 1
107 62.5 0
110 60.2 0
98.5 62.6 0
99.1 73.6 1
95.1 74.9 0
96.8 35.5 0
113 55.2 0
102 61.7 0
95.3 63 0
97.2 72.3 0
101 35.5 0
100 37.2 0
114 58.3 0
98 37.2 0
115 52.7 0
95.6 73.2 0
96.5 61.5 0
112 68.2 0
112 64.8 0
104 61.9 0
113 61.5 0
112 51.8 0
113 60.1 0
105 63 0
114 53.1 0
114 67.4 0
114 65.9 0
118 78.4 1
95.5 93.3 1
96.4 95.1 1
98.4 94.7 1
97.2 88.2 1
117 82.7 1
102 86.9 1
96.7 91.8 1
98.7 92.9 1
100 87.9 1
98.7 85.2 1
99 86.9 1
119 81.5 1
158 25.5 0
152 15.9 0
129 15.8 0
158 24 0
129 13.8 0
137 24.9 0
161 23 0
130 17.1 0
159 22.8 0
133 23 0
150 22.4 0
132 16.1 0
152 23.6 0
152 13.4 0
137 23 0
150 12.6 0
143 23.3 0
152 25.5 0
131 13 0
135 21.8 0
132 14.1 0
145 22 0
135 12 0
137 11.9 0
138 13.3 0
148 23.6 0
148 25.5 0
150 26.1 0
143 25.1 0
157 55.9 0
163 61 0
149 58.9 0
147 64.1 0
155 56.2 0
151 58 0
149 61.5 0
147 72.1 0
155 52.9 0
152 54.7 0
146 66.6 0
153 59.3 0
127 74.7 0
151 65.6 0
151 62.4 0
154 54.5 0
131 67 0
139 66.5 0
153 61.1 0
130 63.6 0
164 65.1 0
143 72.1 0
148 67.9 0
162 63 0
145 73.4 0
150 67.2 0
135 65.5 0
127 71.8 0
126 73.1 0
163 64.8 0
137 67.8 0
131 65.4 0
125 72.8 0
135 67.1 0
158 53.4 0
156 52.2 0
133 68.4 0
141 73.4 0
124 74.6 0
140 95.8 1
139 92.1 1
140 93.3 1
127 86.6 1
126 88.1 1
124 87.4 1
182 10.6 0
195 17.6 0
195 13 0
193 16.3 0
187 23 0
183 23 0
193 14.3 0
182 15.8 0
185 19.2 0
181 12.5 0
185 21.7 0
183 13.7 0
172 28.8 0
187 24.9 0
198 67.2 4
191 73.4 4
175 74.8 0
197 72.1 4
179 73.4 4
196 65.8 4
177 35.5 0
190 35.6 0
193 72.1 4
186 53 4
177 72.2 4
178 37.2 0
189 37.4 0
176 73.1 4
195 73.4 4
182 52 4
191 78.8 4
184 53.3 4
197 63.3 4
195 62.1 4
180 52.7 4
187 37.4 0
199 98.8 4
195 98.6 4
200 87.8 4
191 80.7 4
15 13.3 1
15 17 1
13.4 12.9 1
13.5 17.3 1
12.2 14.2 1
12.2 16.1 1
10.5 17.4 1
11.7 47.3 1
7.73 62.2 1
13.8 43.3 1
0.975 57.2 1
3.28 67.5 1
3.68 40.6 1
1.63 40.6 1
2.58 45.1 1
2.6 43.6 1
1 42.5 1
12.6 44.5 1
4.3 42.5 1
1.95 52.2 1
12.9 46.1 1
4.25 62.5 1
5.55 63.5 1
5.15 66.8 1
0.075 52.9 1
15.4 47.3 1
14.2 47.3 1
5.83 65.2 1
16.9 62.9 1
12.9 48.6 1
18.1 55.8 1
7.58 92 1
14.9 93 1
5.68 95 1
4.1 92.3 1
9.55 95.3 1
5.4 93.2 1
13.3 92.4 1
10.5 93.5 1
12.3 93.9 1
2.15 92.3 1
52.2 16.1 1
51 17.3 1
30.4 22.2 1
30.4 18.1 1
25.8 2.1 1
37.3 25.6 1
32.2 25.3 1
32.4 23.4 1
32.4 16.8 1
58.5 28.8 1
28.4 16.8 1
57.2 27.5 1
33.9 53.3 1
35.6 53 1
34.2 36.3 1
29 73.3 1
54 72.9 0
55.3 72.9 0
33.1 35.2 1
52.8 75.4 0
52.8 74.1 0
40.7 72.2 0
51 57.3 0
31.3 35.2 1
30.3 37.1 1
27.3 42.9 1
25 74.7 1
22.3 65.1 1
47.2 59.3 0
38.3 52.8 1
57.8 64.6 0
37.1 51.5 1
27 72 1
25.8 42 1
27.5 51.7 1
25.8 40.1 1
24.8 52.8 1
26.5 53.1 1
25.4 73 1
48.5 57.3 0
47.6 55.7 1
51.5 72.9 0
36.9 54.2 1
52.8 71.6 0
42 70.9 0
48.5 61.3 0
39.2 72.4 0
32.9 51.8 1
42.2 69.5 0
30.5 86.5 0
45.3 95.1 0
27 87.9 0
48 93 0
28.4 86.5 0
47 94.6 0
35.1 97.8 0
46.7 91 0
25 97.8 0
27.1 84 0
69 21.9 1
81.8 12.9 1
84.7 13.3 1
76.8 16.7 1
67.1 25 1
75.6 19.7 1
64.9 20.8 1
74.2 2.1 1
83.1 14.2 1
75.1 18 1
67 23.1 1
65.3 22.3 1
88.5 28.8 0
74.2 28.1 1
65.7 1.88 1
85.4 16.8 1
84.2 16.8 1
82.9 15.6 1
76 66.5 0
70.8 37.2 1
73.6 39.1 1
77.4 68 0
80.1 52.5 0
71.8 35.4 1
68 57.7 0
74.7 38 1
62.3 65.1 0
68 62.6 0
78.5 52.5 0
78.7 66.7 0
87.8 64.6 0
65.8 32.1 1
74.7 36.4 1
78.4 62.5 0
77.2 65.3 0
73.6 35.3 1
66.6 59.1 0
76.9 63.6 0
77.3 51.3 0
66.6 61.2 0
71.8 39 1
75.8 52.7 0
77.1 54 0
74.1 53 0
74.3 31.9 1
70.3 86.7 0
65 97.8 0
68.2 86.7 0
66.8 88.1 0
73.4 97.5 0
77 85 0
76.6 95 0
78.1 87.7 0
77.8 92.2 0
76.3 93.3 0
76.7 86.7 0
72.4 93.4 0
73.8 92 0
117 27.5 0
100 18.2 0
102 16.9 0
119 28.8 0
102 14.5 0
105 2.13 0
114 43.5 0
105 35.5 0
109 46.9 0
113 44.6 0
109 43 0
107 37.2 0
109 37.2 0
110 35.5 0
113 46.1 0
106 46.9 0
118 65 0
115 46.7 0
105 46.9 0
115 48 0
108 43.9 0
108 45.6 0
113 48.6 0
112 47.3 0
108 48.1 0
93.7 86.5 1
106 88.3 1
91.9 86.2 1
118 95 1
114 87.8 1
114 91 1
113 89.6 1
108 87.9 1
109 86.4 1
118 98.4 1
109 89.4 1
113 86.4 1
162 17.5 0
129 20.7 0
163 14.9 0
132 8.98 0
163 16.3 0
163 20 0
163 18.8 0
162 5.48 0
134 7.1 0
130 7.93 0
158 17.1 0
163 24.1 0
161 7.1 0
157 20.2 0
133 5.53 0
127 25 0
130 6.38 0
164 17.5 0
165 17.5 0
163 25.4 0
127 23.6 0
157 8.65 0
127 20.7 0
155 21.8 0
132 5.33 0
158 12.7 0
126 22.3 0
158 7.1 0
125 22.5 0
157 15.8 0
155 20.2 0
157 5.55 0
157 13.9 0
165 22.9 0
166 22.9 0
168 28.8 0
165 14 0
129 22.3 0
155 12.8 0
133 8.73 0
155 17.1 0
158 48.1 0
149 52.6 0
146 55.7 0
156 46.9 0
125 58.2 0
154 39.1 0
135 47.8 0
135 46.5 0
158 73.3 0
157 72 0
155 73.3 0
150 37.5 0
155 46.9 0
147 50 0
154 35.8 0
126 58.8 0
125 61.9 0
127 62.8 0
126 61.3 0
140 35.5 0
156 75 0
158 42.8 0
158 75 0
141 37.3 0
147 51.9 0
152 37.5 0
146 53.2 0
158 45.6 0
157 44.1 0
159 46.9 0
122 55.8 0
137 45.9 0
149 35.7 0
149 39.2 0
158 87.7 0
160 92.3 0
157 86.2 0
151 85 0
154 88 0
154 84.8 0
155 86.5 0
148 92.3 0
150 86.8 0
144 92.3 0
146 96 0
148 87.7 0
164 95.1 0
146 86.5 0
146 93.5 0
162 93 0
163 94.7 0
123 92.9 1
122 85.8 1
196 25.3 0
190 17.2 0
179 17.6 0
196 23.4 0
179 22 0
191 22.1 0
186 5.3 0
190 5.28 0
188 16 0
186 12.7 0
176 13 0
189 7.05 0
187 7.03 0
177 13.9 0
195 22.1 0
190 12.7 0
175 17.3 0
177 16.4 0
175 20.8 0
193 23.4 0
177 23.3 0
193 25.3 0
188 13.6 0
175 22.5 0
186 10.8 0
177 25.1 0
196 56.3 4
195 57.7 4
183 67.9 4
196 53.8 4
187 68.4 4
187 66.8 4
185 66.3 4
194 53.4 4
181 67.1 4
186 32 0
184 86.5 4
185 87.8 4
178 94.7 0
178 92.9 0
178 86.7 0
178 84.9 4
196 86.6 4
176 88 0
185 97.1 0
175 93.4 0
175 86.5 0
176 91.9 0
176 84.7 0
176 95.1 0
193 85.6 4
195 88 4
188 85.7 4
187 87.3 4
193 87.5 4
173 93.7 0
173 86.2 0
191 85.1 4
13 25 1
13.2 20.8 1
12.9 23.6 1
14.1 22.3 1
15.5 22.5 1
16.1 20.6 1
6.8 48.9 1
3.05 48.9 1
3.18 72.4 1
5.55 47.7 1
5.15 76.1 1
4.3 47.7 1
5.15 73.6 1
18.8 78.6 1
8.05 84.8 1
7.8 88 1
5.9 85 1
4.33 87.7 1
5.63 86.8 1
18.8 81.4 1
18.8 98.6 1
2.38 87.7 1
8.98 86.5 1
5.23 83.4 1
25.8 10.4 1
52.2 7 1
54.5 4.88 1
52.9 5.28 1
25.8 12.3 1
21.4 28.8 1
54.2 52.3 0
29.2 48 1
29.2 46.8 1
54.2 54.1 0
34.5 39.4 1
52.6 54.4 0
52.6 51.4 1
53.6 60.8 0
31.6 40.5 1
30.9 42.4 1
27.3 46.1 1
30.6 57.1 1
25.4 48 1
25.4 46.8 1
49.7 52.8 1
32.6 44.9 1
27.1 60.6 1
32.5 43.5 1
33.4 40.5 1
52.3 62.8 0
51.3 52.7 1
54.7 64.9 0
53.1 64.5 0
33 61.9 1
28.5 57.1 1
33.9 42.4 1
27.1 58.5 1
31.6 63.3 1
54.7 66.7 0
27.3 48.6 1
52.4 50 1
52 86.9 0
54.4 84.8 0
52.8 85.2 0
69.8 13.5 1
69.6 9.7 1
71.7 14.3 1
77.1 8.63 1
78.1 7.08 1
75 5.43 1
70.1 17.9 1
68.1 16.7 1
70.6 7.88 1
72.1 16.7 1
77.1 5.53 1
73.6 9.53 1
72.5 7.88 1
61.4 28.8 1
68.2 14.6 1
73.7 11.4 1
81.4 73 0
83.9 73 0
85.1 73 0
84.6 51.3 0
78.2 42.8 0
70.3 47.4 0
70.3 48.7 0
82.6 75.5 0
82.6 74.3 0
78.7 47 0
83 50.5 0
76.2 47 0
84.7 48.4 0
84.7 47.2 0
71.6 51 0
77 44 0
75 47 0
82.8 49.1 0
67.6 68.2 0
64.8 67 0
66.5 66.7 0
77.5 45.8 0
72.2 49.3 0
82.6 71.8 0
68.4 49.3 0
69.1 51 0
82.8 46.6 0
81.6 47.8 0
77.5 48.3 0
83.2 88.9 0
82 93.1 0
84.4 84.8 0
84.4 95.1 0
82 86.9 0
82.8 94.8 0
82.8 85.2 0
108 10.6 0
106 10.6 0
109 12.5 0
114 10.5 0
113 13.3 0
114 12.3 0
105 12.5 0
107 13.6 0
115 0.95 0
102 29.4 0
104 28.1 0
102 26.9 0
98.9 46.9 0
98.9 48.2 0
98.7 67.3 0
98 65.7 0
104 68.1 0
111 73.6 1
108 70.7 0
109 65.3 0
97 46.3 0
97 48.8 0
113 72.4 1
105 66.7 0
97 68.7 0
115 73.3 1
96 66.1 0
95.1 46.9 0
95.1 48.2 0
115 75 1
102 78.8 1
108 68.5 0
108 67.2 0
102 30.9 0
95.5 67.7 0
100 77.6 1
101 32.1 0
104 82.8 1
105 95.8 1
104 92.2 1
102 81.3 1
105 93.4 1
115 99.2 1
102 92.1 1
149 8.85 0
149 5.4 0
150 7.13 0
152 7.13 0
148 0.85 0
137 29.4 0
153 5.5 0
149 2 0
132 53.6 0
146 39 0
165 52.9 0
162 53.3 0
134 52.4 0
134 73.4 0
145 37.2 0
162 56.8 0
132 72.2 0
130 74.8 0
127 68.2 0
146 35.5 0
131 40.4 0
132 45 0
131 73.1 0
131 52 0
165 54.7 0
163 55.1 0
137 78.8 0
133 43.2 0
131 42.3 0
133 49.6 0
133 51 0
126 66.9 0
137 30.9 0
124 67.3 0
121 78.6 1
134 53.9 0
163 52.1 0
136 32 0
124 65.4 0
123 65.4 0
139 82.7 0
137 98.6 1
137 81.4 0
121 81.4 1
121 98.6 1
135 82.1 0
198 14.1 0
195 28.1 0
198 16.6 0
194 28.1 0
182 29.4 0
182 26.9 0
184 27.5 0
184 28.8 0
199 36 0
195 41.2 0
198 37.6 0
195 35.9 0
195 32.1 0
177 46.3 0
185 77.5 4
195 39.3 0
196 37.6 0
175 48.1 0
175 46.9 0
183 30.9 0
175 51.1 0
199 51.9 4
181 32.1 0
192 93.3 4
192 94.8 4
196 82.6 4
184 82.6 4
186 82.2 4
196 93.5 4
195 92.3 4
6.68 12.8 1
9.95 21.2 1
6.85 17 1
3 17 1
2.15 10.1 1
4.83 12 1
4.98 20.8 1
5.15 8.3 1
3.23 5.18 1
4.98 18.3 1
4.2 10.1 1
9.6 22.7 1
7.78 25.4 1
18.1 25.6 1
0.225 6.95 1
15.6 28.1 1
14.4 28.1 1
7.88 23.5 1
15.6 1.88 1
18.1 24.4 1
1.18 5.18 1
18.1 14.4 1
18.1 15.6 1
18.8 28.8 1
8.2 11.8 1
3.03 14.9 1
8.15 9.95 1
6.98 8.3 1
15.6 31.9 1
14.2 77.9 1
14 32.2 1
12.7 51.6 1
18.1 45.6 1
18.1 49.4 1
18.1 50.6 1
18.1 69.4 1
18.1 70.6 1
15.6 78.1 1
18.1 44.4 1
15.6 52.5 1
14 52.8 1
16.9 43.1 1
15.6 81.9 1
15.6 98.1 1
48.5 12.9 1
47.3 20.7 1
27 25.1 1
58.1 15.6 1
50.8 2.03 1
24.8 20.8 1
47.3 14.2 1
57.9 14.2 1
47.6 15.7 1
40.9 2.13 1
26.9 23.2 1
39.4 28.1 1
22.2 14.1 1
21.9 25.6 1
40.6 28.1 1
25.2 22.4 1
25.3 19.1 1
48.8 16.9 1
47.3 19.5 1
49.2 2.05 1
54.7 43.6 1
52.9 38.8 1
53.1 44.5 1
36.5 47.4 1
37.7 48.6 1
26.9 36.8 1
52.9 45.9 1
54.8 46.5 1
54.8 47.7 1
52.2 37.1 1
58.1 70.6 0
49.4 78.1 0
50.6 78.1 0
49.1 32.1 1
54.5 34.9 1
37.7 46.1 1
39 47.4 1
50.8 32 1
57.9 44.2 1
52.9 35.3 1
40.8 32 1
40.2 47.4 1
22.2 44.1 1
25.8 35.1 1
22.1 50.8 1
54.5 39.2 1
25.7 33.3 1
49.1 82.1 0
50.8 82 0
83 8.68 1
82.2 6.95 1
88.1 24.4 1
88.1 15.6 1
87.9 14.2 1
88.1 25.6 1
79.4 28.1 1
83 5.23 1
62 24.2 1
80.8 2.03 1
84.6 4.83 1
61.9 25.6 1
80.6 28.1 1
84.6 9.08 1
62.2 15.9 1
79.8 37 0
82.6 38.8 0
83.1 64 0
82.3 58.3 0
81.8 37 0
84.2 34.9 0
88.1 70.6 0
82.3 62.2 0
83.5 60.2 0
80.6 78.1 0
87.9 44.2 0
79.2 78 0
82.6 35.3 0
77 57.2 0
62.2 44.1 1
78.4 58.3 0
61.9 45.6 0
61.9 49.4 0
78.7 35.6 1
84.2 39.2 0
84.6 64.3 0
80.8 82 0
79.2 82.1 0
79.2 98 0
99.4 12.3 0
115 21.5 0
96.8 10.5 0
97.6 13.5 1
113 17.3 0
106 28.1 0
96.9 17.1 1
104 22.1 0
115 19.9 0
100 22.1 0
94.8 19.8 1
92.4 13.9 1
115 18.2 0
118 24.2 0
118 14.1 0
118 15.9 0
91.9 25.6 0
95.3 18.1 1
96.2 12.4 1
102 23.3 0
98.8 10.4 0
92 24.2 1
104 40.6 0
102 40.6 0
106 77.6 1
106 32.1 0
101 42.4 0
92.2 44.1 0
118 50.7 0
91.9 45.6 0
102 45.1 0
91.9 49.4 0
103 43.6 0
104 42.4 0
107 82.7 1
149 18 0
145 2.2 0
143 16.7 0
147 14.6 0
141 28.8 0
145 18 0
147 16.7 0
168 24.4 0
168 15.6 0
168 14.1 0
159 28.1 0
124 28.1 0
143 2.3 0
122 25.6 0
159 2.2 0
161 2.13 0
161 28.1 0
126 28.1 0
142 0.95 0
122 24.4 0
122 14.4 0
122 15.6 0
143 29.4 0
121 28.8 0
168 25.6 0
133 58.8 0
125 46.8 0
141 77.5 0
136 35.4 0
139 40.3 0
144 77.5 0
126 46.8 0
132 35.5 0
135 61.8 0
141 32 0
136 60.9 0
144 32 0
135 37.2 0
156 68.5 0
137 40.3 0
125 43 0
168 70.6 0
126 42.7 0
138 43.3 0
154 66.2 0
161 78.1 0
136 42.1 0
153 68.8 0
168 44.2 0
133 37.1 0
128 44 0
124 31.9 0
159 78 0
126 77.9 0
159 32.2 0
127 45.5 0
156 63.2 0
168 45.6 0
122 45.6 0
122 49.4 0
122 50.6 0
161 32 0
143 78.8 0
168 49.4 0
124 78.1 1
135 57.7 0
136 58.6 0
122 69.4 0
122 70.6 0
157 63.6 0
143 31.2 0
122 44.4 0
154 67.8 0
129 46.2 0
133 60.7 0
138 58.6 0
138 60.9 0
158 66.1 0
139 42.1 0
129 47.4 0
158 62.1 0
132 95.5 1
134 93.4 1
135 96.7 1
143 98.7 1
143 81.3 0
134 95.1 1
161 98 0
124 81.9 1
126 82.3 1
161 82 0
124 98.1 1
195 9.3 0
196 7.55 0
190 1.98 0
200 9.23 0
199 7.55 0
172 24.2 0
172 14.1 0
172 15.9 0
172 25.6 0
198 29.4 0
195 5.88 0
199 28.1 0
182 40.6 0
185 58.9 4
192 57.3 4
190 47.4 4
190 48.7 4
188 50.8 4
191 55.5 4
192 49.3 4
192 50.7 4
177 68.7 4
190 51.5 4
200 32.2 0
188 49.3 4
184 61.2 4
181 42.5 0
188 57.2 4
185 62.2 4
172 70.9 0
172 44.1 0
190 54.9 4
198 31.3 0
188 55.6 4
183 43.6 0
175 67.7 4
172 45.6 0
183 57.6 4
180 97.8 0
182 98.6 0
1.3 0.825 1
2.5 29.4 1
2.5 26.9 1
3.75 28.1 1
7.73 45.2 1
9.03 40.6 1
7.55 43.4 1
2.5 78.8 1
9.08 42.5 1
2.48 30.8 1
8.98 46.4 1
0.775 32 1
4.08 32 1
1.33 98.8 1
13.1 86.6 1
14.1 88.1 1
2.5 81.2 1
15.6 87.5 1
52.1 12.2 1
35.6 21.8 1
38.5 18.5 1
38.6 21.8 1
31.1 10.5 1
53.4 13.5 1
54.9 10.8 1
40.3 12.1 1
32.1 13.5 1
36 20.2 1
38.4 11.8 1
30.4 12.4 1
37.2 13 1
37.8 20.2 1
37.7 9.88 1
55 12.6 1
53.3 10.4 1
32.9 10.6 1
37.3 17.2 1
35.5 18.5 1
33.5 12.4 1
37.4 23 1
40 22 1
28.6 13.2 1
39.9 37.8 1
42.7 36.1 1
40.2 77 0
46.6 68.6 0
47.4 43.4 1
41.9 37.8 1
36.1 75.2 0
50.4 42.2 1
38.8 76.8 0
47.4 40.2 1
42.7 39.6 1
48.7 42.1 1
44.9 67.8 0
37.9 75.2 0
45.7 42.6 1
45.7 40.7 1
100 0.9 0
98.9 0.9 0
109 2.05 0
108 0.875 0
96 56.8 0
102 57 0
97.1 58.3 0
98.7 55.3 0
100 58 0
98.9 57 0
99.4 53.7 0
96.9 55 0
101 98.6 1
98.7 99.3 1
109 99.1 1
108 97.7 1
126 6.83 0
124 6.83 0
145 8.4 0
144 11.7 0
136 18.1 0
135 2.13 1
126 3.55 0
146 11.8 0
139 18.1 0
146 9.93 0
137 2.25 0
138 0.95 0
138 16.8 0
127 5.43 0
148 29.4 0
146 27.5 0
146 28.8 0
150 28.8 0
124 3.08 0
139 20.6 0
152 45.2 0
144 47.1 0
144 48.4 0
153 42.5 0
139 49 0
162 36.9 0
148 45.2 0
152 43.4 0
148 43.7 0
149 32 0
142 46.5 0
163 75.6 0
163 35.1 0
142 49 0
148 78.8 0
150 42.6 0
148 30.9 0
141 47.1 0
141 48.4 0
165 34.7 0
150 45.8 0
142 50.9 0
138 88.6 1
134 85.9 1
136 90.8 1
150 98.1 0
148 98.8 0
148 81.2 0
136 88.6 1
135 87.6 1
150 82 0
146 82.5 0
200 0.85 0
198 46.5 4
198 43.5 4
186 42.1 0
190 40.3 0
198 49 4
199 47.7 4
200 77.6 4
182 35.4 0
184 35.4 0
182 78.7 4
198 78.8 4
188 43 0
190 42.2 0
181 37.1 0
197 47.7 4
186 40.3 0
199 98.8 4
182 81.2 4
198 81.2 4
18.1 4.23 1
18.1 5.48 1
1.93 0.825 1
19.4 2.98 1
19.4 12 1
18.1 59.4 1
18.1 34.2 1
18.1 60.6 1
17.5 40.2 1
18.8 40.2 1
19.4 58.1 1
19.4 33 1
19.4 61.9 1
19.4 42 1
18.1 35.5 1
18.1 89.4 1
1.95 98.8 1
18.1 90.6 1
19.4 88.1 1
19.4 91.9 1
42.6 16.5 1
52.2 24 1
41.4 17.8 1
52.2 21.5 1
52.2 25.2 1
43.9 17.8 1
45.1 17.8 1
42.6 20.3 1
42.6 19 1
51 22.7 1
49.7 22.7 1
54.5 17.8 1
55.7 17.8 1
28.4 1.15 1
30 28.8 1
30.2 1.93 1
30 27.5 1
31.9 0.775 1
21 11.7 1
21 3.3 1
28.1 29.4 1
31.9 29.4 1
59.1 11.8 1
59.1 3.2 1
53.2 19.1 1
53.5 22.7 1
22.3 5.18 1
55.7 21.6 1
22.6 57.7 1
22.6 62.3 1
57.5 60 0
30.1 77.6 0
21.1 61.3 1
21.1 58.8 1
28.4 31.2 1
58.7 62 0
58.7 58 0
30.2 31.9 1
28.1 78.8 0
32 78.8 0
31.9 30.8 1
21 41.7 1
21 33.3 1
59.1 33.2 1
59.1 41.8 1
32.3 97.5 0
32.3 82.6 0
22.6 87.7 1
27.7 97.5 0
22.6 92.3 1
57.5 90 0
28.8 98.9 0
21.1 91.3 1
21.1 88.8 1
31.3 98.9 0
28.8 81.1 0
31.3 81.1 0
58.7 92 0
58.7 88 0
62.4 12.8 1
71.7 1.15 1
70 28.8 1
69.8 1.93 1
61.1 11.6 1
70 27.5 1
68.2 0.775 1
68.1 29.4 1
71.9 29.4 1
89.1 11.8 1
89.1 3.2 1
62.6 57.7 0
62.6 62.3 0
87.5 60 0
70.1 77.6 0
65.1 73.6 0
68.4 31.2 1
61.1 61.3 0
61.1 58.8 0
88.7 62 0
88.7 58 0
70.2 31.9 1
68.1 78.8 0
72 78.8 0
65 76.8 0
71.9 30.8 1
61 41.7 1
61 33.3 1
89.1 33.2 0
89.1 41.8 0
64.6 75.3 0
62.3 39.8 1
62.3 35.2 1
72.3 82.6 0
62.6 87.7 0
67.7 97.5 0
67.7 82.6 0
62.6 92.3 0
87.5 90 0
68.8 98.9 0
71.3 98.9 0
68.8 81.1 0
71.3 81.1 0
61.1 91.3 0
61.1 88.8 0
88.7 92 0
88.7 88 0
102 1.25 0
98.3 0.9 0
91.1 11.6 1
91.1 3.45 1
119 11.7 0
119 3.3 0
118 5.18 0
118 9.83 0
118 57.5 0
118 42.8 0
117 62.3 0
119 61.2 0
119 58.7 0
119 41.6 0
91 58.8 0
91 61.3 0
118 35.3 0
91 41.7 0
91 33.3 0
91.9 57.3 0
91.9 62.8 0
102 98.6 1
118 87.5 1
117 92.3 1
119 91.2 1
119 88.7 1
91 88.8 0
91 91.3 1
98.1 99.3 1
91.9 92.8 1
122 4.23 0
122 5.48 0
121 10.2 0
121 2.98 0
169 11.8 0
169 3.15 0
121 12 0
168 5.03 0
123 10.2 0
164 71.9 0
165 71.9 0
161 71.9 0
161 46.7 0
164 68.4 0
167 60 0
164 43.2 0
122 59.4 0
122 34.2 0
161 68 0
121 40.2 0
161 42.8 0
169 62 0
169 58 0
122 60.6 0
122 35.5 0
121 58.1 0
121 33 0
163 70.7 0
163 69.3 0
121 61.9 0
169 33.2 0
169 41.8 0
163 44.1 0
121 42 0
163 45.5 0
163 73.2 0
168 39.9 0
167 90 0
122 89.4 1
169 92 0
169 88 0
122 90.6 1
121 88.1 1
121 91.9 1
198 1.18 0
186 2.03 0
171 3.3 0
171 11.7 0
187 1.15 0
172 5.18 0
177 58.4 4
182 48.9 0
180 58 4
171 61.3 0
171 58.8 0
179 57.1 4
180 47 0
180 48.2 0
171 41.7 0
171 33.3 0
176 56.9 4
178 50.2 0
178 48.9 0
177 55.1 4
178 55.3 4
172 39.8 0
184 47 0
184 48.2 0
182 46.4 0
172 62.8 0
172 57.3 0
198 98.8 4
200 92.7 4
171 91.3 0
171 88.8 0
9.65 28.1 1
10.9 28.1 1
12.2 29.4 1
0.575 1.98 1
11.8 31 1
12 79.2 1
10.2 77.9 1
0.425 98.1 1
13.1 82.3 1
9.93 81.7 1
11.8 81 1
47.5 24.4 1
47.5 25.6 1
50 26.9 1
48.8 26.9 1
45.6 26.3 1
44.1 73.1 0
45.3 73.1 0
47.7 46.4 1
47.4 50.4 1
36.5 70.6 0
32.4 68.6 1
47.7 48.9 1
35.2 67.4 0
33.5 67.1 1
42.8 75.6 0
42.8 74.4 0
36.6 68.9 0
40.4 42.3 1
37.8 40.1 1
38.6 42 1
37.3 43.3 1
48.9 47.6 1
50.2 47.6 1
46.6 75.6 0
46.6 74.4 0
45.8 48.2 1
45.8 47 1
34.8 71.8 0
33.2 71 0
81.9 20.4 1
81.9 19.2 1
79.2 18.2 1
80.7 17.9 1
80.7 21.7 1
78.4 19.9 1
79.3 21.5 1
101 2.15 0
108 29.4 0
95.3 1.1 0
110 28.1 0
111 28.1 0
92.9 29.4 0
112 29.4 0
112 26.9 0
108 31.3 0
108 78.8 1
110 32.2 0
110 77.6 1
112 78.8 1
93.2 31 0
112 30.9 0
93 79.2 0
94.8 78 1
109 81.1 1
113 82.4 1
95.1 81.8 1
96.1 99.3 1
93.2 81 1
112 81.1 1
99.4 97.9 1
95.6 83.3 1
156 28.1 0
155 28.1 0
128 1.1 1
157 0.95 0
157 29.4 0
128 29.4 0
127 36 0
127 39.1 0
126 37.5 0
128 31 0
124 37.5 0
157 31 0
128 79.2 0
157 79.2 0
127 32.2 0
130 77.9 0
124 39.4 0
127 97.8 1
158 82.3 0
155 81.7 0
128 99 1
157 99 0
130 98.3 1
128 81 1
157 81 0
158 97.8 0
182 0.875 0
175 27.5 0
175 28.8 0
180 2.03 0
196 1.18 0
178 1.15 0
173 29.4 0
173 31 0
173 79.2 0
175 78 0
173 99 0
173 81 0
172 82.3 0
13.1 2.2 1
18.8 19.7 1
4.03 0.825 1
11.9 0.95 1
19.4 17.8 1
9.7 2.1 1
18.8 74.7 1
19.4 72.8 1
4.05 98.8 1
13.1 97.8 1
9.98 98.3 1
11.9 99 1
42.9 23.7 1
58.1 19.1 1
58.1 20.3 1
42.9 25 1
22.2 16.9 1
55.3 28.8 1
45.4 22.5 1
44.1 22.5 1
21.7 19.8 1
59.4 17.8 1
20.9 18.1 1
43.1 0.875 1
56.9 0.85 1
57.2 29.4 1
47.2 29.4 1
55.3 27.5 1
58.1 74.1 0
56 78.1 0
22.2 71.9 1
21.7 74.8 1
59.4 72.8 0
20.9 73.1 1
57.2 79.4 0
47.2 79.4 0
46.9 30.9 1
56.9 30.9 1
48.2 97.9 0
55.3 81.7 0
45.2 98.3 0
46.9 99.1 0
56.9 99.1 0
47 80.9 0
57 80.9 0
88.1 19.1 1
85.3 28.8 1
85.3 27.5 1
61.7 19.8 1
89.4 17.8 1
60.9 18.1 1
86.9 0.85 1
87.2 29.4 1
88.1 74.1 0
86 78.1 0
62.2 71.9 0
61.7 74.8 0
60.9 73.1 0
89.4 72.8 0
87.2 79.4 0
86.9 30.9 1
86.9 99.1 0
87 80.9 0
103 1.25 0
92.2 16.9 1
93.4 1.1 1
119 18.1 0
90.9 18.1 1
97.1 2 0
92.2 71.9 0
118 71.9 0
90.9 73.1 0
119 73.1 1
103 98.6 1
93.3 99 1
95.2 98.3 1
168 19.1 0
123 19.7 0
121 19.7 0
165 28.8 0
169 17.8 0
163 0.875 0
121 17.8 0
167 29.4 0
165 1.68 0
165 27.5 0
168 74.1 0
166 78.1 0
121 74.7 1
169 72.8 0
167 79.4 0
167 30.9 0
121 72.8 0
167 99.1 0
167 80.9 0
172 19.8 0
195 2 0
190 28.8 0
188 29.4 0
190 27.5 0
171 18.1 0
193 0.825 0
192 29.4 0
199 2.03 0
190 77.5 4
188 31.2 0
190 32 0
188 78.8 4
171 73.1 0
192 30.8 0
193 97.7 4
188 97.6 4
189 99.1 4
190 81.6 4
192 99.1 4
188 80.9 4
19.4 22.3 1
18.1 53.9 1
19.4 77.3 1
19.4 52.7 1
17.5 95.5 1
18.8 95.5 1
18.1 85.2 1
18.1 83.9 1
19.4 82.7 1
19.4 97.3 1
22 23.4 1
24.6 27.5 1
24.6 28.8 1
36.1 28.1 1
35 1.88 1
38.1 2.35 1
45.5 1.68 1
54.4 1.63 1
34.8 28.1 1
59.4 22.3 1
20.8 22.2 1
36.9 1.1 1
47.1 0.8 1
52.8 0.775 1
23 0.95 1
42.7 29.4 1
52.7 29.4 1
37.3 29.4 1
22.7 29.4 1
44.6 28.8 1
24.6 78 1
35.4 78 0
57.9 51.7 0
38.1 32.4 1
35 31.9 1
44.4 31.6 1
54.4 31.6 1
36.9 31.1 1
42.7 79.4 0
59.4 77.3 0
52.7 79.4 0
20.8 77.2 1
42.8 30.8 1
52.8 30.8 1
23 31 1
59.1 52.9 0
22.8 79.2 1
20.8 52.9 1
37.2 79.2 0
22.3 54.3 1
58.1 76.1 0
53.9 78.1 0
43.9 78.1 0
45.2 78.1 0
57.9 54.7 0
22.3 84.3 1
35.7 82.3 0
22.3 95.7 1
24.3 82.3 1
57.8 95.3 0
57.9 84.7 0
51.6 98 0
38.4 82.1 0
38.4 98 0
44.5 81.7 0
54.4 98.3 0
52.9 99.2 0
42.9 99.2 0
42.9 80.8 0
52.9 80.8 0
59.1 97.1 0
22.9 99.2 0
20.8 97.2 1
59.1 82.9 0
37.2 80.8 0
37.2 99.2 0
20.8 82.9 1
22.9 80.8 1
40 82 0
40 98 0
78.2 2.2 1
64.6 27.5 1
64.6 28.8 1
76.1 28.1 1
61.9 2.35 1
84.4 1.63 1
89.4 22.3 1
60.8 22.2 1
63.2 1.1 1
82.8 0.775 1
77 0.95 1
82.7 29.4 1
77.3 29.4 1
62.7 29.4 1
88.1 21.1 1
87.9 54.7 0
75.4 78 0
87.9 51.7 0
62.1 51.6 0
78.1 32.4 1
84.4 31.6 1
76.9 31.1 1
89.4 77.3 0
82.7 79.4 0
60.8 77.2 0
82.8 30.8 1
63 31 1
89.1 52.9 0
62.8 79.2 0
60.8 52.9 0
77.2 79.2 0
62.3 54.3 0
80 32 1
88.1 76.1 0
83.9 78.1 0
62.3 84.3 0
62.3 95.7 0
64.3 82.3 0
87.8 95.3 0
87.9 84.7 0
81.6 98 0
84.5 81.7 0
84.4 98.3 0
82.9 99.2 0
82.9 80.8 0
89.1 97.1 0
62.9 99.2 0
60.8 97.2 0
89.1 82.9 0
77.2 80.8 0
77.2 99.2 0
60.8 82.9 0
62.9 80.8 0
75.7 82.3 0
75.7 97.8 0
115 27.5 0
115 28.8 0
91.7 20.6 1
118 20.6 0
90.8 22.2 1
119 22.2 0
117 29.4 0
118 54 0
115 78 1
115 32 0
118 68.4 0
91.7 75.6 0
118 75.6 1
92.2 51.8 0
118 32.4 0
117 31.1 0
119 77.2 1
90.8 77.2 0
91 53.1 0
119 52.7 0
117 79.2 1
119 67.2 0
118 84 1
116 81.9 1
91 97 1
91 83.1 0
119 82.7 1
117 80.7 1
119 97.1 1
169 22.3 0
167 0.8 0
121 22.3 0
163 29.4 0
168 21.1 0
168 54.7 0
168 51.7 0
122 53.9 0
164 31.6 0
169 77.3 0
163 79.4 0
163 30.8 0
169 52.9 0
121 77.3 1
121 52.7 0
121 67.4 0
168 76.1 0
164 78.1 0
168 95.3 0
168 84.7 0
164 81.7 0
123 95.5 1
121 95.5 1
122 83.9 1
164 98.3 0
163 99.2 0
163 80.8 0
169 97.1 0
169 82.9 0
121 82.7 1
121 97.3 1
179 27.5 0
179 28.8 0
171 22.2 0
173 0.95 0
178 29.4 0
175 2.1 0
179 77.5 4
172 51.8 0
177 78.8 4
176 32.1 0
178 31.2 0
171 77.2 0
171 53.1 0
172 75.5 0
172 50.2 0
197 98.8 4
179 82 4
176 81.7 4
176 98.3 0
171 97 0
177 80.7 4
177 99.3 0
6.25 28.1 1
5 1.98 1
6.9 1.15 1
7.5 29.4 1
19.4 7.5 1
17.5 9.38 1
18.8 9.38 1
17.5 65.6 1
18.8 65.6 1
8.75 32.1 1
7.6 78.8 1
7.23 31.2 1
19.4 37.5 1
19.4 67.5 1
5.3 98.1 1
7.18 99.3 1
7.5 80.7 1
57.8 5.85 1
57.8 9.15 1
22.3 9.05 1
21.3 7.5 1
58.7 7.5 1
57.8 68.4 0
22.1 68.5 1
57.8 35.9 1
57.8 39.2 1
22.3 39.1 1
22.3 36 1
21.3 37.5 1
58.7 37.5 1
59.1 67.2 0
20.8 67.3 1
87.8 5.85 1
87.8 9.15 1
61.9 6.1 1
61.9 8.9 1
88.7 7.5 1
60.8 7.5 1
87.8 68.4 0
62.1 68.5 0
87.8 35.9 0
88.7 37.5 0
61.3 37.5 1
89.1 67.2 0
60.8 67.3 0
87.8 39.2 0
99.4 27.5 0
99.4 28.8 0
91.9 6.1 1
91.9 8.9 1
119 7.5 0
112 1.18 0
114 2.13 0
90.8 7.5 1
117 0.95 0
97.5 29.4 0
97.5 26.9 0
95.6 27.5 0
95.6 28.8 0
91.3 37.5 0
92.3 36 0
92.2 68.3 0
96.3 32.1 0
97.8 31.2 0
97.4 78.8 1
119 37.5 0
91 67.1 0
118 38.9 0
92.3 39.1 0
99 82 1
114 96.8 1
114 98.2 1
112 99.1 1
97.5 80.8 1
117 99.2 1
134 27.5 0
134 28.8 0
168 9.13 0
131 1.93 0
169 7.5 0
154 2.1 0
152 1.15 0
133 0.825 1
153 29.4 0
121 7.5 0
133 29.4 0
133 26.9 0
131 27.5 0
131 28.8 0
151 77.6 0
134 77.5 0
154 78 0
168 68.4 0
168 35.9 0
154 32.1 0
169 37.5 0
152 31.2 0
131 32.1 0
153 78.8 0
132 78.8 0
133 31.2 0
121 37.5 0
169 67.2 0
168 65.4 0
154 98.3 0
131 81.7 0
153 99.3 0
153 80.7 0
133 99.3 1
133 80.7 0
171 7.5 0
172 9.05 0
171 37.5 0
172 36 0
172 68.3 0
192 78.8 4
171 67.1 0
194 77.5 4
196 97.3 4
192 80.7 4
194 82.1 4
19.4 27.5 1
17.5 29.4 1
17.5 0.625 1
19.4 47.5 1
17.5 30.6 1
17.5 79.4 1
17.5 80.6 1
17.5 99.4 1
20.6 27.5 1
59.4 27.5 1
58.1 26.3 1
58.1 25 1
20.6 47.5 1
59.4 47.5 1
58.1 48.8 1
58.1 46.3 1
21.9 48.8 1
21.9 46.3 1
60.6 27.5 1
89.4 27.5 1
60.6 47.5 0
89.4 47.5 0
88.1 46.3 0
88.1 48.8 0
118 26.3 0
90.6 27.5 0
119 27.5 0
118 46.3 0
118 48.8 0
90.6 47.5 0
119 47.5 0
121 27.5 0
123 29.4 0
123 0.625 0
169 27.5 0
121 47.5 0
123 30.6 0
169 47.5 0
123 79.4 1
123 80.6 1
123 99.4 1
171 27.5 0
171 47.5 0
199 98.8 4
0.875 0.825 1
0.9 98.8 1
99.9 0.9 0
99.3 0.9 0
101 98.6 1
99.1 99.3 1
199 98.8 4
1.5 0.825 1
1.53 98.8 1
102 1.25 0
98.7 0.9 0
101 98.6 1
98.5 99.3 1
198 1.18 0
0.15 1.98 1
0 98.1 1
99.8 97.9 1
100 2.15 0
200 2.03 0
2.48 0.825 1
2.5 98.8 1
96.3 2 0
103 1.25 0
97.7 0.9 0
97.5 99.3 1
102 98.6 1
198 1.18 0
198 98.8 4
