128.466 62.4626 1
141.624 70.5942 1
141.396 57.6014 1
132.83 57.4228 1
132.009 66.4345 1
145.294 65.4867 1
136.852 70.3612 1
61.7184 32.8141 0
108.455 60.3622 1
142.067 61.7476 1
136.622 65.4246 1
141.517 66.9227 1
137.734 61.0887 1
132.892 61.4745 1
0 100 0
0 95.4545 0
0 90.9091 0
0 86.3636 0
0 81.8182 0
0 77.2727 0
0 72.7273 1
0 68.1818 1
0 63.6364 1
0 59.0909 1
0 54.5455 1
0 50 1
0 45.4545 1
0 40.9091 1
0 36.3636 1
0 31.8182 1
0 27.2727 0
0 22.7273 0
0 18.1818 0
0 13.6364 0
0 9.09091 0
0 4.54545 0
0 0 0
200 100 0
195.349 100 0
190.698 100 0
186.047 100 0
181.395 100 0
176.744 100 0
172.093 100 0
167.442 100 0
162.791 100 0
158.14 100 0
153.488 100 0
148.837 100 0
144.186 100 0
139.535 100 0
134.884 100 0
130.233 100 0
125.581 100 0
120.93 100 0
116.279 100 0
111.628 100 0
106.977 100 0
102.326 100 0
97.6744 100 0
93.0233 100 0
88.3721 100 0
83.7209 100 0
79.0698 100 0
74.4186 100 0
69.7674 100 0
65.1163 100 0
60.4651 100 0
55.814 100 0
51.1628 100 0
46.5116 100 0
41.8605 100 0
37.2093 100 0
32.5581 100 0
27.907 100 0
23.2558 100 0
18.6047 100 0
13.9535 100 0
9.30233 100 0
4.65116 100 0
200 0 0
200 4.54545 0
200 9.09091 0
200 13.6364 0
200 18.1818 0
200 22.7273 0
200 27.2727 0
200 31.8182 0
200 36.3636 0
200 40.9091 0
200 45.4545 0
200 50 0
200 54.5455 0
200 59.0909 0
200 63.6364 0
200 68.1818 0
200 72.7273 0
200 77.2727 0
200 81.8182 0
200 86.3636 0
200 90.9091 0
200 95.4545 0
4.65116 0 0
9.30233 0 0
13.9535 0 0
18.6047 0 0
23.2558 0 0
27.907 0 0
32.5581 0 0
37.2093 0 0
41.8605 0 0
46.5116 0 0
51.1628 0 0
55.814 0 0
60.4651 0 0
65.1163 0 0
69.7674 0 0
74.4186 0 0
79.0698 0 0
83.7209 0 0
88.3721 0 0
93.0233 0 0
97.6744 0 0
102.326 0 0
106.977 0 0
111.628 0 0
116.279 0 1
120.93 0 1
125.581 0 1
130.233 0 1
134.884 0 1
139.535 0 1
144.186 0 1
148.837 0 1
153.488 0 1
158.14 0 1
162.791 0 0
167.442 0 0
172.093 0 0
176.744 0 0
181.395 0 0
186.047 0 0
190.698 0 0
195.349 0 0
5.7 8.6 0
5.7 13.2 0
10.3 8.6 0
10.3 13.2 0
5.7 17.8 0
10.3 17.8 0
5.7 22.4 0
10.3 22.4 0
5.7 27 1
10.3 27 1
5.7 31.6 1
10.3 31.6 1
5.7 36.2 1
10.3 36.2 1
5.7 40.8 1
10.3 40.8 1
5.7 45.4 1
10.3 45.4 1
5.7 50 1
10.3 50 1
5.7 54.6 1
10.3 54.6 1
5.7 59.2 1
10.3 59.2 1
5.7 63.8 1
10.3 63.8 1
5.7 68.4 1
10.3 68.4 1
5.7 73 1
10.3 73 1
5.7 77.6 1
10.3 77.6 1
5.7 82.2 0
10.3 82.2 0
5.7 86.8 0
10.3 86.8 0
5.7 91.4 0
10.3 91.4 0
14.9 8.6 0
14.9 13.2 0
14.9 17.8 0
14.9 22.4 0
14.9 27 1
14.9 31.6 1
14.9 36.2 1
14.9 40.8 1
14.9 45.4 1
14.9 50 1
14.9 54.6 1
14.9 59.2 1
14.9 63.8 1
14.9 68.4 1
14.9 73 1
14.9 77.6 1
14.9 82.2 0
14.9 86.8 0
14.9 91.4 0
19.5 8.6 0
19.5 13.2 0
19.5 17.8 0
19.5 22.4 1
19.5 27 1
19.5 31.6 1
19.5 36.2 1
19.5 40.8 1
19.5 45.4 1
19.5 50 1
19.5 54.6 1
19.5 59.2 1
19.5 63.8 1
19.5 68.4 1
19.5 73 1
19.5 77.6 1
19.5 82.2 1
19.5 86.8 0
19.5 91.4 0
24.1 8.6 0
24.1 13.2 0
24.1 17.8 0
24.1 22.4 0
24.1 27 1
24.1 31.6 1
24.1 36.2 1
24.1 40.8 1
24.1 45.4 1
24.1 50 1
24.1 54.6 1
24.1 59.2 1
24.1 63.8 1
24.1 68.4 1
24.1 73 1
24.1 77.6 1
24.1 82.2 1
24.1 86.8 0
24.1 91.4 0
28.7 8.6 0
28.7 13.2 0
28.7 17.8 0
28.7 22.4 0
28.7 27 1
28.7 31.6 1
28.7 36.2 1
28.7 40.8 1
28.7 45.4 1
28.7 50 1
28.7 54.6 1
28.7 59.2 1
28.7 63.8 1
28.7 68.4 1
28.7 73 1
28.7 77.6 1
28.7 82.2 1
28.7 86.8 0
28.7 91.4 0
33.3 8.6 0
33.3 13.2 0
33.3 17.8 0
33.3 22.4 0
33.3 27 1
33.3 31.6 1
33.3 36.2 1
33.3 40.8 1
33.3 45.4 1
33.3 50 1
33.3 54.6 1
33.3 59.2 1
33.3 63.8 1
33.3 68.4 1
33.3 73 1
33.3 77.6 1
33.3 82.2 1
33.3 86.8 0
33.3 91.4 0
37.9 8.6 0
37.9 13.2 0
37.9 17.8 0
37.9 22.4 0
37.9 27 0
37.9 31.6 1
37.9 36.2 1
37.9 40.8 1
37.9 45.4 1
37.9 50 1
37.9 54.6 1
37.9 59.2 1
37.9 63.8 1
37.9 68.4 1
37.9 73 1
37.9 77.6 1
37.9 82.2 0
37.9 86.8 0
37.9 91.4 0
42.5 8.6 0
42.5 13.2 0
42.5 17.8 0
42.5 22.4 0
42.5 27 0
42.5 31.6 0
42.5 36.2 0
42.5 40.8 0
42.5 45.4 0
42.5 50 1
42.5 54.6 1
42.5 59.2 1
42.5 63.8 1
42.5 68.4 1
42.5 73 1
42.5 77.6 1
42.5 82.2 0
42.5 86.8 0
42.5 91.4 0
47.1 8.6 0
47.1 13.2 0
47.1 17.8 0
47.1 22.4 0
47.1 27 0
47.1 31.6 0
47.1 36.2 0
47.1 40.8 0
47.1 45.4 0
47.1 50 0
47.1 54.6 1
47.1 59.2 1
47.1 63.8 1
47.1 68.4 1
47.1 73 1
47.1 77.6 0
47.1 82.2 0
47.1 86.8 0
47.1 91.4 0
51.7 8.6 0
51.7 13.2 0
51.7 17.8 0
51.7 22.4 0
51.7 36.2 0
51.7 40.8 0
51.7 45.4 0
51.7 50 0
51.7 54.6 0
51.7 59.2 0
51.7 63.8 0
51.7 68.4 0
51.7 73 0
51.7 77.6 0
51.7 82.2 0
51.7 86.8 0
51.7 91.4 0
56.3 8.6 0
56.3 13.2 0
56.3 17.8 0
56.3 40.8 0
56.3 45.4 0
56.3 50 0
56.3 54.6 0
56.3 59.2 0
56.3 63.8 0
56.3 68.4 0
56.3 73 0
56.3 77.6 0
56.3 82.2 0
56.3 86.8 0
56.3 91.4 0
60.9 8.6 0
60.9 13.2 0
60.9 17.8 0
60.9 40.8 0
60.9 45.4 0
60.9 50 0
60.9 54.6 0
60.9 59.2 0
60.9 63.8 0
60.9 68.4 0
60.9 73 0
60.9 77.6 0
60.9 82.2 0
60.9 86.8 0
60.9 91.4 0
65.5 8.6 0
65.5 13.2 0
65.5 17.8 0
65.5 40.8 0
65.5 45.4 0
65.5 50 0
65.5 54.6 0
65.5 59.2 0
65.5 63.8 0
65.5 68.4 0
65.5 73 0
65.5 77.6 0
65.5 82.2 0
65.5 86.8 0
65.5 91.4 0
70.1 8.6 0
70.1 13.2 0
70.1 17.8 0
65.5 22.4 0
70.1 22.4 0
70.1 40.8 0
70.1 45.4 0
70.1 50 0
70.1 54.6 0
70.1 59.2 0
70.1 63.8 0
70.1 68.4 0
70.1 73 0
70.1 77.6 0
70.1 82.2 0
70.1 86.8 0
70.1 91.4 0
74.7 8.6 0
74.7 13.2 0
74.7 17.8 0
74.7 22.4 0
70.1 27 0
74.7 27 0
70.1 31.6 0
74.7 31.6 0
70.1 36.2 0
74.7 36.2 0
74.7 40.8 0
74.7 45.4 0
74.7 50 0
74.7 54.6 0
74.7 59.2 0
74.7 63.8 0
74.7 68.4 0
74.7 73 0
74.7 77.6 0
74.7 82.2 0
74.7 86.8 0
74.7 91.4 0
79.3 8.6 0
79.3 13.2 0
79.3 17.8 0
79.3 22.4 0
79.3 27 0
79.3 31.6 0
79.3 36.2 0
79.3 40.8 0
79.3 45.4 0
79.3 50 0
79.3 54.6 0
79.3 59.2 0
79.3 63.8 0
79.3 68.4 0
79.3 73 0
79.3 77.6 0
79.3 82.2 0
79.3 86.8 0
79.3 91.4 0
83.9 8.6 0
83.9 13.2 0
83.9 17.8 0
83.9 22.4 0
83.9 27 0
83.9 31.6 0
83.9 36.2 0
83.9 40.8 0
83.9 45.4 0
83.9 50 0
83.9 54.6 0
83.9 59.2 0
83.9 63.8 0
83.9 68.4 0
83.9 73 0
83.9 77.6 0
83.9 82.2 0
83.9 86.8 0
83.9 91.4 0
88.5 8.6 0
88.5 13.2 0
88.5 17.8 0
88.5 22.4 0
88.5 27 0
88.5 31.6 0
88.5 36.2 0
88.5 40.8 0
88.5 45.4 0
88.5 50 0
88.5 54.6 0
88.5 59.2 0
88.5 63.8 0
88.5 68.4 0
88.5 73 0
88.5 77.6 0
88.5 82.2 0
88.5 86.8 0
88.5 91.4 0
93.1 8.6 0
93.1 13.2 0
93.1 17.8 0
93.1 22.4 0
93.1 27 0
93.1 31.6 0
93.1 36.2 0
93.1 40.8 0
93.1 45.4 0
93.1 50 0
93.1 54.6 0
93.1 59.2 1
93.1 63.8 1
93.1 68.4 0
93.1 73 0
93.1 77.6 0
93.1 82.2 0
93.1 86.8 0
93.1 91.4 0
97.7 8.6 0
97.7 13.2 0
97.7 17.8 0
97.7 22.4 0
97.7 27 0
97.7 31.6 0
97.7 36.2 1
97.7 40.8 1
97.7 45.4 1
97.7 50 1
97.7 54.6 1
97.7 59.2 1
97.7 63.8 1
97.7 68.4 1
97.7 73 1
97.7 77.6 0
97.7 82.2 0
97.7 86.8 0
97.7 91.4 0
102.3 8.6 0
102.3 13.2 0
102.3 17.8 0
102.3 22.4 1
102.3 27 1
102.3 31.6 1
102.3 36.2 1
102.3 40.8 1
102.3 45.4 1
102.3 68.4 1
102.3 73 1
102.3 77.6 1
102.3 82.2 0
102.3 86.8 0
102.3 91.4 0
106.9 8.6 0
106.9 13.2 1
106.9 17.8 1
106.9 22.4 1
106.9 27 1
106.9 31.6 1
106.9 36.2 1
106.9 40.8 1
106.9 45.4 1
106.9 73 1
106.9 77.6 1
106.9 82.2 1
106.9 86.8 0
106.9 91.4 0
111.5 8.6 1
111.5 13.2 1
111.5 17.8 1
111.5 22.4 1
111.5 27 1
111.5 31.6 1
111.5 36.2 1
111.5 40.8 1
111.5 45.4 1
106.9 63.8 1
106.9 68.4 1
111.5 63.8 1
111.5 68.4 1
111.5 73 1
111.5 77.6 1
111.5 82.2 1
111.5 86.8 0
111.5 91.4 0
116.1 8.6 1
116.1 13.2 1
116.1 17.8 1
116.1 22.4 1
116.1 27 1
116.1 31.6 1
116.1 36.2 1
116.1 40.8 1
116.1 45.4 1
111.5 54.6 1
111.5 59.2 1
116.1 54.6 1
116.1 59.2 1
116.1 63.8 1
116.1 68.4 1
116.1 73 1
116.1 77.6 1
116.1 82.2 1
116.1 86.8 1
116.1 91.4 0
120.7 8.6 1
120.7 13.2 1
120.7 17.8 1
120.7 22.4 1
120.7 27 1
120.7 31.6 1
120.7 36.2 1
120.7 40.8 1
120.7 45.4 1
116.1 50 1
120.7 50 1
120.7 54.6 1
120.7 59.2 1
120.7 63.8 1
120.7 68.4 1
120.7 73 1
120.7 77.6 1
120.7 82.2 1
120.7 86.8 1
120.7 91.4 0
125.3 8.6 1
125.3 13.2 1
125.3 17.8 1
125.3 22.4 1
125.3 27 1
125.3 31.6 1
125.3 36.2 1
125.3 40.8 1
125.3 45.4 1
125.3 50 1
125.3 54.6 1
125.3 59.2 1
125.3 63.8 1
125.3 68.4 1
125.3 73 1
125.3 77.6 1
125.3 82.2 1
125.3 86.8 1
125.3 91.4 0
129.9 8.6 1
129.9 13.2 1
129.9 17.8 1
129.9 22.4 1
129.9 27 1
129.9 31.6 1
129.9 36.2 1
129.9 40.8 1
129.9 45.4 1
129.9 50 1
129.9 54.6 1
129.9 59.2 1
129.9 68.4 1
129.9 73 1
129.9 77.6 1
129.9 82.2 1
129.9 86.8 1
129.9 91.4 0
134.5 8.6 1
134.5 13.2 1
134.5 17.8 1
134.5 22.4 1
134.5 27 1
134.5 31.6 1
134.5 36.2 1
134.5 40.8 1
134.5 45.4 1
134.5 50 1
134.5 54.6 1
134.5 73 1
134.5 77.6 1
134.5 82.2 1
134.5 86.8 1
134.5 91.4 0
139.1 8.6 1
139.1 13.2 1
139.1 17.8 1
139.1 22.4 1
139.1 27 1
139.1 31.6 1
139.1 36.2 1
139.1 40.8 1
139.1 45.4 1
139.1 50 1
139.1 54.6 1
139.1 77.6 1
139.1 82.2 1
139.1 86.8 1
139.1 91.4 0
143.7 8.6 1
143.7 13.2 1
143.7 17.8 1
143.7 22.4 1
143.7 27 1
143.7 31.6 1
143.7 36.2 1
143.7 40.8 1
143.7 45.4 1
143.7 50 1
143.7 54.6 1
139.1 73 1
143.7 73 1
143.7 77.6 1
143.7 82.2 1
143.7 86.8 0
143.7 91.4 0
148.3 8.6 1
148.3 13.2 1
148.3 17.8 1
148.3 22.4 1
148.3 27 1
148.3 31.6 1
148.3 36.2 1
148.3 40.8 1
148.3 45.4 1
148.3 50 1
148.3 54.6 1
148.3 73 1
148.3 77.6 1
148.3 82.2 1
148.3 86.8 0
148.3 91.4 0
152.9 8.6 1
152.9 13.2 1
152.9 17.8 1
152.9 22.4 1
152.9 27 1
152.9 31.6 1
152.9 36.2 1
152.9 40.8 1
152.9 45.4 1
152.9 50 1
152.9 54.6 1
148.3 59.2 1
152.9 59.2 1
148.3 63.8 1
152.9 63.8 1
148.3 68.4 1
152.9 68.4 1
152.9 73 1
152.9 77.6 1
152.9 82.2 1
152.9 86.8 0
152.9 91.4 0
157.5 8.6 1
157.5 13.2 1
157.5 17.8 1
157.5 22.4 1
157.5 27 1
157.5 31.6 1
157.5 36.2 1
157.5 40.8 1
157.5 45.4 1
157.5 50 1
157.5 54.6 1
157.5 59.2 1
157.5 63.8 1
157.5 68.4 1
157.5 73 1
157.5 77.6 1
157.5 82.2 0
157.5 86.8 0
157.5 91.4 0
162.1 8.6 1
162.1 13.2 1
162.1 17.8 1
162.1 22.4 1
162.1 27 1
162.1 31.6 1
162.1 36.2 1
162.1 40.8 1
162.1 45.4 1
162.1 50 1
162.1 54.6 1
162.1 59.2 1
162.1 63.8 1
162.1 68.4 1
162.1 73 1
162.1 77.6 0
162.1 82.2 0
162.1 86.8 0
162.1 91.4 0
166.7 8.6 1
166.7 13.2 1
166.7 17.8 1
166.7 22.4 1
166.7 27 1
166.7 31.6 1
166.7 36.2 1
166.7 40.8 1
166.7 45.4 1
166.7 50 1
166.7 54.6 1
166.7 59.2 1
166.7 63.8 1
166.7 68.4 0
166.7 73 0
166.7 77.6 0
166.7 82.2 0
166.7 86.8 0
166.7 91.4 0
171.3 8.6 0
171.3 13.2 0
171.3 17.8 0
171.3 22.4 1
171.3 27 1
171.3 31.6 1
171.3 36.2 1
171.3 40.8 1
171.3 45.4 1
171.3 50 1
171.3 54.6 1
171.3 59.2 0
171.3 63.8 0
171.3 68.4 0
171.3 73 0
171.3 77.6 0
171.3 82.2 0
171.3 86.8 0
171.3 91.4 0
175.9 8.6 0
175.9 13.2 0
175.9 17.8 0
175.9 22.4 0
175.9 27 0
175.9 31.6 0
175.9 36.2 0
175.9 40.8 0
175.9 45.4 0
175.9 50 0
175.9 54.6 0
175.9 59.2 0
175.9 63.8 0
175.9 68.4 0
175.9 73 0
175.9 77.6 0
175.9 82.2 0
175.9 86.8 0
175.9 91.4 0
180.5 8.6 0
180.5 13.2 0
180.5 17.8 0
180.5 22.4 0
180.5 27 0
180.5 31.6 0
180.5 36.2 0
180.5 40.8 0
180.5 45.4 0
180.5 50 0
180.5 54.6 0
180.5 59.2 0
180.5 63.8 0
180.5 68.4 0
180.5 73 0
180.5 77.6 0
180.5 82.2 0
180.5 86.8 0
180.5 91.4 0
185.1 8.6 0
185.1 13.2 0
185.1 17.8 0
185.1 22.4 0
185.1 27 0
185.1 31.6 0
185.1 36.2 0
185.1 40.8 0
185.1 45.4 0
185.1 50 0
185.1 54.6 0
185.1 59.2 0
185.1 63.8 0
185.1 68.4 0
185.1 73 0
185.1 77.6 0
185.1 82.2 0
185.1 86.8 0
185.1 91.4 0
189.7 8.6 0
189.7 13.2 0
189.7 17.8 0
189.7 22.4 0
189.7 27 0
189.7 31.6 0
189.7 36.2 0
189.7 40.8 0
189.7 45.4 0
189.7 50 0
189.7 54.6 0
189.7 59.2 0
189.7 63.8 0
189.7 68.4 0
189.7 73 0
189.7 77.6 0
189.7 82.2 0
189.7 86.8 0
189.7 91.4 0
194.3 8.6 0
194.3 13.2 0
194.3 17.8 0
194.3 22.4 0
194.3 27 0
194.3 31.6 0
194.3 36.2 0
194.3 40.8 0
194.3 45.4 0
194.3 50 0
194.3 54.6 0
194.3 59.2 0
194.3 63.8 0
194.3 68.4 0
194.3 73 0
194.3 77.6 0
194.3 82.2 0
194.3 86.8 0
194.3 91.4 0
57.9344 26.1012 0
4.02463 2.47595 0
55.1664 30.8136 0
106.098 52.9401 1
76.7835 95.6985 0
67.109 37.7346 0
59 30 0
53.727 95.6993 0
187.857 95.67 0
101.173 62.4498 1
178.239 95.6979 0
118.107 4.30097 1
101.147 56.733 1
182.842 4.30759 0
127.293 95.6987 0
145.916 95.6988 0
62.5357 21.082 0
113.409 95.699 0
122.861 4.30096 1
81.78 4.30085 0
66.5148 25.0923 0
3.43884 94.0707 0
53.7636 37.1308 0
141.151 95.6991 0
16.912 4.31101 0
136.227 58.6345 1
40.1224 4.3008 0
196.481 5.90758 0
77.0979 4.30094 0
131.996 95.699 0
39.5473 95.699 0
50.7206 33.7804 0
54.1622 20.9166 0
25.7262 95.6987 0
165.161 95.6992 0
146.228 69.5149 1
187.522 4.35062 0
11.8459 95.6454 0
6.92267 4.69439 0
128.696 61.5411 1
100.399 95.6993 0
192.404 95.4182 0
21.4192 95.6976 0
81.3577 95.6989 0
127.349 47.3797 1
63.0878 37.2329 0
142.547 63.4896 1
140.848 4.30119 1
178.583 4.30181 0
108.568 4.30121 1
35.1359 95.6987 0
136.304 4.30128 1
164.075 4.30129 1
150.899 95.6992 0
95.216 4.30151 0
145.445 4.30102 1
12.0212 4.37254 0
154.73 4.30107 1
150.079 4.30101 1
72.2636 95.6991 0
49.9711 37.892 0
197.094 88.8534 0
62.8653 4.30146 0
58.3406 95.6988 0
21.2661 4.30266 0
159.425 4.30099 1
117.82 95.6989 0
197.144 84.2941 0
136.871 52.2134 1
2.85386 15.7078 0
2.87886 11.1645 0
197.149 79.7226 0
2.85038 20.2776 0
2.85001 24.85 1
2.84997 29.4227 1
2.84997 33.9955 1
2.84997 38.5682 1
2.84997 43.1409 1
2.84997 47.7136 1
2.84997 52.2864 1
2.84997 56.8591 1
2.84997 61.4318 1
2.84997 66.0045 1
2.84997 70.5773 1
197.15 29.4227 0
197.15 33.9955 0
197.15 38.5682 0
197.15 43.1409 0
197.15 47.7136 0
197.15 52.2864 0
197.15 56.8591 0
197.15 61.4318 0
197.15 66.0045 0
197.15 70.5773 0
197.15 75.15 0
2.85003 75.15 1
197.15 24.85 0
2.85052 79.7226 1
197.149 20.2774 0
86.0165 95.699 0
197.144 15.7059 0
2.85533 84.2937 0
155.553 95.6989 0
63.0483 95.6987 0
57.6506 4.3011 0
90.7208 95.6993 0
173.941 95.6991 0
45.0514 4.30091 0
197.092 11.1471 0
2.90193 88.8498 0
127.727 4.30071 1
90.6705 4.30095 0
109.164 95.6995 0
149.611 66.0737 1
29.8627 4.30166 0
103.864 4.30134 0
67.3488 4.30113 0
52.8635 4.30185 0
53.8172 25.2864 0
136.592 73.8518 1
99.2197 4.30132 0
139.519 64.9295 1
168.702 4.30095 0
48.9134 4.30242 0
61.9205 25.225 0
58.3628 21.7651 0
112.108 52.1785 1
182.946 95.691 0
100.654 46.9051 1
122.777 95.699 0
113.535 4.30078 1
50.0713 25.3158 0
17.0025 95.6921 0
34.8497 4.30101 0
71.8515 4.30104 0
7.26793 95.3849 0
173.658 4.30106 0
49.4577 95.6994 0
132.459 74.7513 1
196.503 94.107 0
137.071 68.0293 1
30.8419 95.6991 0
113.087 74.7397 1
95.6633 95.6993 0
128.704 65.9387 1
128.05 70.352 1
160.474 95.6988 0
44.724 95.6992 0
100.434 43.2152 1
96.1779 66.596 1
145.923 62.1159 1
101.323 51.4206 1
25.4712 4.3014 0
66.5609 33.884 0
85.8023 4.30072 0
65.441 29.003 0
149.883 61.701 1
3.13329 6.49105 0
122.686 60.964 1
132.049 4.30109 1
150.137 69.9705 1
145.833 52.7534 1
144.847 66.1556 1
146.206 57.3703 1
136.1 62.7287 1
108.906 39.0522 1
25.8074 34.6412 1
122.52 39.1731 1
113.481 57.0614 1
117.706 57.4341 1
22.3724 42.261 1
113.257 70.9045 1
100.266 75.0299 1
145.261 74.1063 1
108.897 56.2715 1
109.407 75.2985 1
104.611 79.2803 1
104.842 59.2796 1
136.8 95.6992 0
99.8279 66.2773 1
132.59 52.7463 1
58.3527 36.1941 0
67.7057 95.699 0
192.346 4.60375 0
150.172 57.5844 1
123.003 42.8868 1
113.626 66.6938 1
104.897 47.4877 1
169.419 95.699 0
104.66 95.6991 0
105.135 38.8867 1
22.3347 34.3824 1
132.687 69.9782 1
118.812 38.7511 1
95.9272 70.2415 1
141.247 74.9028 1
113.714 47.9326 1
25.9346 42.6038 1
141.673 53.1036 1
109.314 71.8823 1
104.797 42.5655 1
109.439 48.1119 1
122.032 56.5869 1
123.271 47.4632 1
141.159 58.277 1
105.028 70.4722 1
50.7199 29.2897 0
141.372 70.517 1
113.646 62.1634 1
