61 38 0
119 32 4
142 33 4
59.0829 61.1509 4
150.851 4.30031 0
67.6824 95.6996 4
100.215 38.9386 4
16.7367 4.30373 4
109.25 4.30045 4
154.864 95.699 0
58.3209 95.6991 4
39.8712 4.30022 4
77.5229 4.30024 4
12.1179 95.6582 0
197.146 84.293 0
197.15 79.7224 0
2.84998 70.5773 1
2.84984 20.2775 0
2.84996 24.85 0
2.84998 29.4228 0
2.84998 66.0045 1
2.85003 75.15 1
2.85001 33.9955 0
2.85002 61.4318 1
197.15 75.1499 0
2.85002 38.5682 1
2.85003 43.1409 1
2.85003 47.7136 1
2.85003 52.2864 1
2.85003 56.8591 1
2.85054 79.7225 0
197.15 24.85 4
197.15 29.4227 4
197.15 33.9954 4
197.15 38.5682 4
197.15 43.1409 4
197.15 47.7136 4
197.15 52.2864 4
197.15 56.8591 4
197.15 61.4318 4
197.15 66.0045 4
197.15 70.5773 0
197.149 20.2774 4
2.84852 15.7072 0
197.144 15.7061 4
72.8099 4.30038 4
2.85565 84.293 0
44.6104 95.6994 0
104.617 4.30043 4
81.686 4.30045 4
197.104 88.8461 0
2.83369 11.1525 0
155.509 4.30046 0
132.337 4.30024 0
197.094 11.148 4
118.463 4.30031 4
146.429 41.592 4
100.276 60.9738 4
183.386 95.6915 0
149.217 28.6671 4
68.0701 70.2053 4
44.5798 4.3005 4
174.046 4.30084 4
86.2381 4.30031 4
2.90603 88.8412 0
141.608 95.6996 0
54.6884 30.1993 0
50.2061 29.541 0
160.188 4.30086 4
92.6874 49.9234 4
99.7893 56.4677 4
58.4877 52.0793 0
76.8234 95.6997 4
118.054 55.8364 4
110.323 29.4774 4
141.016 4.30048 0
188.029 4.35597 4
75.9461 49.2073 4
123.088 95.6998 4
99.0538 43.7462 4
21.452 4.30063 4
90.193 65.2795 4
122.408 36.9386 4
104.706 95.6997 4
50.4832 33.1989 0
16.6594 95.6929 0
67.3553 25.2888 4
118.494 20.565 4
58.8944 29.8756 0
149.976 25.1952 0
49.8031 47.3452 0
25.9264 95.6994 0
54.3655 25.0707 0
64.2994 43.4246 4
59.5687 25.6336 0
169.377 4.30091 4
63.7468 25.656 4
67.9102 37.9372 4
145.733 25.6484 0
109.47 65.8619 4
104.454 52.3451 4
74.2167 42.9987 4
2.69325 6.74446 4
6.61247 4.63032 4
90.8637 44.3178 4
49.5759 4.30033 4
67.8729 4.30057 4
79.2742 37.2728 4
165.085 4.30081 4
67.7448 65.635 4
159.847 95.6992 0
50.3869 42.5597 0
137.055 42.5434 4
85.8603 95.6988 4
110.666 32.9882 4
149.959 38.1112 4
122.797 4.30039 0
30.9988 95.6998 0
150.442 95.6995 0
63.4688 65.5067 4
136.639 4.3003 0
72.5148 69.6313 4
80.7742 30.0781 4
62.4632 48.0521 4
58.1088 4.3008 4
127.067 38.1639 4
81.9656 69.269 4
81.1581 95.6994 4
169.391 95.6997 0
20.9681 95.6982 0
59.6634 56.6597 4
141.048 24.9912 4
131.857 36.64 4
140.878 42.4281 4
123.712 31.0599 4
118.504 95.6998 4
114.983 29.8632 4
26.0844 4.30045 4
49.1769 95.6996 4
187.954 95.6545 0
109.374 95.6997 4
54.8149 38.7483 0
128.771 32.974 4
78.9662 57.5455 4
137.017 95.6995 0
94.8601 34.5926 4
192.488 4.62462 4
78.0624 62.4653 4
94.7648 65.3815 4
87.2155 49.5755 4
85.7322 43.8672 4
72.3351 30.6034 4
138.406 28.8261 4
61.6843 34.1872 4
83.3304 64.2759 4
69.2381 34.6632 4
133.467 31.9103 4
91.1227 54.767 4
0 100 0
0 95.4545 0
0 90.9091 0
0 86.3636 0
0 81.8182 0
0 77.2727 0
0 72.7273 1
0 68.1818 1
0 63.6364 1
0 59.0909 1
0 54.5455 1
0 50 1
0 45.4545 1
0 40.9091 1
0 36.3636 0
0 31.8182 0
0 27.2727 0
0 22.7273 0
0 18.1818 0
0 13.6364 0
0 9.09091 4
0 4.54545 4
0 0 4
200 100 0
195.349 100 0
190.698 100 0
186.047 100 0
181.395 100 0
176.744 100 0
172.093 100 0
167.442 100 0
162.791 100 0
158.14 100 0
153.488 100 0
148.837 100 0
144.186 100 0
139.535 100 0
134.884 100 0
130.233 100 4
125.581 100 4
120.93 100 4
116.279 100 4
111.628 100 4
106.977 100 4
102.326 100 4
97.6744 100 4
93.0233 100 4
88.3721 100 4
83.7209 100 4
79.0698 100 4
74.4186 100 4
69.7674 100 4
65.1163 100 4
60.4651 100 4
55.814 100 4
51.1628 100 4
46.5116 100 4
41.8605 100 4
37.2093 100 0
32.5581 100 0
27.907 100 0
23.2558 100 0
18.6047 100 0
13.9535 100 0
9.30233 100 0
4.65116 100 0
200 0 4
200 4.54545 4
200 9.09091 4
200 13.6364 4
200 18.1818 4
200 22.7273 4
200 27.2727 4
200 31.8182 4
200 36.3636 4
200 40.9091 4
200 45.4545 4
200 50 4
200 54.5455 4
200 59.0909 4
200 63.6364 4
200 68.1818 4
200 72.7273 0
200 77.2727 0
200 81.8182 0
200 86.3636 0
200 90.9091 0
200 95.4545 0
4.65116 0 4
9.30233 0 4
13.9535 0 4
18.6047 0 4
23.2558 0 4
27.907 0 4
32.5581 0 4
37.2093 0 4
41.8605 0 4
46.5116 0 4
51.1628 0 4
55.814 0 4
60.4651 0 4
65.1163 0 4
69.7674 0 4
74.4186 0 4
79.0698 0 4
83.7209 0 4
88.3721 0 4
93.0233 0 4
97.6744 0 4
102.326 0 4
106.977 0 4
111.628 0 4
116.279 0 4
120.93 0 4
125.581 0 4
130.233 0 0
134.884 0 4
139.535 0 0
144.186 0 4
148.837 0 4
153.488 0 4
158.14 0 4
162.791 0 4
167.442 0 4
172.093 0 4
176.744 0 4
181.395 0 4
186.047 0 4
190.698 0 4
195.349 0 4
79.4856 43.8143 4
5.7 8.6 4
5.7 13.2 0
10.3 8.6 4
10.3 13.2 0
5.7 17.8 0
10.3 17.8 0
5.7 22.4 0
10.3 22.4 0
5.7 27 0
10.3 27 0
5.7 31.6 0
10.3 31.6 0
5.7 36.2 1
10.3 36.2 1
5.7 40.8 1
10.3 40.8 1
5.7 45.4 1
10.3 45.4 1
5.7 50 1
10.3 50 1
5.7 54.6 1
10.3 54.6 1
5.7 59.2 1
10.3 59.2 1
5.7 63.8 1
10.3 63.8 1
5.7 68.4 1
10.3 68.4 1
5.7 73 1
10.3 73 1
5.7 77.6 1
10.3 77.6 1
5.7 82.2 0
10.3 82.2 0
5.7 86.8 0
10.3 86.8 0
5.7 91.4 0
10.3 91.4 0
14.9 8.6 4
14.9 13.2 0
14.9 17.8 0
14.9 22.4 0
14.9 27 0
14.9 31.6 1
14.9 36.2 1
14.9 40.8 1
14.9 45.4 1
14.9 50 1
14.9 54.6 1
14.9 59.2 1
14.9 63.8 1
14.9 68.4 1
14.9 73 1
14.9 77.6 1
14.9 82.2 0
14.9 86.8 0
14.9 91.4 0
19.5 8.6 4
19.5 13.2 0
19.5 17.8 0
19.5 22.4 0
19.5 27 0
19.5 31.6 1
19.5 36.2 1
19.5 40.8 1
19.5 45.4 1
19.5 50 1
19.5 54.6 1
19.5 59.2 1
19.5 63.8 1
19.5 68.4 1
19.5 73 1
19.5 77.6 1
19.5 82.2 0
19.5 86.8 0
19.5 91.4 0
24.1 8.6 0
24.1 13.2 0
24.1 17.8 0
24.1 22.4 0
24.1 27 0
24.1 31.6 1
24.1 36.2 1
24.1 40.8 1
24.1 45.4 1
24.1 50 1
24.1 54.6 1
24.1 59.2 1
24.1 63.8 1
24.1 68.4 1
24.1 73 1
24.1 77.6 1
24.1 82.2 0
24.1 86.8 0
24.1 91.4 0
28.7 8.6 0
28.7 13.2 0
28.7 17.8 0
28.7 22.4 0
28.7 27 0
28.7 31.6 1
28.7 36.2 1
28.7 40.8 1
28.7 45.4 1
28.7 50 1
28.7 54.6 1
28.7 59.2 1
28.7 63.8 1
28.7 68.4 1
28.7 73 1
28.7 77.6 0
28.7 82.2 0
28.7 86.8 0
28.7 91.4 0
33.3 8.6 4
33.3 13.2 0
33.3 17.8 0
33.3 22.4 0
33.3 27 0
33.3 31.6 0
33.3 36.2 1
33.3 40.8 1
33.3 45.4 1
33.3 50 1
33.3 54.6 1
33.3 59.2 1
33.3 63.8 1
33.3 68.4 1
33.3 73 0
33.3 77.6 0
33.3 82.2 0
33.3 86.8 0
33.3 91.4 0
37.9 8.6 4
37.9 13.2 0
37.9 17.8 0
37.9 22.4 0
37.9 27 0
37.9 31.6 0
37.9 36.2 1
37.9 40.8 1
37.9 45.4 1
37.9 50 1
37.9 54.6 1
37.9 59.2 1
37.9 63.8 1
37.9 68.4 0
37.9 73 0
37.9 77.6 0
37.9 82.2 0
37.9 86.8 0
37.9 91.4 0
42.5 8.6 4
42.5 13.2 0
42.5 17.8 0
42.5 22.4 0
42.5 27 0
42.5 31.6 0
42.5 36.2 0
42.5 40.8 0
42.5 45.4 0
42.5 50 0
42.5 54.6 0
42.5 59.2 0
42.5 63.8 0
42.5 68.4 0
42.5 73 0
42.5 77.6 0
42.5 82.2 0
42.5 86.8 0
42.5 91.4 0
47.1 8.6 4
47.1 13.2 0
47.1 17.8 0
47.1 22.4 0
47.1 27 0
47.1 31.6 0
47.1 36.2 0
47.1 40.8 0
47.1 45.4 0
47.1 50 0
47.1 54.6 0
47.1 59.2 0
47.1 63.8 0
47.1 68.4 0
47.1 73 0
47.1 77.6 0
47.1 82.2 0
47.1 86.8 0
47.1 91.4 4
51.7 8.6 4
51.7 13.2 4
51.7 17.8 0
51.7 22.4 0
51.7 27 0
51.7 45.4 0
51.7 50 0
51.7 54.6 0
51.7 59.2 0
51.7 63.8 0
51.7 68.4 0
51.7 73 0
51.7 77.6 4
51.7 82.2 4
51.7 86.8 4
51.7 91.4 4
56.3 8.6 4
56.3 13.2 4
56.3 17.8 4
56.3 22.4 0
56.3 27 0
56.3 50 0
56.3 54.6 0
56.3 59.2 0
56.3 63.8 4
56.3 68.4 4
56.3 73 4
56.3 77.6 4
56.3 82.2 4
56.3 86.8 4
56.3 91.4 4
60.9 8.6 4
60.9 13.2 4
60.9 17.8 4
60.9 22.4 4
60.9 59.2 4
60.9 63.8 4
60.9 68.4 4
60.9 73 4
60.9 77.6 4
60.9 82.2 4
60.9 86.8 4
60.9 91.4 4
65.5 8.6 4
65.5 13.2 4
65.5 17.8 4
65.5 22.4 4
65.5 68.4 4
65.5 73 4
65.5 77.6 4
65.5 82.2 4
65.5 86.8 4
65.5 91.4 4
70.1 8.6 4
70.1 13.2 4
70.1 17.8 4
70.1 22.4 4
65.5 27 4
70.1 27 4
70.1 68.4 4
70.1 73 4
70.1 77.6 4
70.1 82.2 4
70.1 86.8 4
70.1 91.4 4
74.7 8.6 4
74.7 13.2 4
74.7 17.8 4
74.7 22.4 4
74.7 27 4
74.7 73 4
74.7 77.6 4
74.7 82.2 4
74.7 86.8 4
74.7 91.4 4
79.3 8.6 4
79.3 13.2 4
79.3 17.8 4
79.3 22.4 4
79.3 27 4
79.3 73 4
79.3 77.6 4
79.3 82.2 4
79.3 86.8 4
79.3 91.4 4
83.9 8.6 4
83.9 13.2 4
83.9 17.8 4
83.9 22.4 4
83.9 27 4
83.9 73 4
83.9 77.6 4
83.9 82.2 4
83.9 86.8 4
83.9 91.4 4
88.5 8.6 4
88.5 13.2 4
88.5 17.8 4
88.5 22.4 4
88.5 27 4
88.5 73 4
88.5 77.6 4
88.5 82.2 4
88.5 86.8 4
88.5 91.4 4
93.1 8.6 4
93.1 13.2 4
93.1 17.8 4
93.1 22.4 4
93.1 27 4
88.5 31.6 4
93.1 31.6 4
88.5 68.4 4
93.1 68.4 4
93.1 73 4
93.1 77.6 4
93.1 82.2 4
93.1 86.8 4
93.1 91.4 4
97.7 8.6 4
97.7 13.2 4
97.7 17.8 4
97.7 22.4 4
97.7 27 4
97.7 31.6 4
97.7 68.4 4
97.7 73 4
97.7 77.6 4
97.7 82.2 4
97.7 86.8 4
97.7 91.4 4
102.3 8.6 4
102.3 13.2 4
102.3 17.8 4
102.3 22.4 4
102.3 27 4
102.3 31.6 4
97.7 36.2 4
102.3 36.2 4
97.7 40.8 4
102.3 40.8 4
97.7 59.2 4
97.7 63.8 4
102.3 59.2 4
102.3 63.8 4
102.3 68.4 4
102.3 73 4
102.3 77.6 4
102.3 82.2 4
102.3 86.8 4
102.3 91.4 4
106.9 8.6 4
106.9 13.2 4
106.9 17.8 4
106.9 22.4 4
106.9 27 4
106.9 31.6 4
106.9 36.2 4
106.9 40.8 4
102.3 45.4 4
106.9 45.4 4
102.3 54.6 4
106.9 54.6 4
106.9 59.2 4
106.9 63.8 4
106.9 68.4 4
106.9 73 4
106.9 77.6 4
106.9 82.2 4
106.9 86.8 4
106.9 91.4 4
111.5 8.6 4
111.5 13.2 4
111.5 17.8 4
111.5 22.4 4
111.5 27 4
111.5 36.2 4
111.5 40.8 4
111.5 59.2 4
111.5 63.8 4
111.5 68.4 4
111.5 73 4
111.5 77.6 4
111.5 82.2 4
111.5 86.8 4
111.5 91.4 4
116.1 8.6 4
116.1 13.2 4
116.1 17.8 4
116.1 22.4 4
116.1 59.2 4
116.1 63.8 4
116.1 68.4 4
116.1 73 4
116.1 77.6 4
116.1 82.2 4
116.1 86.8 4
116.1 91.4 4
120.7 8.6 4
120.7 13.2 4
120.7 17.8 4
120.7 22.4 4
120.7 59.2 4
120.7 63.8 4
120.7 68.4 4
120.7 73 4
120.7 77.6 4
120.7 82.2 4
120.7 86.8 4
120.7 91.4 4
125.3 8.6 4
125.3 13.2 4
125.3 17.8 4
125.3 22.4 4
120.7 40.8 4
120.7 45.4 4
125.3 40.8 4
125.3 45.4 4
120.7 50 4
125.3 50 4
120.7 54.6 4
125.3 54.6 4
125.3 59.2 4
125.3 63.8 4
125.3 68.4 4
125.3 73 4
125.3 77.6 4
125.3 82.2 4
125.3 86.8 4
125.3 91.4 4
129.9 8.6 4
129.9 13.2 4
129.9 17.8 4
129.9 22.4 4
125.3 27 4
129.9 27 4
129.9 40.8 4
129.9 45.4 4
129.9 50 4
129.9 54.6 4
129.9 59.2 4
129.9 63.8 4
129.9 68.4 4
129.9 73 4
129.9 77.6 4
129.9 82.2 4
129.9 86.8 4
129.9 91.4 4
134.5 8.6 4
134.5 13.2 4
134.5 17.8 4
134.5 22.4 4
134.5 27 4
134.5 40.8 4
134.5 45.4 4
134.5 50 4
134.5 54.6 4
134.5 59.2 4
134.5 63.8 4
134.5 68.4 4
134.5 73 4
134.5 77.6 4
134.5 82.2 4
134.5 86.8 4
134.5 91.4 4
139.1 8.6 4
139.1 13.2 4
139.1 17.8 4
139.1 22.4 4
139.1 45.4 4
139.1 50 4
139.1 54.6 4
139.1 59.2 4
139.1 63.8 4
139.1 68.4 4
139.1 73 4
139.1 77.6 4
139.1 82.2 4
139.1 86.8 4
139.1 91.4 0
143.7 8.6 4
143.7 13.2 4
143.7 17.8 4
143.7 22.4 4
143.7 45.4 4
143.7 50 4
143.7 54.6 4
143.7 59.2 4
143.7 63.8 4
143.7 68.4 4
143.7 73 4
143.7 77.6 4
143.7 82.2 0
143.7 86.8 0
143.7 91.4 0
148.3 8.6 4
148.3 13.2 4
148.3 17.8 4
148.3 22.4 4
148.3 45.4 4
148.3 50 4
148.3 54.6 4
148.3 59.2 4
148.3 63.8 4
148.3 68.4 4
148.3 73 0
148.3 77.6 0
148.3 82.2 0
148.3 86.8 0
148.3 91.4 0
152.9 8.6 4
152.9 13.2 4
152.9 17.8 4
152.9 22.4 4
148.3 27 4
152.9 27 4
148.3 40.8 4
152.9 40.8 4
152.9 45.4 4
152.9 50 4
152.9 54.6 4
152.9 59.2 4
152.9 63.8 4
152.9 68.4 0
152.9 73 0
152.9 77.6 0
152.9 82.2 0
152.9 86.8 0
152.9 91.4 0
157.5 8.6 4
157.5 13.2 4
157.5 17.8 4
157.5 22.4 4
157.5 27 4
152.9 31.6 4
157.5 31.6 4
152.9 36.2 4
157.5 36.2 4
157.5 40.8 4
157.5 45.4 4
157.5 50 4
157.5 54.6 4
157.5 59.2 4
157.5 63.8 0
157.5 68.4 0
157.5 73 0
157.5 77.6 0
157.5 82.2 0
157.5 86.8 0
157.5 91.4 0
162.1 8.6 4
162.1 13.2 4
162.1 17.8 4
162.1 22.4 4
162.1 27 4
162.1 31.6 4
162.1 36.2 4
162.1 40.8 4
162.1 45.4 4
162.1 50 4
162.1 54.6 4
162.1 59.2 4
162.1 63.8 0
162.1 68.4 0
162.1 73 0
162.1 77.6 0
162.1 82.2 0
162.1 86.8 0
162.1 91.4 0
166.7 8.6 4
166.7 13.2 4
166.7 17.8 4
166.7 22.4 4
166.7 27 4
166.7 31.6 4
166.7 36.2 4
166.7 40.8 4
166.7 45.4 4
166.7 50 4
166.7 54.6 4
166.7 59.2 4
166.7 63.8 0
166.7 68.4 0
166.7 73 0
166.7 77.6 0
166.7 82.2 0
166.7 86.8 0
166.7 91.4 0
171.3 8.6 4
171.3 13.2 4
171.3 17.8 4
171.3 22.4 4
171.3 27 4
171.3 31.6 4
171.3 36.2 4
171.3 40.8 4
171.3 45.4 4
171.3 50 4
171.3 54.6 4
171.3 59.2 4
171.3 63.8 0
171.3 68.4 0
171.3 73 0
171.3 77.6 0
171.3 82.2 0
171.3 86.8 0
171.3 91.4 0
175.9 8.6 4
175.9 13.2 4
175.9 17.8 4
175.9 22.4 4
175.9 27 4
175.9 31.6 4
175.9 36.2 4
175.9 40.8 4
175.9 45.4 4
175.9 50 4
175.9 54.6 4
175.9 59.2 4
175.9 63.8 0
175.9 68.4 0
175.9 73 0
175.9 77.6 0
175.9 82.2 0
175.9 86.8 0
175.9 91.4 0
180.5 8.6 4
180.5 13.2 4
180.5 17.8 4
180.5 22.4 4
180.5 27 4
180.5 31.6 4
180.5 36.2 4
180.5 40.8 4
180.5 45.4 4
180.5 50 4
180.5 54.6 4
180.5 59.2 4
180.5 63.8 0
180.5 68.4 0
180.5 73 0
180.5 77.6 0
180.5 82.2 0
180.5 86.8 0
180.5 91.4 0
185.1 8.6 4
185.1 13.2 4
185.1 17.8 4
185.1 22.4 4
185.1 27 4
185.1 31.6 4
185.1 36.2 4
185.1 40.8 4
185.1 45.4 4
185.1 50 4
185.1 54.6 4
185.1 59.2 4
185.1 63.8 4
185.1 68.4 0
185.1 73 0
185.1 77.6 0
185.1 82.2 0
185.1 86.8 0
185.1 91.4 0
189.7 8.6 4
189.7 13.2 4
189.7 17.8 4
189.7 22.4 4
189.7 27 4
189.7 31.6 4
189.7 36.2 4
189.7 40.8 4
189.7 45.4 4
189.7 50 4
189.7 54.6 4
189.7 59.2 4
189.7 63.8 4
189.7 68.4 0
189.7 73 0
189.7 77.6 0
189.7 82.2 0
189.7 86.8 0
189.7 91.4 0
194.3 8.6 4
194.3 13.2 4
194.3 17.8 4
194.3 22.4 4
194.3 27 4
194.3 31.6 4
194.3 36.2 4
194.3 40.8 4
194.3 45.4 4
194.3 50 4
194.3 54.6 4
194.3 59.2 4
194.3 63.8 4
194.3 68.4 4
194.3 73 0
194.3 77.6 0
194.3 82.2 0
194.3 86.8 0
194.3 91.4 0
74.5141 39.0336 4
83.6006 39.1018 4
69.5014 59.8186 4
63.1099 29.8359 4
73.9827 53.6948 4
114.86 52.0313 4
77.4596 66.9265 4
62.5591 38.7886 4
109.466 52.3191 4
81.4272 51.9181 4
58.4286 37.5909 0
54.2906 34.9806 0
76.7885 33.1159 4
74.8137 59.8529 4
88.9953 60.2867 4
69.8675 40.175 4
89.2359 39.913 4
118.595 30.6608 4
109.136 47.2141 4
68.161 54.2749 4
83.1159 59.4197 4
99.9544 48.0587 4
66.4573 35.9932 4
114.245 42.9264 4
127.552 29.9865 4
146.248 29.4676 4
95.6319 51.8689 4
100.042 52.839 4
39.9313 95.7 0
84.3252 46.7972 4
113.436 47.911 4
54.8577 42.8809 0
118.201 52.0465 4
109.736 56.4857 4
3.2994 3.96654 4
122.16 25.388 4
178.766 95.6991 0
77.2576 70.4112 4
81.5706 33.9127 4
115.251 34.1197 4
113.796 56.1711 4
126.872 34.4328 4
65.843 40.4597 4
63.5039 51.5095 4
53.7321 95.7002 4
76.8643 29.475 4
62.7587 25.2085 4
150.023 29.7929 4
2.24281 7.36763 4
131.582 29.8667 4
137.376 25.3719 4
144.96 33.7479 4
193.345 95.5879 0
164.775 95.7007 0
58.8891 47.7123 4
113.955 95.7003 4
118.089 26.3215 4
118.181 38.0949 4
104.546 48.7002 4
118.213 43.3456 4
85.1611 30.1639 4
95.4542 56.7631 4
3.52091 94.1016 0
85.6542 70.1573 4
145.003 42.2716 4
49.8025 29.9963 0
114.214 25.6726 4
109.74 29.894 4
95.7035 95.7008 4
109.592 43.2944 4
183.64 4.30866 4
137.697 42.774 4
100.452 95.7009 4
149.618 34.0674 4
73.1951 65.2206 4
155.93 95.7004 0
66.338 45.9437 4
137.07 33.8891 4
114.44 4.29861 4
128.023 95.7011 4
59.1183 52.9126 4
117.815 56.061 4
72.6522 95.7007 4
196.57 5.92235 4
95.7341 4.29797 4
50.6621 38.5501 0
146.496 95.7011 0
63.4107 95.7007 4
61.2433 42.8954 4
94.5124 42.8234 4
94.4682 47.5646 4
117.613 47.6674 4
63.9992 65.6922 4
73.1326 69.947 4
122.488 29.0968 4
141.974 25.9247 4
86.0524 66.3933 4
54.1232 4.29805 4
169.132 4.29967 4
99.7622 56.6617 4
99.1201 43.779 4
131.4 33.6077 4
140.217 38.6168 4
114.082 38.2912 4
145.825 25.1657 4
59.2398 25.5526 4
88.7786 45.7672 4
49.9401 42.7995 0
58.6121 31.2773 4
87.1337 54.5054 4
104.617 52.4539 4
127.625 38.2364 4
80.9787 29.8142 4
86.0508 34.6769 4
110.143 33.3767 4
146.145 37.6857 4
150.22 38.1625 4
7.60615 95.4541 0
71.6254 4.29875 4
2.79655 11.2014 4
59.0101 56.6739 4
164.932 4.29963 4
63.4259 56.5915 4
35.2463 95.7011 0
50.0577 33.7126 0
133.029 95.7003 4
81.6155 69.7545 4
76.2915 4.29824 4
100.675 4.29749 4
174.032 95.701 0
197.146 88.4497 0
110.046 4.29759 4
146.937 4.29749 4
142 30.9288 4
90.7917 4.29751 4
44.526 95.7005 4
2.84541 15.7138 0
12.1374 95.6631 0
12.7392 4.29355 4
197.149 84.2576 0
2.84958 20.2777 0
2.85003 75.15 0
2.84995 24.8502 0
2.85 70.5771 1
2.85055 79.7229 0
35.8859 4.29764 4
2.85005 29.4235 0
2.8501 66.0038 1
131.43 37.5101 4
197.15 79.7193 0
2.85033 33.9959 0
2.8505 61.4314 1
2.85058 56.8592 1
197.15 24.8499 4
197.15 75.1496 0
2.85052 38.5683 0
2.85057 43.141 1
2.85059 47.7138 1
2.85059 52.2865 1
197.15 29.4226 4
197.15 33.9954 4
197.15 38.5681 4
197.15 43.1408 4
197.15 47.7135 4
197.15 52.2863 4
197.15 56.859 4
197.15 61.4317 4
197.15 66.0045 4
197.15 70.5772 4
197.149 20.2773 4
2.85566 84.2931 0
197.144 15.7064 4
178.639 4.29963 4
128.438 4.29747 4
63.6805 4.2991 4
151.503 95.7012 0
105.391 4.29753 4
151.644 4.29754 4
160.931 4.29821 4
141.605 95.7011 0
142.267 4.29777 4
40.6526 4.29783 4
156.305 4.29777 4
67.7276 4.29919 4
197.099 11.1527 4
30.6859 4.2981 4
121.407 33.1501 4
17.4963 4.29737 4
76.9587 95.7009 4
81.5209 4.29717 4
2.90613 88.8377 0
95.0818 34.3075 4
188.545 4.35654 4
141.22 42.9262 4
133.106 4.29748 4
16.7251 95.696 0
45.3604 4.29792 4
22.1553 4.29766 4
94.9614 65.7296 4
59.0184 4.29831 4
137.679 4.29757 4
123.094 95.7019 4
123.766 4.29747 4
26.1592 4.29887 4
21.2907 95.7006 0
72.6561 29.9763 4
85.9894 95.7007 4
58.6492 95.701 4
68.0206 95.7017 4
91.0822 35.2719 4
7.77151 4.22342 4
94.1122 61.6315 4
64.4476 61.6729 4
86.4349 4.29859 4
90.4628 95.7013 4
72.4824 45.8977 4
67.9378 30.8149 4
118.904 4.29727 4
69.3698 50.7585 4
183.649 95.6958 0
53.5936 30.7107 0
49.7134 4.29818 4
113.913 30.1917 4
