2.84997 33.9955 0
2.84997 38.5682 0
2.84997 43.1409 0
2.84997 47.7136 1
2.84997 52.2864 1
2.84997 56.8591 0
2.84997 61.4318 0
2.84997 66.0045 0
2.84997 70.5773 0
2.85003 75.15 0
197.15 43.1409 0
197.15 47.7136 0
197.15 52.2864 0
197.15 56.8591 0
197.15 61.4318 0
197.15 66.0045 0
197.15 70.5773 0
197.15 75.15 0
2.85493 15.7072 0
2.84997 29.4228 0
197.15 38.5683 0
2.85057 79.7226 0
197.149 20.2773 0
197.15 24.8495 0
2.85002 24.8505 0
197.15 33.9959 0
141.651 95.6992 0
118.369 4.30075 0
2.85586 84.2936 0
197.144 15.7064 0
2.85048 20.2774 0
197.15 29.4227 0
160.029 4.30073 0
123.109 95.6991 0
155.392 4.30064 0
150.763 4.30061 1
146.135 4.30065 1
2.89934 11.167 0
141.503 4.30063 1
122.983 4.30114 0
127.597 4.30108 0
136.867 4.30066 1
187.833 95.6456 0
132.228 4.30066 1
187.837 4.34141 0
2.90814 88.8485 0
197.092 11.1517 0
39.813 4.30066 0
183.173 4.30533 0
12.0101 4.46697 0
16.6914 4.32263 0
95.1349 44.7859 0
132.404 95.6992 0
109.027 44.0848 0
105.925 52.7313 0
63.0609 4.30058 4
49.1688 4.30104 4
178.576 4.30156 0
91.1223 47.8684 0
76.923 95.6991 0
109.397 95.6988 0
109.343 69.378 0
58.7324 4.30138 4
196.467 94.0991 0
7.40447 5.2806 0
90.3093 4.30186 0
25.7214 95.6988 0
94.9741 95.6991 0
12.4245 95.6578 0
35.4572 4.30118 0
72.5302 4.30143 4
44.8458 95.6994 0
104.934 4.30082 0
160.398 95.6993 0
165.152 95.6987 0
104.963 95.6993 0
49.6151 95.6992 0
174.298 4.30156 0
58.3756 95.6993 0
3.38095 6.60392 0
150.814 95.6992 0
35.3179 95.6992 0
58.6542 29.291 0
118.547 95.6989 0
183.241 95.689 0
81.6316 95.699 0
137.086 95.699 0
99.3938 57.2245 0
0 100 0
0 95.4545 0
0 90.9091 0
0 86.3636 0
0 81.8182 0
0 77.2727 0
0 72.7273 0
0 68.1818 0
0 63.6364 1
0 59.0909 1
0 54.5455 1
0 50 1
0 45.4545 1
0 40.9091 1
0 36.3636 0
0 31.8182 0
0 27.2727 0
0 22.7273 0
0 18.1818 0
0 13.6364 0
0 9.09091 0
0 4.54545 0
0 0 0
200 100 4
195.349 100 0
190.698 100 0
186.047 100 0
181.395 100 0
176.744 100 0
172.093 100 0
167.442 100 0
162.791 100 0
158.14 100 0
153.488 100 0
148.837 100 0
144.186 100 0
139.535 100 0
134.884 100 0
130.233 100 0
125.581 100 0
120.93 100 0
116.279 100 0
111.628 100 0
106.977 100 0
102.326 100 0
97.6744 100 0
93.0233 100 0
88.3721 100 0
83.7209 100 0
79.0698 100 0
74.4186 100 0
69.7674 100 0
65.1163 100 0
60.4651 100 0
55.814 100 0
51.1628 100 0
46.5116 100 0
41.8605 100 0
37.2093 100 0
32.5581 100 0
27.907 100 0
23.2558 100 0
18.6047 100 0
13.9535 100 0
9.30233 100 0
4.65116 100 0
200 0 4
200 4.54545 4
200 9.09091 0
200 13.6364 0
200 18.1818 0
200 22.7273 0
200 27.2727 0
200 31.8182 0
200 36.3636 0
200 40.9091 0
200 45.4545 0
200 50 0
200 54.5455 0
200 59.0909 0
200 63.6364 0
200 68.1818 0
200 72.7273 0
200 77.2727 0
200 81.8182 0
200 86.3636 0
200 90.9091 0
200 95.4545 0
4.65116 0 0
9.30233 0 0
13.9535 0 0
18.6047 0 0
23.2558 0 0
27.907 0 0
32.5581 0 0
37.2093 0 0
41.8605 0 0
46.5116 0 4
51.1628 0 4
55.814 0 4
60.4651 0 4
65.1163 0 4
69.7674 0 4
74.4186 0 4
79.0698 0 0
83.7209 0 0
88.3721 0 0
93.0233 0 0
97.6744 0 0
102.326 0 0
106.977 0 0
111.628 0 0
116.279 0 0
120.93 0 0
125.581 0 0
130.233 0 1
134.884 0 1
139.535 0 1
144.186 0 1
148.837 0 1
153.488 0 1
158.14 0 0
162.791 0 0
167.442 0 0
172.093 0 0
176.744 0 0
181.395 0 0
186.047 0 0
190.698 0 0
195.349 0 0
5.7 8.6 0
5.7 13.2 0
10.3 8.6 0
10.3 13.2 0
5.7 17.8 0
10.3 17.8 0
5.7 22.4 0
10.3 22.4 0
5.7 27 0
10.3 27 0
5.7 31.6 0
10.3 31.6 1
5.7 36.2 1
10.3 36.2 1
5.7 40.8 1
10.3 40.8 1
5.7 45.4 1
10.3 45.4 1
5.7 50 1
10.3 50 1
5.7 54.6 1
10.3 54.6 1
5.7 59.2 1
10.3 59.2 1
5.7 63.8 1
10.3 63.8 1
5.7 68.4 0
10.3 68.4 0
5.7 73 0
10.3 73 0
5.7 77.6 0
10.3 77.6 0
5.7 82.2 0
10.3 82.2 0
5.7 86.8 0
10.3 86.8 0
5.7 91.4 0
10.3 91.4 0
14.9 8.6 0
14.9 13.2 0
14.9 17.8 0
14.9 22.4 0
14.9 27 0
14.9 31.6 1
14.9 36.2 1
14.9 40.8 1
14.9 45.4 1
14.9 50 1
14.9 54.6 1
14.9 59.2 1
14.9 63.8 1
14.9 68.4 1
14.9 73 0
14.9 77.6 0
14.9 82.2 0
14.9 86.8 0
14.9 91.4 0
19.5 8.6 0
19.5 13.2 0
19.5 17.8 0
19.5 22.4 0
19.5 27 0
19.5 31.6 0
19.5 36.2 1
19.5 40.8 1
19.5 45.4 1
19.5 50 1
19.5 54.6 1
19.5 59.2 1
19.5 63.8 1
19.5 68.4 1
19.5 73 0
19.5 77.6 0
19.5 82.2 0
19.5 86.8 0
19.5 91.4 0
24.1 8.6 0
24.1 13.2 0
24.1 17.8 0
24.1 22.4 0
24.1 27 0
24.1 31.6 0
24.1 36.2 1
24.1 40.8 1
24.1 45.4 1
24.1 50 1
24.1 54.6 1
24.1 59.2 1
24.1 63.8 1
24.1 68.4 1
24.1 73 0
24.1 77.6 0
24.1 82.2 0
24.1 86.8 0
24.1 91.4 0
28.7 8.6 0
28.7 13.2 0
28.7 17.8 0
28.7 22.4 0
28.7 27 0
28.7 31.6 0
28.7 36.2 1
28.7 40.8 1
28.7 45.4 1
28.7 50 1
28.7 54.6 1
28.7 59.2 1
28.7 63.8 1
28.7 68.4 1
28.7 73 0
28.7 77.6 0
28.7 82.2 0
28.7 86.8 0
28.7 91.4 0
33.3 8.6 0
33.3 13.2 0
33.3 17.8 0
33.3 22.4 0
33.3 27 0
33.3 31.6 0
33.3 36.2 0
33.3 40.8 1
33.3 45.4 1
33.3 50 1
33.3 54.6 1
33.3 59.2 1
33.3 63.8 1
33.3 68.4 1
33.3 73 0
33.3 77.6 0
33.3 82.2 0
33.3 86.8 0
33.3 91.4 0
37.9 8.6 0
37.9 13.2 0
37.9 17.8 0
37.9 22.4 0
37.9 27 0
37.9 31.6 0
37.9 36.2 0
37.9 40.8 0
37.9 45.4 0
37.9 50 1
37.9 54.6 1
37.9 59.2 1
37.9 63.8 0
37.9 68.4 0
37.9 73 0
37.9 77.6 0
37.9 82.2 0
37.9 86.8 0
37.9 91.4 0
42.5 8.6 0
42.5 13.2 0
42.5 17.8 0
42.5 22.4 0
42.5 27 0
42.5 31.6 0
42.5 36.2 0
42.5 40.8 0
42.5 45.4 0
42.5 50 0
42.5 54.6 0
42.5 59.2 0
42.5 63.8 0
42.5 68.4 0
42.5 73 0
42.5 77.6 0
42.5 82.2 0
42.5 86.8 0
42.5 91.4 0
47.1 8.6 0
47.1 13.2 0
47.1 17.8 0
47.1 22.4 0
47.1 27 0
47.1 31.6 0
47.1 36.2 0
47.1 40.8 0
47.1 45.4 0
47.1 50 0
47.1 54.6 0
47.1 59.2 0
47.1 63.8 0
47.1 68.4 0
47.1 73 0
47.1 77.6 0
47.1 82.2 0
47.1 86.8 0
47.1 91.4 0
51.7 8.6 0
51.7 13.2 0
51.7 17.8 0
51.7 22.4 0
51.7 27 0
51.7 31.6 0
51.7 36.2 0
51.7 40.8 0
51.7 45.4 0
51.7 50 0
51.7 54.6 0
51.7 59.2 0
51.7 63.8 0
51.7 68.4 0
51.7 73 0
51.7 77.6 0
51.7 82.2 0
51.7 86.8 0
51.7 91.4 0
56.3 8.6 0
56.3 13.2 0
56.3 17.8 0
56.3 22.4 0
56.3 27 0
56.3 31.6 0
56.3 36.2 0
56.3 40.8 0
56.3 45.4 0
56.3 50 0
56.3 54.6 0
56.3 59.2 0
56.3 63.8 0
56.3 68.4 0
56.3 73 0
56.3 77.6 0
56.3 82.2 0
56.3 86.8 0
56.3 91.4 0
60.9 8.6 0
60.9 13.2 0
60.9 17.8 0
60.9 22.4 0
60.9 27 0
60.9 31.6 0
60.9 36.2 0
60.9 40.8 0
60.9 45.4 0
60.9 50 0
60.9 54.6 0
60.9 59.2 0
60.9 63.8 0
60.9 68.4 0
60.9 73 0
60.9 77.6 0
60.9 82.2 0
60.9 86.8 0
60.9 91.4 0
65.5 8.6 4
65.5 13.2 0
65.5 17.8 0
65.5 22.4 0
65.5 27 0
65.5 31.6 0
65.5 36.2 0
65.5 40.8 0
65.5 45.4 0
65.5 50 0
65.5 54.6 0
65.5 59.2 0
65.5 63.8 0
65.5 68.4 0
65.5 73 0
65.5 77.6 0
65.5 82.2 0
65.5 86.8 0
65.5 91.4 0
70.1 8.6 0
70.1 13.2 0
70.1 17.8 0
70.1 22.4 0
70.1 27 0
70.1 31.6 0
70.1 36.2 0
70.1 40.8 0
70.1 45.4 0
70.1 50 0
70.1 54.6 0
70.1 59.2 0
70.1 63.8 0
70.1 68.4 0
70.1 73 0
70.1 77.6 0
70.1 82.2 0
70.1 86.8 0
70.1 91.4 0
74.7 8.6 0
74.7 13.2 0
74.7 17.8 0
74.7 22.4 0
74.7 27 0
74.7 31.6 0
74.7 36.2 0
74.7 40.8 0
74.7 45.4 0
74.7 50 0
74.7 54.6 0
74.7 59.2 0
74.7 63.8 0
74.7 68.4 0
74.7 73 0
74.7 77.6 0
74.7 82.2 0
74.7 86.8 0
74.7 91.4 0
79.3 8.6 0
79.3 13.2 0
79.3 17.8 0
79.3 22.4 0
79.3 27 0
79.3 31.6 0
79.3 36.2 0
79.3 40.8 0
79.3 45.4 0
79.3 50 0
79.3 54.6 0
79.3 59.2 0
79.3 63.8 0
79.3 68.4 0
79.3 73 0
79.3 77.6 0
79.3 82.2 0
79.3 86.8 0
79.3 91.4 0
83.9 8.6 0
83.9 13.2 0
83.9 17.8 0
83.9 22.4 0
83.9 27 0
83.9 31.6 0
83.9 36.2 0
83.9 40.8 0
83.9 45.4 0
83.9 50 0
83.9 54.6 0
83.9 59.2 0
83.9 63.8 0
83.9 68.4 0
83.9 73 0
83.9 77.6 0
83.9 82.2 0
83.9 86.8 0
83.9 91.4 0
88.5 8.6 0
88.5 13.2 0
88.5 17.8 0
88.5 22.4 0
88.5 27 0
88.5 31.6 0
88.5 36.2 0
88.5 40.8 0
88.5 45.4 0
88.5 50 0
88.5 54.6 0
88.5 59.2 0
88.5 63.8 0
88.5 68.4 0
88.5 73 0
88.5 77.6 0
88.5 82.2 0
88.5 86.8 0
88.5 91.4 0
93.1 8.6 0
93.1 13.2 0
93.1 17.8 0
93.1 22.4 0
93.1 27 0
93.1 31.6 0
93.1 36.2 0
93.1 40.8 0
93.1 45.4 0
93.1 68.4 0
93.1 73 0
93.1 77.6 0
93.1 82.2 0
93.1 86.8 0
93.1 91.4 0
97.7 8.6 0
97.7 13.2 0
97.7 17.8 0
97.7 22.4 0
97.7 27 0
97.7 31.6 0
97.7 36.2 0
97.7 40.8 0
97.7 73 0
97.7 77.6 0
97.7 82.2 0
97.7 86.8 0
97.7 91.4 0
102.3 8.6 0
102.3 13.2 0
102.3 17.8 0
102.3 22.4 0
102.3 27 0
102.3 31.6 0
102.3 36.2 0
102.3 40.8 0
102.3 73 0
102.3 77.6 0
102.3 82.2 0
102.3 86.8 0
102.3 91.4 0
106.9 8.6 0
106.9 13.2 0
106.9 17.8 0
106.9 22.4 0
106.9 27 0
106.9 31.6 0
106.9 36.2 1
106.9 40.8 1
106.9 73 0
106.9 77.6 0
106.9 82.2 0
106.9 86.8 0
106.9 91.4 0
111.5 8.6 0
111.5 13.2 0
111.5 17.8 0
111.5 22.4 0
111.5 27 1
111.5 31.6 1
111.5 36.2 1
111.5 40.8 1
111.5 73 1
111.5 77.6 0
111.5 82.2 0
111.5 86.8 0
111.5 91.4 0
116.1 8.6 0
116.1 13.2 0
116.1 17.8 1
116.1 22.4 1
116.1 27 1
116.1 31.6 1
116.1 36.2 1
116.1 40.8 1
111.5 45.4 1
116.1 45.4 1
111.5 68.4 1
116.1 68.4 1
116.1 73 1
116.1 77.6 1
116.1 82.2 0
116.1 86.8 0
116.1 91.4 0
120.7 8.6 1
120.7 13.2 1
120.7 17.8 1
120.7 22.4 1
120.7 27 1
120.7 31.6 1
120.7 36.2 1
120.7 40.8 1
120.7 45.4 1
116.1 50 1
120.7 50 1
116.1 54.6 1
120.7 54.6 1
116.1 59.2 1
120.7 59.2 1
116.1 63.8 1
120.7 63.8 1
120.7 68.4 1
120.7 73 1
120.7 77.6 1
120.7 82.2 1
120.7 86.8 0
120.7 91.4 0
125.3 8.6 1
125.3 13.2 1
125.3 17.8 1
125.3 22.4 1
125.3 27 1
125.3 31.6 1
125.3 36.2 1
125.3 40.8 1
125.3 45.4 1
125.3 50 1
125.3 54.6 1
125.3 59.2 1
125.3 63.8 1
125.3 68.4 1
125.3 73 1
125.3 77.6 1
125.3 82.2 0
125.3 86.8 0
125.3 91.4 0
129.9 8.6 1
129.9 13.2 1
129.9 17.8 1
129.9 22.4 1
129.9 27 1
129.9 31.6 1
129.9 36.2 1
129.9 40.8 1
129.9 45.4 1
129.9 50 1
129.9 54.6 1
129.9 59.2 1
129.9 63.8 1
129.9 68.4 1
129.9 73 1
129.9 77.6 1
129.9 82.2 1
129.9 86.8 0
129.9 91.4 0
134.5 8.6 1
134.5 13.2 1
134.5 17.8 1
134.5 22.4 1
134.5 27 1
134.5 31.6 1
134.5 36.2 1
134.5 40.8 1
134.5 45.4 1
134.5 50 1
134.5 54.6 1
134.5 59.2 1
134.5 63.8 1
134.5 68.4 1
134.5 73 1
134.5 77.6 1
134.5 82.2 0
134.5 86.8 0
134.5 91.4 0
139.1 8.6 1
139.1 13.2 1
139.1 17.8 1
139.1 22.4 1
139.1 27 1
139.1 31.6 1
139.1 36.2 1
139.1 40.8 1
139.1 45.4 1
139.1 50 1
139.1 54.6 1
139.1 59.2 1
139.1 63.8 1
139.1 68.4 1
139.1 73 1
139.1 77.6 1
139.1 82.2 0
139.1 86.8 0
139.1 91.4 0
143.7 8.6 1
143.7 13.2 1
143.7 17.8 1
143.7 22.4 1
143.7 27 1
143.7 31.6 1
143.7 36.2 1
143.7 40.8 1
143.7 45.4 1
143.7 50 1
143.7 54.6 1
143.7 59.2 1
143.7 63.8 1
143.7 68.4 1
143.7 73 1
143.7 77.6 1
143.7 82.2 0
143.7 86.8 0
143.7 91.4 0
148.3 8.6 1
148.3 13.2 1
148.3 17.8 1
148.3 22.4 1
148.3 27 1
148.3 31.6 1
148.3 36.2 1
148.3 40.8 1
148.3 45.4 1
148.3 50 1
148.3 54.6 1
148.3 59.2 1
148.3 63.8 1
148.3 68.4 1
148.3 73 1
148.3 77.6 0
148.3 82.2 0
148.3 86.8 0
148.3 91.4 0
152.9 8.6 1
152.9 13.2 1
152.9 17.8 1
152.9 22.4 1
152.9 27 1
152.9 31.6 1
152.9 36.2 1
152.9 40.8 1
152.9 45.4 1
152.9 50 1
152.9 54.6 1
152.9 59.2 1
152.9 63.8 1
152.9 68.4 1
152.9 73 0
152.9 77.6 0
152.9 82.2 0
152.9 86.8 0
152.9 91.4 0
157.5 8.6 1
157.5 13.2 1
157.5 17.8 1
157.5 22.4 1
157.5 27 1
157.5 31.6 1
157.5 36.2 1
157.5 40.8 1
157.5 45.4 1
157.5 50 1
157.5 54.6 1
157.5 59.2 1
157.5 63.8 1
157.5 68.4 0
157.5 73 0
157.5 77.6 0
157.5 82.2 0
157.5 86.8 0
157.5 91.4 0
162.1 8.6 1
162.1 13.2 1
162.1 17.8 1
162.1 22.4 1
162.1 27 1
162.1 31.6 1
162.1 36.2 1
162.1 40.8 1
162.1 45.4 1
162.1 50 1
162.1 54.6 1
162.1 59.2 1
162.1 63.8 0
162.1 68.4 0
162.1 73 0
162.1 77.6 0
162.1 82.2 0
162.1 86.8 0
162.1 91.4 0
166.7 8.6 0
166.7 13.2 0
166.7 17.8 1
166.7 22.4 1
166.7 27 1
166.7 31.6 1
166.7 36.2 1
166.7 40.8 1
166.7 45.4 1
166.7 50 1
166.7 54.6 1
166.7 59.2 0
166.7 63.8 0
166.7 68.4 0
166.7 73 0
166.7 77.6 0
166.7 82.2 0
166.7 86.8 0
166.7 91.4 0
171.3 8.6 0
171.3 13.2 0
171.3 17.8 0
171.3 22.4 0
171.3 27 0
171.3 31.6 0
171.3 36.2 0
171.3 40.8 0
171.3 45.4 0
171.3 50 0
171.3 54.6 0
171.3 59.2 0
171.3 63.8 0
171.3 68.4 0
171.3 73 0
171.3 77.6 0
171.3 82.2 0
171.3 86.8 0
171.3 91.4 0
175.9 8.6 0
175.9 13.2 0
175.9 17.8 0
175.9 22.4 0
175.9 27 0
175.9 31.6 0
175.9 36.2 0
175.9 40.8 0
175.9 45.4 0
175.9 50 0
175.9 54.6 0
175.9 59.2 0
175.9 63.8 0
175.9 68.4 0
175.9 73 0
175.9 77.6 0
175.9 82.2 0
175.9 86.8 0
175.9 91.4 0
180.5 8.6 0
180.5 13.2 0
180.5 17.8 0
180.5 22.4 0
180.5 27 0
180.5 31.6 0
180.5 36.2 0
180.5 40.8 0
180.5 45.4 0
180.5 50 0
180.5 54.6 0
180.5 59.2 0
180.5 63.8 0
180.5 68.4 0
180.5 73 0
180.5 77.6 0
180.5 82.2 0
180.5 86.8 0
180.5 91.4 0
185.1 8.6 0
185.1 13.2 0
185.1 17.8 0
185.1 22.4 0
185.1 27 0
185.1 31.6 0
185.1 36.2 0
185.1 40.8 0
185.1 45.4 0
185.1 50 0
185.1 54.6 0
185.1 59.2 0
185.1 63.8 0
185.1 68.4 0
185.1 73 0
185.1 77.6 0
185.1 82.2 0
185.1 86.8 0
185.1 91.4 0
189.7 8.6 0
189.7 13.2 0
189.7 17.8 0
189.7 22.4 0
189.7 27 0
189.7 31.6 0
189.7 36.2 0
189.7 40.8 0
189.7 45.4 0
189.7 50 0
189.7 54.6 0
189.7 59.2 0
189.7 63.8 0
189.7 68.4 0
189.7 73 0
189.7 77.6 0
189.7 82.2 0
189.7 86.8 0
189.7 91.4 0
194.3 8.6 0
194.3 13.2 0
194.3 17.8 0
194.3 22.4 0
194.3 27 0
194.3 31.6 0
194.3 36.2 0
194.3 40.8 0
194.3 45.4 0
194.3 50 0
194.3 54.6 0
194.3 59.2 0
194.3 63.8 0
194.3 68.4 0
194.3 73 0
194.3 77.6 0
194.3 82.2 0
194.3 86.8 0
194.3 91.4 0
105.53 65.3511 1
109.273 61.3417 1
91.648 56.9041 0
4.10517 2.61328 0
109.365 48.208 1
110.295 65.5446 1
104.346 48.1166 1
95.6989 66.741 0
104.415 43.467 1
99.5261 48.8872 0
102.527 54.347 1
113.357 62.1819 1
91.534 62.2648 0
96.5068 61.3584 0
146.161 95.6989 0
100.581 65.6898 1
96.0365 70.4876 0
95.8427 57.1575 0
96.4217 52.8741 0
86.8875 56.9049 0
90.696 95.6992 0
192.285 95.3934 0
91.4034 51.6329 0
99.5727 44.2215 0
112.969 57.6621 1
53.7887 95.6991 0
62.927 95.6992 0
94.977 47.6603 0
81.3523 4.30084 0
100.091 70.0997 0
16.6644 95.6925 0
103.302 60.3369 1
39.925 95.6994 0
108.538 43.9167 1
107.978 56.9463 1
113.642 65.8336 1
91.2345 66.0241 0
179.084 95.6976 0
196.464 5.88401 0
3.53571 94.1121 0
108.736 4.30119 0
174.372 95.6988 0
95.5185 43.6068 0
91.0803 47.8762 0
58.0545 4.30129 0
34.7478 4.30107 0
25.4816 4.30147 0
71.9108 4.30133 0
122.914 95.699 0
173.559 4.30117 0
7.05277 5.32826 0
164.306 95.699 0
155.098 95.6992 0
109.704 95.6989 0
113.238 48.2197 1
127.798 95.6992 0
122.212 4.30143 1
39.0456 4.30117 0
67.6547 95.6992 0
104.641 69.5962 1
126.78 4.30132 1
192.34 4.55884 0
113.05 4.30118 0
53.657 4.30072 0
141.707 95.6992 0
197.09 88.8554 0
67.5124 4.30058 0
108.925 69.852 1
117.662 4.30117 0
11.3399 4.49801 0
21.2744 95.6979 0
197.144 84.2943 0
86.1235 95.6992 0
197.149 79.7226 0
2.84997 29.4227 0
2.84997 33.9955 1
2.84997 38.5682 1
2.84997 43.1409 1
2.84997 47.7136 1
2.84997 52.2864 1
2.84997 56.8591 1
2.84997 61.4318 1
2.84997 66.0045 1
2.84997 70.5773 0
2.85003 75.15 0
197.15 38.5682 0
197.15 43.1409 0
197.15 47.7136 0
197.15 52.2864 0
197.15 56.8591 0
197.15 61.4318 0
197.15 66.0045 0
197.15 70.5773 0
197.15 75.15 0
2.85002 24.8501 0
197.15 24.85 0
197.15 33.9955 0
2.85516 15.7074 0
2.8505 20.2775 0
2.85057 79.7226 0
197.149 20.2774 0
197.15 29.4227 0
133.06 95.6987 0
2.85589 84.2936 0
90.4877 4.30161 0
197.144 15.7064 0
21.1726 4.30553 0
114.649 95.6991 0
2.88963 11.1623 0
95.332 95.6989 0
72.3586 95.6985 0
104.558 4.30061 0
2.90845 88.8487 0
197.092 11.1518 0
7.63926 95.4292 0
43.7063 4.30102 0
49.1488 95.6994 0
177.892 4.30172 0
145.424 4.30085 1
140.794 4.30097 1
150.053 4.30084 1
154.687 4.30084 1
159.334 4.30087 1
136.15 4.30108 1
131.45 4.30111 1
182.537 4.30488 0
164.025 4.30084 0
94.6097 4.30139 0
30.5841 95.6991 0
76.5392 4.30104 0
30.1689 4.30082 0
150.343 95.6989 0
86.2855 4.30091 0
187.535 95.6487 0
62.659 4.30133 0
168.99 4.30064 0
187.503 4.32685 0
58.5691 37.5941 0
196.462 94.0965 0
169.077 95.6991 0
16.2658 4.33443 0
99.6678 4.30089 0
25.5851 95.6985 0
48.7364 4.30094 0
112.443 52.5281 1
35.6279 95.6993 0
77.2523 95.6973 0
