192.428 95.3724 4
62.8827 95.6993 4
2.90495 3.06934 0
155.642 95.6991 0
113.988 95.6993 0
30.6749 95.6992 4
53.7607 95.6993 4
94.8512 95.6991 0
146.688 4.30073 0
168.948 95.6992 0
141.313 95.6989 0
95.9266 4.30086 4
40.1991 95.6989 4
3.52205 94.1146 0
99.6577 95.6991 0
127.492 95.6992 0
72.603 4.30066 4
86.6866 4.30083 4
173.662 95.6988 4
44.9478 95.6993 4
85.7009 95.6986 0
44.3135 4.3012 4
183.717 4.31084 0
7.00559 4.392 0
196.503 5.90772 4
67.5984 95.6993 4
113.99 4.3012 4
49.1884 4.30113 4
174.11 4.3016 0
104.284 48.6612 4
72.2417 95.6987 4
100.142 4.30075 4
150.988 4.30067 0
146.253 95.699 0
118.564 4.30076 0
63.0104 4.30134 4
7.57586 95.4657 0
109.391 4.30105 4
11.998 4.31782 0
2.85028 20.2772 0
197.15 29.4227 4
187.98 95.6421 4
21.4575 4.30149 4
104.757 4.30092 4
197.092 88.8555 4
132.434 95.6992 0
2.87094 11.1753 0
77.009 4.30063 4
26.1339 4.30113 4
155.614 4.30068 0
2.85289 15.7031 0
2.85 24.8553 0
197.147 24.8448 4
197.15 34.0008 4
16.7496 4.30471 4
53.7521 4.30085 4
197.144 84.2943 4
2.84997 29.4234 0
2.84997 33.9955 0
2.84997 38.5682 0
2.84997 43.1409 0
2.84997 47.7136 0
2.84997 52.2864 0
2.84997 56.8591 0
2.84997 61.4318 0
2.84997 66.0045 0
2.84997 70.5773 0
2.85003 75.15 0
197.149 20.2767 4
197.15 38.5688 4
197.15 43.141 4
197.15 47.7137 4
197.15 52.2864 4
197.15 56.8591 4
197.15 61.4318 4
197.15 66.0045 4
197.15 70.5773 4
197.15 75.15 4
197.149 79.7226 4
2.85056 79.7226 0
30.781 4.30116 4
2.8558 84.2939 0
197.144 15.7053 4
25.9872 95.699 4
123.151 4.30059 0
160.245 4.30073 0
197.093 11.1402 4
2.90754 88.8515 0
164.851 4.30088 0
132.43 4.30103 0
127.79 4.30066 0
95.3683 48.6665 4
35.3526 4.30106 4
76.7963 95.699 4
169.466 4.30146 0
123.127 95.6995 0
58.343 4.30125 4
188.008 4.35653 4
12.0209 95.6563 4
137.06 4.30122 0
91.0987 48.1164 4
113.61 65.6882 0
91.2308 4.30083 4
117.367 56.9553 0
91.1926 52.7187 4
86.6964 52.5927 4
95.9188 44.0349 4
178.979 95.6964 4
179.013 4.30274 0
196.48 94.0987 4
81.9552 4.30082 4
109.524 64.5468 0
110.682 58.8235 0
151.297 95.6994 0
160.438 95.699 0
113.931 61.4701 0
165.095 95.699 0
142.016 4.30115 0
99.6815 69.9016 0
137.359 95.6992 0
67.9328 4.30128 4
86.6977 61.3224 4
20.9184 95.6971 4
104.964 95.6993 0
39.7055 4.30123 4
91.1557 65.8319 4
168.238 74.8945 0
81.0182 95.6991 4
109.766 95.6993 0
164.188 66.6053 0
26.495 52.263 0
98.5129 53.9779 4
113.518 48.0939 0
108.574 69.6678 0
183.749 95.6882 4
58.3415 95.6994 4
16.1949 95.6904 4
99.9029 43.8285 4
160.394 74.7271 0
35.2672 95.6989 4
117.877 60.9528 0
108.238 54.2358 0
90.5699 95.6991 0
3.08152 6.37974 0
49.2644 95.6992 4
118.534 95.6993 0
104.519 43.9395 4
117.834 52.9187 0
160.695 67.0269 0
113.569 57.2109 0
100.266 65.5662 0
102.821 53.9196 0
168.447 71.3188 0
95.9829 70.2035 0
192.486 4.61964 4
159.848 70.8173 0
108.639 43.6025 0
91.3456 61.9585 4
98.9532 48.2588 4
87.2315 57.0069 4
95.7395 65.5571 0
113.39 52.5959 0
164.349 75.2202 0
104.172 69.9207 0
109.142 48.1813 0
95.7603 55.4369 4
102.053 59.3065 0
97.5632 59.656 0
107.164 59.2514 0
104.677 65.1701 0
163.895 71.2688 0
5.7 8.6 0
5.7 13.2 0
10.3 8.6 0
10.3 13.2 0
5.7 17.8 0
10.3 17.8 0
5.7 22.4 0
10.3 22.4 0
5.7 27 0
10.3 27 0
5.7 31.6 0
10.3 31.6 0
5.7 36.2 0
10.3 36.2 0
5.7 40.8 0
10.3 40.8 0
5.7 45.4 0
10.3 45.4 0
5.7 50 0
10.3 50 0
5.7 54.6 0
10.3 54.6 0
5.7 59.2 0
10.3 59.2 0
5.7 63.8 0
10.3 63.8 0
5.7 68.4 0
10.3 68.4 0
5.7 73 0
10.3 73 0
5.7 77.6 0
10.3 77.6 0
5.7 82.2 0
10.3 82.2 0
5.7 86.8 0
10.3 86.8 0
5.7 91.4 0
10.3 91.4 0
14.9 8.6 0
14.9 13.2 0
14.9 17.8 0
14.9 22.4 0
14.9 27 0
14.9 31.6 0
14.9 36.2 0
14.9 40.8 0
14.9 45.4 0
14.9 50 0
14.9 54.6 0
14.9 59.2 0
14.9 63.8 0
14.9 68.4 0
14.9 73 0
14.9 77.6 0
14.9 82.2 0
14.9 86.8 0
14.9 91.4 0
19.5 8.6 0
19.5 13.2 0
19.5 17.8 0
19.5 22.4 0
19.5 27 0
19.5 31.6 0
19.5 36.2 0
19.5 40.8 0
19.5 45.4 0
19.5 50 0
19.5 54.6 0
19.5 59.2 0
19.5 63.8 0
19.5 68.4 0
19.5 73 0
19.5 77.6 0
19.5 82.2 0
19.5 86.8 0
19.5 91.4 0
24.1 8.6 4
24.1 13.2 4
24.1 17.8 0
24.1 22.4 0
24.1 27 0
24.1 31.6 0
24.1 36.2 0
24.1 40.8 0
24.1 45.4 0
24.1 50 0
24.1 54.6 0
24.1 59.2 0
24.1 63.8 0
24.1 68.4 0
24.1 73 0
24.1 77.6 0
24.1 82.2 0
24.1 86.8 0
24.1 91.4 0
28.7 8.6 4
28.7 13.2 4
28.7 17.8 4
28.7 22.4 0
28.7 27 0
28.7 31.6 0
28.7 36.2 0
28.7 40.8 0
28.7 45.4 0
28.7 50 0
28.7 54.6 0
28.7 59.2 0
28.7 63.8 0
28.7 68.4 0
28.7 73 0
28.7 77.6 0
28.7 82.2 0
28.7 86.8 0
28.7 91.4 4
33.3 8.6 4
33.3 13.2 4
33.3 17.8 4
33.3 22.4 4
33.3 27 4
33.3 31.6 0
33.3 36.2 0
33.3 40.8 0
33.3 45.4 0
33.3 50 0
33.3 54.6 0
33.3 59.2 0
33.3 63.8 0
33.3 68.4 0
33.3 73 0
33.3 77.6 0
33.3 82.2 0
33.3 86.8 4
33.3 91.4 4
37.9 8.6 4
37.9 13.2 4
37.9 17.8 4
37.9 22.4 4
37.9 27 4
37.9 31.6 4
37.9 36.2 4
37.9 40.8 4
37.9 45.4 4
37.9 50 4
37.9 54.6 4
37.9 59.2 4
37.9 63.8 0
37.9 68.4 0
37.9 73 4
37.9 77.6 0
37.9 82.2 4
37.9 86.8 4
37.9 91.4 4
42.5 8.6 4
42.5 13.2 4
42.5 17.8 4
42.5 22.4 4
42.5 27 4
42.5 31.6 4
42.5 36.2 4
42.5 40.8 4
42.5 45.4 4
42.5 50 4
42.5 54.6 4
42.5 59.2 4
42.5 63.8 4
42.5 68.4 4
42.5 73 4
42.5 77.6 4
42.5 82.2 4
42.5 86.8 4
42.5 91.4 4
47.1 8.6 4
47.1 13.2 4
47.1 17.8 4
47.1 22.4 4
47.1 27 4
47.1 31.6 4
47.1 36.2 4
47.1 40.8 4
47.1 45.4 4
47.1 50 4
47.1 54.6 4
47.1 59.2 4
47.1 63.8 4
47.1 68.4 4
47.1 73 4
47.1 77.6 4
47.1 82.2 4
47.1 86.8 4
47.1 91.4 4
51.7 8.6 4
51.7 13.2 4
51.7 17.8 4
51.7 22.4 4
51.7 27 4
51.7 31.6 4
51.7 36.2 4
51.7 40.8 4
51.7 45.4 4
51.7 50 4
51.7 54.6 4
51.7 59.2 4
51.7 63.8 4
51.7 68.4 4
51.7 73 4
51.7 77.6 4
51.7 82.2 4
51.7 86.8 4
51.7 91.4 4
56.3 8.6 4
56.3 13.2 4
56.3 17.8 4
56.3 22.4 4
56.3 27 4
56.3 31.6 4
56.3 36.2 4
56.3 40.8 4
56.3 45.4 4
56.3 50 4
56.3 54.6 4
56.3 59.2 4
56.3 63.8 4
56.3 68.4 4
56.3 73 4
56.3 77.6 4
56.3 82.2 4
56.3 86.8 4
56.3 91.4 4
60.9 8.6 4
60.9 13.2 4
60.9 17.8 4
60.9 22.4 4
60.9 27 4
60.9 31.6 4
60.9 36.2 4
60.9 40.8 4
60.9 45.4 4
60.9 50 4
60.9 54.6 4
60.9 59.2 4
60.9 63.8 4
60.9 68.4 4
60.9 73 4
60.9 77.6 4
60.9 82.2 4
60.9 86.8 4
60.9 91.4 4
65.5 8.6 4
65.5 13.2 4
65.5 17.8 4
65.5 22.4 4
65.5 27 4
65.5 31.6 4
65.5 36.2 4
65.5 40.8 4
65.5 45.4 4
65.5 50 4
65.5 54.6 4
65.5 59.2 4
65.5 63.8 4
65.5 68.4 4
65.5 73 4
65.5 77.6 4
65.5 82.2 4
65.5 86.8 4
65.5 91.4 4
70.1 8.6 4
70.1 13.2 4
70.1 17.8 4
70.1 22.4 4
70.1 27 4
70.1 31.6 4
70.1 36.2 4
70.1 40.8 4
70.1 45.4 4
70.1 50 4
70.1 54.6 4
70.1 59.2 4
70.1 63.8 4
70.1 68.4 4
70.1 73 4
70.1 77.6 4
70.1 82.2 4
70.1 86.8 4
70.1 91.4 4
74.7 8.6 4
74.7 13.2 4
74.7 17.8 4
74.7 22.4 4
74.7 27 4
74.7 31.6 4
74.7 36.2 4
74.7 40.8 4
74.7 45.4 4
74.7 50 4
74.7 54.6 4
74.7 59.2 4
74.7 63.8 4
74.7 68.4 4
74.7 73 4
74.7 77.6 4
74.7 82.2 4
74.7 86.8 4
74.7 91.4 4
79.3 8.6 4
79.3 13.2 4
79.3 17.8 4
79.3 22.4 4
79.3 27 4
79.3 31.6 4
79.3 36.2 4
79.3 40.8 4
79.3 45.4 4
79.3 50 4
79.3 54.6 4
79.3 59.2 4
79.3 63.8 4
79.3 68.4 4
79.3 73 4
79.3 77.6 4
79.3 82.2 4
79.3 86.8 4
79.3 91.4 4
83.9 8.6 4
83.9 13.2 4
83.9 17.8 4
83.9 22.4 4
83.9 27 4
83.9 31.6 4
83.9 36.2 4
83.9 40.8 4
83.9 45.4 4
83.9 50 4
83.9 54.6 4
83.9 59.2 4
83.9 63.8 4
83.9 68.4 4
83.9 73 4
83.9 77.6 4
83.9 82.2 0
83.9 86.8 0
83.9 91.4 0
88.5 8.6 4
88.5 13.2 4
88.5 17.8 4
88.5 22.4 4
88.5 27 4
88.5 31.6 4
88.5 36.2 4
88.5 40.8 4
88.5 45.4 4
88.5 50 4
88.5 63.8 4
88.5 68.4 4
88.5 73 0
88.5 77.6 0
88.5 82.2 0
88.5 86.8 0
88.5 91.4 0
93.1 8.6 4
93.1 13.2 4
93.1 17.8 4
93.1 22.4 4
93.1 27 4
93.1 31.6 4
93.1 36.2 4
93.1 40.8 4
93.1 45.4 4
93.1 68.4 0
93.1 73 0
93.1 77.6 0
93.1 82.2 0
93.1 86.8 0
93.1 91.4 0
97.7 8.6 4
97.7 13.2 4
97.7 17.8 4
97.7 22.4 4
97.7 27 4
97.7 31.6 4
97.7 36.2 4
97.7 40.8 4
97.7 73 0
97.7 77.6 0
97.7 82.2 0
97.7 86.8 0
97.7 91.4 0
102.3 8.6 4
102.3 13.2 4
102.3 17.8 4
102.3 22.4 4
102.3 27 4
102.3 31.6 4
102.3 36.2 4
102.3 40.8 4
102.3 73 0
102.3 77.6 0
102.3 82.2 0
102.3 86.8 0
102.3 91.4 0
106.9 8.6 4
106.9 13.2 4
106.9 17.8 4
106.9 22.4 4
106.9 27 4
106.9 31.6 4
106.9 36.2 4
106.9 40.8 4
106.9 73 0
106.9 77.6 0
106.9 82.2 0
106.9 86.8 0
106.9 91.4 0
111.5 8.6 4
111.5 13.2 4
111.5 17.8 4
111.5 22.4 4
111.5 27 4
111.5 31.6 4
111.5 36.2 0
111.5 40.8 0
111.5 73 0
111.5 77.6 0
111.5 82.2 0
111.5 86.8 0
111.5 91.4 0
116.1 8.6 4
116.1 13.2 4
116.1 17.8 4
116.1 22.4 0
116.1 27 0
116.1 31.6 0
116.1 36.2 0
116.1 40.8 0
111.5 45.4 0
116.1 45.4 0
111.5 68.4 0
116.1 68.4 0
116.1 73 0
116.1 77.6 0
116.1 82.2 0
116.1 86.8 0
116.1 91.4 0
120.7 8.6 0
120.7 13.2 0
120.7 17.8 0
120.7 22.4 0
120.7 27 0
120.7 31.6 0
120.7 36.2 0
120.7 40.8 0
120.7 45.4 0
116.1 50 0
120.7 50 0
116.1 63.8 0
120.7 63.8 0
120.7 68.4 0
120.7 73 0
120.7 77.6 0
120.7 82.2 0
120.7 86.8 0
120.7 91.4 0
125.3 8.6 0
125.3 13.2 0
125.3 17.8 0
125.3 22.4 0
125.3 27 0
125.3 31.6 0
125.3 36.2 0
125.3 40.8 0
125.3 45.4 0
125.3 50 0
120.7 54.6 0
125.3 54.6 0
120.7 59.2 0
125.3 59.2 0
125.3 63.8 0
125.3 68.4 0
125.3 73 0
125.3 77.6 0
125.3 82.2 0
125.3 86.8 0
125.3 91.4 0
129.9 8.6 0
129.9 13.2 0
129.9 17.8 0
129.9 22.4 0
129.9 27 0
129.9 31.6 0
129.9 36.2 0
129.9 40.8 0
129.9 45.4 0
129.9 50 0
129.9 54.6 0
129.9 59.2 0
129.9 63.8 0
129.9 68.4 0
129.9 73 0
129.9 77.6 0
129.9 82.2 0
129.9 86.8 0
129.9 91.4 0
134.5 8.6 0
134.5 13.2 0
134.5 17.8 0
134.5 22.4 0
134.5 27 0
134.5 31.6 0
134.5 36.2 0
134.5 40.8 0
134.5 45.4 0
134.5 50 0
134.5 54.6 0
134.5 59.2 0
134.5 63.8 0
134.5 68.4 0
134.5 73 0
134.5 77.6 0
134.5 82.2 0
134.5 86.8 0
134.5 91.4 0
139.1 8.6 0
139.1 13.2 0
139.1 17.8 0
139.1 22.4 0
139.1 27 0
139.1 31.6 0
139.1 36.2 0
139.1 40.8 0
139.1 45.4 0
139.1 50 0
139.1 54.6 0
139.1 59.2 0
139.1 63.8 0
139.1 68.4 0
139.1 73 0
139.1 77.6 0
139.1 82.2 0
139.1 86.8 0
139.1 91.4 0
143.7 8.6 0
143.7 13.2 0
143.7 17.8 0
143.7 22.4 0
143.7 27 0
143.7 31.6 0
143.7 36.2 0
143.7 40.8 0
143.7 45.4 0
143.7 50 0
143.7 54.6 0
143.7 59.2 0
143.7 63.8 0
143.7 68.4 0
143.7 73 0
143.7 77.6 0
143.7 82.2 0
143.7 86.8 0
143.7 91.4 0
148.3 8.6 0
148.3 13.2 0
148.3 17.8 0
148.3 22.4 0
148.3 27 0
148.3 31.6 0
148.3 36.2 0
148.3 40.8 0
148.3 45.4 0
148.3 50 0
148.3 54.6 0
148.3 59.2 0
148.3 63.8 0
148.3 68.4 0
148.3 73 0
148.3 77.6 0
148.3 82.2 0
148.3 86.8 0
148.3 91.4 0
152.9 8.6 0
152.9 13.2 0
152.9 17.8 0
152.9 22.4 0
152.9 27 0
152.9 31.6 0
152.9 36.2 0
152.9 40.8 0
152.9 45.4 0
152.9 50 0
152.9 54.6 0
152.9 59.2 0
152.9 63.8 0
152.9 68.4 0
152.9 73 0
152.9 77.6 0
152.9 82.2 0
152.9 86.8 0
152.9 91.4 0
157.5 8.6 0
157.5 13.2 0
157.5 17.8 0
157.5 22.4 0
157.5 27 0
157.5 31.6 0
157.5 36.2 0
157.5 40.8 0
157.5 45.4 0
157.5 50 0
157.5 54.6 0
157.5 59.2 0
157.5 63.8 0
157.5 68.4 0
157.5 73 0
157.5 77.6 0
157.5 82.2 0
157.5 86.8 0
157.5 91.4 0
162.1 8.6 0
162.1 13.2 0
162.1 17.8 0
162.1 22.4 0
162.1 27 0
162.1 31.6 0
162.1 36.2 0
162.1 40.8 0
162.1 45.4 0
162.1 50 0
162.1 54.6 0
162.1 59.2 0
162.1 63.8 0
162.1 77.6 0
162.1 82.2 0
162.1 86.8 0
162.1 91.4 0
166.7 8.6 0
166.7 13.2 0
166.7 17.8 0
166.7 22.4 0
166.7 27 0
166.7 31.6 0
166.7 36.2 0
166.7 40.8 0
166.7 45.4 0
166.7 50 0
166.7 54.6 0
166.7 59.2 0
166.7 63.8 0
166.7 77.6 0
166.7 82.2 0
166.7 86.8 0
166.7 91.4 0
171.3 8.6 0
171.3 13.2 0
171.3 17.8 0
171.3 22.4 0
171.3 27 0
171.3 31.6 0
171.3 36.2 0
171.3 40.8 0
171.3 45.4 0
171.3 50 0
171.3 54.6 0
171.3 59.2 0
171.3 63.8 0
166.7 68.4 0
171.3 68.4 0
171.3 77.6 0
171.3 82.2 0
171.3 86.8 0
171.3 91.4 0
175.9 8.6 0
175.9 13.2 0
175.9 17.8 0
175.9 22.4 0
175.9 27 0
175.9 31.6 0
175.9 36.2 0
175.9 40.8 0
175.9 45.4 0
175.9 50 0
175.9 54.6 0
175.9 59.2 0
175.9 63.8 0
175.9 68.4 0
171.3 73 0
175.9 73 0
175.9 77.6 0
175.9 82.2 0
175.9 86.8 0
175.9 91.4 0
180.5 8.6 0
180.5 13.2 0
180.5 17.8 0
180.5 22.4 0
180.5 27 0
180.5 31.6 0
180.5 36.2 0
180.5 40.8 0
180.5 45.4 0
180.5 50 0
180.5 54.6 0
180.5 59.2 0
180.5 63.8 0
180.5 68.4 0
180.5 73 0
180.5 77.6 0
180.5 82.2 0
180.5 86.8 4
180.5 91.4 4
185.1 8.6 0
185.1 13.2 0
185.1 17.8 0
185.1 22.4 0
185.1 27 0
185.1 31.6 0
185.1 36.2 0
185.1 40.8 0
185.1 45.4 0
185.1 50 0
185.1 54.6 0
185.1 59.2 0
185.1 63.8 0
185.1 68.4 4
185.1 73 0
185.1 77.6 4
185.1 82.2 4
185.1 86.8 4
185.1 91.4 4
189.7 8.6 4
189.7 13.2 4
189.7 17.8 4
189.7 22.4 4
189.7 27 4
189.7 31.6 4
189.7 36.2 4
189.7 40.8 4
189.7 45.4 4
189.7 50 4
189.7 54.6 4
189.7 59.2 4
189.7 63.8 4
189.7 68.4 4
189.7 73 4
189.7 77.6 4
189.7 82.2 4
189.7 86.8 4
189.7 91.4 4
194.3 8.6 4
194.3 13.2 4
194.3 17.8 4
194.3 22.4 4
194.3 27 4
194.3 31.6 4
194.3 36.2 4
194.3 40.8 4
194.3 45.4 4
194.3 50 4
194.3 54.6 4
194.3 59.2 4
194.3 63.8 4
194.3 68.4 4
194.3 73 4
194.3 77.6 4
194.3 82.2 4
194.3 86.8 4
194.3 91.4 4
0 100 4
0 95.4545 0
0 90.9091 0
0 86.3636 0
0 81.8182 0
0 77.2727 0
0 72.7273 0
0 68.1818 0
0 63.6364 0
0 59.0909 0
0 54.5455 0
0 50 0
0 45.4545 0
0 40.9091 0
0 36.3636 0
0 31.8182 0
0 27.2727 0
0 22.7273 0
0 18.1818 0
0 13.6364 0
0 9.09091 0
0 4.54545 0
0 0 0
200 100 4
195.349 100 4
190.698 100 4
186.047 100 4
181.395 100 4
176.744 100 4
172.093 100 4
167.442 100 0
162.791 100 0
158.14 100 0
153.488 100 0
148.837 100 0
144.186 100 0
139.535 100 0
134.884 100 0
130.233 100 0
125.581 100 0
120.93 100 0
116.279 100 0
111.628 100 0
106.977 100 0
102.326 100 0
97.6744 100 0
93.0233 100 0
88.3721 100 0
83.7209 100 0
79.0698 100 4
74.4186 100 4
69.7674 100 4
65.1163 100 4
60.4651 100 4
55.814 100 4
51.1628 100 4
46.5116 100 4
41.8605 100 4
37.2093 100 4
32.5581 100 4
27.907 100 4
23.2558 100 4
18.6047 100 4
13.9535 100 4
9.30233 100 4
4.65116 100 4
200 0 4
200 4.54545 4
200 9.09091 4
200 13.6364 4
200 18.1818 4
200 22.7273 4
200 27.2727 4
200 31.8182 4
200 36.3636 4
200 40.9091 4
200 45.4545 4
200 50 4
200 54.5455 4
200 59.0909 4
200 63.6364 4
200 68.1818 4
200 72.7273 4
200 77.2727 4
200 81.8182 4
200 86.3636 4
200 90.9091 4
200 95.4545 4
4.65116 0 0
9.30233 0 0
13.9535 0 4
18.6047 0 4
23.2558 0 4
27.907 0 4
32.5581 0 4
37.2093 0 4
41.8605 0 4
46.5116 0 4
51.1628 0 4
55.814 0 4
60.4651 0 4
65.1163 0 4
69.7674 0 4
74.4186 0 4
79.0698 0 4
83.7209 0 4
88.3721 0 4
93.0233 0 4
97.6744 0 4
102.326 0 4
106.977 0 4
111.628 0 4
116.279 0 0
120.93 0 0
125.581 0 0
130.233 0 0
134.884 0 0
139.535 0 0
144.186 0 0
148.837 0 0
153.488 0 0
158.14 0 0
162.791 0 0
167.442 0 0
172.093 0 0
176.744 0 0
181.395 0 0
186.047 0 4
190.698 0 4
195.349 0 4
92.0918 57.2419 4
