38.1 34.7 1
10.9 33.5 1
49.5 11.1 1
45.9 11.4 1
40.1 32.6 1
8.58 36.4 1
52 26.3 1
44.4 14.7 1
2 18 1
1.68 20.6 1
31.9 27.3 1
21.7 27.7 1
50.6 8.75 1
30 30.6 1
26 24.2 1
5.03 35.3 1
33.6 8.05 1
24.4 34.2 1
26.8 16.6 1
5.83 2.65 1
26.3 37 1
29.8 24.1 1
30.9 20 1
44.4 1.33 1
21.4 43.6 1
55.8 42.8 1
44 8 1
33.7 43.3 1
56 2.35 1
17.1 1.5 1
18.3 1.5 1
26.3 1.43 1
54.1 43.7 1
54.3 1.4 1
27.2 43.6 1
17.2 43.6 1
18.5 43.6 1
58.7 21 1
57.2 19.8 1
44.4 43.7 1
57.9 44.1 1
57.9 0.95 1
52.5 43.7 1
52.7 1.4 1
42.8 43.7 1
42.7 1.33 1
58.7 22.6 1
58.6 17.7 1
10.9 1.3 1
12.6 1.3 1
41.4 35.2 1
44 34.5 1
32.3 34.1 1
58.7 25.9 1
9.58 40.4 1
58.7 27.2 1
5.93 17.4 1
14.2 34.1 1
9.83 30.2 1
1.33 3.2 1
52.1 20.3 1
20.3 26.6 1
20.6 34.6 1
32.7 1.53 1
48.6 1.4 1
20 28.8 1
38.6 39.9 1
40.7 40.3 1
44.2 55.6 0
15.4 68.5 1
28.5 76.8 0
7.1 59.1 1
2.25 78.9 1
17.6 63.2 1
5.53 61.6 1
29.2 74.3 0
36.9 78.4 0
17.1 70.5 1
23 55 1
40.3 55 1
22.5 78.4 0
30.1 64.6 0
0.975 95.1 1
40.5 74.3 0
41.6 76.4 0
26.3 64.1 0
1.1 90.4 1
14.5 91.4 0
45.5 58.5 0
25.4 53 1
27.1 55.2 1
38.5 57.2 0
34.2 55.2 1
25 69.3 0
32.1 56.8 1
28.5 47.4 1
25.9 49.5 1
1.78 69.9 1
25 82.3 0
39.1 95.6 0
45.4 48.7 1
47.3 47.2 1
31.6 47.4 1
10.9 98.4 0
37.8 62.8 0
34.9 73 0
1.88 54.8 1
51.3 90.2 0
19.2 48.3 1
30.9 91.3 0
58.2 51.7 0
51.1 55 0
58.4 93.5 0
24.6 90.8 0
24.2 61.1 1
49.4 92.1 0
43.5 90.8 0
15.7 84.1 0
45.1 92.6 0
56.3 97.6 0
54.5 98.6 0
44.3 46.5 1
45.3 98.8 0
58.6 86.9 0
58.6 57.1 0
26.9 98.6 0
52.9 98.6 0
42.6 46.5 1
59.1 47.5 0
57.7 74.8 0
59.1 46.3 0
47 98.8 0
22.2 46.5 1
58.8 72.9 0
58.9 77.4 0
52.7 46.2 1
16.9 98.8 0
18.1 98.8 0
8.4 46.5 1
58.8 82.1 0
22.5 82.7 0
37 74.7 0
34 50 1
5.85 78.1 1
7.05 80.4 1
10.9 86.4 0
52.5 68.2 0
8.95 74.7 1
11.1 75.8 1
2.78 97 1
55.3 68.8 0
0.575 82.8 1
8.1 95.9 0
39.9 47.8 1
39.2 49.8 1
30.9 68.5 0
20.1 63.7 1
12.4 83.7 0
57.3 48.1 0
57.9 99 0
8.43 70.8 1
35.5 46.3 1
35.7 48.3 1
7.45 89 0
18.6 56.2 1
20 54.5 1
58.6 62 0
39.2 91.3 0
44.2 86.9 0
80.2 14.5 1
61.3 27.8 1
61.3 29.1 1
74.3 16.9 1
75.6 10.9 1
75.6 4 1
73.2 14.5 1
75 35.5 0
70.6 6.88 1
74.1 7.65 1
68.3 28.9 1
77.1 16.8 1
70.2 4.15 1
70.6 26.4 1
72.6 20.5 1
81 8.43 1
81.3 36.1 0
86 2.28 1
86.1 42.7 0
73.4 43.6 0
84.3 1.33 1
61.3 20.8 1
87.8 19.3 0
87.9 0.95 1
84.4 43.6 0
61.3 22.4 1
87.9 44.1 0
82.7 1.33 1
82.8 43.6 0
88.9 17.6 0
88.9 22.2 0
88.7 28.1 0
88.7 26.8 0
61.7 44.1 0
61.7 0.95 1
83.3 18.4 0
78.6 32.7 0
78.2 29.9 0
66.6 26.8 1
64.4 42.3 0
61.3 16.7 1
78 38.4 0
66.9 43.2 0
78.9 1.33 1
68.9 24.3 1
76.8 43.6 0
75.7 81.3 0
84.7 58.4 0
71.4 90.6 0
85.1 63 0
69.1 60.9 0
69 88.5 0
79.3 75.6 0
68.9 78 0
67.6 80.9 0
77.8 63.7 0
79.4 69.2 0
73.7 98.3 0
74.8 70.8 0
88.5 93.5 1
77.6 46.8 0
74.3 74.6 0
88.1 51.7 0
86.3 97.6 1
66.8 46.5 0
88.5 77.4 0
61.4 86.4 0
61.5 63.8 0
67.2 74.5 0
86 47.5 0
88.5 86.3 1
84.6 98.6 1
61.3 75.9 0
84.3 46.3 0
83 98.6 1
61.3 77.5 0
82.6 46.3 0
61 47.5 0
89.1 47.5 0
61 46.3 0
89.1 46.3 0
88.7 72.8 0
61.7 99 0
78.4 56.8 0
72.1 52.8 0
79.7 78 0
61.7 57 0
88.6 64.2 0
70.2 47.7 0
87.9 99 1
73.8 55.3 0
72 49.5 0
87.2 74.7 0
88.5 75.8 0
126 20.2 0
166 33 0
156 40.4 0
169 35.2 0
196 10.2 0
189 10.8 0
152 21.5 0
187 12.3 0
170 40.3 0
124 43.4 0
172 33.8 0
163 34.7 0
189 28.9 0
149 21 0
111 40.6 0
153 19.2 0
189 26.5 0
123 43.4 0
166 19.3 0
137 37.3 0
139 41.1 0
166 29.1 0
104 35.3 0
106 33.4 0
196 7.5 0
119 35.4 0
136 35.4 0
198 21.4 0
140 36.9 0
146 17.7 0
141 14 0
160 31.8 0
100 35.7 0
106 19.5 0
134 18.1 0
135 15.6 0
165 15.6 0
121 33.7 0
124 15.4 0
129 30.3 0
188 18.5 0
197 19 0
157 8.43 0
98.6 33.8 0
98.5 29 0
127 34.1 0
137 4.53 0
179 6.38 0
191 20 0
102 18.8 0
184 20.6 0
96.5 27.2 0
194 16.9 0
170 7.65 0
130 34.3 0
171 9.6 0
176 36.7 0
157 19.2 0
99.9 15.1 0
116 16.1 0
175 10.8 0
194 30.3 0
164 43.4 0
151 34.9 0
168 9.03 0
186 25.7 0
169 11 0
138 20.3 0
192 24.2 0
114 15.7 0
182 27.7 0
155 28.5 0
135 25.4 0
165 43.4 0
169 14.2 0
178 9.68 0
191 7.18 0
176 16 0
138 24.1 0
158 16.5 0
131 30.5 0
174 14.7 0
106 40.6 0
180 15.4 0
97.6 43.3 0
156 1.45 0
98.7 24.4 0
186 30.5 0
141 25.5 0
151 14.8 0
98.2 21.3 0
171 15.8 0
107 42 0
181 13.2 0
130 2.98 0
167 43.4 0
93.4 2.5 1
164 8.03 0
117 43.3 0
128 43.4 0
97.8 1.55 1
198 1.48 0
191 1.08 0
173 1.6 0
131 1.35 0
128 1.63 0
154 1.45 0
91.2 21 0
195 1.08 0
166 1.3 0
91.8 0.95 1
167 1.3 0
122 1.35 0
194 1.08 0
91.2 22.7 0
123 1.35 0
123 39.3 0
107 10.7 0
109 8.8 0
120 39.2 0
144 18.8 0
113 23.4 0
123 21.7 0
121 19 0
102 3.15 1
150 39.8 0
199 40.2 0
154 42.4 0
111 35.3 0
137 7.58 0
102 11.2 0
101 26.7 0
135 29.4 0
137 30.6 0
178 1.28 0
157 34.7 0
161 28.6 0
109 16 0
91.2 25.9 0
115 12.3 0
118 12.7 0
183 3.93 0
183 6.28 0
94.3 35.3 0
91.6 16.6 0
144 7.98 0
124 35.3 0
113 43.3 0
153 26.2 0
158 43 0
196 2.55 0
149 28.5 0
136 41.4 0
183 40.8 0
147 3.63 0
131 36 0
184 28 0
162 11 0
131 43.5 0
198 35.5 0
141 3.8 0
91.2 27.2 0
140 28.8 0
141 9.75 0
97.4 50.1 0
117 58.2 0
162 67.1 0
119 54.8 0
195 98.9 0
172 61.5 0
100 91.5 1
94.5 49.9 0
102 89.8 1
102 87.2 1
180 49.8 0
199 49.8 0
188 70 0
110 52.5 0
127 69.3 0
174 95.5 0
110 49.7 0
107 47.3 0
162 89.8 0
155 75.5 0
156 88.8 0
131 71.2 0
130 60.1 0
144 83.7 0
101 95.5 1
160 91 0
99.7 77.9 0
189 88.5 0
146 81.6 0
157 72.3 0
128 71.4 0
172 98.3 0
176 65.2 0
194 65.6 0
198 54.2 0
139 55.8 0
195 97 0
193 59.2 0
189 58.7 0
170 70.8 0
161 60.6 0
157 84.3 0
166 70.3 0
151 75.4 0
148 62.5 0
121 74.4 0
192 52.4 0
133 67.5 0
189 78 0
154 70 0
135 75.7 0
200 68.9 4
101 71.5 0
194 55 0
143 62.5 0
132 75.1 0
147 73.9 0
163 80.2 0
107 89.4 0
115 86.4 0
119 76.2 0
155 96.8 1
196 69.5 0
146 60.7 0
191 81.9 0
108 74.1 0
138 49.5 0
184 83.9 0
188 63.1 0
151 56 0
156 78.8 0
169 52.3 0
165 62.9 0
186 54.3 0
167 85.1 0
106 85.8 0
183 80 0
170 54.1 0
166 92.2 0
120 68.4 0
190 66.8 0
106 52.1 0
142 64.8 0
101 64 0
169 56.1 0
182 85.6 0
159 64.1 0
137 54 0
195 61.4 0
150 80.4 0
169 89.2 0
106 97 0
117 46.9 0
104 60.6 0
105 49.3 0
157 98.3 1
179 59.9 0
182 55.7 0
174 53.3 0
180 63.4 0
138 64.4 0
153 53.1 0
93.6 97.5 1
161 84 0
180 91.3 0
143 54 0
105 71 0
194 74.5 0
104 64.3 0
178 98.2 0
105 80 0
182 64.6 0
196 98.9 0
91.8 93.5 1
145 46.4 0
140 70.5 0
188 84.2 0
183 68.9 0
91.8 87.2 1
142 88.9 0
140 89.8 0
164 48 0
137 86.9 0
101 54.5 0
155 46.4 0
162 46.7 0
92.2 46.9 0
164 98.6 1
91.4 75.7 0
91.6 72.8 0
157 46.4 0
122 98.6 0
145 98.6 1
165 46.3 0
92.2 45.6 0
123 98.6 0
91.8 99 1
167 46.3 0
163 98.6 1
198 98.9 0
91.4 77.4 0
91.4 67.4 0
123 46.5 0
122 46.5 0
126 59 0
137 82.2 0
134 80.5 0
165 79.8 0
118 61.1 0
173 90.3 0
174 88.2 0
155 82.2 0
110 91.4 0
185 49.5 0
199 90.4 0
167 54.3 0
98.4 57.4 0
110 67 0
118 85.8 0
142 77 0
118 98 0
120 52.8 0
100 60.3 0
116 96.4 0
146 69.5 0
144 68.8 0
178 81.7 0
99.6 75.1 0
180 52.7 0
149 66.3 0
194 84 0
193 87.9 0
191 89.8 0
164 86.3 0
91.4 64.1 0
178 71.6 0
148 56.5 0
147 54.2 0
153 59.1 0
120 96.2 0
120 93.6 0
117 93.3 0
131 98.3 0
91.5 57.9 0
130 51.6 0
131 49.1 0
127 51.6 0
107 82.7 0
195 47.2 0
182 47.6 0
97.8 97.8 1
98.8 46.5 0
184 62.6 0
179 84.9 0
171 82.1 0
129 98.3 0
130 89.1 0
132 89.8 0
122 54.4 0
128 49.1 0
127 46.5 0
107 66.4 0
124 61.9 0
44.6 25 1
45.7 3.95 1
47 41.6 1
18.2 31.5 1
43.7 18.8 1
31.1 37.1 1
33.5 19.3 1
35.5 33.3 1
46.2 27.2 1
22.5 40.8 1
4.08 42.4 1
55 9.1 1
45.9 16.6 1
7.15 35.7 1
24.9 40.8 1
7.78 3.95 1
34.3 27.7 1
50.5 27.9 1
5.7 25.3 1
10.2 35.4 1
56.9 7.95 1
15.7 36.5 1
6.13 30.3 1
41.4 18.4 1
50.1 33.7 1
11.8 27.4 1
4.58 33.4 1
51.3 14.8 1
15.2 40.5 1
28.6 4.1 1
40.5 27.7 1
13.6 27.3 1
24.8 17 1
16 14.2 1
38.7 14.4 1
10.8 8.78 1
17.4 12.6 1
15.3 30.4 1
19.2 24.5 1
55.6 31.1 1
39 21.4 1
12.2 42.2 1
50.9 36.2 1
45.8 22.5 1
40.1 8.33 1
17.5 8.9 1
31.4 41.1 1
15 20.8 1
40.7 15.5 1
37.7 42.1 1
36.7 21.7 1
23.2 2.38 1
4.05 22 1
56.7 39 1
15 4.05 1
36.2 25.3 1
7.55 21 1
20 14.9 1
55.3 37.4 1
56.9 6.1 1
10.6 22.5 1
39.6 4.1 1
20.6 20.7 1
17.8 18.6 1
38.1 2.78 1
57.8 32.9 1
57.4 35.8 1
2.8 40.1 1
9.43 38.5 1
47.1 39.1 1
23.9 27.6 1
1.93 4.03 1
4.13 2.65 1
10.7 16 1
11.5 13.7 1
50.1 17.9 1
3.45 7.88 1
3.15 11 1
6.65 15.2 1
12.7 34 1
0.425 28.1 1
48.3 4.03 1
10.4 31.6 1
51.6 20.1 1
42.2 25.1 1
57.3 12.5 1
55.8 13.9 1
4.7 27 1
19.8 36.5 1
52.7 31.1 1
50.1 21.9 1
22.2 7.53 1
13.2 20.4 1
18.6 16.5 1
23.8 9.53 1
15.3 7.48 1
38.1 10.1 1
33.9 16.8 1
22.6 13.5 1
16.1 24 1
32.4 2.3 1
33.9 3.83 1
46.2 32.1 1
25 20.6 1
8.15 42.3 1
25.9 30.7 1
7.58 6.75 1
21.8 3.88 1
54.9 27.8 1
38.6 37.4 1
40.7 37.8 1
39 79.2 0
33.6 80.1 0
16.3 90 0
33.1 82.7 0
36.1 86.9 0
36.9 97.7 0
1.68 63.4 1
21.1 80.5 0
35.6 89.7 0
15.6 66.5 1
50 58.6 0
41.7 71.5 0
23.2 70.2 0
9.93 78.1 1
16.2 64.6 1
27.3 48.6 1
16.9 60.9 1
3.18 89.1 1
55.4 52.6 0
22.3 97.5 0
49.5 49 1
55.8 54.7 0
28 64.3 0
14.2 49.5 1
39.6 65.1 0
24.3 47.8 1
57.5 66.9 0
11.9 47.1 1
24.1 96 0
21.8 74.1 0
41.2 97.1 0
13.3 52.4 1
52.9 83.6 0
10.8 97.4 0
51.5 80.3 0
55.7 91.1 0
13.9 59.5 1
27 45.6 1
33.1 45.6 1
45 69.9 0
51.4 61.4 0
6.15 97.5 0
16.7 85.7 0
16.2 48 1
12.9 90.2 0
57.1 93.3 0
51.5 74.7 0
50.2 86 0
51.7 71.7 0
56.6 96.7 0
30.6 96 0
50.7 52.9 0
45.7 80.1 0
20.7 85.5 0
50.1 70.3 0
15 55.4 1
56.5 84.1 0
6.08 49.2 1
3.68 47.1 1
6.63 83.6 1
51.7 97.3 0
50.1 96.1 0
50 65 0
34.7 69.4 0
3.13 85.1 1
58.9 75.8 0
54.3 46.2 0
38.6 74.3 0
36.8 76.1 0
43.7 64.8 0
7.9 55.5 1
32.9 48.6 1
6.68 76.4 1
53.8 78.5 0
43.8 77.2 0
45.4 66.5 0
42.8 95.9 0
2 98.8 1
55.7 70.7 0
13.4 97.1 0
14.8 95.9 0
0.45 81.3 1
8.63 86.4 1
47.4 71.7 0
5.9 54.1 1
19.9 95.8 0
29.1 70.9 0
26 71.9 0
21.4 89.2 0
17.9 49.6 1
27.7 85 0
37.9 48.9 1
37.7 45.6 1
45.5 82.4 0
27 89.3 0
37.8 68.2 0
20.6 67.2 1
1.8 47.1 1
13.7 84.4 0
17.7 79.7 0
16.3 78.4 0
32.7 97.4 0
32.1 61.3 0
36.7 48.9 1
46.1 49.3 1
53.8 76.3 0
55.7 63 0
19 92.1 0
39.1 93.1 0
46.2 75 0
46.8 84.7 0
48.7 78.8 0
12.2 81.4 0
0.375 77.1 1
17.8 73.5 0
41.2 84.4 0
41.7 82.3 0
15.4 75.7 0
48.7 76.6 0
76.5 33.2 0
80.5 33.8 0
75.3 5.88 1
63.1 38.5 1
76.2 37.1 0
69.5 27.4 1
78.6 20.7 1
79.6 37.3 0
69.1 14.3 1
77.7 22.7 0
69.9 40.6 0
73.4 27 1
64.4 36 1
85.3 7.88 1
75.4 22.9 1
87.1 9.35 1
63.8 3.8 1
86.8 6.03 1
87.5 12.3 1
62.6 35 1
68.4 21.1 1
87 38.9 0
87.6 32.5 0
85.9 30 0
86.4 24.8 0
62.6 13.6 1
88.9 20.6 0
81.4 29 0
64.4 26.6 1
86 14.5 1
67.7 9.68 1
72.5 2.4 1
78.7 2.28 1
78.1 4.08 1
71.4 35.3 0
67.1 2.53 1
87 37.1 0
85.4 35.9 0
84.1 24.3 0
62.5 6.45 1
62.1 9.88 1
63.8 8.83 1
81.3 25.9 0
64.5 19.5 1
64.9 16.2 1
77.7 10.6 1
80.2 12.6 1
77.5 42.3 0
79.2 40.9 0
69.2 33.3 1
82.4 15.2 1
82.2 58.4 0
75.5 48 0
85.7 90.5 1
64.3 95.8 0
64.9 54.6 0
79.3 48.7 0
62.6 52 0
62.2 83.1 0
87.8 78 0
78.7 61.9 0
70.6 95.5 0
81.6 70.5 0
81.5 74.4 0
85.4 53 0
82.6 64.3 0
85.7 80.7 0
79.6 92.8 0
64.3 89.6 0
64.3 60.8 0
76.3 85.5 0
73.1 45.6 0
75.8 89.4 0
64 49 0
87.2 93.3 1
63.6 74.1 0
62.3 67.1 0
67.1 47.1 0
87.7 83.1 0
64.1 69.2 0
86 69.9 0
80.6 85.1 0
62.6 71.2 0
81.8 97.3 0
87.6 67.4 0
73.5 80.8 0
83 90.2 0
83 81.2 0
86.9 56.4 0
87.3 64 0
64 80.8 0
80.6 52.9 0
67.8 97.2 0
62.9 92.3 0
62.8 57.9 0
77 97.5 0
79.8 95.7 0
71.5 67.8 0
85.9 74.7 0
68.9 68.8 0
108 4.35 0
191 11.9 0
112 38.7 0
173 42.2 0
175 40.7 0
195 11.6 0
123 23.7 0
199 17.3 0
113 34 0
128 29 0
166 30.9 0
139 39.2 0
188 14.2 0
137 39.6 0
146 40 0
122 24.6 0
194 33.6 0
164 21.2 0
98.3 2.45 1
112 25.4 0
169 18.6 0
117 6.3 0
143 14.7 0
190 19.6 0
188 16.6 0
101 4.7 1
133 14.3 0
145 42.3 0
161 40.1 0
128 31.9 0
153 34.4 0
136 18.6 0
122 12.4 0
94.2 19.8 0
185 10.7 0
139 18.6 0
141 42 0
194 14.4 0
117 18.7 0
193 18.1 0
117 25.5 0
186 33.9 0
164 4.05 0
159 4.58 0
94.1 41.4 0
131 24.5 0
168 42.1 0
92.7 39.5 0
192 36.6 0
105 26.4 0
177 29 0
130 8.68 0
179 30.4 0
111 17.3 0
134 9.85 0
188 36 0
118 42.1 0
150 7.95 0
128 26.3 0
106 2.78 0
172 21.3 0
185 42.3 0
194 41 0
107 24.1 0
170 24.1 0
171 25.8 0
161 3.13 0
111 29.4 0
193 42.9 0
189 4 0
174 21.5 0
178 15.2 0
160 21.7 0
128 10.4 0
184 2.65 0
148 9.45 0
92.8 15.3 0
180 24.8 0
146 35.9 0
186 2.65 0
170 28.6 0
149 13.9 0
172 2.85 0
129 14.3 0
177 26.4 0
130 4.08 0
142 30.8 0
170 4.15 0
164 27.2 0
92.4 6.25 1
96.4 1.55 1
142 34.3 0
196 24.8 0
188 40.7 0
126 2.88 0
197 41.9 0
114 2.53 0
126 42.2 0
176 19.8 0
144 24 0
178 42.3 0
135 2.65 0
191 42.9 0
125 4.23 0
175 24.8 0
92.8 31.4 0
103 42.8 0
92.8 13.5 0
92.2 44.1 0
126 16 0
120 36.7 0
163 14.6 0
142 17.2 0
99.7 9.25 0
115 23.5 0
102 1.25 1
151 42.2 0
130 21.3 0
110 2.45 0
112 36.7 0
107 29.4 0
172 31.4 0
100 27.9 0
101 25.3 0
137 14.9 0
155 9.38 0
96 42.3 0
179 2.43 0
178 4.03 0
94.9 16.2 0
182 35.4 0
114 13.7 0
117 14.1 0
155 13.7 0
92.5 34.2 0
116 2.53 0
118 3.88 0
98.4 42.1 0
99.6 40.8 0
123 34.4 0
124 36.8 0
113 10 0
166 23.8 0
157 42.1 0
175 1.6 0
149 32.3 0
181 19.1 0
182 20.7 0
196 1.08 0
148 30.4 0
150 2.3 0
149 4.1 0
137 42.9 0
181 42.6 0
145 1.83 0
146 4.98 0
117 28.8 0
113 31.5 0
115 43.3 0
120 30.3 0
146 24.9 0
162 42.1 0
129 41 0
124 7.88 0
158 26.3 0
198 37.7 0
122 8.68 0
141 1.93 0
142 5.15 0
180 34.1 0
92.4 8.1 1
94.3 10.2 1
94.6 28.2 0
200 1.48 0
199 1.48 0
197 27.9 0
111 81.8 0
167 76.7 0
173 97.3 0
111 79 0
152 90.7 1
162 73.9 0
188 72.1 0
138 80.8 0
114 83.9 0
161 56.4 0
199 52.2 0
133 94.4 0
144 79.8 0
169 60.6 0
143 81.8 0
165 65 0
176 67.2 0
132 59 0
106 48.5 0
153 72 0
128 67.7 0
152 49.7 0
148 83.8 0
158 55.8 0
124 77.2 0
140 59.5 0
177 88.8 0
161 65.7 0
129 84.6 0
160 71 0
193 53.7 0
115 75.2 0
140 48.1 0
142 49.5 0
93.1 52.2 0
192 66.3 0
169 97.1 0
152 81.8 0
192 95.1 0
195 95.6 0
137 66.7 0
132 69.2 0
146 72.1 0
111 97.4 0
104 86.7 1
197 47.2 0
191 59.1 0
157 97.3 1
171 97.1 0
155 95.8 1
185 52.1 0
160 62.2 0
99.1 65 0
126 75.9 0
171 89.7 0
105 90.3 1
111 64.7 0
130 82.3 0
148 91.5 1
119 80.4 0
200 98.9 0
141 96.9 1
122 63.1 0
122 70.4 0
115 64.6 0
104 62.3 0
178 97.4 0
117 68 0
138 94.5 1
98.8 69.2 0
111 71.1 0
105 55.2 0
175 54.8 0
131 66.1 0
193 86.3 0
136 60.8 0
142 52 0
182 59 0
172 74.7 0
179 96.1 0
143 95.4 1
183 89.9 0
114 89.8 0
186 91.5 0
189 54.3 0
194 62.9 4
129 77.9 0
94.2 84.8 1
99 84.9 1
153 98.6 1
115 48.1 0
158 53.3 0
143 91.1 1
162 47.3 0
177 47.3 0
110 60.6 0
93.9 74.3 0
187 47 0
175 58.9 0
174 49.2 0
125 84.5 0
176 75.9 0
94.5 90.6 1
187 95.7 0
94.1 80.1 0
189 65 0
92.9 71.5 0
159 49.4 0
92.4 82.7 1
190 97.6 0
169 48.9 0
107 59.2 0
185 98.7 0
102 47.1 0
172 47 0
94.3 69.7 0
199 98.9 0
90.8 47.5 0
148 95.9 1
183 98.7 0
90.8 46.3 0
162 97.3 1
92.4 67.1 0
197 98.9 0
128 59.3 0
165 72.7 0
139 76.4 0
173 67.3 0
109 95.7 0
165 53.4 0
123 90.5 0
122 80.8 0
193 49.1 0
150 89.3 0
153 82.8 0
156 80.8 0
113 57.5 0
199 92.7 0
117 47.5 0
184 77.6 0
160 78.3 0
176 97.2 0
133 54.1 0
102 60 0
99.7 62 0
149 52.2 0
112 48.1 0
153 67.5 0
149 49.7 0
114 97.5 0
147 67.5 0
193 83.1 0
162 85.5 0
93.9 61.9 0
180 71.4 0
160 95.6 1
153 61.4 0
132 47.7 0
155 64.2 0
120 49.6 0
136 47.1 0
119 96.8 0
117 95.1 0
146 47 0
172 83.5 0
92.7 94 1
122 87.3 0
131 96.7 0
94.4 55.9 0
148 47 0
184 48.8 0
166 81.5 0
98.1 99.3 1
96.3 97.8 1
102 97 1
104 97 1
167 96 1
117 83.3 0
176 80 0
169 83.3 0
163 48.6 0
127 91.3 0
126 65 0
130 62.9 0
125 54.9 0
126 95.6 0
127 97 0
170 77.2 0
115 71.6 0
108 76.8 0
125 63.5 0
33.1 5.7 1
48 11 1
44.4 17.2 1
37.1 34.2 1
8.33 15.4 1
45.4 13.4 1
7.08 18.9 1
56 10.6 1
30.5 3.45 1
29.4 36.2 1
2.13 5.9 1
31.1 29.1 1
5.13 41.2 1
0.8 16.8 1
27 14 1
45.2 5.83 1
50.3 13 1
22.8 39 1
25.2 38.9 1
44.7 28.1 1
44.5 36.4 1
30.7 13.6 1
31 25.7 1
51.4 25.1 1
13.3 40.9 1
51.4 23.8 1
11 28.9 1
49.6 42.5 1
22.3 34.6 1
28.3 6.73 1
52.5 14 1
21.8 37.4 1
25.2 35.6 1
3.9 17.3 1
32.1 39.2 1
17.5 15.2 1
1.85 28 1
34.7 26.1 1
15.2 38 1
19 13.6 1
16.5 31.1 1
0.875 10.8 1
42.3 14.7 1
5.5 31.9 1
45.1 9.55 1
40.8 16.9 1
31.1 32 1
49.7 37.6 1
19.1 33.4 1
39.1 12.4 1
34.1 34.3 1
11.6 17.8 1
14.1 28.8 1
44.7 29.3 1
39.8 26.5 1
56.2 41.9 1
39.5 23.1 1
17.9 24.3 1
48 33.4 1
12.6 8.48 1
33.3 42.5 1
56.4 3.2 1
54.5 42.9 1
34.8 9.18 1
56.5 32 1
54.7 2.25 1
5.53 20.9 1
35.1 3.4 1
21.7 42.7 1
27.6 36.2 1
19.2 19.3 1
16.1 19.1 1
4.65 13 1
34.8 29.6 1
37 15.2 1
26.2 41.5 1
44.8 42.8 1
42.3 8.68 1
37 3.88 1
4.1 23.3 1
52.8 36.7 1
58 23.2 1
16.6 42.4 1
40.8 29.1 1
41.6 42.4 1
9.33 21.5 1
26.9 2.58 1
9.4 3.4 1
25.3 3.53 1
27.7 42.4 1
51.3 42.5 1
51.4 2.65 1
56 19.8 1
35.9 23.4 1
13.4 2.55 1
25.8 22.4 1
58 17 1
24.8 32.3 1
41.4 2.58 1
9.68 25.3 1
5.93 1.15 1
19.1 42.4 1
35.6 31.3 1
10.8 2.25 1
59.1 44.1 0
59.1 0.95 1
42.3 34.4 1
32.1 35.6 1
47.8 5.9 1
48.7 7.6 1
48.8 39.2 1
45.3 38.5 1
3.85 39 1
4.8 37.2 1
40.2 31 1
3.78 3.48 1
24.7 25.8 1
31.7 9.15 1
14.9 32.2 1
49.9 2.65 1
54.1 13.2 1
27.8 24.7 1
52.2 29.4 1
50.7 16.8 1
52.5 8.8 1
44.8 2.13 1
7.9 30.3 1
41.5 23.9 1
42.2 26.6 1
3.1 26.8 1
5.3 7.33 1
51.4 22.6 1
39.6 6.6 1
28.1 16.9 1
30.1 18.1 1
12.6 21.6 1
12.8 19.1 1
23.5 10.9 1
25.8 9.43 1
14.5 8.48 1
15.6 5.93 1
36.6 9.8 1
31.8 16 1
35.2 16.5 1
37.9 25.9 1
17.7 35.9 1
20.2 22.5 1
23.8 14.5 1
57.4 26.5 1
31 22.2 1
15.8 22.1 1
19 7.35 1
20.9 7.35 1
57.4 21 1
58 24.7 1
55 29.4 1
16.4 2.75 1
45.7 30.8 1
44.8 32.9 1
18.9 2.75 1
25.5 18.5 1
7.25 41.1 1
24.4 29.2 1
8.88 7.13 1
23.1 5.75 1
20.5 3.7 1
55.5 26.5 1
27.9 30.3 1
22.9 77.1 0
18 69.1 1
41.1 73 0
42.3 76.4 0
42.3 56 0
53.7 52.4 0
39.8 77.3 0
7.08 57.8 1
54.1 54.5 0
37.9 96.5 0
29.9 78.2 0
22.1 55.4 1
1.6 92.6 1
34.5 86.4 0
10.5 60 1
34.4 83.9 0
25.7 46.9 1
48 47.8 1
22.6 75.5 0
35.6 79 0
0.3 65.6 1
26.4 77.7 0
31.9 79.4 0
30.8 55.4 1
41.8 65.5 0
39.2 58.9 0
31.4 74.4 0
50.6 56.7 0
24.9 58.8 1
19.3 58.2 1
23.3 72.4 0
47.6 58.3 0
0.5 53.4 1
18.6 60 1
25.8 52.2 1
32 58.8 1
39.2 61.4 0
52.4 54.9 0
3.65 70 1
24.6 94.6 0
15.5 61 1
40.6 70.7 0
44.8 60.8 0
26.1 83.2 0
54.1 97.8 0
33.7 74 0
53.2 91.1 0
28.7 55.4 1
20.9 87.2 0
52 52.8 0
19.2 52.7 1
44 78.9 0
57.3 51.8 0
12.4 96.1 0
30.6 93.5 0
53.2 70.7 0
47 79.5 0
35.5 96.3 0
4.65 96.3 1
51.7 84.5 0
54.9 96.9 0
41.7 91 0
53.2 61.5 0
22.1 61.2 1
25.5 62.2 1
11.8 52.8 1
43.5 71.2 0
12.6 60 1
44.9 98 0
14.6 53.4 1
56.2 94.9 0
14.8 93.4 0
33 90.3 0
50.4 87.9 0
35.3 71.4 0
24.9 92.9 0
13.4 74.9 1
16 82.3 0
56 89.3 0
36 68.4 0
50.1 93.6 0
42 47.1 1
44.4 89.2 0
47.2 91.8 0
50.3 63.1 0
58.3 78 0
56.4 85.5 0
41.3 48.4 1
56.2 65.1 0
57.3 87.1 0
2.6 87.1 1
51.4 66.1 0
6.35 51.2 1
8.5 47.1 1
56.5 74.8 0
4.65 90 1
58.2 72.2 0
6.65 81.8 1
48.3 97.6 0
4.88 84.2 1
32.8 69.1 0
6.2 99.3 0
18.8 97.5 0
16.3 97.5 0
22.1 47.2 1
48.2 65.3 0
59.1 99 0
59.1 45.6 0
8.03 63.4 1
3.58 78.8 1
13.3 68.1 1
45.4 53.8 0
45.5 52 0
9.2 64.9 1
0.1 61.8 1
36.6 56 1
34.2 52.7 1
6.15 70 1
15.7 87.5 0
4.2 62.5 1
44.4 63.3 0
31.3 83.1 0
34.3 46.9 1
7.88 78.7 1
56.2 67.9 0
52.4 79 0
9.18 72.9 1
11.7 74.9 1
44.5 76 0
11.4 85.9 0
0.4 56.1 1
52.6 67.4 0
51.6 69.4 0
46.5 65.8 0
43.3 94.1 0
25.4 66.7 0
1.28 84 1
39.9 52.3 1
46.4 70.8 0
7.9 94.3 0
9.68 96.7 0
4.1 55.2 1
7.03 52.8 1
30.1 48 1
6.83 90 1
8.83 92.5 0
21.3 96.2 0
17.2 55 1
22.8 89.8 0
17.9 51.4 1
29 84.6 0
38.7 46.9 1
30.5 67.2 0
36 63.7 0
44.1 82.5 0
20.3 61.8 1
20 65 1
26.6 87.2 0
28.3 90.3 0
58.5 47.5 0
20.5 47.2 1
39.2 69.3 0
19.2 67.8 1
9.93 54.4 1
58.6 56.8 0
16.6 80.4 0
15.2 79.2 0
54.8 83.9 0
57.7 75.8 0
26.6 98.6 0
57.1 79.2 0
58.8 81.4 0
33.8 96 0
10 68.9 1
33.5 62.4 0
30.8 62.7 0
36.4 46.9 1
45.7 50.5 1
52.4 75.7 0
57.3 61.8 0
17.3 91.4 0
19.6 90.9 0
19.3 93.9 0
37.7 90.5 0
46.5 73.6 0
51.5 46.2 1
48.2 85 0
43.2 85.4 0
45.7 85.8 0
49.6 79.3 0
13.6 80.8 0
43.7 47.1 1
56.7 48.1 0
53.7 46.8 0
16.7 71.7 1
16.5 74.4 0
49.6 75.9 0
47 76.1 0
76 29.2 0
63.8 41.3 0
64.1 39.4 1
78.1 15.5 1
69.3 7.5 1
73.4 18.4 1
65.9 41.1 0
74.1 3.35 1
71.5 14.7 1
69 3.68 1
73.5 34.4 0
68.7 29.9 1
71.6 26.8 1
70.6 38.8 0
79.7 3.53 1
72.6 7 1
86.3 34.4 0
74.9 12.8 1
77 17.9 1
68.6 12.8 1
65.7 3.63 1
81.1 27.7 0
86.2 10.4 1
75 9.2 1
86.4 3.13 1
62.6 15.5 1
70.4 20.5 1
67.4 15.3 1
78.7 23.9 0
84.7 2.18 1
77.4 19.6 1
83.4 30 0
74.5 21.5 1
82.8 8.5 1
84.1 19.1 0
86.3 31.5 0
62.2 20.4 1
73.1 42.8 0
86.5 41.8 0
66.5 35.3 1
82.2 2.1 1
75.2 24.1 1
84.8 42.8 0
74.1 28.6 1
74.1 25.5 1
62.5 23.6 1
81.5 42.4 0
81.4 3.35 1
88.3 22.8 0
88.2 16.9 0
86.8 28.7 0
88.1 28.1 0
87.5 26.2 0
61 44.1 0
61 0.95 1
89.1 0.95 1
89.1 44.1 0
64.4 25 1
64.4 28.4 1
62.5 28.4 1
78.5 39.1 0
67.5 42.1 0
77.8 5.95 1
78.7 7.5 1
86.3 13.2 1
67.9 10.9 1
66.3 19.9 1
71.6 36.9 0
67.8 25.3 1
82.9 36.2 0
63.6 5.68 1
80.1 25.3 0
83.4 25.7 0
81.8 20.7 0
65.6 8.83 1
86.5 19.3 0
87.7 20.6 0
64.5 17.6 1
68.3 34.2 1
69.9 31.3 1
83.5 14.5 1
61.3 29.7 1
61.3 31.3 1
85.3 60.5 0
77.6 75.4 0
72.5 76.5 0
64 53.5 0
69.9 62.9 0
73.5 64.3 0
74.3 46.9 0
73.5 89.8 0
83.7 52.8 0
70.6 93 0
80 55.4 0
80.7 78.7 0
63.8 51 0
73 70.2 0
77.7 47.4 0
86.6 78.8 0
69.7 86.4 0
76.6 58.2 0
76 64.2 0
70.1 58.1 0
66.5 80.8 0
80.1 67.3 0
75.8 75.4 0
66.8 60.8 0
86 54.8 0
66.8 89.6 0
75.2 57.1 0
83.5 69.9 0
68.3 76.7 0
86.4 82.1 0
67.4 54.7 0
85 97.7 1
76.7 79 0
86.7 96.7 1
63.5 68.1 0
68.4 72.5 0
87.3 51.9 0
62.2 75.5 0
65.9 48.3 0
86.3 94.9 1
75.5 87.5 0
86.4 65.6 0
65.4 74.5 0
88.5 47.5 0
68.6 48.3 0
86.4 68.4 0
81.6 83.8 0
86.8 71.3 0
63.5 72.1 0
87.3 86.5 1
74 72.8 0
63.7 65.6 0
82.1 86.4 0
62.3 48.1 0
62.6 78.7 0
88.1 72.1 0
61 99 0
89.1 99 1
61 45.6 0
89.1 45.6 0
78 77.8 0
83.3 88.3 0
69.7 83.9 0
82 92.7 0
82.8 82.5 0
81.9 79.9 0
71.6 46.9 0
75.3 83.4 0
63.5 82.1 0
77.1 69.9 0
72.8 97.2 0
77.5 91.7 0
82.1 53.2 0
62.6 62.9 0
64 63.9 0
66.8 95.7 0
64.4 93.3 0
64.2 56.9 0
62.5 87.3 0
73.8 55.7 0
78 96.3 0
81.4 46.3 0
86.6 48.1 0
83.7 46.9 0
81.2 71.9 0
81.2 73.1 0
71 51.8 0
74 49.3 0
83.4 75.1 0
66.6 68.1 0
87.2 75.8 0
108 6.25 0
168 34.1 0
172 41 0
165 33.8 0
99.6 0.9 1
167 19 0
175 38.8 0
190 25.6 0
146 38.1 0
156 38.5 0
123 16.8 0
99.3 3.7 1
170 37.8 0
158 32.6 0
144 41.1 0
102 34.6 0
107 34.5 0
140 41.1 0
166 42.5 0
109 41.2 0
130 23.1 0
106 27.6 0
184 11.8 0
157 27.7 0
194 7.9 0
115 34.6 0
162 32.6 0
116 21.9 0
137 34 0
168 29 0
101 13.1 0
104 19.3 0
119 18.9 0
156 36.6 0
159 9.48 0
163 36.5 0
125 42.2 0
181 29.1 0
101 16.9 0
157 2.7 0
149 40.7 0
135 41.5 0
136 26.8 0
185 34.3 0
194 31.7 0
99.1 30 0
183 38.9 0
129 7.5 0
196 34.4 0
150 22.9 0
157 6.45 0
170 19.4 0
162 4 0
111 24.6 0
163 38.2 0
155 31.1 0
169 16.9 0
126 29.7 0
176 10.1 0
185 19.5 0
155 19.5 0
190 8.7 0
178 29.4 0
193 35 0
113 21.4 0
119 5.98 0
167 14.7 0
93.2 43.1 0
152 17 0
133 18.7 0
135 36 0
94 38.6 0
138 4.13 0
128 27.9 0
159 20.3 0
97.4 25.6 0
170 6.65 0
131 32.2 0
155 44.1 0
112 18.9 0
190 35.9 0
197 6.23 0
104 4.03 1
109 24.6 0
190 5.88 0
196 17.9 0
171 22.9 0
137 24.9 0
111 28.3 0
159 16.3 0
103 26.5 0
181 26.1 0
195 41.1 0
141 35.5 0
179 25.6 0
184 6.85 0
181 17.2 0
163 12.9 0
164 5.93 0
132 15 0
193 24.8 0
187 29.5 0
173 10.2 0
130 39.1 0
119 3.55 0
125 24.5 0
117 27 0
126 34.8 0
98.6 22.9 0
105 31.5 0
99.4 31.8 0
100 20.4 0
97.4 15.3 0
156 15.6 0
191 22.3 0
104 41.6 0
95.1 44.1 0
151 28.4 0
129 25.9 0
182 12.9 0
113 27 0
95.9 20.3 0
106 22.3 0
171 20.4 0
132 2.18 0
175 13 0
175 20.7 0
180 41.4 0
188 38.1 0
186 32 0
144 35.6 0
124 29 0
99.1 38.2 0
186 24.9 0
116 6.83 0
147 14.8 0
129 5.95 0
179 20.2 0
176 41.4 0
138 22.2 0
133 24.8 0
176 17.9 0
175 31.2 0
193 29.2 0
192 1.9 0
137 32.1 0
140 12.6 0
177 35.9 0
193 39.1 0
126 25.8 0
181 23 0
180 11.8 0
153 14.2 0
117 20.4 0
165 28.6 0
173 25.4 0
92.1 20.7 0
166 2.1 0
93.8 3.6 1
168 23.9 0
175 23.2 0
122 1.98 0
197 22.9 0
142 24.9 0
123 13.7 0
194 44.2 0
150 32.8 0
185 44.1 0
176 29.7 0
144 22.1 0
121 6.9 0
106 0.875 1
123 1.98 0
121 3.23 0
168 2.55 0
113 15.8 0
129 12.5 0
124 3.23 0
142 32.4 0
172 15.3 0
185 0.875 0
107 43.9 0
197 43.8 0
193 1.9 0
183 0.875 0
183 44.1 0
103 44.2 0
91.1 0.95 1
90.8 44.1 0
123 41.5 0
165 17.7 0
128 20.8 0
107 11.7 0
104 9.9 0
199 10.6 0
126 18 0
111 9.5 0
120 40.2 0
128 15 0
144 19.6 0
173 35.7 0
98.3 10.3 1
125 21.3 0
121 20.8 0
122 18 0
131 20.4 0
153 41.2 0
109 34.5 0
191 28.6 0
138 8.1 0
136 8.1 0
106 30 0
109 29.2 0
162 20.8 0
173 32.5 0
171 30.8 0
105 36.4 0
106 38.1 0
117 35 0
200 21.1 0
136 28.1 0
94 36.7 0
94.3 17.7 0
162 28.1 0
108 17.6 0
162 15.4 0
140 27 0
183 36.9 0
132 9.98 0
133 9.73 0
181 3.3 0
181 5.65 0
96.4 34.6 0
96.3 10.3 1
146 7.98 0
112 42.5 0
151 37.3 0
101 7.3 1
155 27.4 0
152 27.1 0
114 8.48 0
114 11.3 0
167 8.65 0
117 17.1 0
159 41.8 0
175 2.55 0
127 9.8 0
149 5.98 0
169 12.5 0
185 23 0
154 23.4 0
148 27.6 0
108 13.6 0
178 7.68 0
146 30.2 0
195 1.9 0
198 3.38 0
197 3.73 0
145 3.18 0
116 29.5 0
132 35.1 0
130 37.2 0
185 27 0
184 29.4 0
185 8.58 0
111 31 0
114 31 0
115 42.2 0
120 13.1 0
119 12.8 0
135 12.3 0
161 10.6 0
164 9.68 0
153 7.3 0
151 7.3 0
91.2 25.3 0
91.2 23.9 0
143 30.2 0
133 30 0
148 24.1 0
147 26.4 0
153 2.6 0
95.9 2.65 1
124 6.1 0
125 9.03 0
131 41.4 0
132 42.4 0
159 27.9 0
143 3.28 0
140 29.5 0
138 29.3 0
179 34.9 0
181 31.9 0
142 8.05 0
93 27.2 0
94.7 29.8 0
120 32.2 0
200 2.2 0
199 2.2 0
149 18.5 0
147 17.2 0
140 10.7 0
196 26.2 0
196 29.2 0
199 28.5 0
97.9 52.1 0
109 48.5 0
143 76.4 0
118 56.5 0
198 48.4 0
98.8 90.6 1
161 58.4 0
161 72.2 0
126 69.8 0
156 74.3 0
138 60 0
165 68.6 0
200 83.8 0
137 84.2 0
131 72.9 0
171 63.4 0
161 75 0
122 75.7 0
94.1 53.2 0
197 76.7 4
186 69.8 0
163 81.8 0
125 76.4 0
102 93 1
163 61.2 0
141 55.3 0
135 66.6 0
174 93 0
125 57.2 0
101 86.7 1
144 84.6 0
128 72.8 0
108 51.9 0
156 70.9 0
172 96.1 0
147 82.4 0
134 75.1 0
158 71.7 0
172 70 0
109 72.8 0
149 74.5 0
178 73.7 0
192 74.9 0
185 84.6 0
152 51.7 0
198 69.3 4
195 67.3 4
197 54.9 4
149 82 0
177 53.7 0
101 73.3 0
177 69.9 0
172 72.5 0
131 57.2 0
139 57.8 0
97.7 63.9 0
148 63.8 0
161 68.8 0
150 61.3 0
177 90.1 0
135 77.8 0
181 79.8 0
127 77 0
168 91.1 0
123 79.1 0
138 52.2 0
179 94.5 0
158 89.9 0
106 72.8 0
152 54.2 0
162 79.4 0
172 64.9 0
139 72.4 0
180 59.3 0
144 61.9 0
136 96.3 1
184 55.4 0
190 68.5 0
93.5 47.5 0
144 66.8 0
119 68.4 0
142 61.3 0
183 82.1 0
162 83.1 0
147 58.2 0
133 81.8 0
153 97.8 1
132 82.8 0
179 92.8 0
105 53.3 0
107 87.6 0
116 65.9 0
111 53.3 0
180 61.8 0
168 70.1 0
95.4 46.3 0
173 59.8 0
166 75.7 0
151 77.8 0
140 95.5 1
99.6 55.9 0
127 53.7 0
147 90.4 1
145 75.1 0
115 87.8 0
154 94.2 1
198 60.5 4
160 93.1 1
99.4 53.4 0
181 73.6 0
113 65.1 0
190 78.6 0
137 62.6 0
188 89.8 0
164 91.3 0
103 70.9 0
130 76.4 0
191 80.6 0
191 96.2 0
193 92.7 0
190 83.1 0
116 69.4 0
181 90.6 0
179 48.5 0
165 85.5 0
189 85.9 0
174 75.1 0
190 52.9 0
184 90.4 0
103 79.7 0
195 72.3 0
158 48.3 0
135 60.2 0
157 47 0
173 86.3 0
179 64.1 0
93.8 96.5 1
133 60.2 0
127 74.1 0
115 46.3 0
121 61.4 0
196 98.9 0
177 64.5 0
92.1 48.1 0
111 63.1 0
168 85.5 0
189 56.2 0
92.7 86.6 1
182 69.8 0
196 93.1 0
154 47 0
174 51.5 0
187 54.4 0
195 75.5 0
157 53.9 0
140 64.8 0
165 97.7 1
169 51.4 0
124 86.2 0
149 87 0
176 48.5 0
196 89.7 0
169 87.2 0
172 54.2 0
158 64.7 0
196 60.5 4
142 70.1 0
106 98.7 0
105 60.1 0
159 51.9 0
127 84.5 0
145 90.4 1
92.3 75.4 0
145 54.7 0
93.7 81.7 1
161 48.6 0
96.8 69.7 0
159 84.1 0
105 64.9 0
173 48.2 0
186 93.2 0
104 48.3 0
169 57.6 0
183 66.8 0
103 54.9 0
186 48.2 0
135 54.2 0
171 48.2 0
143 92.9 1
112 54.5 0
186 45.6 0
187 84.2 0
168 48.1 0
155 53.4 0
175 99 0
95.7 74.7 0
168 46.9 0
143 87.1 1
116 62.5 0
120 92.2 0
92.6 78.6 0
106 57.6 0
150 97.3 1
145 98.6 1
147 97.4 1
93.6 68.1 0
124 97.3 0
189 96.1 0
121 97.3 0
122 47.7 0
107 45.6 0
197 45.6 0
91.1 99 1
103 45.6 0
183 45.6 0
90.8 45.6 0
164 72.5 0
166 73.8 0
166 78.3 0
119 60.8 0
154 89.7 1
156 86.6 0
110 93.8 0
108 96.1 0
99.4 99.3 1
99.1 96.4 1
193 51.1 0
108 90.7 0
128 52.5 0
130 95.7 0
114 55.9 0
198 89.7 0
198 92 0
167 54.2 0
98.7 58.7 0
93.5 58.8 0
96.1 56.5 0
111 68.9 0
96.6 80.1 1
119 86 0
119 78.1 0
196 81.3 0
155 77.4 0
182 76.1 0
186 77.1 0
195 98.9 0
153 92.7 1
132 55.4 0
120 52.1 0
162 54.6 0
164 54.2 0
131 52.2 0
112 46.3 0
114 49.4 0
154 68.7 0
189 60.9 0
179 80.5 0
99.8 82.8 1
97.9 75.1 0
100 77 0
167 62 0
161 76.8 0
177 87.2 0
151 57.7 0
112 90.5 0
178 52.7 0
181 53.6 0
195 82.7 0
118 75.2 0
158 79.1 0
123 69.8 0
95.7 62.8 0
194 89.2 0
192 91.1 0
163 88 0
155 59.1 0
122 91 0
158 96 1
100 67.2 0
109 82 0
138 68.4 0
139 88 1
151 66.9 0
175 56.9 0
194 57.2 0
153 62.4 0
131 46.3 0
157 57.8 0
153 65.9 0
156 64.4 0
139 92 1
177 59.6 0
118 48.7 0
109 60.4 0
121 72.4 0
165 51.3 0
96.6 90.6 1
138 48.3 0
121 66.5 0
121 64.7 0
180 97.9 0
182 98.7 0
182 87.4 0
92.4 64.6 0
93.7 92.5 1
125 47.1 0
123 88.8 0
92.5 57.3 0
106 84 0
195 48.4 0
195 45.6 0
112 60 0
117 92 0
190 46.3 0
181 48.8 0
120 86.6 0
96.7 99.3 1
128 96 0
168 96.2 1
166 94.2 1
130 86.9 0
133 88.2 0
135 87 1
97.4 47.7 0
183 60.9 0
132 91.9 1
185 63.3 0
178 85.9 0
178 83.7 0
100 47.1 0
177 81.1 0
170 80.7 0
164 49.8 0
165 46.9 0
126 90.6 0
127 93.1 0
123 54.9 0
126 47.1 0
128 47.7 0
170 78.9 0
115 72.8 0
109 77.9 0
106 78 0
106 68.3 0
109 66 0
97.7 85.7 1
95.9 85.4 1
123 62 0
31.2 5.33 1
29.6 28.1 1
48.7 41.6 1
29.6 26.9 1
54.2 10.8 1
19 30.5 1
3.98 5.35 1
36.9 36.3 1
51.6 33.2 1
44.3 19.6 1
42.5 16.1 1
47.1 16.8 1
25.5 12.7 1
48.4 18.1 1
30.2 7.18 1
37.3 8.55 1
28.3 14.2 1
23.1 36 1
51.4 12.3 1
39.4 20.3 1
8.75 34.7 1
3.25 33.5 1
33.9 35.8 1
47.1 9.08 1
10.6 10.3 1
0.325 3.68 1
56.4 14.7 1
6.93 37.6 1
49.9 26.7 1
45.3 34.8 1
47.1 22.9 1
55.8 40.1 1
5.05 18.8 1
48.3 21.6 1
13 37.5 1
12 39 1
34.2 5.28 1
30.5 39.8 1
48 37 1
12 35.9 1
53.6 42.1 1
56 5.08 1
8.8 32.8 1
36.6 41 1
12.6 29.3 1
40.8 19.2 1
53.8 3.03 1
15.2 14 1
36.9 39.1 1
26.8 7.08 1
1.13 12.8 1
20.7 41.4 1
42.3 41.7 1
12.2 30.9 1
16.9 20.5 1
18.2 20.5 1
10.7 12.2 1
35.4 7.93 1
17.2 41.8 1
52 41.7 1
52.2 3.43 1
42.7 30.7 1
2.7 16.1 1
47.1 35.3 1
13.3 14.6 1
43.9 42.1 1
1.65 32.4 1
10.4 23.6 1
29.5 38 1
56.7 16.1 1
34.7 41.4 1
42.6 29.3 1
56.7 18.3 1
56.5 34.8 1
29.8 41.7 1
4.23 1.15 1
33.9 39.6 1
42.3 3.45 1
35.1 36.9 1
26.5 39.6 1
18.5 41.8 1
35.4 6.38 1
11.1 26.2 1
27.5 22.8 1
32.8 31.1 1
27.6 38 1
37.6 24 1
37.3 5.75 1
32.8 29.7 1
12.4 3.5 1
58.7 39.1 1
58.7 9.05 1
58.7 36 1
58.7 5.95 1
49.2 1.25 1
59.4 23.6 1
50.8 1.25 1
50.8 43.8 1
49.1 43.8 1
35.1 38.5 1
2.73 14 1
59.4 28.8 1
22 44.1 1
22 0.95 1
14.2 1.25 1
14.2 26.1 1
59.1 31.8 1
40.8 43.8 1
4.15 44.2 1
40.9 1.25 1
39 43.8 1
39 1.25 1
34.2 32.2 1
19.4 43.8 1
59.1 13.2 1
25.6 5.4 1
26.9 43.9 1
26.9 1.15 1
15.6 43.8 1
10.4 0.95 1
12.9 44.1 1
59.4 16.5 1
58.2 43.2 1
55.3 0.85 1
45.3 44.2 1
55.3 44.2 0
58.2 1.8 1
33.4 0.775 1
33.4 44.2 1
1.28 40.8 1
8.1 39.2 1
47.1 38.6 1
41.5 32 1
0.025 43.9 1
25.8 26.9 1
38 37.7 1
2.95 9.3 1
13.5 32.2 1
49 3.45 1
53.5 20.2 1
27.7 26.3 1
52.6 10.4 1
44 3 1
45.5 0.8 1
7.28 31.9 1
7.7 25.5 1
20.5 25.9 1
41.5 25.5 1
5.45 28.4 1
52.8 31.9 1
45 21.5 1
38.4 7.15 1
27.5 17.8 1
29.5 19.1 1
18.4 16.9 1
25.6 10.8 1
17.3 10.5 1
48 26.1 1
22.1 19.9 1
18.8 22.3 1
21.5 13.7 1
35.3 20.7 1
58.1 27.5 1
29.5 21.6 1
15.4 24.8 1
58.8 20.1 1
56.8 22 1
56.8 24.7 1
59.4 25 1
17.1 3.38 1
15.6 1.25 1
44.3 31.6 1
18.3 3.38 1
19.4 1.25 1
23.9 20 1
9.48 44.1 1
25.8 28.1 1
20.2 29.3 1
27.7 28.8 1
16.7 67.5 1
1.08 73.3 1
17.3 65.6 1
12.6 69.8 1
39 79.8 0
20.8 80 0
54.5 67.1 0
37.4 50.2 1
13.1 48.3 1
24.9 76.6 0
10.2 78.8 1
49.5 50.2 1
43 75.2 0
43 73.9 0
13.6 66.1 1
0.05 91.9 1
31 76.7 0
51.1 77.4 0
42.5 63.9 0
40.1 72.2 0
25 73.4 0
20.8 74.2 0
24.6 75.1 0
22.7 57.6 1
9.6 61.8 1
54.6 79.2 0
28.2 49.9 1
21.3 58.7 1
36.5 95 0
37.2 51.6 1
41.7 58.2 0
56.1 50.8 0
44.2 72.7 0
45.5 72.7 0
28.6 62.4 1
30.7 57.5 1
5.03 75.9 1
32 49.9 1
28.1 68.3 0
16.2 52.4 1
22.8 94.8 0
42.9 60.2 0
6.9 72.1 1
44.7 77.7 0
46 77.7 0
27.8 53 1
28.8 51.6 1
37.7 61.2 0
7.15 48.3 1
35 75.5 0
32.3 93.5 0
37.7 58.7 0
36.3 57.7 1
36.2 93.3 0
21.7 84.3 0
51.8 81.8 0
38.6 72.5 0
30.5 72.8 0
3.05 72.1 1
5.63 94.7 0
31.3 51.6 1
12.6 71.7 1
32.4 53 1
56.9 71.4 0
13.8 88 0
21.6 92 0
38.3 66.6 0
48.8 70.9 0
53.5 89.3 0
41.6 92.8 0
41.7 62.2 0
33.7 92.1 0
12.8 86.5 0
45.7 97.1 0
32.9 77.9 0
52.5 96.5 0
10.7 48.3 1
14.4 57.4 1
23.1 93.1 0
10.4 93.3 0
18.9 79.3 0
33.8 61 0
4.28 48.4 1
27.2 61 1
33.8 58.9 1
10.8 63.3 1
34.6 77.1 0
13.2 92.1 0
37.4 69.5 0
34.1 72.4 0
56.1 59.5 0
53.1 85.6 0
50.2 52.1 0
7.4 84.7 1
13.9 73 1
28.6 57.5 1
56.9 73.5 0
4.05 92 1
52.1 63.2 0
9.4 48.3 1
5.03 73.4 1
46.8 89.7 0
54.5 95.1 0
12.2 93.6 0
5.35 92.9 1
15.2 62.7 1
3.03 81.7 1
52.3 87.4 0
47.4 96.7 0
27.2 58.9 1
48 87.8 0
54.5 65.3 0
59.4 48.8 0
37.3 71.2 0
59.4 78.6 0
52.1 93 0
13.6 62.1 1
52.9 65 0
20 45.6 1
4.9 82.4 1
40.8 98.8 0
32.5 71.5 0
18.1 96.9 0
16.9 96.9 0
12.6 63.6 1
59.1 68.1 0
49.1 98.8 0
14.2 98.8 0
50.8 98.8 0
59.1 51.9 0
21.8 99.2 0
19.4 98.8 0
58.7 93.5 0
58.7 63.5 0
38.2 99.2 0
59.4 71.5 0
58.7 86.5 0
52.9 94.7 0
23.4 48.4 1
15.6 98.8 0
44.5 99.2 0
54.5 99.2 0
4.13 45.6 1
41.4 45.6 1
58.2 98.1 0
15.6 46.3 1
13.2 45.6 1
48.5 45.6 1
38.4 45.6 1
8.58 45.6 1
1 45.6 1
26.6 45.6 1
33.4 45.6 1
21.6 45.6 1
3.05 77.1 1
23 83 0
37 54.3 1
35.8 53.1 1
1.08 75.8 1
38.4 75.7 0
18.6 65.6 1
0.425 98.1 1
10.9 73 1
44.8 68.4 0
43.3 96.8 0
38.2 86.4 0
27.1 66.9 0
1.15 82.4 1
8.33 86.5 1
38.5 52.9 1
9.48 95.1 0
30.1 49.2 1
7.53 91.6 1
17.4 53.7 1
27.4 70.7 0
18.6 49 1
50.1 46.8 1
18.2 85.2 0
36.3 62.3 0
45.7 81.5 0
20.5 48.4 1
1.15 48.4 1
3.25 98.8 1
4.7 98.1 1
14 82.6 0
57.7 55.2 0
57.3 57.6 0
54.7 85.3 0
58.8 75.1 0
57.1 76.8 0
24.9 97.8 0
58.1 79.7 0
55.8 79.2 0
57.9 82.2 0
28.1 97.5 0
32.8 98.9 0
10.4 99 0
51 72.9 0
54.6 75.8 0
19.9 92.6 0
37.6 92.3 0
52.1 46.8 0
47.2 86.1 0
44.7 84.3 0
21.6 67 1
22.9 68.3 0
49.9 77.4 0
11 81.1 1
44.3 45.6 1
44.8 47.8 1
56.3 49.3 0
54.3 45.6 0
54.8 47.4 0
15.4 72.7 1
19.2 73.9 0
40.1 84.7 0
40.6 81.4 0
16.3 76.8 0
78.5 34.2 0
75.7 31.3 0
70.5 29 1
77 13.8 1
73.8 5.23 1
68.3 5.55 1
70.5 27.7 1
76.4 41.2 0
81.7 12 1
77.7 36.1 0
79.6 20.6 0
66.2 39.3 1
69.2 37.6 1
71.9 17 1
75.1 18.5 1
81.8 32.7 0
77.1 8.98 1
85.9 5 1
84.6 12.4 1
84.6 34.2 0
67.9 17 1
69.9 18.3 1
83 31.5 0
66.5 5.5 1
65.4 6.6 1
71.2 41.7 0
83.8 2.95 1
63.6 34.1 1
82.9 10.2 1
67.4 37.6 1
63 21.2 1
86.1 40 0
84.5 10.6 1
82.3 41.6 0
84.6 32.3 0
75.6 20.2 1
63.3 22.8 1
83.9 42 0
87 16 0
87 23.6 0
74.5 41.7 0
68.6 22.8 1
86.8 26.8 0
73.8 32.1 0
81.6 0.775 1
88.7 39.1 0
88.7 9.05 1
88.7 36 0
88.7 5.95 1
61.3 39.1 1
61.3 36 1
72.4 31 1
78 0.95 1
61.3 24.2 1
72.4 29.6 1
80.8 43.8 0
79 43.8 0
63.7 12.5 1
89.4 28.8 0
61.3 14.1 1
66.9 43.9 0
73.2 1.15 1
89.4 23.6 0
61.3 15.9 1
89.1 31.8 0
89.1 13.2 1
60.8 9.05 1
60.8 5.95 1
88.2 43.2 0
62 43.1 0
85.3 44.2 0
62.1 2.05 1
60.9 19.8 1
85.3 0.85 1
88.2 1.8 1
66.7 0.775 1
73.4 44.2 0
89.4 16.5 0
60.6 26.3 1
61.9 27.5 1
66.3 18 1
83 13.3 1
70.2 35.8 1
83 34.6 0
83.6 23.1 0
63.2 10.7 1
82.3 21.9 0
82.7 20 0
88.8 25.6 0
87 18.2 0
88.8 20.1 0
87 21.6 0
78.3 12.6 1
83.3 18 0
82.1 16.7 0
62.5 29.7 1
62.3 32.2 1
82.8 60.5 0
81.6 77.6 0
86 88.7 1
79.3 49.9 0
73.5 78.1 0
82.8 78.8 0
72 82.6 0
72 57.7 0
76.8 65.8 0
73.1 84 0
84.3 54.6 0
73.2 87.9 0
81.5 62.5 0
78.2 67.2 0
72 62.6 0
71.8 86.5 0
63.3 96.8 0
81.9 56.7 0
76.4 48.7 0
66.5 62.4 0
77.3 61.4 0
72.8 68.2 0
75.9 62.4 0
83.1 68.5 0
75.2 77.3 0
75.5 67 0
84.2 96.9 1
73.8 66.7 0
75.6 96.1 0
81.9 67.3 0
86 50.9 0
65.3 52.5 0
67.9 63.8 0
68.3 93.2 0
66.9 91.8 0
63 76.3 0
70.3 76 0
82.7 54.9 0
83.1 65.5 0
68.1 57 0
66.7 58.4 0
63.7 84.6 0
86.8 73.4 0
82.6 96.6 0
66.9 71.6 0
84.7 65.8 0
73.4 59.1 0
63.3 77.9 0
67.4 49.6 0
84.7 67.6 0
73.4 61.2 0
68 51.3 0
62.9 47.5 0
67 52.8 0
65 66.6 0
65.3 72.5 0
84.6 95.1 1
86.4 84.9 0
70.3 73.5 0
72.2 72.2 0
66.7 66.3 0
80.8 98.8 0
61.3 79.2 0
61.3 70.9 0
88.7 63.5 0
88.7 93.5 1
89.4 48.8 0
78.2 99.2 0
88.7 56.5 0
88.7 86.5 1
60.8 68.2 0
60.8 51.8 0
60.8 81.8 0
89.4 78.6 0
83 94.8 0
61.3 49.4 0
89.1 68.1 0
89.1 51.9 0
89.1 81.9 0
88.2 98.1 1
61.8 98.2 0
60.9 74.8 0
85.3 99.1 1
89.4 71.5 0
78.4 45.6 0
66.6 45.6 0
73.4 45.6 0
61.6 46.3 0
72.8 48.1 0
78.1 85.3 0
77 68.5 0
73.9 95.8 0
72.8 98.9 0
80 46.9 0
79.9 51.8 0
61.1 62.8 0
67.3 98.9 0
61.1 92.8 0
61.1 57.3 0
61.1 87.3 0
64 86.3 0
85.3 77.6 0
84.1 77.6 0
82 46.9 0
86.3 49.4 0
84.3 45.6 0
84.8 47.5 0
82.8 76.3 0
67.6 69.2 0
88.8 75.1 0
86.6 76.8 0
166 17.4 0
101 2.15 1
124 17.9 0
190 13.2 0
110 5.53 0
110 39.3 0
173 39.1 0
118 37.7 0
165 41.7 0
156 3.65 0
101 28.9 0
172 37.6 0
194 9.75 0
167 16.1 0
154 39.3 0
162 19.1 0
157 29.3 0
190 17.7 0
168 30.8 0
140 39.3 0
163 39.5 0
167 41.3 0
180 28.1 0
199 12.9 0
136 39.7 0
169 32 0
165 35.6 0
157 30.9 0
139 6 0
191 9.85 0
145 39.3 0
154 36.1 0
147 5.88 0
196 12.9 0
165 31.7 0
187 14 0
192 16.5 0
159 7.5 0
192 14.4 0
141 6.05 0
99.6 0.9 1
105 17.3 0
180 26.8 0
117 41 0
119 17.3 0
175 8.85 0
111 7.25 0
114 35.9 0
186 41.2 0
185 13.2 0
109 37.6 0
165 39.9 0
138 26.2 0
107 16 0
148 10.5 0
187 16.4 0
181 39.6 0
193 26.3 0
105 28.3 0
176 3.7 0
152 25.7 0
96 18.1 0
126 7.25 0
196 32.5 0
112 22.8 0
186 3.8 0
167 36.1 0
110 19.1 0
150 27.5 0
173 3.8 0
161 17.8 0
121 17 0
150 26.3 0
103 16 0
96.2 39.3 0
101 32.2 0
162 5.88 0
168 37.7 0
135 37.9 0
108 22.8 0
120 24.1 0
119 24.7 0
167 39.4 0
160 18.1 0
97.6 17.2 0
197 16.3 0
197 13.8 0
101 22 0
118 14.1 0
148 12.4 0
200 5.25 0
113 3.7 0
99.5 18.4 0
153 16.4 0
127 41.2 0
128 3.98 0
179 18.3 0
131 39.5 0
117 39.1 0
173 8.78 0
141 37.5 0
104 28.3 0
176 12.3 0
113 28.9 0
114 39.5 0
144 37.5 0
172 7.23 0
180 37.9 0
162 7.5 0
164 25.9 0
163 30.9 0
125 22.8 0
105 5.93 1
134 3.48 0
126 22.6 0
173 23.8 0
160 23.3 0
168 3.35 0
190 3.05 0
178 17.1 0
93.5 5.48 1
97.4 37.7 0
115 27.1 0
115 28.3 0
131 3.28 0
155 17.3 0
92.8 21.5 0
178 13.2 0
185 17.7 0
110 21.6 0
190 21.9 0
195 43 0
163 29.5 0
175 5.58 0
127 5.85 0
115 36.9 0
93.8 32.3 0
177 39.5 0
190 41.7 0
188 25 0
128 23.8 0
109 0.875 0
123 25.4 0
173 5.68 0
133 37.9 0
127 25.3 0
103 13.6 0
105 43 0
113 7.23 0
105 12.8 0
200 32.6 0
97.2 29.8 0
165 2.98 0
183 14.3 0
115 38.5 0
147 34.9 0
97.5 31.6 0
119 29.3 0
198 31.7 0
91 40 0
178 37.9 0
183 16.4 0
198 0.725 0
146 0.85 0
122 14.5 0
122 15.7 0
188 23.1 0
114 5.58 0
155 44.1 0
104 7.65 0
121 0.625 0
191 44.2 0
93.9 12.4 1
103 25.1 0
95.9 32.6 0
124 0.625 0
127 37.8 0
131 0.825 0
101 41.6 0
128 36.2 0
128 39.3 0
169 43.8 0
125 37.8 0
169 1.25 0
104 22 0
161 1.25 0
135 1.3 0
103 31 0
191 0.825 0
159 43.8 0
179 1.15 0
172 44.1 0
171 1.25 0
91.3 31 0
103 29.5 0
146 44.2 0
177 43.9 0
111 44.2 0
103 23.2 0
159 1.25 0
126 43.8 0
91.3 14.1 0
119 43.8 0
126 1.25 0
99.2 43.9 0
91.3 15.9 0
199 0.725 0
124 43.8 0
90.8 9.05 1
90.8 5.95 1
166 0.8 0
91.8 43.1 0
91.3 29.4 0
92.2 2.05 1
115 0.95 0
118 0.95 0
121 43.8 0
136 44.2 0
176 25.9 0
90.9 19.8 0
165 44.2 0
194 0.825 0
149 0.85 0
140 0.95 0
200 0.725 0
124 40.3 0
121 41.9 0
164 17.8 0
105 10.9 0
120 37.7 0
123 19.8 0
122 19.8 0
111 3.63 0
110 35.9 0
191 26.9 0
117 36.3 0
99.4 26.5 0
138 16.9 0
155 10.7 0
141 43.9 0
96.8 41.2 0
91 35 0
162 16.6 0
181 36.2 0
103 1.25 1
105 2.13 1
96.2 36 0
156 12.6 0
122 35.9 0
114 41.4 0
153 37.7 0
118 16 0
165 24.6 0
166 22.1 0
158 40.8 0
127 8.65 0
148 33 0
151 3.45 0
124 27.3 0
186 21.8 0
152 23.8 0
107 13.9 0
177 7.2 0
94.3 25.9 0
195 3.08 0
195 0.825 0
131 36.3 0
185 28.4 0
170 27.5 0
113 30.5 0
194 27.5 0
150 43.9 0
162 9.2 0
122 29.8 0
92.4 25.3 0
148 25.7 0
154 1.15 0
154 3.55 0
96.1 1.1 1
96.9 3.55 1
163 41.3 0
161 43.8 0
125 7.25 0
132 43.9 0
159 25.1 0
200 37.7 0
122 10.5 0
93.5 8.88 1
93.1 28.8 0
91.9 23.1 0
195 27.5 0
198 29.8 0
107 49.8 0
119 58.4 0
127 61.8 0
166 65.7 0
99.4 99.3 1
96 52.9 0
197 49.7 0
155 72.8 0
116 55.6 0
166 67.5 0
124 57.8 0
121 57.8 0
118 81.6 0
186 71.9 0
127 68.2 0
130 73.5 0
107 92.7 0
200 66.5 4
138 82.8 0
100 92.1 1
163 64.6 0
153 80.4 0
191 72.8 0
135 68.3 0
163 70.8 0
175 93.1 0
162 81 0
198 82.8 0
162 62.8 0
163 84.6 0
182 51.9 0
197 51.5 0
197 78.4 4
131 54.6 0
200 75.8 4
133 69.7 0
165 82.5 0
137 78.1 0
176 94.8 0
163 69.4 0
152 48.3 0
135 94.7 1
98.4 94.8 1
127 57.5 0
142 82.8 0
141 73.3 0
165 84.2 0
172 68.2 0
177 72 0
146 66.2 0
108 71.5 0
96.5 54.5 0
196 52.9 4
117 53.8 0
140 53.3 0
183 53.3 0
130 56.3 0
194 52.4 0
122 59.1 0
114 75.9 0
149 58.7 0
154 61 0
181 61.3 0
193 67.9 0
98.7 93.1 1
98.5 62.3 0
146 63.7 0
105 88.5 1
116 48.7 0
117 51.3 0
133 71.6 0
98.3 54.8 0
169 92.8 0
181 81.8 0
152 71.4 0
131 63.3 0
154 96.8 1
172 93.6 0
145 73.3 0
150 72.6 0
173 71.6 0
177 91.6 0
198 67.2 4
130 67.8 0
99 73.2 0
135 83.5 0
103 72.7 0
190 84.8 0
128 75.2 0
171 75.2 0
153 78.4 0
192 85.4 0
132 84.7 0
152 69.3 0
179 82.6 0
191 61.3 4
155 93.2 1
153 84.7 0
148 68.8 0
95.7 96.8 1
123 65.5 0
148 71.3 0
158 92 1
118 69.8 0
128 56 0
196 84.2 0
93.8 72.4 0
167 68.3 0
129 75.2 0
171 92.1 0
117 50 0
95.5 93.5 1
191 63 0
200 97 0
191 77.1 0
194 87.5 0
167 65.3 0
149 93.4 1
126 67 0
104 92.1 1
157 93.5 1
162 51.2 0
122 60.3 0
175 72.9 0
96.4 95.2 1
141 98.7 1
171 87.6 0
164 96.9 1
177 51.1 0
93.4 77.8 0
139 61.7 0
162 49.8 0
156 62.5 0
105 93.3 1
132 65.1 0
151 86.7 0
190 54.8 0
192 55.3 0
192 69.3 0
143 72 0
93.7 88.1 1
129 79.1 0
191 64.5 4
185 73.2 0
196 73.3 4
193 71.5 4
196 65.8 4
155 48.3 0
151 83.4 0
182 57.4 0
113 92.4 0
135 62 0
156 48.3 0
112 94 0
199 87.8 0
93.1 76.2 0
188 91.5 0
176 52.1 0
103 77.7 0
140 62.9 0
158 81.2 0
171 67 0
177 49.8 0
193 80.4 0
124 83.2 0
135 72.9 0
190 91.5 0
140 84.1 0
119 72.8 0
96.5 61.2 0
159 87.9 0
122 48.3 0
161 82.2 0
112 63.5 0
191 93.1 0
118 71.5 0
105 73.9 0
129 80.9 0
123 48.3 0
186 97.2 0
134 64.7 0
124 67.3 0
140 93 1
158 86.4 0
132 61.8 0
134 85.1 0
183 71.9 0
185 47.5 0
185 46.3 0
200 73.3 4
157 62.9 0
171 52.4 0
95.5 82.5 1
162 96.6 1
195 91.7 0
97.2 71.9 0
199 62.2 4
188 68.2 0
158 61.4 0
173 51.1 0
123 96.7 0
151 96.6 1
172 49.5 0
161 52.5 0
159 82.5 0
137 71.6 0
190 94.6 0
95.6 72.8 0
134 62.9 0
140 86.6 1
151 84.9 0
195 62.1 4
105 76.4 0
195 77.1 0
113 51.7 0
106 46.9 0
176 77.7 0
122 96.7 0
169 67.1 0
140 46.9 0
91 55.8 0
91 85.8 1
144 97.3 1
116 52.5 0
198 72.1 4
195 88.1 0
197 63.3 4
164 95.1 1
91.3 51 0
193 78.4 0
197 86.7 0
187 66.7 0
91.3 79.2 0
185 66.2 0
114 53 0
140 45.6 0
162 93 1
91.3 70.9 0
136 98.6 1
179 99.3 0
114 62 0
104 46.9 0
91.3 49.4 0
91 68 0
173 56.6 0
91 82 0
179 87.2 0
146 45.6 0
149 98.8 1
172 58.1 0
154 99.3 1
169 98.8 1
161 98.8 1
115 99.2 0
181 88.1 0
171 98.8 0
126 98.8 0
163 94.8 1
96.9 99.3 1
124 98.8 0
165 99.1 1
90.9 74.8 0
92.1 98 1
158 45.6 0
161 45.6 0
110 99.1 0
131 99.3 1
121 98.8 0
169 45.6 0
149 45.6 0
119 45.6 0
154 45.6 0
177 45.6 0
118 99.2 0
131 45.6 0
127 45.6 0
172 45.6 0
190 99.1 0
136 45.6 0
168 79.2 0
141 75.8 0
122 56.6 0
153 88 0
154 86.5 0
108 94.2 0
100 97.9 1
122 81.9 0
154 81.4 0
113 83.9 0
112 82.6 0
96.4 59.4 0
199 98.8 0
198 97.7 0
95.2 57.9 0
97.1 81.5 1
121 77.6 0
185 75.7 0
195 97.5 0
176 96.4 0
154 91.7 1
101 61.7 0
150 52.7 0
118 52.5 0
130 53 0
113 47.5 0
98.6 82.7 1
168 63.7 0
177 88.5 0
197 97.7 0
194 81.8 0
123 68.6 0
112 77.5 0
161 87.2 0
137 69 0
150 68.1 0
192 57.2 0
131 46.9 0
158 58.9 0
109 69.2 0
158 99 1
164 52.1 0
111 46.3 0
96.7 92 1
100 45.6 0
121 67.3 0
122 65.5 0
116 94.8 0
192 48.2 0
173 83.1 0
132 97.7 1
91 64.3 0
93.3 63.1 0
91 94.3 1
125 48.3 0
125 45.6 0
121 46.3 0
113 96.6 0
114 95.1 0
112 71 0
116 93.1 0
149 48.3 0
145 47.7 0
143 48.3 0
191 47 0
189 47 0
183 50.1 0
168 80.7 0
104 95.6 1
104 98.7 1
168 94.4 0
117 82.9 0
131 86.5 0
130 93.2 1
133 49 0
135 48.3 0
174 81.9 0
169 81.9 0
164 45.6 0
166 47.5 0
128 93.5 0
128 63.3 0
97.9 48.3 0
99.8 47.7 0
127 48.3 0
170 76.2 0
108 79.1 0
108 67.9 0
97.8 84.3 1
96.1 84 1
124 63.6 0
30.5 34.7 1
31.4 12.5 1
8.38 17.7 1
42.5 23.4 1
6.6 27.7 1
1.3 0.825 1
48.7 12.9 1
4.9 10.2 1
53 18.6 1
1.25 38.9 1
53 24 1
18.5 27.6 1
44.1 12.6 1
50.4 32 1
35.7 18 1
0.575 1.98 1
42.8 36.3 1
46.3 18.1 1
45 18.1 1
53.1 14.7 1
0.5 27.4 1
49 16.9 1
53 16.1 1
0.5 26.1 1
45.9 27.5 1
45.9 28.8 1
46.3 21.8 1
22 39.6 1
39.8 22 1
44.4 4.88 1
47.5 14.1 1
49 22.9 1
50.2 22.9 1
47.7 15.6 1
3.88 1.98 1
9.98 18.6 1
53 25.3 1
44.1 10.7 1
29.8 32.8 1
17.7 4.63 1
22.3 9.9 1
16.1 32.9 1
0.4 22.4 1
41.2 22.2 1
42.5 13.4 1
16.6 38 1
21 38 1
12.5 9.98 1
37.5 12 1
4.18 32 1
33.8 10.6 1
16.7 14.9 1
16.7 16.2 1
2.9 0.825 1
17.4 34.1 1
26.5 34.9 1
21.5 22.5 1
48.8 32.1 1
42.5 10.3 1
18.8 10.2 1
36.4 28 1
49 28.1 1
50.3 28.1 1
47.7 24.2 1
19.9 32.4 1
17.7 5.88 1
17.2 26.3 1
13.7 22.7 1
42.5 19.7 1
42.5 20.9 1
12.9 6.93 1
51.6 2.03 1
24.6 22.6 1
33 13.6 1
51.6 43 1
38.9 28 1
48.4 2.05 1
58.1 19 1
3.15 35.4 1
57.8 40.1 1
57.8 10.1 1
57.8 4.93 1
57.8 34.9 1
38.4 32.2 1
36.3 13.3 1
42 38.1 1
54.8 32.8 1
54.1 40.2 1
48.2 42.9 1
7.85 29 1
58.1 15.6 1
0.475 33.5 1
58.1 26.3 1
0.675 9.1 1
54.2 4.9 1
5.53 12.1 1
12.5 13.1 1
57.9 30.9 1
17.2 30.1 1
17.2 28.8 1
27.9 32 1
51.7 38.1 1
41.6 43 1
1.93 0.825 1
9.18 22.7 1
51.9 7.03 1
9.73 5.28 1
53.1 35 1
35.1 28 1
5.58 22.2 1
41.8 6.95 1
0.525 5.55 1
21 42.8 1
21 2.2 1
57.9 14.2 1
17.2 25.1 1
2.38 23.6 1
41.8 2.13 1
18.8 43.1 1
8.85 10.1 1
58.1 29.4 1
5.2 43 1
40.2 17.7 1
2.58 30.9 1
26.4 33 1
41.3 12.2 1
40.1 28 1
0.15 37.1 1
58.7 37.5 1
58.7 7.5 1
44.4 40.2 1
54.2 17.4 1
55.5 17.4 1
12.7 16.5 1
47.5 30.9 1
10.5 20.3 1
21 11.8 1
21.5 32.7 1
14 42.8 1
54.3 22.8 1
55.5 22.8 1
10.4 27.7 1
9.1 27.7 1
52.5 39.8 1
52.6 5.3 1
16.3 43.1 1
25.4 42.9 1
7.38 12.9 1
32.7 25 1
42.8 39.8 1
22.6 16.6 1
42.7 5.33 1
2.6 29.4 1
22.4 29.9 1
11.9 5.38 1
37.2 30.9 1
25.3 2.1 1
37.9 19.6 1
8.9 12 1
37.9 2.35 1
37.9 42.7 1
13.8 11.9 1
9 2.1 1
19.1 38 1
13.2 2.2 1
22.6 25.2 1
15.4 12.2 1
22.8 23.8 1
17.2 39.9 1
18.5 39.9 1
19.8 17.6 1
54.7 34.6 1
21.4 17.9 1
2.38 25.5 1
22.7 31.4 1
7.45 23.5 1
19.4 12.1 1
47.8 29.4 1
2.55 44.2 1
37.5 16.7 1
34.5 22.4 1
44.4 43.4 1
54.4 1.63 1
54.4 43.4 1
28.4 1.15 1
38.7 17.9 1
32.8 23.2 1
28.4 43.9 1
47.5 20.6 1
47.5 19.3 1
7.05 43.9 1
34.4 12.5 1
30.2 1.93 1
7.48 1.15 1
1.1 35.4 1
14.7 27.6 1
16 27.6 1
11.6 44.1 1
30.2 43.1 1
37.6 29.2 1
12.6 25.4 1
13.9 17.7 1
31.9 0.775 1
31.9 44.2 1
12.5 24 1
47 44.2 1
59.1 42 1
59.1 33.1 1
34.8 1.88 1
57 44.2 0
36.7 1.1 1
36.7 43.9 1
34.8 43.1 1
59.4 22.3 1
15.5 17.4 1
47.1 0.8 1
59.4 17.8 1
59.1 12 1
59.1 3.05 1
43 0.875 1
57 0.85 1
23.2 44.1 1
23.2 0.95 1
52.8 44.2 1
52.8 0.775 1
12 0.95 1
42.8 44.2 1
17.5 0.625 1
59.4 27.5 1
17.5 44.4 1
48.6 5.33 1
49.4 7.03 1
3.3 38.9 1
4.25 37.1 1
0.95 43 1
32 10.6 1
54.7 13.9 1
53 21.5 1
51.7 30.8 1
51.5 29.4 1
51.7 17.4 1
44.7 1.68 1
7.85 26.5 1
19.7 27.6 1
3.85 28.2 1
5.85 8.43 1
7.68 8.43 1
43.7 22.2 1
12.2 20.2 1
24.2 21 1
14.8 6.93 1
16 10.3 1
47.8 26.9 1
33.1 15.7 1
22.4 21 1
37.6 26.7 1
17.8 36.8 1
22.7 14.7 1
36.2 19.7 1
15.1 22.9 1
19.4 8.35 1
21.4 8.35 1
58.1 21.1 1
58.1 25 1
56.3 28.8 1
56.3 27.5 1
16.3 1.88 1
18.8 1.88 1
24.4 17.9 1
8.58 42.9 1
21.8 5.58 1
17.9 88.9 0
42.7 54 0
22.8 53.8 1
35.7 82.9 0
21.5 75.6 0
1.33 98.8 1
21.9 78.4 0
8.1 79.4 1
21.8 81.5 0
45.5 64.6 0
5.38 63.8 1
1.23 67.2 1
53.2 71.4 0
54.8 55.5 0
24 52.5 1
9.13 58.2 1
53.2 73.9 0
17.2 58.9 1
11.8 49.6 1
32.7 84.3 0
37 84.2 0
27.8 79 0
53.1 79.7 0
37.2 79.9 0
10.8 77.4 1
47.6 50.3 1
11.1 75.8 1
24.7 83.8 0
39.8 77.9 0
53.1 55.8 0
27.4 82.8 0
48.2 56.4 0
24.3 66.5 1
36.4 65.4 0
41.2 78.1 0
18.5 57.6 1
17.2 60.1 1
28.5 81.4 0
2.93 98.8 1
3.1 67.9 1
0.8 52.2 1
1.95 98.8 1
11.5 51.2 1
47.9 80 0
20.6 77.2 0
54.4 51.6 0
5.65 65.6 1
53.3 81.1 0
16.3 93.2 0
7.55 88.4 1
16.6 82.6 0
53.6 59.5 0
39 88.2 0
19.1 87.6 0
47.8 70 0
52.3 57.6 0
58.1 70.6 0
46.9 60.6 0
22.3 87.8 0
22.2 71.3 0
18.8 46.9 1
47.3 51.8 1
51.5 52 0
13.1 53.9 1
16 57.6 1
56.6 81.2 0
12.9 75.8 1
21.9 62.5 1
41.4 52.3 1
4.98 67.2 1
58.1 74 0
57.9 50.9 0
57.8 69.1 0
37.2 81.5 0
26.9 92.1 0
17.9 81.4 0
29.3 86.8 0
19.2 77.4 0
8.05 49.6 1
13.1 57.9 1
23.4 85 0
1.65 58.3 1
0.35 57.4 1
4.55 52.2 1
5.98 46.9 1
10.3 56.7 1
3.6 58.3 1
4.9 57.4 1
1.03 87.8 1
45.3 95.3 0
42.6 89.4 0
35.5 97.8 0
20.9 72.5 0
8 81.4 1
58.1 49.4 0
23.7 86.7 0
42.7 51 1
39.4 46.9 1
17.2 56.4 1
20 46.9 1
39.7 67.7 0
51.6 98 0
41.6 98 0
32.8 88.2 0
47.3 54.8 0
20.8 98 0
47.9 93.3 0
49.1 72.8 0
23.1 65.3 1
23.4 63.6 1
17.9 83.9 0
16.3 46.9 1
28.3 93.5 0
2.68 51.5 1
2.68 49.6 1
39.2 98 0
38.4 82.7 0
12.1 56.4 1
32.4 67.8 0
57.5 90 0
57.5 60 0
17.9 80.1 0
42.5 49.6 1
48.2 97.9 0
19.9 52.2 1
9.48 46.9 1
10.7 46.9 1
20.5 82.8 0
47.7 81.5 0
4.73 46.9 1
15.2 77.6 0
18.8 98.1 0
48.6 53 0
35.1 66.7 0
33.4 66.4 0
47.5 68.5 0
54.6 77.6 0
55.8 77.6 0
8.05 50.9 1
14.4 46.9 1
47.2 64.2 0
5.65 85.3 1
31.4 86.8 0
19.1 82.6 0
13.8 77.4 1
28.8 98.9 0
31.3 98.9 0
40.6 46.9 1
54.4 72.6 0
55.7 72.6 0
16.3 98.1 0
48.2 62.6 0
18.2 69.7 1
18.2 71 1
42.4 79.3 0
19.4 72.2 0
57.8 95.1 0
57.8 65.1 0
8.95 83.9 1
57.9 84.9 0
12.5 78.6 1
42.4 70.4 0
42.6 80.7 0
42.1 85.8 0
9.58 51.9 1
50.6 82.7 0
58.7 62 0
58.7 92 0
50.5 67.4 0
58.7 58 0
58.7 88 0
52.8 50.7 0
47 94.9 0
54.9 82 0
21.3 52.3 1
30 46.3 1
45.3 98.3 0
55.3 98.3 0
12 45.6 1
4.08 88 1
41.3 67.7 0
42.6 69 0
13.2 97.8 0
5.38 87.1 1
7.23 45.6 1
24.8 47.5 1
24.8 46.3 1
2.53 45.6 1
41.3 87.5 0
35.9 46.9 1
52.6 49.3 0
16.9 95 0
18.1 95 0
22.6 51.1 1
59.4 72.8 0
47 99.1 0
57 99.1 0
22.4 49.7 1
12 99 0
48.8 67.2 0
59.4 77.3 0
48.9 82.8 0
28.1 45.6 1
31.9 45.6 1
7.75 99.3 0
42.8 99.2 0
52.8 99.2 0
34.6 46.9 1
9.53 82.4 1
59.1 96.9 0
59.1 66.9 0
59.1 83.1 0
59.1 53.1 0
47.3 45.6 1
23.1 99.2 0
37 99.2 0
57.3 45.6 0
37.1 45.6 1
52.7 45.6 1
58.5 46.3 0
22.9 45.6 1
42.7 45.6 1
17.5 45.6 1
59.4 47.5 0
17.5 99.4 0
44.3 53.7 1
44.3 51.9 1
8.38 67.4 1
7.8 65.8 1
1.65 60.9 1
6.85 68.4 1
16.6 87.6 0
3.6 60.9 1
31 81.4 0
0.425 98.1 1
9.88 85.7 1
17.5 48.1 1
51.7 68.6 0
45.8 67.7 0
43.7 95 0
36.7 85.9 0
5.23 53.8 1
18.6 50.9 1
50.1 48.1 1
51.3 48.1 1
17.9 86.4 0
44.2 81.6 0
20.2 63.1 1
27.9 88.2 0
19.4 68.5 1
9 53.5 1
56.5 55.9 0
58.1 76.1 0
25.3 96.3 0
56.9 79.7 0
27 96 0
33.8 97.5 0
9.28 98.3 0
32.2 63.9 0
51.9 72.6 0
53.2 75.1 0
17.9 90.1 0
47.9 74.1 0
20.8 68.3 1
22.1 69.5 0
12.3 80.5 1
44.4 49 1
45.4 46.3 1
54.5 48.7 0
55.4 46.3 0
18.6 75.5 0
40 82.7 0
17.3 75.5 0
47.9 75.3 0
76.6 39.3 0
69.5 10.2 1
80 38 0
73.7 36.1 0
77.4 28.4 0
70.5 8.38 1
80.9 22.6 0
79.5 22.4 0
78.6 27.1 0
71.9 39.8 0
82 18.8 0
74.8 37.2 0
70.2 12.1 1
66.1 10.8 1
83.1 28.7 0
66.9 25 1
72.4 8.38 1
79.9 27.1 0
78.4 19.5 1
88.1 19 0
66.9 29.7 1
87.8 40.1 0
87.8 10.1 1
87.8 4.93 1
87.8 34.9 0
88.1 26.3 0
74.8 38.7 0
62.3 40 1
62.3 35 1
84.2 4.83 1
81.6 43 0
74.2 22.6 1
81.8 6.95 1
82 38 0
67 13.8 1
62 23.4 1
72 12.9 1
73.7 39.8 0
79 2.2 1
66.8 23.2 1
78 16.6 1
65.7 34.3 1
85.7 17.3 0
88.1 15.6 0
87.9 30.9 0
88.7 37.5 0
88.7 7.5 1
61.3 37.5 1
80.8 2.03 1
76.1 27.1 0
64.8 20.8 1
67.1 31.5 1
73.6 11.9 1
84.3 40.1 0
70.5 22.2 1
87.9 14.2 1
65.4 42.9 0
61.9 28.8 1
62.2 16.8 1
74.7 2.1 1
82.6 5.23 1
88.1 29.4 0
84.5 22.4 0
85.8 22.4 0
77.9 42.7 0
73.5 10 1
72.4 25.3 1
82.7 39.7 0
77.4 25.9 0
77.2 24.4 0
85 28.1 0
85 26.8 0
65.1 22.4 1
74.9 27.1 1
61.7 20.6 1
62.4 13 1
84.4 43.4 0
71.7 1.15 1
68.4 43.9 0
60.8 7.5 1
84.4 1.63 1
69.8 1.93 1
72.5 23.4 1
79.2 17.8 1
61.9 9.83 1
61.9 5.18 1
80.7 17.6 1
65.6 32.4 1
70.2 43.1 0
61.1 11.7 1
61.1 3.3 1
65.6 12.7 1
68.2 0.775 1
71.9 44.2 0
61 41.9 1
61 33.2 1
89.1 42 0
89.1 33.1 0
87 44.2 0
65.3 1.88 1
89.4 22.3 0
76.7 43.9 0
63.4 1.1 1
74.8 43.1 0
60.9 18.1 1
89.4 17.8 0
89.1 12 1
89.1 3.05 1
60.8 22.2 1
87 0.85 1
76.8 0.95 1
63.2 44.1 0
82.8 0.775 1
82.8 44.2 0
89.4 27.5 0
60.6 27.5 1
61.9 25.6 1
63.8 26.3 1
63.8 27.5 1
78.4 5.4 1
79.3 6.95 1
82.2 23.9 0
82.2 25.1 0
83.3 21.1 0
65 9.73 1
88.1 24.4 0
88.1 21.1 0
69 32.2 1
84.5 17.3 1
83.2 16 1
63.5 31.3 1
79 78.5 0
75.8 52.8 0
82.3 89.6 0
72.4 93.3 0
83.1 71.3 0
83.1 73.8 0
84.7 82.9 0
73.8 91.9 0
75.9 74.5 0
78.2 56.8 0
64.9 83.6 0
67.7 82.4 0
76.6 94.8 0
84.3 51.7 0
66.5 87.8 0
76.7 55.7 0
66.6 83.9 0
77 54 0
77.4 49.9 0
67.9 86.4 0
76.3 93.1 0
75.5 72.8 0
77.7 74.5 0
88.1 74 0
81 87.6 0
84.3 72.5 0
85.6 72.5 0
75.5 97.8 0
62.3 84.5 0
62.3 54.5 0
64.5 97.8 0
62.3 95.5 0
62.3 65.5 0
64.8 75.9 0
88.1 79.4 0
88.1 70.6 0
62 78.4 0
81.6 98 0
78.5 72.8 0
87.9 50.9 0
83.1 85 0
87.9 80.9 0
77.7 79.7 0
77.3 87.3 0
87.8 69.1 0
66.9 78.3 0
80.5 82.5 0
79.2 98 0
87.5 60 0
87.5 90 1
84.7 84.7 0
62.2 71.8 0
77.2 51.3 0
62.1 50.8 0
62.1 80.8 0
62.1 69.2 0
78.7 88.4 0
61.9 48.8 0
88.1 49.4 0
68.8 98.9 0
71.3 98.9 0
87.8 65.1 0
87.8 95.1 1
87.9 84.9 1
87.9 54.9 0
65.1 77.5 0
82.7 50.8 0
77.2 71.5 0
61.7 75.6 0
84.4 98.3 1
61.1 91.3 0
61.1 61.3 0
61.1 58.8 0
61.1 88.8 0
88.7 92 1
88.7 62 0
77.7 81.3 0
88.7 58 0
88.7 88 1
78.9 82.6 0
70 47.5 0
70 46.3 0
82.5 49.4 0
78.5 52.6 0
64.8 47.5 0
64.8 46.3 0
75.9 46.9 0
89.4 72.8 0
60.9 73.1 0
87 99.1 1
89.4 77.3 0
68.1 45.6 0
71.9 45.6 0
60.8 77.2 0
82.9 99.2 0
74.6 46.9 0
89.1 66.9 0
89.1 96.9 1
89.1 53.1 0
89.1 83.1 1
63.1 99.2 0
60.8 97 0
60.8 67 0
77 99.2 0
60.8 83.1 0
60.8 53.1 0
87.3 45.6 0
77.1 45.6 0
88.5 46.3 0
62.9 45.6 0
82.7 45.6 0
89.4 47.5 0
60.6 47.5 0
74.1 53.1 0
81 91.6 0
81.8 81.3 0
76.2 82.8 0
77.5 84 0
73.8 97.5 0
80 48.1 0
81.3 48.1 0
78.7 90.9 0
81.4 52 0
62.6 63.8 0
66.2 97.5 0
62.6 93.8 0
62.6 56.2 0
62.6 86.2 0
84.4 48.8 0
85.4 46.3 0
80 72.5 0
73 51.6 0
88.1 76.1 0
127 17.9 0
100 0.9 1
109 10.8 0
99.2 12.5 0
190 29.2 0
121 9.93 0
123 33.6 0
131 7.75 0
156 26.5 0
130 19.6 0
161 33.8 0
158 10.4 0
157 21 0
159 34 0
131 22.2 0
156 5.53 0
98.7 5.58 1
162 35.7 0
136 34.6 0
134 28.1 0
134 26.8 0
115 21.6 0
158 38.9 0
102 1.25 1
98.9 0.9 1
102 36.3 0
127 31.4 0
185 35.9 0
148 38.8 0
195 6.63 0
145 19.1 0
118 23.4 0
127 28.6 0
167 13.4 0
101 2.15 1
140 19.2 0
103 1.25 1
135 19.3 0
132 17 0
162 13.7 0
149 21.6 0
115 32.6 0
191 34.3 0
154 10.1 0
161 23 0
140 34.5 0
195 19.2 0
161 37.4 0
158 15.4 0
156 21 0
167 28.5 0
182 6.23 0
185 32.4 0
158 22.6 0
185 26.1 0
106 32.6 0
189 7.4 0
131 6.2 0
170 17.7 0
130 17.9 0
159 37.4 0
168 21 0
168 19.8 0
199 7.03 0
146 10.2 0
173 30.6 0
199 26.8 0
190 38.1 0
158 35.8 0
134 6.93 0
174 19.7 0
149 10.2 0
112 26.2 0
119 22.1 0
147 13.3 0
175 18 0
138 10.1 0
137 23 0
192 4.93 0
126 32.6 0
122 28.7 0
162 24.2 0
120 22.3 0
96.8 25.3 0
195 39.2 0
122 26.2 0
117 6.5 0
118 20.5 0
154 12 0
170 22.1 0
147 31.5 0
124 32.3 0
185 39.3 0
195 35.8 0
132 26.2 0
192 29.8 0
169 22.3 0
149 33.5 0
193 22.9 0
133 23 0
95.4 7.95 1
186 37.6 0
113 12.6 0
101 38.1 0
138 31.5 0
110 2.05 0
168 6.93 0
185 5.65 0
104 39.8 0
154 32.4 0
155 22.6 0
177 30.1 0
165 10.7 0
118 26.2 0
197 1.18 0
186 43 0
130 26.8 0
188 29.8 0
173 26.5 0
143 26.4 0
168 2.05 0
169 27.3 0
198 23.7 0
192 31.3 0
108 26.2 0
166 26.6 0
166 27.9 0
152 12.9 0
145 2.2 0
157 25.3 0
120 8.05 0
162 2.13 0
130 28.1 0
198 1.9 0
91.9 26.3 0
133 5.35 0
92.3 39.1 0
190 43 0
92.2 31.9 0
181 11.6 0
162 25.5 0
168 42.9 0
118 8.05 0
134 2.13 0
196 37.6 0
122 25 0
145 28.2 0
145 27 0
172 19.7 0
96.7 23.5 0
110 12.7 0
152 31.4 0
142 23 0
145 34.6 0
179 21.9 0
172 18 0
95.4 6.4 1
188 31.6 0
186 7.38 0
97.3 13.6 0
150 37.1 0
167 24.8 0
113 17.4 0
110 32.7 0
92.2 16.8 0
135 21.8 0
124 43.1 0
132 13.5 0
132 32.8 0
132 5.15 0
183 23.6 0
191 39.8 0
96.7 5.43 1
143 12 0
176 34.7 0
91.9 28.8 0
171 42.8 0
165 12.6 0
140 32.6 0
195 21.7 0
181 2.03 0
115 20 0
194 4.95 0
112 13.5 0
140 21.7 0
127 13.2 0
91.3 37.5 0
152 29.6 0
158 42.8 0
186 2.03 0
173 16.7 0
108 31.8 0
142 13.3 0
175 42.9 0
167 5.23 0
178 31.9 0
117 29.9 0
121 43.1 0
181 7.93 0
190 1.98 0
166 4.85 0
121 1.88 0
173 29 0
157 23.8 0
158 13.5 0
94.6 21.1 0
110 43 0
172 12.3 0
150 12 0
145 12 0
190 32.4 0
154 42.9 0
182 29.8 0
124 1.88 0
183 31.3 0
119 2.2 0
126 11.9 0
92.4 13 1
124 12.4 0
101 43 0
144 43 0
158 2.2 0
137 12 0
198 25.6 0
117 9.6 0
102 39.8 0
133 31.9 0
147 22.9 0
98.3 0.9 1
145 21.6 0
127 42.8 0
161 12.4 0
135 32.7 0
114 2.13 0
178 43.9 0
131 12.4 0
167 26 0
199 1.9 0
173 13.6 0
94.9 44.1 0
148 35.4 0
130 1.93 0
137 2.25 0
200 43 0
180 43 0
95 22.7 0
159 12.3 0
95.3 1.1 1
118 32.9 0
138 13.4 0
176 22.4 0
176 32.8 0
135 43 0
91.7 20.6 0
109 27.5 0
143 31.8 0
183 25.5 0
154 5.43 0
90.8 7.5 1
198 43.8 0
122 4.48 0
172 2.2 0
127 2.35 0
117 31.7 0
175 0.95 0
115 18.3 0
115 43.9 0
199 0.725 0
112 1.18 0
164 43.4 0
150 2 0
91.9 9.83 1
108 43.9 0
91.9 5.18 1
118 42.7 0
182 44.1 0
165 1.68 0
182 0.875 0
182 9.65 0
93.4 1.1 1
117 0.95 0
96.3 42.9 0
97.8 43.9 0
152 43.9 0
91.1 11.7 1
91.1 3.3 1
128 1.1 0
102 44.2 0
138 0.95 0
175 27.1 0
175 28.4 0
114 43.1 0
95.9 12.5 1
188 43.9 0
145 32.7 0
143 2.3 0
108 0.875 0
147 44.2 0
91 41.9 0
91 33.2 0
111 27.5 0
178 1.15 0
147 0.85 0
122 5.73 0
138 44.2 0
178 23.2 0
176 2.1 0
152 1.15 0
163 0.875 0
173 44.1 0
133 43.9 0
126 27.4 0
121 27.5 0
117 43.9 0
133 0.825 0
192 0.825 0
167 0.8 0
167 44.2 0
90.9 18.1 0
192 44.2 0
90.8 22.2 0
93.1 44.1 0
157 44.1 0
142 0.95 0
163 44.2 0
188 1.15 0
178 25 0
157 0.95 0
128 44.1 0
173 0.95 0
143 43.9 0
200 0.725 0
119 27.5 0
112 44.2 0
90.6 27.5 0
123 0.625 0
123 44.4 0
122 41.3 0
123 41.3 0
128 19.6 0
128 16.6 0
142 18 0
174 34.8 0
98.6 8.95 1
137 8.63 0
108 29.9 0
164 23 0
162 21.7 0
172 31.8 0
104 36.4 0
105 38.1 0
200 22.5 0
140 43 0
92.3 36 0
161 26.7 0
141 28.2 0
141 27 0
132 8.8 0
133 8.55 0
96.6 9 1
145 8.63 0
99.7 7.28 1
154 28.4 0
115 9.7 0
167 10.2 0
165 23 0
150 5.33 0
123 27.5 0
168 12.1 0
93.8 26.9 0
93.8 28.1 0
147 28.9 0
196 2 0
172 27.7 0
184 9.68 0
120 11.8 0
119 11.5 0
149 43 0
134 12.1 0
152 8.43 0
151 8.43 0
123 31.1 0
143 28.9 0
132 28.7 0
155 2.1 0
97.1 2 1
162 43 0
124 10.5 0
130 42.9 0
160 26.7 0
138 30 0
180 32.7 0
143 8.63 0
142 10.1 0
122 32.3 0
93.2 23.9 0
149 19.1 0
147 17.9 0
98.5 51 0
167 72.8 0
127 49.6 0
163 78.5 0
116 81.8 0
168 71.5 0
199 98.8 0
138 58.3 0
123 80.9 0
160 73.3 0
177 54.9 0
163 57.6 0
98.7 99.3 1
163 74.8 0
163 76 0
110 89.4 0
134 96.3 1
148 80.6 0
92.7 47.5 0
141 57.2 0
102 98.6 1
157 70.3 0
198 98.8 0
115 76.3 0
144 78.1 0
103 98.6 1
123 79.6 0
177 67.4 0
120 83 0
121 82.9 0
98 65.4 0
149 62.6 0
185 82.8 0
172 76.1 0
103 86.1 1
153 50.9 0
109 52.7 0
152 55 0
173 61.7 0
178 79.9 0
126 52.5 0
134 77.2 0
153 49.5 0
99.9 57.2 0
113 87.5 0
124 74.3 0
122 74.3 0
122 52.1 0
180 93.2 0
177 65.8 0
125 78.4 0
126 78.2 0
127 71.5 0
159 73.6 0
179 62.5 0
180 94.9 0
168 74 0
168 75.3 0
143 60.7 0
149 76.9 0
124 93 0
155 67.6 0
164 89.5 0
137 51.6 0
146 84.4 0
180 74.2 0
171 77.7 0
174 63.2 0
156 75.4 0
118 77.8 0
182 78 0
181 92.2 0
164 59.5 0
108 54.2 0
199 92.7 0
174 76.1 0
173 85.9 0
133 50.9 0
148 92.4 1
165 77.3 0
164 77.3 0
124 52.1 0
178 68.4 0
105 61.8 0
157 49.5 0
133 58.5 0
99.8 88.4 1
168 52.1 0
109 87.9 0
167 56 0
153 95.3 1
199 58.2 4
139 97.3 1
110 73.9 0
154 58.1 0
190 51.7 0
92 78.4 0
131 77.6 0
131 81.4 0
173 80.7 0
124 46.9 0
115 77.9 0
158 52.4 0
145 57 0
97 68.4 0
101 58.2 0
106 63 0
184 57.2 0
171 73 0
117 87.4 0
135 52.3 0
96.9 78.2 0
121 93 0
143 51.5 0
169 72.8 0
95.5 87.2 1
159 76.9 0
123 71.2 0
114 66.4 0
121 46.9 0
111 56 0
175 86.2 0
100 52.2 0
187 56.3 0
125 87.6 0
160 67.3 0
119 66.5 0
91.9 48.8 0
175 62.9 0
157 51.2 0
182 67.7 0
92.2 52 0
136 89.1 1
92.2 71.8 0
183 92.2 0
167 89.5 0
118 88.6 0
155 51.9 0
168 57.6 0
125 82.1 0
110 76.4 0
109 46.9 0
145 76.9 0
166 59.5 0
119 62.3 0
126 72.8 0
184 95.7 0
114 67.9 0
187 52.3 0
178 55.1 0
162 98 1
103 53 0
134 55.6 0
151 93.3 1
144 46.3 0
141 47.5 0
141 46.3 0
188 79 0
98.4 87.5 1
174 77.7 0
190 81.8 0
120 63 0
197 57.1 4
157 56.2 0
167 85.9 0
112 86.1 0
132 78.5 0
109 63.9 0
197 93.8 0
118 91.1 0
91.9 57.3 0
91.9 87.3 1
151 63.5 0
159 46.9 0
145 96.1 1
148 88.1 1
117 63.3 0
127 79.4 0
199 98.8 0
104 83.6 1
196 58.5 4
180 57.8 0
188 85.9 0
117 80.5 0
122 85.4 0
122 84.2 0
167 50.9 0
147 78.1 0
168 97.9 1
92.2 81 0
151 98.1 1
168 87.6 0
109 99.1 0
156 46.9 0
157 68.4 0
144 92.3 1
110 86.4 0
187 82.5 0
180 76.7 0
140 66.7 0
178 78 0
94.8 75.8 0
185 93.3 0
92.2 69 0
150 47.5 0
150 46.3 0
105 58.6 0
185 88.1 0
199 46.9 0
102 82.1 1
117 65 0
175 99 0
147 51.4 0
124 98.1 0
185 58.5 0
127 86.7 0
126 88.2 0
142 68.1 0
173 78.9 0
95.2 77.4 0
128 81.2 0
143 58.3 0
151 95 1
177 61.4 0
135 92.2 1
179 56.9 0
155 56.6 0
146 52.7 0
124 72.5 0
108 62.5 0
135 97.9 1
137 98.6 1
102 51.5 0
196 96.3 0
146 93.6 1
171 46.9 0
169 46.9 0
180 67 0
136 91.3 1
117 79.1 0
103 57.2 0
167 49.4 0
158 75.3 0
187 58 0
146 86.9 1
144 88.1 1
108 57.8 0
161 46.9 0
114 98.2 0
130 47.5 0
179 65.4 0
154 54.8 0
112 68.7 0
102 68.1 0
132 80.4 0
126 82.5 0
136 58.3 0
123 94.8 0
122 94.8 0
164 98.3 1
91.7 75.6 0
121 98.1 0
148 98.8 1
104 66.8 0
180 47.5 0
180 46.3 0
188 50.9 0
176 98.3 0
193 97.7 0
102 49.6 0
130 46.3 0
155 46.9 0
158 67.1 0
108 97.7 0
96.1 65.8 0
187 87.6 0
123 49.6 0
123 50.8 0
155 98.3 1
175 47.5 0
175 46.3 0
188 49.5 0
198 45.6 0
188 99.1 0
108 45.6 0
91 58.8 0
91 88.8 1
91 61.3 0
91 91.3 1
127 97.8 1
135 57.3 0
188 97.6 0
135 46.3 0
96.6 88.7 1
119 97.9 0
188 81.1 0
93.3 99 1
130 98.3 1
151 65.3 0
95.5 67.4 0
178 45.6 0
182 45.6 0
109 56.3 0
176 84.4 0
172 97.8 0
167 99.1 1
90.9 73.1 0
157 99 1
143 98.7 1
98.1 99.3 1
117 99.2 0
96.1 99.3 1
173 99 0
102 45.6 0
192 99.1 0
152 99.3 1
163 99.2 1
90.8 77.2 0
128 99 1
148 45.6 0
91 66.8 0
91 96.8 1
91 83.3 1
91 53.3 0
95.2 98.3 1
138 45.6 0
112 99.1 0
192 45.6 0
157 45.6 0
173 45.6 0
163 45.6 0
167 45.6 0
188 45.6 0
152 45.6 0
133 99.3 1
97.5 45.6 0
123 45.6 0
178 99.3 0
133 45.6 0
92.7 45.6 0
113 45.6 0
91.5 46.3 0
128 45.6 0
90.6 47.5 0
117 45.6 0
143 45.6 0
123 99.4 0
164 73.5 0
113 48.1 0
191 50.8 0
114 82.3 0
113 81 0
127 51.2 0
131 96.7 1
101 97.9 1
100 99.3 1
113 57.4 0
123 53.3 0
118 84.2 0
156 76.9 0
163 55.9 0
165 55.5 0
187 60.1 0
98.8 77 0
133 91.1 1
162 77.3 0
152 56.8 0
112 89.3 0
179 53.6 0
197 98.8 0
117 76.3 0
158 78.1 0
95.1 64.1 0
113 78.7 0
123 91.7 0
98.7 67 0
109 82.7 0
108 84.3 0
138 89.1 1
176 56.7 0
95.6 47.5 0
94.6 46.9 0
95.6 46.3 0
94.6 45.6 0
155 66.1 0
138 91.3 1
177 58.2 0
159 97.8 1
109 59.3 0
122 72.5 0
111 46.9 0
137 49.6 0
99.4 46.3 0
114 47.5 0
115 46.9 0
114 46.3 0
115 45.6 0
194 46.9 0
192 49.5 0
181 96.5 0
182 97.3 0
184 86.8 0
147 49.5 0
172 82 0
190 48.8 0
91.9 62.8 0
91.9 92.8 1
125 46.9 0
119 46.9 0
121 89.3 0
195 46.9 0
114 73.5 0
112 72.6 0
112 59.2 0
145 48.9 0
143 49.5 0
190 47.6 0
120 88 0
104 97.3 1
133 89.3 1
135 88.1 1
184 60.7 0
185 61.7 0
178 84.7 0
133 48.1 0
135 47.5 0
175 82.9 0
165 48.8 0
165 46.3 0
126 92.3 0
98.5 49.6 0
100 49 0
170 77.8 0
0.875 0.825 1
1.5 0.825 1
0.15 1.98 1
2.48 0.825 1
0.9 98.8 1
1.53 98.8 1
0 98.1 1
2.5 98.8 1
102 1.25 1
99.9 0.9 1
100 2.15 1
200 2.75 0
96.3 2 1
99.3 0.9 1
98.7 0.9 1
97.7 0.9 1
103 1.25 1
198 1.18 0
101 98.6 1
199 98.8 0
99.1 99.3 1
98.5 99.3 1
198 98.8 0
102 98.6 1
97.5 99.3 1
100 97.9 1
99.7 99.3 1
