35 37 1
149 76 0
112 74 4
0 100 1
0 95.4545 1
0 90.9091 1
0 86.3636 1
0 81.8182 1
0 77.2727 1
0 72.7273 1
0 68.1818 1
0 63.6364 1
0 59.0909 1
0 54.5455 1
0 50 1
0 45.4545 1
0 40.9091 1
0 36.3636 1
0 31.8182 1
0 27.2727 1
0 22.7273 0
0 18.1818 0
0 13.6364 0
0 9.09091 0
0 4.54545 0
0 0 0
200 100 0
195.349 100 1
190.698 100 1
186.047 100 1
181.395 100 1
176.744 100 0
172.093 100 1
167.442 100 0
162.791 100 0
158.14 100 0
153.488 100 0
148.837 100 0
144.186 100 0
139.535 100 0
134.884 100 0
130.233 100 0
125.581 100 0
120.93 100 0
116.279 100 0
111.628 100 0
106.977 100 0
102.326 100 4
97.6744 100 4
93.0233 100 4
88.3721 100 4
83.7209 100 4
79.0698 100 4
74.4186 100 4
69.7674 100 4
65.1163 100 0
60.4651 100 0
55.814 100 0
51.1628 100 0
46.5116 100 0
41.8605 100 0
37.2093 100 0
32.5581 100 0
27.907 100 0
23.2558 100 0
18.6047 100 0
13.9535 100 1
9.30233 100 1
4.65116 100 1
200 0 0
200 4.54545 0
200 9.09091 0
200 13.6364 0
200 18.1818 0
200 22.7273 0
200 27.2727 0
200 31.8182 0
200 36.3636 0
200 40.9091 0
200 45.4545 0
200 50 0
200 54.5455 0
200 59.0909 0
200 63.6364 0
200 68.1818 0
200 72.7273 0
200 77.2727 0
200 81.8182 0
200 86.3636 0
200 90.9091 0
200 95.4545 0
4.65116 0 0
9.30233 0 0
13.9535 0 0
18.6047 0 0
23.2558 0 0
27.907 0 0
32.5581 0 0
37.2093 0 0
41.8605 0 0
46.5116 0 0
51.1628 0 0
55.814 0 0
60.4651 0 0
65.1163 0 0
69.7674 0 0
74.4186 0 0
79.0698 0 0
83.7209 0 0
88.3721 0 0
93.0233 0 0
97.6744 0 0
102.326 0 0
106.977 0 0
111.628 0 0
116.279 0 0
120.93 0 0
125.581 0 0
130.233 0 0
134.884 0 0
139.535 0 0
144.186 0 0
148.837 0 0
153.488 0 0
158.14 0 0
162.791 0 0
167.442 0 0
172.093 0 0
176.744 0 0
181.395 0 0
186.047 0 0
190.698 0 0
195.349 0 0
5.7 8.6 0
5.7 13.2 0
10.3 8.6 0
10.3 13.2 0
5.7 17.8 0
10.3 17.8 0
5.7 22.4 0
10.3 22.4 0
5.7 27 1
10.3 27 1
5.7 31.6 1
10.3 31.6 1
5.7 36.2 1
10.3 36.2 1
5.7 40.8 1
10.3 40.8 1
5.7 45.4 1
10.3 45.4 1
5.7 50 1
10.3 50 1
5.7 54.6 1
10.3 54.6 1
5.7 59.2 1
10.3 59.2 1
5.7 63.8 1
10.3 63.8 1
5.7 68.4 1
10.3 68.4 1
5.7 73 1
10.3 73 1
5.7 77.6 1
10.3 77.6 1
5.7 82.2 1
10.3 82.2 1
5.7 86.8 1
10.3 86.8 1
5.7 91.4 1
10.3 91.4 1
14.9 8.6 0
14.9 13.2 0
14.9 17.8 0
14.9 22.4 0
14.9 27 1
14.9 31.6 1
14.9 36.2 1
14.9 40.8 1
14.9 45.4 1
14.9 50 1
14.9 54.6 1
14.9 59.2 1
14.9 63.8 1
14.9 68.4 1
14.9 73 1
14.9 77.6 1
14.9 82.2 1
14.9 86.8 1
14.9 91.4 1
19.5 8.6 0
19.5 13.2 0
19.5 17.8 0
19.5 22.4 0
19.5 27 1
19.5 31.6 1
19.5 36.2 1
19.5 40.8 1
19.5 45.4 1
19.5 50 1
19.5 54.6 1
19.5 59.2 1
19.5 63.8 1
19.5 68.4 1
19.5 73 1
19.5 77.6 1
19.5 82.2 1
19.5 86.8 1
19.5 91.4 1
24.1 8.6 0
24.1 13.2 0
24.1 17.8 0
24.1 22.4 1
24.1 27 1
24.1 31.6 1
24.1 36.2 1
24.1 40.8 1
24.1 45.4 1
24.1 50 1
24.1 54.6 1
24.1 59.2 1
24.1 63.8 1
24.1 68.4 1
24.1 73 1
24.1 77.6 1
24.1 82.2 1
24.1 86.8 1
24.1 91.4 0
28.7 8.6 0
28.7 13.2 0
28.7 17.8 0
28.7 22.4 1
28.7 27 1
28.7 31.6 1
28.7 36.2 1
28.7 40.8 1
28.7 45.4 1
28.7 50 1
28.7 54.6 1
28.7 59.2 1
28.7 63.8 1
28.7 68.4 1
28.7 73 1
28.7 77.6 1
28.7 82.2 1
28.7 86.8 0
28.7 91.4 0
33.3 8.6 0
33.3 13.2 0
33.3 17.8 0
33.3 22.4 0
33.3 27 1
33.3 31.6 1
33.3 40.8 1
33.3 45.4 1
33.3 50 1
33.3 54.6 1
33.3 59.2 1
33.3 63.8 1
33.3 68.4 1
33.3 73 1
33.3 77.6 0
33.3 82.2 0
33.3 86.8 0
33.3 91.4 0
37.9 8.6 0
37.9 13.2 0
37.9 17.8 0
37.9 22.4 0
37.9 27 0
37.9 31.6 1
37.9 45.4 1
37.9 50 1
37.9 54.6 1
37.9 59.2 1
37.9 63.8 1
37.9 68.4 0
37.9 73 0
37.9 77.6 0
37.9 82.2 0
37.9 86.8 0
37.9 91.4 0
42.5 8.6 0
42.5 13.2 0
42.5 17.8 0
42.5 22.4 0
42.5 27 0
42.5 31.6 0
37.9 40.8 1
42.5 40.8 0
42.5 45.4 0
42.5 50 0
42.5 54.6 0
42.5 59.2 0
42.5 63.8 0
42.5 68.4 0
42.5 73 0
42.5 77.6 0
42.5 82.2 0
42.5 86.8 0
42.5 91.4 0
47.1 8.6 0
47.1 13.2 0
47.1 17.8 0
47.1 22.4 0
47.1 27 0
47.1 31.6 0
42.5 36.2 0
47.1 36.2 0
47.1 40.8 0
47.1 45.4 0
47.1 50 0
47.1 54.6 0
47.1 59.2 0
47.1 63.8 0
47.1 68.4 0
47.1 73 0
47.1 77.6 0
47.1 82.2 0
47.1 86.8 0
47.1 91.4 0
51.7 8.6 0
51.7 13.2 0
51.7 17.8 0
51.7 22.4 0
51.7 27 0
51.7 31.6 0
51.7 36.2 0
51.7 40.8 0
51.7 45.4 0
51.7 50 0
51.7 54.6 0
51.7 59.2 0
51.7 63.8 0
51.7 68.4 0
51.7 73 0
51.7 77.6 0
51.7 82.2 0
51.7 86.8 0
51.7 91.4 0
56.3 8.6 0
56.3 13.2 0
56.3 17.8 0
56.3 22.4 0
56.3 27 0
56.3 31.6 0
56.3 36.2 0
56.3 40.8 0
56.3 45.4 0
56.3 50 0
56.3 54.6 0
56.3 59.2 0
56.3 63.8 0
56.3 68.4 0
56.3 73 0
56.3 77.6 0
56.3 82.2 0
56.3 86.8 0
56.3 91.4 0
60.9 8.6 0
60.9 13.2 0
60.9 17.8 0
60.9 22.4 0
60.9 27 0
60.9 31.6 0
60.9 45.4 0
60.9 50 0
60.9 54.6 4
60.9 59.2 4
60.9 63.8 4
60.9 68.4 4
60.9 73 4
60.9 77.6 4
60.9 82.2 4
60.9 86.8 4
60.9 91.4 4
65.5 8.6 0
65.5 13.2 0
65.5 17.8 0
65.5 22.4 0
65.5 27 0
65.5 31.6 0
65.5 45.4 4
65.5 50 4
65.5 54.6 4
65.5 59.2 4
65.5 63.8 4
65.5 68.4 4
65.5 73 4
65.5 77.6 4
65.5 82.2 4
65.5 86.8 4
65.5 91.4 4
70.1 8.6 0
70.1 13.2 0
70.1 17.8 0
70.1 22.4 4
70.1 27 4
70.1 31.6 4
65.5 36.2 4
70.1 36.2 4
65.5 40.8 4
70.1 40.8 4
70.1 59.2 4
70.1 63.8 4
70.1 68.4 4
70.1 73 4
70.1 77.6 4
70.1 82.2 4
70.1 86.8 4
70.1 91.4 4
74.7 8.6 0
74.7 13.2 0
74.7 17.8 4
74.7 22.4 4
74.7 27 4
74.7 31.6 4
74.7 36.2 4
74.7 63.8 4
74.7 68.4 4
74.7 73 4
74.7 77.6 4
74.7 82.2 4
74.7 86.8 4
74.7 91.4 4
79.3 8.6 0
79.3 13.2 4
79.3 17.8 4
79.3 22.4 4
79.3 27 4
79.3 31.6 4
79.3 36.2 4
79.3 63.8 4
79.3 68.4 4
79.3 73 4
79.3 77.6 4
79.3 82.2 4
79.3 86.8 4
79.3 91.4 4
83.9 8.6 4
83.9 13.2 4
83.9 17.8 4
83.9 22.4 4
83.9 27 4
83.9 31.6 4
83.9 36.2 4
83.9 63.8 4
83.9 68.4 4
83.9 73 4
83.9 77.6 4
83.9 82.2 4
83.9 86.8 4
83.9 91.4 4
88.5 8.6 4
88.5 13.2 4
88.5 17.8 4
88.5 22.4 4
88.5 27 4
88.5 31.6 4
88.5 36.2 4
88.5 63.8 4
88.5 68.4 4
88.5 73 4
88.5 77.6 4
88.5 82.2 4
88.5 86.8 4
88.5 91.4 4
93.1 8.6 4
93.1 13.2 4
93.1 17.8 4
93.1 22.4 4
93.1 27 4
93.1 31.6 4
93.1 36.2 4
88.5 40.8 4
93.1 40.8 4
88.5 59.2 4
93.1 59.2 4
93.1 63.8 4
93.1 68.4 4
93.1 73 4
93.1 77.6 4
93.1 82.2 4
93.1 86.8 4
93.1 91.4 4
97.7 8.6 4
97.7 13.2 4
97.7 17.8 4
97.7 22.4 4
97.7 27 4
97.7 31.6 4
97.7 36.2 4
97.7 40.8 4
93.1 45.4 4
97.7 45.4 4
93.1 50 4
97.7 50 4
93.1 54.6 4
97.7 54.6 4
97.7 59.2 4
97.7 63.8 4
97.7 68.4 4
97.7 73 4
97.7 77.6 4
97.7 82.2 4
97.7 86.8 4
97.7 91.4 4
102.3 8.6 4
102.3 13.2 4
102.3 17.8 4
102.3 22.4 4
102.3 27 4
102.3 31.6 4
102.3 36.2 4
102.3 40.8 4
102.3 45.4 4
102.3 50 4
102.3 54.6 4
102.3 59.2 4
102.3 63.8 4
102.3 68.4 4
102.3 73 4
102.3 77.6 4
102.3 82.2 4
102.3 86.8 4
102.3 91.4 4
106.9 8.6 4
106.9 13.2 4
106.9 17.8 4
106.9 22.4 4
106.9 27 4
106.9 31.6 4
106.9 36.2 4
106.9 40.8 4
106.9 45.4 4
106.9 50 4
106.9 54.6 4
106.9 59.2 4
106.9 63.8 4
106.9 68.4 4
106.9 73 4
106.9 77.6 4
106.9 82.2 4
106.9 86.8 4
106.9 91.4 4
111.5 8.6 4
111.5 13.2 4
111.5 17.8 4
111.5 22.4 4
111.5 27 4
111.5 31.6 4
111.5 36.2 4
111.5 40.8 4
111.5 45.4 4
111.5 50 4
111.5 54.6 4
111.5 59.2 4
111.5 63.8 4
111.5 68.4 4
111.5 82.2 4
111.5 86.8 4
111.5 91.4 4
116.1 8.6 4
116.1 13.2 4
116.1 17.8 4
116.1 22.4 4
116.1 27 4
116.1 31.6 4
116.1 36.2 4
116.1 40.8 4
116.1 45.4 4
116.1 50 4
116.1 54.6 4
116.1 59.2 4
116.1 63.8 4
116.1 68.4 4
116.1 82.2 4
116.1 86.8 4
116.1 91.4 4
120.7 8.6 4
120.7 13.2 4
120.7 17.8 4
120.7 22.4 4
120.7 27 4
120.7 31.6 4
120.7 36.2 4
120.7 40.8 4
120.7 45.4 4
120.7 50 4
120.7 54.6 4
120.7 59.2 4
120.7 63.8 4
120.7 68.4 4
116.1 77.6 4
120.7 77.6 4
120.7 82.2 4
120.7 86.8 4
120.7 91.4 0
125.3 8.6 4
125.3 13.2 4
125.3 17.8 4
125.3 22.4 4
125.3 27 4
125.3 31.6 4
125.3 36.2 4
125.3 40.8 4
125.3 45.4 4
125.3 50 4
125.3 54.6 4
125.3 59.2 4
125.3 63.8 4
125.3 68.4 4
120.7 73 4
125.3 73 4
125.3 77.6 4
125.3 82.2 4
125.3 86.8 0
125.3 91.4 0
129.9 8.6 4
129.9 13.2 4
129.9 17.8 4
129.9 22.4 4
129.9 27 4
129.9 31.6 4
129.9 36.2 4
129.9 40.8 4
129.9 45.4 4
129.9 50 4
129.9 54.6 4
129.9 59.2 4
129.9 63.8 4
129.9 68.4 4
129.9 73 4
129.9 77.6 0
129.9 82.2 0
129.9 86.8 0
129.9 91.4 0
134.5 8.6 0
134.5 13.2 4
134.5 17.8 4
134.5 22.4 4
134.5 27 4
134.5 31.6 4
134.5 36.2 4
134.5 40.8 4
134.5 45.4 4
134.5 50 4
134.5 54.6 4
134.5 59.2 4
134.5 63.8 4
134.5 68.4 4
134.5 73 0
134.5 77.6 0
134.5 82.2 0
134.5 86.8 0
134.5 91.4 0
139.1 8.6 0
139.1 13.2 4
139.1 17.8 4
139.1 22.4 4
139.1 27 4
139.1 31.6 4
139.1 36.2 4
139.1 40.8 4
139.1 45.4 4
139.1 50 4
139.1 54.6 4
139.1 59.2 4
139.1 63.8 4
139.1 68.4 0
139.1 73 0
139.1 77.6 0
139.1 82.2 0
139.1 86.8 0
139.1 91.4 0
143.7 8.6 0
143.7 13.2 4
143.7 17.8 4
143.7 22.4 4
143.7 27 4
143.7 31.6 4
143.7 36.2 4
143.7 40.8 4
143.7 45.4 4
143.7 50 4
143.7 54.6 4
143.7 59.2 4
143.7 63.8 4
143.7 68.4 0
143.7 73 0
143.7 77.6 0
143.7 82.2 0
143.7 86.8 0
143.7 91.4 0
148.3 8.6 0
148.3 13.2 0
148.3 17.8 4
148.3 22.4 4
148.3 27 4
148.3 31.6 4
148.3 36.2 4
148.3 40.8 4
148.3 45.4 4
148.3 50 4
148.3 54.6 4
148.3 59.2 4
148.3 63.8 0
148.3 68.4 0
148.3 82.2 0
148.3 86.8 0
148.3 91.4 0
152.9 8.6 0
152.9 13.2 0
152.9 17.8 4
152.9 22.4 4
152.9 27 4
152.9 31.6 4
152.9 36.2 4
152.9 40.8 4
152.9 45.4 4
152.9 50 4
152.9 54.6 0
152.9 59.2 0
152.9 63.8 0
152.9 68.4 0
152.9 82.2 0
152.9 86.8 0
152.9 91.4 0
157.5 8.6 0
157.5 13.2 0
157.5 17.8 4
157.5 22.4 4
157.5 27 4
157.5 31.6 4
157.5 36.2 4
157.5 40.8 4
157.5 45.4 4
157.5 50 0
157.5 54.6 0
157.5 59.2 0
157.5 63.8 0
157.5 68.4 0
152.9 73 0
157.5 73 0
152.9 77.6 0
157.5 77.6 0
157.5 82.2 0
157.5 86.8 0
157.5 91.4 0
162.1 8.6 0
162.1 13.2 0
162.1 17.8 0
162.1 22.4 4
162.1 27 4
162.1 31.6 4
162.1 36.2 4
162.1 40.8 4
162.1 45.4 0
162.1 50 0
162.1 54.6 0
162.1 59.2 0
162.1 63.8 0
162.1 68.4 0
162.1 73 0
162.1 77.6 0
162.1 82.2 0
162.1 86.8 0
162.1 91.4 0
166.7 8.6 0
166.7 13.2 0
166.7 17.8 0
166.7 22.4 0
166.7 27 0
166.7 31.6 0
166.7 36.2 0
166.7 40.8 0
166.7 45.4 0
166.7 50 0
166.7 54.6 0
166.7 59.2 0
166.7 63.8 0
166.7 68.4 0
166.7 73 0
166.7 77.6 0
166.7 82.2 0
166.7 86.8 0
166.7 91.4 0
171.3 8.6 0
171.3 13.2 0
171.3 17.8 0
171.3 22.4 0
171.3 27 0
171.3 31.6 0
171.3 36.2 0
171.3 40.8 0
171.3 45.4 0
171.3 50 0
171.3 54.6 0
171.3 59.2 0
171.3 63.8 0
171.3 68.4 0
171.3 73 0
171.3 77.6 0
171.3 82.2 0
171.3 86.8 0
171.3 91.4 0
175.9 8.6 0
175.9 13.2 0
175.9 17.8 0
175.9 22.4 0
175.9 27 0
175.9 31.6 0
175.9 36.2 0
175.9 40.8 0
175.9 45.4 0
175.9 50 0
175.9 54.6 0
175.9 59.2 0
175.9 63.8 0
175.9 68.4 0
175.9 73 0
175.9 77.6 0
175.9 82.2 0
175.9 86.8 0
175.9 91.4 0
180.5 8.6 0
180.5 13.2 0
180.5 17.8 0
180.5 22.4 0
180.5 27 0
180.5 31.6 0
180.5 36.2 0
180.5 40.8 0
180.5 45.4 0
180.5 50 0
180.5 54.6 0
180.5 59.2 0
180.5 63.8 0
180.5 68.4 0
180.5 73 0
180.5 77.6 0
180.5 82.2 0
180.5 86.8 0
180.5 91.4 0
185.1 8.6 0
185.1 13.2 0
185.1 17.8 0
185.1 22.4 0
185.1 27 0
185.1 31.6 0
185.1 36.2 0
185.1 40.8 0
185.1 45.4 0
185.1 50 0
185.1 54.6 0
185.1 59.2 0
185.1 63.8 0
185.1 68.4 0
185.1 73 0
185.1 77.6 0
185.1 82.2 0
185.1 86.8 0
185.1 91.4 0
189.7 8.6 0
189.7 13.2 0
189.7 17.8 0
189.7 22.4 0
189.7 27 0
189.7 31.6 0
189.7 36.2 0
189.7 40.8 0
189.7 45.4 0
189.7 50 0
189.7 54.6 0
189.7 59.2 0
189.7 63.8 0
189.7 68.4 0
189.7 73 0
189.7 77.6 0
189.7 82.2 0
189.7 86.8 0
189.7 91.4 1
194.3 8.6 0
194.3 13.2 0
194.3 17.8 0
194.3 22.4 0
194.3 27 0
194.3 31.6 0
194.3 36.2 0
194.3 40.8 0
194.3 45.4 0
194.3 50 0
194.3 54.6 0
194.3 59.2 0
194.3 63.8 0
194.3 68.4 0
194.3 73 0
194.3 77.6 0
194.3 82.2 0
194.3 86.8 0
194.3 91.4 0
110.95 77.5248 4
75.503 58.4625 4
86.7751 48.8034 4
148.093 73.2165 0
3.47773 3.62062 0
169.981 3.85229 0
88.2131 45.5953 4
148.218 77.736 0
83.1035 49.4888 4
78.5886 50.6799 4
164.966 3.8138 0
70.5435 45.5974 4
3.66091 94.8826 1
160.254 3.79944 0
150.964 3.79517 0
146.33 3.79756 0
95.3597 3.79439 0
109.27 3.79344 0
127.794 3.79066 0
104.631 3.79453 4
137.064 3.80035 0
132.426 3.79778 0
155.605 3.80477 0
99.9987 3.79811 0
141.701 3.80289 0
25.8732 3.79006 0
21.2371 3.79167 0
123.172 3.78895 0
184.179 3.73444 0
113.919 3.80772 0
58.3108 3.80829 0
90.6992 3.79905 0
53.6379 3.80317 0
62.9487 3.80166 0
35.1481 3.80253 0
174.989 3.79638 0
118.553 3.79744 0
30.5127 3.79552 0
39.7745 3.79736 0
72.1722 3.80456 0
48.9845 3.79682 0
16.5999 3.80418 0
86.0589 3.80275 0
76.8198 3.79559 0
82.7063 54.1587 4
188.688 3.66775 0
67.5545 3.78789 0
74.2934 42.0005 4
179.637 3.76429 0
44.3777 3.79349 0
70.3076 54.4832 4
81.4496 3.78346 0
192.648 3.59071 0
30.4143 96.0587 0
11.9357 3.85119 0
87.6242 54.127 4
11.5839 96.0221 1
84.0756 44.1009 4
25.4176 96.0814 0
16.1082 96.0633 1
40.0304 96.1218 0
7.66516 96.0252 1
20.7476 96.0746 0
53.9533 96.1514 0
95.6459 96.1495 4
114.173 96.156 0
132.685 96.1535 0
141.984 96.154 0
58.6182 96.1486 0
63.2581 96.1595 4
128.026 96.15 0
72.5299 96.1595 4
67.897 96.1471 4
109.486 96.1208 4
155.881 96.1598 0
77.1626 96.1507 4
81.7977 96.1536 4
35.3202 96.0677 0
146.649 96.1683 0
179.189 96.2017 0
174.523 96.1623 0
118.816 96.1519 0
44.6881 96.1353 0
165.153 96.1446 0
196.552 5.28633 0
83.7089 58.4136 4
86.4067 96.1632 4
100.281 96.165 4
188.325 96.2131 0
137.315 96.1103 0
169.835 96.0976 0
151.242 96.1298 0
183.8 96.172 1
160.511 96.1213 0
123.39 96.1319 0
90.9894 96.1115 4
49.2884 96.107 0
104.845 96.1225 4
70.4149 50.2996 4
192.694 96.3082 0
75.0135 46.7403 4
79.2309 42.4419 4
74.6172 52.846 4
61.8251 41.7111 4
79.076 55.6518 4
79.4271 46.2732 4
79.2874 59.0749 4
7.29017 4.18841 0
3.31962 33.487 1
3.50585 38.284 1
3.52945 42.8731 1
3.53991 47.4373 1
3.54292 52.0002 1
3.54797 56.564 1
3.61006 61.1119 1
118.528 71.6813 4
3.56444 28.5007 1
62.5404 34.1569 0
3.63182 23.9144 0
3.62348 15.434 0
90.3344 49.1315 4
3.5601 10.9507 0
3.47799 6.67925 0
197.162 80.1188 0
62.1204 38.0886 4
39.1504 38.5375 0
197.103 29.8482 0
197.076 25.3157 0
197.133 34.3646 0
197.077 52.6531 0
3.94973 19.6663 0
197.072 48.0997 0
197.13 66.2465 0
197.065 57.2075 0
197.091 61.7352 0
197.02 75.4222 0
197.055 43.5358 0
197.064 20.7582 0
197.058 70.8111 0
197.019 38.9346 0
