4.27998 65.4543 0
196.631 94.213 0
197.024 16.1884 4
113.529 71.3237 4
85.3523 39.4803 4
39.6365 33.9957 4
7.5657 39.3118 0
7.65312 43.8752 0
7.67396 48.4457 0
7.67727 53.0168 0
7.68052 57.6158 0
58.106 43.6789 4
113.708 79.8631 4
7.60504 34.67 0
90.0659 43.4861 4
86.4075 61.6824 4
146.396 75.5759 4
67.2012 52.8394 4
0 100 0
0 95.4545 0
0 90.9091 0
0 86.3636 0
0 81.8182 0
0 77.2727 0
0 72.7273 0
0 68.1818 0
0 63.6364 0
0 59.0909 0
0 54.5455 0
0 50 0
0 45.4545 0
0 40.9091 0
0 36.3636 0
0 31.8182 0
0 27.2727 4
0 22.7273 4
0 18.1818 4
0 13.6364 4
0 9.09091 4
0 4.54545 4
0 0 4
200 100 0
195.349 100 0
190.698 100 0
186.047 100 0
181.395 100 0
176.744 100 0
172.093 100 4
167.442 100 4
162.791 100 4
158.14 100 4
153.488 100 4
148.837 100 4
144.186 100 4
139.535 100 4
134.884 100 4
130.233 100 4
125.581 100 4
120.93 100 4
116.279 100 4
111.628 100 4
106.977 100 4
102.326 100 4
97.6744 100 4
93.0233 100 4
88.3721 100 4
83.7209 100 4
79.0698 100 4
74.4186 100 4
69.7674 100 4
65.1163 100 4
60.4651 100 4
55.814 100 4
51.1628 100 4
46.5116 100 4
41.8605 100 4
37.2093 100 4
32.5581 100 4
27.907 100 4
23.2558 100 4
18.6047 100 4
13.9535 100 0
9.30233 100 0
4.65116 100 0
200 0 4
200 4.54545 4
200 9.09091 4
200 13.6364 4
200 18.1818 4
200 22.7273 4
200 27.2727 4
200 31.8182 4
200 36.3636 4
200 40.9091 4
200 45.4545 4
200 50 4
200 54.5455 4
200 59.0909 4
200 63.6364 4
200 68.1818 4
200 72.7273 4
200 77.2727 4
200 81.8182 4
200 86.3636 4
200 90.9091 0
200 95.4545 0
4.65116 0 4
9.30233 0 4
13.9535 0 4
18.6047 0 4
23.2558 0 4
27.907 0 4
32.5581 0 4
37.2093 0 4
41.8605 0 4
46.5116 0 4
51.1628 0 4
55.814 0 4
60.4651 0 4
65.1163 0 4
69.7674 0 4
74.4186 0 4
79.0698 0 4
83.7209 0 4
88.3721 0 4
93.0233 0 4
97.6744 0 4
102.326 0 4
106.977 0 4
111.628 0 4
116.279 0 4
120.93 0 4
125.581 0 4
130.233 0 4
134.884 0 4
139.535 0 4
144.186 0 4
148.837 0 4
153.488 0 4
158.14 0 4
162.791 0 4
167.442 0 4
172.093 0 4
176.744 0 4
181.395 0 4
186.047 0 4
190.698 0 4
195.349 0 4
7.80486 62.1993 0
7.61717 30.0018 0
80.7803 38.4764 4
7.64236 25.4015 4
67.6691 48.5339 4
7.65101 20.9564 4
7.70283 16.472 4
123.223 70.6422 4
192.958 65.6073 4
95.3495 47.1983 4
67.0658 38.2266 4
196.945 84.9551 4
192.908 33.7218 4
192.534 61.3469 4
192.556 29.4105 4
192.505 69.9565 4
192.603 52.2385 4
192.527 56.816 4
118.565 66.0705 4
192.54 47.7103 4
192.474 79.7549 4
192.503 24.9054 4
8.12815 66.4905 0
192.475 43.1615 4
67.5078 33.9099 4
192.153 74.9121 4
192.188 38.315 4
9.62198 96.6801 0
192.488 20.3351 4
63.0299 29.4816 4
113.883 66.2068 4
7.88601 11.6998 4
44.0978 38.7703 4
90.7109 38.5725 4
123.02 75.3021 4
40.1055 43.4529 4
86.5841 34.5242 4
11.7361 38.2409 0
12.0968 42.5999 0
12.127 47.19 0
12.1279 51.7667 0
6.82564 70.7271 0
12.1666 56.3607 0
40.3904 29.9551 4
12.4127 33.6759 0
44.4741 33.9323 4
34.7733 34.0756 0
6.86365 75.5156 0
95.3205 42.4999 4
82.1092 33.9532 4
6.84592 80.0462 0
12.5263 61.2625 0
12.0691 28.8386 0
11.6655 19.998 4
12.0711 24.2677 4
63.0013 52.3231 4
6.95148 84.644 0
35.9414 29.4876 4
188.193 66.2547 4
188.181 34.1845 4
35.1909 43.0943 0
90.7062 65.2699 4
188.333 51.6517 4
86.2631 66.5819 4
192.43 15.7462 4
192.441 84.3848 4
53.8418 47.7174 4
187.874 56.0538 4
67.9123 29.1446 4
12.2632 66.068 0
53.687 43.1662 4
187.938 47.5515 4
187.904 29.3302 4
12.157 15.7183 4
187.877 71.259 4
187.539 61.0742 4
99.9947 48.274 4
44.4465 43.0839 4
123.46 65.6821 4
95.3262 51.8308 4
187.874 24.7343 4
77.1114 33.6901 4
127.772 75.1256 4
113.97 61.5754 4
99.9898 43.6822 4
91.1953 33.6387 4
187.461 75.581 4
141.619 75.1112 4
12.0571 70.5808 0
108.554 70.7972 4
95.4655 37.8433 4
76.2728 39.1338 4
187.45 38.7648 4
187.817 43.0873 4
128.077 70.233 4
187.878 79.7139 4
58.6643 29.8561 4
44.6151 29.3707 4
113.939 84.8811 4
86.1606 30.0717 4
90.6967 61.4447 4
187.852 20.1474 4
16.6493 48.4584 0
16.6231 52.9902 0
118.837 61.1296 4
44.7655 47.4319 4
16.6839 43.8358 0
63.0183 56.8449 4
109.59 66.6403 4
48.9576 37.7977 4
109.32 62.2308 4
16.4916 38.8671 0
16.7663 57.5268 0
63.2393 25.2182 4
40.0671 25.6074 4
39.9167 48.3288 4
11.8732 75.0978 0
16.2742 29.868 0
81.221 29.0976 4
58.3434 25.0057 4
11.5564 79.3165 0
16.4175 20.5374 4
17.1665 61.7592 0
122.352 79.8497 4
104.59 70.653 4
16.5826 25.5213 0
49.4699 47.1975 4
183.608 51.9382 4
127.385 80.0883 4
187.878 84.2159 4
35.709 47.2349 0
183.253 33.3223 4
90.7131 69.8138 4
183.204 56.8684 4
127.791 65.95 4
48.843 42.7041 4
183.215 28.6896 4
17.3951 34.0291 0
182.479 61.3789 4
16.8167 65.967 0
183.135 37.9155 4
16.6787 70.4536 0
100.028 39.0992 4
123.257 61.3108 4
178.488 61.5517 4
49.0108 33.1677 4
183.186 65.9397 4
183.243 75.1392 4
95.9191 33.5578 4
183.209 70.6013 4
183.276 47.0691 4
104.582 46.9654 4
48.8579 51.9616 4
67.2894 24.5666 4
95.3017 65.9093 4
127.541 61.671 4
58.4131 56.1538 4
114.328 57.4059 4
183.199 24.0879 4
183.174 42.4509 4
104.911 66.3676 4
35.3816 24.8632 4
178.566 65.3232 4
86.1608 71.1765 4
76.5507 28.9958 4
71.93 25.1252 4
90.7868 28.7738 4
16.1108 74.6783 0
20.946 60.9254 0
183.654 79.2703 4
132.744 74.7036 4
132.406 70.3409 4
21.567 56.5764 0
44.882 24.5726 4
20.9059 52.0768 0
43.7556 52.2687 4
178.588 57.7219 4
104.583 42.3759 4
109.631 57.2743 4
137.385 74.4637 4
100.132 34.5787 4
104.591 51.5809 4
132.12 66.1849 4
72.5493 29.6984 4
123.254 56.7197 4
21.3031 47.7542 0
118.307 56.5379 4
21.3651 65.2092 0
39.2957 52.6448 4
35.1401 51.5572 0
25.2235 61.3502 0
132.762 61.0877 4
35.0998 75.1316 4
164.457 65.7054 4
100.272 70.9119 4
178.695 53.1188 4
132.671 56.7774 4
44.5288 56.795 4
44.9965 60.9416 4
178.304 70.1425 4
99.9744 66.1379 4
99.989 52.8702 4
104.287 61.2679 4
174.458 66.3498 4
48.7124 61.7192 4
173.653 70.042 4
39.8379 56.8771 4
49.1934 28.5953 4
174.3 61.7904 4
178.673 34.7143 4
44.5683 65.1201 4
164.683 61.3597 4
49.0487 65.9344 4
136.793 56.4929 4
95.454 29.4025 4
178.658 39.2974 4
113.998 53.1058 4
178.671 30.1283 4
34.9001 70.9456 4
141.265 52.8364 4
132.368 47.8552 4
49.4247 57.1711 4
95.3855 70.4976 4
104.595 37.7988 4
21.632 70.1466 0
132.388 79.5861 4
54.1271 52.5462 4
62.6571 20.5804 4
25.9757 65.9151 0
76.8125 24.7534 4
86.109 25.4311 4
100.089 30.0925 4
178.665 43.8691 4
141.606 56.9342 4
178.67 48.48 4
49.5058 24.3301 4
159.791 65.5001 4
20.6554 75.045 0
178.651 25.5249 4
169.127 61.1523 4
53.6243 21.0073 4
81.4785 24.181 4
53.0256 61.4564 4
141.675 48.5236 4
90.7359 74.4234 4
123.053 43.0874 4
54.1659 57.2648 4
118.86 51.9544 4
178.63 75.0462 4
183.172 19.4852 4
104.596 33.2382 4
137.04 47.7435 4
173.92 74.3398 4
34.854 56.4893 0
40.6743 61.3769 4
39.2175 75.1241 4
44.5912 20.3748 4
109.253 47.7204 4
131.916 43.6349 4
53.4082 25.29 4
128.467 56.8609 4
137.449 60.8251 4
169.733 66.329 4
25.6411 52.5367 0
39.8391 70.5702 4
109.248 43.137 4
99.4774 61.8338 4
109.288 52.3372 4
26.175 57.1731 0
30.2589 61.1248 0
141.973 25.2324 4
44.4937 69.81 4
160.395 61.1237 4
53.7005 66.0351 4
113.552 25.2472 4
174.022 56.9386 4
35.7272 66.5249 4
40.0067 65.9413 4
104.548 28.7182 4
132.791 52.5704 4
132.469 34.6822 4
145.922 52.655 4
169.373 75.1314 4
137.375 52.0493 4
164.75 57.4176 4
113.894 39.2951 4
118.747 24.4495 4
132.462 30.1491 4
136.673 42.9048 4
118.373 37.9111 4
118.417 42.4522 4
169.815 70.9716 4
174.01 52.3054 4
35.6156 61.7436 0
122.688 38.7712 4
123.607 51.8214 4
169.335 56.1861 4
174.006 33.9853 4
174.004 38.5604 4
174.005 43.1353 4
72.2926 20.3705 4
146.299 47.7669 4
174.007 47.7141 4
141.128 34.4321 4
174.002 29.4069 4
100.02 25.5472 4
109.247 38.5605 4
113.878 34.7047 4
136.893 33.4069 4
136.903 37.9538 4
169.336 33.2224 4
169.336 37.7965 4
35.3321 78.9856 4
90.65 24.1146 4
108.82 25.2074 4
122.844 28.9856 4
132.304 39.2688 4
136.663 70.1536 4
141.957 43.5681 4
169.327 28.648 4
169.337 42.3717 4
113.908 43.8708 4
127.8 29.4372 4
137.044 65.288 4
150.965 47.031 4
169.337 46.9518 4
169.337 51.5466 4
109.232 33.9847 4
113.743 30.0958 4
118.524 47.0782 4
127.761 47.7201 4
109.179 29.4198 4
146.759 43.577 4
95.3497 24.8179 4
151.009 42.5164 4
30.9365 66.3643 0
57.9283 20.1061 4
150.966 28.7256 4
104.625 56.2633 4
34.9786 20.0201 4
67.5961 20.2012 4
30.9223 75.4827 4
113.921 48.4849 4
128.163 33.7825 4
169.263 24.0785 4
118.029 28.93 4
127.426 38.3639 4
145.908 34.3432 4
118.441 33.3016 4
173.967 24.804 4
123.175 47.592 4
146.292 29.4504 4
160.118 69.8921 4
132.471 25.5443 4
155.552 25.4171 4
164.751 52.8367 4
123.393 34.1688 4
40.1473 20.6454 4
49.1647 70.4799 4
151.043 24.1849 4
104.515 24.2191 4
155.531 43.6988 4
164.746 29.9589 4
164.749 34.5311 4
54.1296 70.8452 4
127.927 52.2731 4
155.52 39.1299 4
160.15 56.3059 4
164.75 39.1041 4
164.75 43.678 4
164.75 48.2545 4
44.4562 75.0149 4
150.867 51.6527 4
160.132 28.8338 4
160.134 42.5524 4
165.113 70.8854 4
16.3738 79.3388 0
137.075 24.2637 4
141.597 30.0854 4
146.726 25.1847 4
150.869 33.3528 4
160.13 33.4067 4
160.131 37.9798 4
160.134 47.128 4
146.288 39.2325 4
155.511 34.5558 4
164.727 25.3925 4
30.1632 56.3766 0
155.529 29.98 4
160.132 24.2693 4
160.134 51.7105 4
21.3135 24.8621 0
141.588 38.648 4
155.527 48.2738 4
155.565 62.0678 4
25.7454 74.8314 0
81.2934 70.246 4
146.252 57.5341 4
48.8623 19.9859 4
155.508 52.8558 4
58.0694 61.1186 4
81.8887 74.7677 4
30.5536 52.1374 0
30.3204 71.0187 0
136.986 28.8525 4
127.633 43.1955 4
164.761 75.7818 4
123.484 24.279 4
141.393 20.7306 4
164.642 20.8705 4
178.588 20.8773 4
155.632 20.9016 4
150.919 37.9677 4
155.503 57.4647 4
58.902 70.2907 4
58.4477 74.581 4
141.75 61.4798 4
150.903 56.2741 4
95.4042 75.1469 4
168.867 19.8192 4
86.0278 20.8471 4
155.927 66.353 4
26.3141 70.1552 0
63.0342 75.7496 4
86.2232 75.7645 4
49.4642 74.8188 4
99.9708 20.8981 4
63.1402 71.2238 4
150.936 60.9159 4
76.9248 20.1911 4
118.164 19.8688 4
146.353 62.2308 4
30.3657 20.5331 4
127.85 24.8471 4
168.884 79.2518 4
67.6261 74.5887 4
173.642 19.9171 4
77.118 74.7849 4
90.2474 19.8144 4
137.452 19.9697 4
151.354 19.9055 4
72.2148 75.7593 4
137.057 78.7588 4
160.132 19.7076 4
100.107 75.8528 4
109.55 20.6278 4
114.245 20.8029 4
53.8715 75.7655 4
141.122 70.9175 4
95.0186 19.9136 4
132.743 20.5644 4
58.4275 65.9856 4
173.669 79.2815 4
81.5441 19.5124 4
58.8459 51.8532 4
159.842 74.7982 4
90.7745 79.0885 4
146.343 20.2778 4
127.793 20.2118 4
76.4085 79.27 4
58.3894 79.1691 4
104.633 19.6171 4
67.6062 79.1609 4
48.8407 79.4591 4
122.836 19.7756 4
104.668 79.1088 4
44.4115 79.6175 4
160.621 79.3063 4
21.7241 19.8593 4
31.2398 80.0387 4
100.464 80.2265 4
26.4389 19.7748 4
178.937 79.9487 4
21.7059 79.9784 0
164.762 80.3551 4
81.1963 79.3776 4
63.0078 80.3179 4
26.7215 79.7914 0
40.0976 79.9173 4
95.6964 80.0785 4
53.7643 80.4067 4
72.1421 80.3302 4
187.756 15.5365 4
67.6149 69.9786 4
141.928 66.3721 4
30.9051 15.9791 4
63.1164 66.6558 4
164.742 16.3017 4
21.4194 43.1589 0
44.5025 16.287 4
113.956 16.4478 4
155.602 16.3368 4
169.363 15.6769 4
86.1258 80.3727 4
35.236 15.6949 4
53.7455 16.3577 4
72.1872 71.169 4
20.6272 29.4698 0
86.132 16.2641 4
72.7997 16.0377 4
26.0145 47.6637 0
141.703 16.3761 4
76.5548 70.1857 4
178.578 16.2294 4
31.1067 24.4226 4
100.054 16.2396 4
109.274 15.6928 4
146.676 66.5951 4
58.3922 15.707 4
94.9578 61.1464 4
99.9609 57.4821 4
77.042 15.6012 4
90.7614 15.6233 4
16.823 15.6167 4
12.3202 83.9712 0
118.527 15.6399 4
63.103 15.6807 4
82.0336 65.6658 4
160.159 15.0918 4
39.6118 15.4464 4
183.23 83.5773 4
151.28 65.841 4
49.1245 15.1085 4
6.7551 89.2598 0
31.0014 47.2465 0
155.466 70.6132 4
95.4223 14.9998 4
81.6374 14.8974 4
137.066 15.6938 4
173.933 15.0456 4
26.3597 24.4678 4
150.939 15.6433 4
169.278 83.5012 4
183.091 14.8655 4
132.397 15.7016 4
26.0661 15.5674 4
160.228 83.686 4
127.764 15.5785 4
72.1899 34.0227 4
104.594 74.5552 4
109.702 83.9189 4
76.8516 83.6453 4
68.0815 15.3641 4
67.6399 83.7583 4
35.2748 83.5497 4
58.42 83.775 4
146.307 15.0612 4
104.643 14.9273 4
123.139 14.8292 4
137.058 83.4631 4
90.6987 83.7093 4
132.393 84.2799 4
21.5156 14.8431 4
173.943 84.2063 4
156.133 79.6991 4
21.6256 84.3438 0
44.2374 84.0096 4
21.7323 38.2263 0
53.9639 29.7467 4
21.7349 33.5754 0
108.893 80.0119 4
30.6937 84.2891 4
39.5703 84.553 4
104.976 83.9816 4
164.798 84.8462 4
81.5447 84.3018 4
25.8027 84.6294 4
123.105 84.3239 4
63.3315 61.6852 4
49.1824 84.3634 4
154.845 75.1522 4
63.0352 84.9264 4
72.2572 84.9004 4
17.46 84.2097 0
155.296 84.5637 4
95.0428 84.6871 4
53.8684 85.0621 4
86.2115 85.0333 4
53.5787 38.5933 4
178.606 84.9264 4
99.7952 84.7155 4
127.747 85.0736 4
58.4018 47.781 4
67.7185 65.3384 4
150.967 84.426 4
141.553 79.6562 4
118.455 83.7108 4
141.694 84.2622 4
34.0342 38.5698 0
169.715 11.4517 4
145.534 70.7982 4
62.988 47.9938 4
53.1651 34.3119 4
146.617 84.7061 4
57.8021 39.3247 4
173.643 10.6523 4
95.3682 56.3807 4
178.212 11.2536 4
165.107 11.4128 4
25.5993 29.6829 0
187.084 10.8651 4
182.7 10.4774 4
118.18 79.8623 4
26.3486 42.7414 0
77.6162 65.9975 4
30.9139 29.0805 0
72.6123 66.2393 4
155.751 11.3569 4
100.29 11.2515 4
26.3038 38.1422 0
141.858 11.3616 4
173.919 88.7974 4
132.238 11.0461 4
169.345 88.0658 4
127.668 10.9256 4
11.8574 88.8528 0
160.479 10.6677 4
150.849 11.0097 4
136.902 11.0937 4
114.123 11.4244 4
123.431 10.405 4
146.512 10.5613 4
109.206 11.0054 4
86.4357 11.3278 4
119.097 10.994 4
35.4228 11.3286 4
72.5901 11.3402 4
104.877 10.5042 4
95.7487 10.5296 4
44.7522 11.3205 4
25.8819 10.9371 4
30.5006 11.0937 4
91.3598 10.9925 4
54.0365 11.3702 4
77.5151 10.9715 4
21.6712 10.3971 4
58.9932 11.0889 4
81.896 10.5172 4
68.0655 10.5896 4
40.081 10.7302 4
63.7046 10.9707 4
49.4094 10.6496 4
17.3984 10.9274 4
109.518 88.5343 4
137.251 88.4623 4
45.1097 88.8045 4
35.4424 88.4896 4
81.5695 61.3286 4
40.4303 88.8613 4
12.7205 11.1538 4
182.876 88.5045 4
150.507 70.915 4
25.4313 34.3403 0
68.0604 60.9787 4
77.1621 88.5457 4
187.817 88.7913 4
82.0905 88.8903 4
160.438 88.5737 4
142.258 88.8533 4
151.154 88.631 4
67.8802 88.6245 4
118.792 88.5505 4
58.6432 88.6465 4
95.9124 88.9009 4
91.0203 88.5928 4
123.71 88.8986 4
165.096 89.1552 4
114.187 89.2223 4
21.5718 88.5851 0
155.775 89.1693 4
49.7869 88.9596 4
132.339 88.895 4
16.6324 88.8164 0
72.5421 89.2414 4
54.125 89.3669 4
63.2859 89.2693 4
104.605 88.8479 4
30.5281 88.8544 4
146.68 89.2893 4
86.4943 89.3433 4
30.9716 42.6991 0
100.249 89.3351 4
26.1288 89.2433 4
128.05 89.4318 4
178.143 89.2193 4
192.097 10.7899 4
192.926 5.54685 4
67.7332 43.6511 4
192.422 88.9395 4
150.862 79.8394 4
150.67 75.3408 4
67.5923 56.8667 4
71.4126 38.6456 4
72.3987 61.3327 4
145.942 80.1735 4
109.253 75.5213 4
169.226 6.56888 4
188.078 6.10992 4
90.7002 57.6859 4
174.178 6.15983 4
6.00322 93.7752 0
183.437 6.08087 4
178.821 6.18265 4
122.289 6.15308 4
126.865 6.16682 4
150.065 6.19585 4
145.468 6.1913 4
57.5092 34.2838 4
103.741 6.18182 4
159.411 6.21979 4
108.346 6.19006 4
164.128 6.28812 4
94.4881 6.18916 4
131.509 6.20099 4
20.3069 6.16014 4
24.8917 6.16448 4
136.162 6.21933 4
99.1165 6.22017 4
10.9106 93.2111 0
196.779 89.4878 4
113.582 75.6323 4
80.577 6.19153 4
66.6841 6.20261 4
154.755 6.25527 4
140.845 6.2546 4
196.745 11.8056 4
117.714 6.25332 4
29.5457 6.20338 4
38.8591 6.20801 4
85.21 6.24021 4
48.1256 6.20687 4
113.044 6.26293 4
71.3149 6.24724 4
89.8942 6.25129 4
62.1037 6.2506 4
75.9937 6.25102 4
52.7771 6.24874 4
34.2253 6.24311 4
43.4913 6.23701 4
57.4696 6.26795 4
15.7329 6.25663 4
43.5833 93.0746 4
192.307 93.3035 0
169.019 92.8261 4
52.7829 93.198 4
75.9314 93.1824 4
173.944 93.1588 4
140.821 93.1812 4
117.631 93.178 4
57.3741 93.2188 4
112.977 93.2481 4
66.6403 93.2048 4
164.004 93.2083 4
131.453 93.2486 4
80.5943 93.1873 4
136.147 93.1426 4
159.344 93.1668 4
178.591 93.2546 4
187.875 93.1752 0
145.463 93.2551 4
154.691 93.24 4
183.255 93.1386 0
150.072 93.1936 4
94.4764 93.1898 4
89.8255 93.1882 4
122.281 93.1871 4
71.2855 93.253 4
38.9547 93.1411 4
85.2028 93.2723 4
62.0114 93.2619 4
108.329 93.1617 4
99.0622 93.2837 4
126.868 93.2991 4
103.647 93.2298 4
29.4738 93.2266 4
48.2259 93.1588 4
36.6243 96.51 4
34.255 93.1551 4
31.3622 96.2162 4
50.5181 96.4905 4
15.5218 93.2324 0
166.069 96.1911 4
24.8059 93.2453 4
20.1966 93.1947 4
13.0732 95.7944 0
29.7974 38.9819 0
76.9168 61.5371 4
17.2315 96.1898 4
73.1664 96.2073 4
26.5796 96.1828 4
114.932 96.2054 4
133.489 96.2022 4
63.8774 96.2097 4
128.842 96.2125 4
180.14 96.2123 0
77.8124 96.1967 4
156.718 96.2009 4
59.2316 96.2123 4
41.6358 96.1366 4
142.797 96.2058 4
68.5194 96.209 4
147.44 96.2054 4
110.277 96.1981 4
96.3593 96.2109 4
21.8742 96.1901 4
87.0844 96.2058 4
119.572 96.1936 4
82.448 96.2114 4
161.373 96.1902 4
138.145 96.1824 4
175.487 96.207 4
100.989 96.2084 4
11.117 6.45129 4
105.623 96.1895 4
152.078 96.1985 4
184.755 96.1976 0
91.723 96.1849 4
85.7318 52.2227 4
124.204 96.211 4
85.4383 47.3923 4
170.793 96.1735 4
189.235 96.2433 0
29.6709 34.1375 0
72.1078 56.6968 4
6.98482 7.65961 4
54.9705 95.7914 4
118.052 76.0801 4
45.7615 95.7907 4
62.4182 44.394 4
72.497 43.2959 4
85.9401 56.8367 4
81.496 51.933 4
76.5871 57.2019 4
192.87 96.3656 0
72.536 47.9286 4
81.0718 56.6231 4
80.6803 47.8415 4
76.8318 48.1804 4
90.5663 53.4771 4
71.3827 52.4701 4
76.8724 44.2097 4
196.849 7.1407 4
81.3169 43.2067 4
197.746 3.04142 4
76.9065 52.5567 4
85.5993 43.3797 4
0 0 4
200 100 0
0 100 0
200 0 4
0 63.6364 0
4.65116 63.6364 0
0 68.1818 0
4.65116 68.1818 0
0 72.7273 0
4.65116 72.7273 0
0 77.2727 0
4.65116 77.2727 0
0 81.8182 0
4.65116 81.8182 0
0 86.3636 0
4.65116 86.3636 0
0 90.9091 0
4.65116 90.9091 0
0 95.4545 0
4.65116 95.4545 0
4.65116 4.54545 4
4.65116 100 0
9.30233 4.54545 4
9.30233 0 4
9.30233 9.09091 4
9.30233 13.6364 4
9.30233 18.1818 4
9.30233 22.7273 4
9.30233 27.2727 4
9.30233 31.8182 0
9.30233 36.3636 0
9.30233 40.9091 0
9.30233 45.4545 0
9.30233 50 0
9.30233 54.5455 0
9.30233 59.0909 0
9.30233 63.6364 0
9.30233 68.1818 0
9.30233 72.7273 0
9.30233 77.2727 0
9.30233 81.8182 0
9.30233 86.3636 0
9.30233 90.9091 0
9.30233 95.4545 0
9.30233 100 0
13.9535 4.54545 4
13.9535 0 4
13.9535 9.09091 4
13.9535 13.6364 4
13.9535 18.1818 4
13.9535 22.7273 4
13.9535 27.2727 4
13.9535 31.8182 0
13.9535 36.3636 0
13.9535 40.9091 0
13.9535 45.4545 0
13.9535 50 0
13.9535 54.5455 0
13.9535 59.0909 0
13.9535 63.6364 0
13.9535 68.1818 0
13.9535 72.7273 0
13.9535 77.2727 0
13.9535 81.8182 0
13.9535 86.3636 0
13.9535 90.9091 0
13.9535 95.4545 4
13.9535 100 4
18.6047 4.54545 4
18.6047 0 4
18.6047 9.09091 4
18.6047 13.6364 4
18.6047 18.1818 4
18.6047 22.7273 4
18.6047 27.2727 4
18.6047 31.8182 0
18.6047 36.3636 0
18.6047 40.9091 0
18.6047 45.4545 0
18.6047 50 0
18.6047 54.5455 0
18.6047 59.0909 0
18.6047 63.6364 0
18.6047 68.1818 0
18.6047 72.7273 0
18.6047 77.2727 0
18.6047 81.8182 0
18.6047 86.3636 0
18.6047 90.9091 4
18.6047 95.4545 4
18.6047 100 4
23.2558 4.54545 4
23.2558 0 4
23.2558 9.09091 4
23.2558 13.6364 4
23.2558 18.1818 4
23.2558 22.7273 4
23.2558 27.2727 4
23.2558 31.8182 0
23.2558 36.3636 0
23.2558 40.9091 0
23.2558 45.4545 0
23.2558 50 0
23.2558 54.5455 0
23.2558 59.0909 0
23.2558 63.6364 0
23.2558 68.1818 0
23.2558 72.7273 0
23.2558 77.2727 0
23.2558 81.8182 0
23.2558 86.3636 4
23.2558 90.9091 4
23.2558 95.4545 4
23.2558 100 4
27.907 4.54545 4
27.907 0 4
27.907 9.09091 4
27.907 13.6364 4
27.907 18.1818 4
27.907 22.7273 4
27.907 27.2727 4
27.907 31.8182 0
27.907 36.3636 0
27.907 40.9091 0
27.907 45.4545 0
27.907 50 0
27.907 54.5455 0
27.907 59.0909 0
27.907 63.6364 0
27.907 68.1818 0
27.907 72.7273 0
27.907 77.2727 4
27.907 81.8182 4
27.907 86.3636 4
27.907 90.9091 4
27.907 95.4545 4
27.907 100 4
32.5581 4.54545 4
32.5581 0 4
32.5581 9.09091 4
32.5581 13.6364 4
32.5581 18.1818 4
32.5581 22.7273 4
32.5581 27.2727 4
32.5581 31.8182 4
32.5581 36.3636 0
32.5581 40.9091 0
32.5581 45.4545 0
32.5581 50 0
32.5581 54.5455 0
32.5581 59.0909 0
32.5581 63.6364 0
32.5581 68.1818 4
32.5581 72.7273 4
32.5581 77.2727 4
32.5581 81.8182 4
32.5581 86.3636 4
32.5581 90.9091 4
32.5581 95.4545 4
32.5581 100 4
37.2093 4.54545 4
37.2093 0 4
37.2093 9.09091 4
37.2093 13.6364 4
37.2093 18.1818 4
37.2093 22.7273 4
37.2093 27.2727 4
37.2093 31.8182 4
37.2093 36.3636 4
37.2093 40.9091 4
37.2093 45.4545 4
37.2093 50 4
37.2093 54.5455 4
37.2093 59.0909 4
37.2093 63.6364 4
37.2093 68.1818 4
37.2093 72.7273 4
37.2093 77.2727 4
37.2093 81.8182 4
37.2093 86.3636 4
37.2093 90.9091 4
37.2093 95.4545 4
37.2093 100 4
41.8605 4.54545 4
41.8605 0 4
41.8605 9.09091 4
41.8605 13.6364 4
41.8605 18.1818 4
41.8605 22.7273 4
41.8605 27.2727 4
41.8605 31.8182 4
41.8605 36.3636 4
41.8605 40.9091 4
41.8605 45.4545 4
41.8605 50 4
41.8605 54.5455 4
41.8605 59.0909 4
41.8605 63.6364 4
41.8605 68.1818 4
41.8605 72.7273 4
41.8605 77.2727 4
41.8605 81.8182 4
41.8605 86.3636 4
41.8605 90.9091 4
41.8605 95.4545 4
41.8605 100 4
46.5116 4.54545 4
46.5116 0 4
46.5116 9.09091 4
46.5116 13.6364 4
46.5116 18.1818 4
46.5116 22.7273 4
46.5116 27.2727 4
46.5116 31.8182 4
46.5116 36.3636 4
46.5116 40.9091 4
46.5116 45.4545 4
46.5116 50 4
46.5116 54.5455 4
46.5116 59.0909 4
46.5116 63.6364 4
46.5116 68.1818 4
46.5116 72.7273 4
46.5116 77.2727 4
46.5116 81.8182 4
46.5116 86.3636 4
46.5116 90.9091 4
46.5116 95.4545 4
46.5116 100 4
51.1628 4.54545 4
51.1628 0 4
51.1628 9.09091 4
51.1628 13.6364 4
51.1628 18.1818 4
51.1628 22.7273 4
51.1628 27.2727 4
51.1628 31.8182 4
51.1628 36.3636 4
51.1628 40.9091 4
51.1628 45.4545 4
51.1628 50 4
51.1628 54.5455 4
51.1628 59.0909 4
51.1628 63.6364 4
51.1628 68.1818 4
51.1628 72.7273 4
51.1628 77.2727 4
51.1628 81.8182 4
51.1628 86.3636 4
51.1628 90.9091 4
51.1628 95.4545 4
51.1628 100 4
55.814 4.54545 4
55.814 0 4
55.814 9.09091 4
55.814 13.6364 4
55.814 18.1818 4
55.814 22.7273 4
55.814 27.2727 4
55.814 31.8182 4
55.814 36.3636 4
55.814 40.9091 4
55.814 45.4545 4
55.814 50 4
55.814 54.5455 4
55.814 59.0909 4
55.814 63.6364 4
55.814 68.1818 4
55.814 72.7273 4
55.814 77.2727 4
55.814 81.8182 4
55.814 86.3636 4
55.814 90.9091 4
55.814 95.4545 4
55.814 100 4
60.4651 4.54545 4
60.4651 0 4
60.4651 9.09091 4
60.4651 13.6364 4
60.4651 18.1818 4
60.4651 22.7273 4
60.4651 27.2727 4
60.4651 31.8182 4
60.4651 36.3636 4
60.4651 40.9091 4
60.4651 45.4545 4
60.4651 50 4
60.4651 54.5455 4
60.4651 59.0909 4
60.4651 63.6364 4
60.4651 68.1818 4
60.4651 72.7273 4
60.4651 77.2727 4
60.4651 81.8182 4
60.4651 86.3636 4
60.4651 90.9091 4
60.4651 95.4545 4
60.4651 100 4
65.1163 4.54545 4
65.1163 0 4
65.1163 9.09091 4
65.1163 13.6364 4
65.1163 18.1818 4
65.1163 22.7273 4
65.1163 27.2727 4
65.1163 31.8182 4
65.1163 36.3636 4
65.1163 40.9091 4
65.1163 45.4545 4
65.1163 50 4
65.1163 54.5455 4
65.1163 59.0909 4
65.1163 63.6364 4
65.1163 68.1818 4
65.1163 72.7273 4
65.1163 77.2727 4
65.1163 81.8182 4
65.1163 86.3636 4
65.1163 90.9091 4
65.1163 95.4545 4
65.1163 100 4
69.7674 4.54545 4
69.7674 0 4
69.7674 9.09091 4
69.7674 13.6364 4
69.7674 18.1818 4
69.7674 22.7273 4
69.7674 27.2727 4
69.7674 31.8182 4
69.7674 36.3636 4
69.7674 40.9091 4
69.7674 45.4545 4
69.7674 50 4
69.7674 54.5455 4
69.7674 59.0909 4
69.7674 63.6364 4
69.7674 68.1818 4
69.7674 72.7273 4
69.7674 77.2727 4
69.7674 81.8182 4
69.7674 86.3636 4
69.7674 90.9091 4
69.7674 95.4545 4
69.7674 100 4
74.4186 4.54545 4
74.4186 0 4
74.4186 9.09091 4
74.4186 13.6364 4
74.4186 18.1818 4
74.4186 22.7273 4
74.4186 27.2727 4
74.4186 31.8182 4
74.4186 36.3636 4
74.4186 40.9091 4
74.4186 45.4545 4
74.4186 50 4
74.4186 54.5455 4
74.4186 59.0909 4
74.4186 63.6364 4
74.4186 68.1818 4
74.4186 72.7273 4
74.4186 77.2727 4
74.4186 81.8182 4
74.4186 86.3636 4
74.4186 90.9091 4
74.4186 95.4545 4
74.4186 100 4
79.0698 4.54545 4
79.0698 0 4
79.0698 9.09091 4
79.0698 13.6364 4
79.0698 18.1818 4
79.0698 22.7273 4
79.0698 27.2727 4
79.0698 31.8182 4
79.0698 36.3636 4
79.0698 40.9091 4
79.0698 45.4545 4
79.0698 50 4
79.0698 54.5455 4
79.0698 59.0909 4
79.0698 63.6364 4
79.0698 68.1818 4
79.0698 72.7273 4
79.0698 77.2727 4
79.0698 81.8182 4
79.0698 86.3636 4
79.0698 90.9091 4
79.0698 95.4545 4
79.0698 100 4
83.7209 4.54545 4
83.7209 0 4
83.7209 9.09091 4
83.7209 13.6364 4
83.7209 18.1818 4
83.7209 22.7273 4
83.7209 27.2727 4
83.7209 31.8182 4
83.7209 36.3636 4
83.7209 40.9091 4
83.7209 45.4545 4
83.7209 50 4
83.7209 54.5455 4
83.7209 59.0909 4
83.7209 63.6364 4
83.7209 68.1818 4
83.7209 72.7273 4
83.7209 77.2727 4
83.7209 81.8182 4
83.7209 86.3636 4
83.7209 90.9091 4
83.7209 95.4545 4
83.7209 100 4
88.3721 4.54545 4
88.3721 0 4
88.3721 9.09091 4
88.3721 13.6364 4
88.3721 18.1818 4
88.3721 22.7273 4
88.3721 27.2727 4
88.3721 31.8182 4
88.3721 36.3636 4
88.3721 40.9091 4
88.3721 45.4545 4
88.3721 50 4
88.3721 54.5455 4
88.3721 59.0909 4
88.3721 63.6364 4
88.3721 68.1818 4
88.3721 72.7273 4
88.3721 77.2727 4
88.3721 81.8182 4
88.3721 86.3636 4
88.3721 90.9091 4
88.3721 95.4545 4
88.3721 100 4
93.0233 4.54545 4
93.0233 0 4
93.0233 9.09091 4
93.0233 13.6364 4
93.0233 18.1818 4
93.0233 22.7273 4
93.0233 27.2727 4
93.0233 31.8182 4
93.0233 36.3636 4
93.0233 40.9091 4
93.0233 45.4545 4
93.0233 50 4
93.0233 54.5455 4
93.0233 59.0909 4
93.0233 63.6364 4
93.0233 68.1818 4
93.0233 72.7273 4
93.0233 77.2727 4
93.0233 81.8182 4
93.0233 86.3636 4
93.0233 90.9091 4
93.0233 95.4545 4
93.0233 100 4
97.6744 4.54545 4
97.6744 0 4
97.6744 9.09091 4
97.6744 13.6364 4
97.6744 18.1818 4
97.6744 22.7273 4
97.6744 27.2727 4
97.6744 31.8182 4
97.6744 36.3636 4
97.6744 40.9091 4
97.6744 45.4545 4
97.6744 50 4
97.6744 54.5455 4
97.6744 59.0909 4
97.6744 63.6364 4
97.6744 68.1818 4
97.6744 72.7273 4
97.6744 77.2727 4
97.6744 81.8182 4
97.6744 86.3636 4
97.6744 90.9091 4
97.6744 95.4545 4
97.6744 100 4
102.326 4.54545 4
102.326 0 4
102.326 9.09091 4
102.326 13.6364 4
102.326 18.1818 4
102.326 22.7273 4
102.326 27.2727 4
102.326 31.8182 4
102.326 36.3636 4
102.326 40.9091 4
102.326 45.4545 4
102.326 50 4
102.326 54.5455 4
102.326 59.0909 4
102.326 63.6364 4
102.326 68.1818 4
102.326 72.7273 4
102.326 77.2727 4
102.326 81.8182 4
102.326 86.3636 4
102.326 90.9091 4
102.326 95.4545 4
102.326 100 4
106.977 4.54545 4
106.977 0 4
106.977 9.09091 4
106.977 13.6364 4
106.977 18.1818 4
106.977 22.7273 4
106.977 27.2727 4
106.977 31.8182 4
106.977 36.3636 4
106.977 40.9091 4
106.977 45.4545 4
106.977 50 4
106.977 54.5455 4
106.977 59.0909 4
106.977 63.6364 4
106.977 68.1818 4
106.977 72.7273 4
106.977 77.2727 4
106.977 81.8182 4
106.977 86.3636 4
106.977 90.9091 4
106.977 95.4545 4
106.977 100 4
111.628 4.54545 4
111.628 0 4
111.628 9.09091 4
111.628 13.6364 4
111.628 18.1818 4
111.628 22.7273 4
111.628 27.2727 4
111.628 31.8182 4
111.628 36.3636 4
111.628 40.9091 4
111.628 45.4545 4
111.628 50 4
111.628 54.5455 4
111.628 59.0909 4
111.628 63.6364 4
111.628 68.1818 4
111.628 72.7273 4
111.628 77.2727 4
111.628 81.8182 4
111.628 86.3636 4
111.628 90.9091 4
111.628 95.4545 4
111.628 100 4
116.279 4.54545 4
116.279 0 4
116.279 9.09091 4
116.279 13.6364 4
116.279 18.1818 4
116.279 22.7273 4
116.279 27.2727 4
116.279 31.8182 4
116.279 36.3636 4
116.279 40.9091 4
116.279 45.4545 4
116.279 50 4
116.279 54.5455 4
116.279 59.0909 4
116.279 63.6364 4
116.279 68.1818 4
116.279 72.7273 4
116.279 77.2727 4
116.279 81.8182 4
116.279 86.3636 4
116.279 90.9091 4
116.279 95.4545 4
116.279 100 4
120.93 4.54545 4
120.93 0 4
120.93 9.09091 4
120.93 13.6364 4
120.93 18.1818 4
120.93 22.7273 4
120.93 27.2727 4
120.93 31.8182 4
120.93 36.3636 4
120.93 40.9091 4
120.93 45.4545 4
120.93 50 4
120.93 54.5455 4
120.93 59.0909 4
120.93 63.6364 4
120.93 68.1818 4
120.93 72.7273 4
120.93 77.2727 4
120.93 81.8182 4
120.93 86.3636 4
120.93 90.9091 4
120.93 95.4545 4
120.93 100 4
125.581 4.54545 4
125.581 0 4
125.581 9.09091 4
125.581 13.6364 4
125.581 18.1818 4
125.581 22.7273 4
125.581 27.2727 4
125.581 31.8182 4
125.581 36.3636 4
125.581 40.9091 4
125.581 45.4545 4
125.581 50 4
125.581 54.5455 4
125.581 59.0909 4
125.581 63.6364 4
125.581 68.1818 4
125.581 72.7273 4
125.581 77.2727 4
125.581 81.8182 4
125.581 86.3636 4
125.581 90.9091 4
125.581 95.4545 4
125.581 100 4
130.233 4.54545 4
130.233 0 4
130.233 9.09091 4
130.233 13.6364 4
130.233 18.1818 4
130.233 22.7273 4
130.233 27.2727 4
130.233 31.8182 4
130.233 36.3636 4
130.233 40.9091 4
130.233 45.4545 4
130.233 50 4
130.233 54.5455 4
130.233 59.0909 4
130.233 63.6364 4
130.233 68.1818 4
130.233 72.7273 4
130.233 77.2727 4
130.233 81.8182 4
130.233 86.3636 4
130.233 90.9091 4
130.233 95.4545 4
130.233 100 4
134.884 4.54545 4
134.884 0 4
134.884 9.09091 4
134.884 13.6364 4
134.884 18.1818 4
134.884 22.7273 4
134.884 27.2727 4
134.884 31.8182 4
134.884 36.3636 4
134.884 40.9091 4
134.884 45.4545 4
134.884 50 4
134.884 54.5455 4
134.884 59.0909 4
134.884 63.6364 4
134.884 68.1818 4
134.884 72.7273 4
134.884 77.2727 4
134.884 81.8182 4
134.884 86.3636 4
134.884 90.9091 4
134.884 95.4545 4
134.884 100 4
139.535 4.54545 4
139.535 0 4
139.535 9.09091 4
139.535 13.6364 4
139.535 18.1818 4
139.535 22.7273 4
139.535 27.2727 4
139.535 31.8182 4
139.535 36.3636 4
139.535 40.9091 4
139.535 45.4545 4
139.535 50 4
139.535 54.5455 4
139.535 59.0909 4
139.535 63.6364 4
139.535 68.1818 4
139.535 72.7273 4
139.535 77.2727 4
139.535 81.8182 4
139.535 86.3636 4
139.535 90.9091 4
139.535 95.4545 4
139.535 100 4
144.186 4.54545 4
144.186 0 4
144.186 9.09091 4
144.186 13.6364 4
144.186 18.1818 4
144.186 22.7273 4
144.186 27.2727 4
144.186 31.8182 4
144.186 36.3636 4
144.186 40.9091 4
144.186 45.4545 4
144.186 50 4
144.186 54.5455 4
144.186 59.0909 4
144.186 63.6364 4
144.186 68.1818 4
144.186 72.7273 4
144.186 77.2727 4
144.186 81.8182 4
144.186 86.3636 4
144.186 90.9091 4
144.186 95.4545 4
144.186 100 4
148.837 4.54545 4
148.837 0 4
148.837 9.09091 4
148.837 13.6364 4
148.837 18.1818 4
148.837 22.7273 4
148.837 27.2727 4
148.837 31.8182 4
148.837 36.3636 4
148.837 40.9091 4
148.837 45.4545 4
148.837 50 4
148.837 54.5455 4
148.837 59.0909 4
148.837 63.6364 4
148.837 68.1818 4
148.837 72.7273 4
148.837 77.2727 4
148.837 81.8182 4
148.837 86.3636 4
148.837 90.9091 4
148.837 95.4545 4
148.837 100 4
153.488 4.54545 4
153.488 0 4
153.488 9.09091 4
153.488 13.6364 4
153.488 18.1818 4
153.488 22.7273 4
153.488 27.2727 4
153.488 31.8182 4
153.488 36.3636 4
153.488 40.9091 4
153.488 45.4545 4
153.488 50 4
153.488 54.5455 4
153.488 59.0909 4
153.488 63.6364 4
153.488 68.1818 4
153.488 72.7273 4
153.488 77.2727 4
153.488 81.8182 4
153.488 86.3636 4
153.488 90.9091 4
153.488 95.4545 4
153.488 100 4
158.14 4.54545 4
158.14 0 4
158.14 9.09091 4
158.14 13.6364 4
158.14 18.1818 4
158.14 22.7273 4
158.14 27.2727 4
158.14 31.8182 4
158.14 36.3636 4
158.14 40.9091 4
158.14 45.4545 4
158.14 50 4
158.14 54.5455 4
158.14 59.0909 4
158.14 63.6364 4
158.14 68.1818 4
158.14 72.7273 4
158.14 77.2727 4
158.14 81.8182 4
158.14 86.3636 4
158.14 90.9091 4
158.14 95.4545 4
158.14 100 4
162.791 4.54545 4
162.791 0 4
162.791 9.09091 4
162.791 13.6364 4
162.791 18.1818 4
162.791 22.7273 4
162.791 27.2727 4
162.791 31.8182 4
162.791 36.3636 4
162.791 40.9091 4
162.791 45.4545 4
162.791 50 4
162.791 54.5455 4
162.791 59.0909 4
162.791 63.6364 4
162.791 68.1818 4
162.791 72.7273 4
162.791 77.2727 4
162.791 81.8182 4
162.791 86.3636 4
162.791 90.9091 4
162.791 95.4545 4
162.791 100 4
167.442 4.54545 4
167.442 0 4
167.442 9.09091 4
167.442 13.6364 4
167.442 18.1818 4
167.442 22.7273 4
167.442 27.2727 4
167.442 31.8182 4
167.442 36.3636 4
167.442 40.9091 4
167.442 45.4545 4
167.442 50 4
167.442 54.5455 4
167.442 59.0909 4
167.442 63.6364 4
167.442 68.1818 4
167.442 72.7273 4
167.442 77.2727 4
167.442 81.8182 4
167.442 86.3636 4
167.442 90.9091 4
167.442 95.4545 4
167.442 100 4
172.093 4.54545 4
172.093 0 4
172.093 9.09091 4
172.093 13.6364 4
172.093 18.1818 4
172.093 22.7273 4
172.093 27.2727 4
172.093 31.8182 4
172.093 36.3636 4
172.093 40.9091 4
172.093 45.4545 4
172.093 50 4
172.093 54.5455 4
172.093 59.0909 4
172.093 63.6364 4
172.093 68.1818 4
172.093 72.7273 4
172.093 77.2727 4
172.093 81.8182 4
172.093 86.3636 4
172.093 90.9091 4
172.093 95.4545 4
172.093 100 4
176.744 4.54545 4
176.744 0 4
176.744 9.09091 4
176.744 13.6364 4
176.744 18.1818 4
176.744 22.7273 4
176.744 27.2727 4
176.744 31.8182 4
176.744 36.3636 4
176.744 40.9091 4
176.744 45.4545 4
176.744 50 4
176.744 54.5455 4
176.744 59.0909 4
176.744 63.6364 4
176.744 68.1818 4
176.744 72.7273 4
176.744 77.2727 4
176.744 81.8182 4
176.744 86.3636 4
176.744 90.9091 4
176.744 95.4545 4
176.744 100 4
181.395 4.54545 4
181.395 0 4
181.395 9.09091 4
181.395 13.6364 4
181.395 18.1818 4
181.395 22.7273 4
181.395 27.2727 4
181.395 31.8182 4
181.395 36.3636 4
181.395 40.9091 4
181.395 45.4545 4
181.395 50 4
181.395 54.5455 4
181.395 59.0909 4
181.395 63.6364 4
181.395 68.1818 4
181.395 72.7273 4
181.395 77.2727 4
181.395 81.8182 4
181.395 86.3636 4
181.395 90.9091 4
181.395 95.4545 4
181.395 100 0
186.047 4.54545 4
186.047 0 4
186.047 9.09091 4
186.047 13.6364 4
186.047 18.1818 4
186.047 22.7273 4
186.047 27.2727 4
186.047 31.8182 4
186.047 36.3636 4
186.047 40.9091 4
186.047 45.4545 4
186.047 50 4
186.047 54.5455 4
186.047 59.0909 4
186.047 63.6364 4
186.047 68.1818 4
186.047 72.7273 4
186.047 77.2727 4
186.047 81.8182 4
186.047 86.3636 4
186.047 90.9091 4
186.047 95.4545 0
186.047 100 0
190.698 4.54545 4
190.698 0 4
190.698 9.09091 4
190.698 13.6364 4
190.698 18.1818 4
190.698 22.7273 4
190.698 27.2727 4
190.698 31.8182 4
190.698 36.3636 4
190.698 40.9091 4
190.698 45.4545 4
190.698 50 4
190.698 54.5455 4
190.698 59.0909 4
190.698 63.6364 4
190.698 68.1818 4
190.698 72.7273 4
190.698 77.2727 4
190.698 81.8182 4
190.698 86.3636 4
190.698 90.9091 4
190.698 95.4545 0
190.698 100 0
195.349 4.54545 4
195.349 0 4
195.349 9.09091 4
195.349 13.6364 4
195.349 18.1818 4
195.349 22.7273 4
195.349 27.2727 4
195.349 31.8182 4
195.349 36.3636 4
195.349 40.9091 4
195.349 45.4545 4
195.349 50 4
195.349 54.5455 4
195.349 59.0909 4
195.349 63.6364 4
195.349 68.1818 4
195.349 72.7273 4
195.349 77.2727 4
195.349 81.8182 4
195.349 86.3636 4
195.349 90.9091 4
195.349 95.4545 0
195.349 100 0
200 4.54545 4
4.65116 0 4
200 9.09091 4
200 13.6364 4
200 18.1818 4
200 22.7273 4
200 27.2727 4
200 31.8182 4
200 36.3636 4
200 40.9091 4
200 45.4545 4
200 50 4
200 54.5455 4
200 59.0909 4
200 63.6364 4
200 68.1818 4
200 72.7273 4
200 77.2727 4
200 81.8182 4
200 86.3636 4
200 90.9091 0
200 95.4545 0
0 4.54545 4
0 9.09091 4
0 13.6364 4
4.65116 13.6364 4
4.65116 9.09091 4
0 18.1818 4
4.65116 18.1818 4
0 22.7273 4
4.65116 22.7273 4
0 27.2727 4
4.65116 27.2727 4
0 31.8182 0
4.65116 31.8182 0
0 36.3636 0
4.65116 36.3636 0
0 40.9091 0
4.65116 40.9091 0
0 45.4545 0
4.65116 45.4545 0
0 50 0
4.65116 50 0
0 54.5455 0
4.65116 54.5455 0
0 59.0909 0
4.65116 59.0909 0
