14.5 27.3 1
52.8 25.3 1
38.7 31.1 1
54.2 8.88 1
19.4 5.08 1
52.6 23 1
55.5 25.3 1
56.1 7.03 1
9.3 6.13 1
16.2 26.9 1
47 29 1
58.2 27.5 1
58.2 28.7 1
19.9 34 1
50.3 5.08 1
49.8 33.4 1
26.2 34.9 1
24.3 29.2 1
27.7 30.7 1
4 26 1
11.8 41.9 1
18.6 36.1 1
44.9 11.3 1
42.2 40 1
3.23 23 1
36.9 1.53 1
4.18 11.5 1
8.53 3.98 1
44.6 31.7 1
35.9 35 1
10 34.9 1
7.75 9.5 1
17.7 25 1
49.5 29 1
33.7 35.1 1
30.6 13.6 1
9.1 11.9 1
15.9 35.1 1
42.7 33.1 1
1.45 16.1 1
14.6 32.6 1
49.3 16.1 1
49.3 37.8 1
50.5 17.7 1
22 29.3 1
50.6 14.3 1
0.65 37.5 1
3.98 29.4 1
32.3 29.2 1
43.6 42.2 1
0.325 25.8 1
53.1 1.4 1
21.6 14.1 1
26.7 22.2 1
27.7 24 1
3.23 1.5 1
55.5 34.8 1
53.6 33.6 1
12.8 11.8 1
11.1 23.1 1
57.3 22.8 1
10.1 29.9 1
11 18.8 1
8.48 29.3 1
12.1 20.9 1
57.4 33 1
4.58 40.7 1
43.8 19.8 1
10.6 31.5 1
42.9 10.2 1
5.38 1.5 1
31 33 1
47.4 23 1
1.78 43.7 1
18.1 2.65 1
27.3 15.1 1
28.9 19.3 1
23.4 1.43 1
23.3 3.85 1
46.8 1.83 1
44.8 3.1 1
5.35 17.1 1
15 29.7 1
16.7 29.2 1
40.2 14.6 1
32.3 1.53 1
36.4 22.1 1
36.3 24.2 1
18.9 31.6 1
36.5 41.2 1
35.9 9.05 1
17.8 18.2 1
20.1 25.5 1
28 7.4 1
31.7 9.6 1
8.13 36 1
8.33 37.9 1
33.4 41.3 1
37.8 17.8 1
26.1 18.4 1
24.5 43.2 1
43.1 14.6 1
11.1 2.48 1
17.2 63.8 1
37.4 75.5 0
44.7 63.4 0
31.2 79.9 0
40.1 68.8 0
27.1 50.4 1
49.5 50.5 0
49.1 55.4 0
5.75 50.1 1
58.1 67.9 0
5.65 70.2 1
45.2 58.9 0
1.95 66 1
47.7 48.5 1
46.8 85.7 0
36.6 98.5 0
56.4 84.7 0
55.5 48.3 0
47.7 81.2 0
19.9 86.4 0
24.6 47.1 1
40.6 56.6 0
16.8 46.8 1
14.3 84.5 0
16.1 92.6 0
11.6 88.4 0
45.1 47.8 1
48.7 77.6 0
50.9 63.8 0
25.5 79.1 0
49.6 79.5 0
5.05 86.1 1
10.3 57.6 1
53 47.1 0
8.4 91.2 0
8.33 94.7 0
15.7 95.6 0
11.4 54.9 1
18.1 46.8 1
28.7 48.3 1
35.3 69.3 0
32.1 46.7 1
58 54.5 0
28.7 71.7 0
33.3 98.5 0
24.4 85.1 0
53.4 98.6 0
13.5 46.5 1
49.3 96 0
55.2 71.8 0
43.1 46.5 1
0.8 92.2 1
4.88 57.6 1
51.3 74.1 0
58.6 87.3 0
12.3 84 0
22.1 97 0
17.1 97.2 0
1.1 57.7 1
28.1 62.8 0
14 54.4 1
48.1 52.8 0
3.3 96.9 0
28.5 87.3 0
5.73 79.9 1
5.43 98.2 0
57.5 46.9 0
31.8 59.8 0
47.1 97.4 0
57.5 45.6 0
24.6 98.7 0
3.38 80.7 1
0.975 98.7 1
37.6 83.8 0
2.88 76.1 1
35.6 90.1 0
19.2 55.7 1
2.58 46.5 1
4.5 46.5 1
58.4 93.1 0
38 62.6 0
58.7 97.9 0
39.1 48 1
40.2 52.4 1
29.8 54.9 1
27.7 54 1
2.95 86.2 1
36.2 48.6 1
34.5 50.3 1
5.23 75.3 1
50.2 67.4 0
58 52.9 0
49.9 92.2 0
19.5 96.7 0
43.4 81 0
56.5 63.5 0
55.8 75.4 0
53.7 76 0
42.8 98.4 0
55 90.7 0
57 90.4 0
43.9 86.8 0
43.2 89.3 0
23.8 92.4 0
25.8 89.8 0
27.4 95.1 0
65.1 14.9 1
81.9 14.1 0
64 18.6 1
67.8 13.8 1
75.4 3.05 1
87.3 22.3 0
64.5 11 1
77.3 1.8 1
67.2 11.1 1
77.6 17.9 1
64.8 40.5 0
67.3 41.6 0
62.8 13 1
87 8.23 0
87.6 27.2 0
63.8 2.93 1
81.1 4.78 1
71.2 37.3 0
67.2 1.75 1
85.8 10.6 0
83.6 29.2 0
81.6 40.3 0
63.3 37.9 0
69.3 33.6 0
87.2 12.7 0
74.4 1.25 1
63 22.3 1
87.5 42.5 0
72.7 1.25 1
80.2 23.3 0
69.8 3 1
79.6 10.9 1
74.6 18.2 1
63.7 43.9 0
87.3 29.8 0
72.4 42.1 0
78.6 31 0
78.1 33.3 0
64.8 25.7 1
62.7 25.5 1
61.4 30.1 1
61.4 31.9 1
62.5 96.2 0
78.7 50.5 0
72.2 74.3 0
70.8 76.4 0
86.4 88.1 1
64 67.1 0
73.6 64 0
71.5 49.7 0
86.5 72.2 0
88.2 56.6 0
79.4 52.9 0
64.9 61.2 0
86.4 64.3 0
76.4 62.4 0
61.5 66.8 0
88.7 73.1 0
87.8 62.6 0
88.6 67.2 0
88.5 76.9 0
83.5 98.6 1
61.8 92.8 0
67.3 98.3 0
61.7 57.4 0
80.4 75.9 0
63.1 76.9 0
80.5 78.9 0
88.2 54.9 0
67.2 46.5 0
78.5 90.3 0
70.4 47.5 0
77.9 86.3 0
70.7 72.1 0
87.5 46.9 0
60.7 97.9 0
87.5 45.6 0
87.5 99.3 1
68.3 72 0
60.7 46.3 0
61.8 52.3 0
86 58.1 0
86.3 92.6 1
88.5 93.1 1
86.3 81 0
86.4 84.2 0
74.9 47.3 0
86.5 51 0
70.4 58.4 0
70.8 96.8 0
63.2 72.7 0
62.7 84.1 0
68.3 83.5 0
67.3 85.4 0
80.6 96.5 0
76.5 94.8 0
81 66.7 0
80.9 69.1 0
62.5 80.9 0
69.1 64 0
61.8 49 0
62.5 47.7 0
197 31.1 0
158 17.6 0
136 4.75 0
171 26.4 0
195 32.5 0
107 30.2 0
105 31.7 0
136 7.13 0
117 27.2 0
194 13.7 0
187 23.8 0
199 26 0
101 40.4 0
126 22.5 0
181 25.4 0
197 26.2 0
158 10.7 0
169 39.9 0
121 22.9 0
173 41.9 0
163 9.95 0
166 13.1 0
157 39.9 0
111 39.9 0
112 24.5 0
111 25.6 0
113 9.75 0
196 34.9 0
161 27.8 0
165 34.1 0
92.1 18.4 0
156 12.7 0
119 2.63 0
194 23.7 0
139 32 0
176 29 0
172 33.2 0
114 18.3 0
179 23.5 0
129 40.1 0
154 33.4 0
173 29.6 0
157 34.2 0
93.9 4.88 0
179 21.3 0
117 7.3 0
129 36.9 0
177 8.33 0
189 19.5 0
118 10.5 0
122 30.4 0
91.2 22.2 0
97.7 33.6 0
107 17.7 0
135 24.1 0
134 32.1 0
168 4.98 0
176 42.2 0
151 33.9 0
129 21.2 0
140 23.9 0
151 21.5 0
164 41.9 0
140 43.8 0
122 32.7 0
192 31.2 0
127 17.5 0
166 43.4 0
171 14.9 0
141 40.4 0
139 14.7 0
152 17 0
178 42.2 0
185 19 0
188 8.2 0
134 27 0
148 43.2 0
184 2.53 0
198 1.48 0
181 17.7 0
182 37.7 0
103 16.4 0
154 24 0
175 20.6 0
111 13.7 0
147 11 0
115 31.3 0
151 4.8 0
130 29.1 0
166 28 0
101 14.5 0
96.9 3 0
124 29.5 0
142 10.7 0
174 13.8 0
186 14.8 0
107 43.1 0
163 3.3 0
121 2.63 0
197 37.7 0
93.2 38.1 0
185 7.03 0
137 10.4 0
197 7.78 0
162 37.1 0
92.7 11.7 0
157 25.6 0
152 7.25 0
126 30.8 0
93 31.9 0
141 34.5 0
99.1 1.45 1
101 1.45 0
118 43.7 0
188 1.25 0
197 43.7 0
195 43.7 0
97.5 7.98 0
145 0.975 0
124 42 0
123 39.7 0
109 7.38 0
134 2.88 0
104 26.5 0
102 26.2 0
98 14.2 0
105 1.9 0
103 3.35 0
109 1.43 0
165 17.4 0
134 12.1 0
99 21.7 0
180 29.7 0
183 25.7 0
149 29.1 0
118 17.4 0
159 43.6 0
93 23.7 0
118 36.3 0
146 41.3 0
113 3 0
140 19.9 0
136 30.9 0
195 20.6 0
197 19.7 0
134 14.2 0
186 43.7 0
145 7.5 0
194 2.53 0
192 3.78 0
192 6.23 0
169 18.9 0
171 20.5 0
94.9 29.7 0
176 35.7 0
120 41.5 0
124 2.9 0
126 65.5 0
161 82.8 0
182 79.2 0
151 62.5 0
112 80.2 0
151 82.5 0
110 66.2 0
161 67.8 0
172 69.1 0
138 82.7 0
118 87.7 0
113 71.7 0
95.4 75.9 0
110 85.7 0
193 95.1 0
187 63.7 0
190 49.5 0
114 69.3 0
157 68.8 0
186 60.3 0
159 70.1 0
147 70.2 0
147 78.6 0
115 57.7 0
131 71.6 0
172 57.1 0
167 48.5 0
179 66 0
166 72.2 0
130 86 0
119 69.3 0
189 58.8 0
104 81.5 0
92.9 59.2 0
91.4 76.9 0
91.9 53.3 0
140 98.2 0
199 82.8 0
116 92.5 0
154 56.3 0
124 56.4 0
137 49.6 0
144 96.9 0
111 49.9 0
99.8 53.5 0
152 73.5 0
143 57.5 0
121 70.4 0
141 46.8 0
109 92.4 0
131 51.7 0
175 95.3 0
176 48 0
94.2 65 0
180 50 0
111 88.7 0
184 57.6 0
155 86.5 0
174 59.1 0
165 66.5 0
153 92.1 0
168 96.9 0
167 81.9 0
102 52.7 0
159 49.6 0
163 46.7 0
93.1 92.9 1
157 64.1 0
103 49.5 0
114 95.9 0
194 65.9 0
125 58.7 0
96.7 65.7 0
133 53.4 0
197 60.3 0
167 46.3 0
174 84.3 0
176 83.5 0
113 97.1 0
187 56.1 0
94.3 69.2 0
178 48 0
179 95.6 0
180 93.2 0
91.5 62.3 0
136 47.8 0
167 89.3 0
159 52.4 0
91.9 54.9 0
178 73.8 0
97.1 98.5 1
120 65.7 0
163 98.6 0
96.8 68.6 0
166 92.9 0
154 61.5 0
188 52.4 0
184 47 0
184 98.7 0
159 95.6 0
91.6 73.1 0
160 93 0
120 62.1 0
109 98.7 0
96.3 80.1 0
146 75.1 0
135 91.7 0
136 52.7 0
180 73.7 0
138 74 0
165 86.8 0
103 98.4 0
139 71.6 0
103 65.7 0
159 89.6 0
105 83.6 0
141 88.5 0
163 79.2 0
110 61.3 0
144 60.6 0
96.9 46.5 0
166 60.4 0
167 58 0
105 98.4 0
177 76.2 0
137 91.6 0
183 69.1 0
105 56.5 0
127 46.4 0
164 77 0
109 55.9 0
126 98.8 0
91.9 99.3 1
166 77.5 0
107 46.6 0
131 78.6 0
197 46.6 0
196 46.6 0
104 59.3 0
153 98.8 0
178 79.8 0
195 73.5 0
196 75.4 0
196 81.4 0
194 83.1 0
181 89.5 0
197 97.5 0
196 95.5 0
193 46.6 0
160 56.7 0
198 48.5 0
182 76.7 0
180 76.3 0
132 98.8 0
105 78.6 0
98.5 62.6 0
127 89.7 0
94.5 47.7 0
95.2 50.1 0
171 75.3 0
112 63.1 0
140 57.4 0
140 59.9 0
143 78.3 0
143 76.2 0
190 66.2 0
132 46.4 0
156 58.1 0
196 57.1 0
176 52.1 0
132 81.2 0
152 50.2 0
91.4 67 0
93.1 94.7 1
97.9 59.4 0
109 78 0
109 75.4 0
105 69.2 0
141 64.3 0
148 49.9 0
93.5 85.5 1
93.9 80.5 0
91.4 82.8 0
41.7 27 1
21.5 5.35 1
56.8 26.5 1
2.18 10.1 1
36.8 31.2 1
25 10.4 1
33.9 3.05 1
31.9 24.8 1
0.425 8.18 1
11.2 33.4 1
21.2 33.7 1
4.68 24 1
37.9 12.1 1
7 13.3 1
48.8 12.1 1
1.38 40.4 1
1.15 21.3 1
13.4 43.1 1
15 41.8 1
54.8 40.6 0
48.9 31.6 1
55.6 2.58 1
2.1 1.5 1
5.65 10.9 1
51.6 34.2 1
46.4 31.5 1
40.4 31.6 1
51 8.1 1
14.8 36.1 1
2.2 17.7 1
19.2 9.63 1
28.6 4.4 1
52.3 41.8 1
55.3 21.8 1
19.2 12.1 1
15.2 20.2 1
0.375 29.7 1
13.5 19.9 1
16.3 43.7 1
5.38 30.6 1
12.7 26.1 1
3.1 41.9 1
9.18 23 1
14.9 9.43 1
0.05 42.2 1
6.65 23 1
3.3 27.4 1
55.3 15 1
35.4 1.53 1
8.08 24.7 1
44.1 20.1 1
55.1 18.4 1
14.4 13.7 1
35 43.3 1
14.2 16.7 1
27.6 43.6 1
10.7 41.9 1
46.4 16.3 1
27.6 36.8 1
25 1.43 1
14.5 6.1 1
12.4 17.8 1
40.2 4.13 1
8.53 19.3 1
44.2 4.43 1
42.5 20.2 1
38.5 20.4 1
32.4 19.9 1
58.2 13.1 1
24.8 22.7 1
30.4 30.7 1
24.1 33.6 1
14.5 2.45 1
41.5 22.1 1
22.9 17.2 1
16 1.15 1
44 37.6 1
40 6.58 1
5.95 42 1
21.4 16.1 1
42.7 6.88 1
57.1 17 1
49.3 22.4 1
9.4 43.8 1
42.4 2.6 1
58.7 1.18 1
58.7 43.9 0
17.3 30.7 1
38.4 28 1
46.2 25.6 1
22.3 22.8 1
21 24.8 1
47.8 43.5 1
49.5 42.2 1
20.3 31.3 1
7.68 42 1
21.2 19.2 1
19.6 18.1 1
33.9 8.13 1
35 17 1
56 38.8 1
58.1 37.5 1
20.2 43.7 1
18.8 43.7 1
4.6 34.8 1
2.6 34.9 1
2.15 32.9 1
30.7 41.6 1
31.9 39.9 1
26.7 1.43 1
55.6 31.8 1
39.4 17.2 1
27.4 17.4 1
39.2 42.9 1
25.9 41.7 1
11.8 1.3 1
14.2 68 1
30.4 64 0
42 70.7 0
3.38 78.4 1
13.7 77.8 0
40.8 73.3 0
18.3 78.8 0
7.18 57.7 1
0.375 95.1 1
56.5 66.7 0
48 57.7 0
58.4 94.9 0
20.6 77.1 0
44.5 76 0
9.58 72.9 1
22 63.2 1
20.3 72.1 0
45.9 50 1
57.1 96.4 0
20.7 50.4 1
30.2 73.9 0
8.95 50.3 1
13.5 75.8 1
55.2 81.7 0
37.5 79.6 0
30.3 94.9 0
18.7 92.5 0
22.1 48.6 1
9.05 64.8 1
36.2 81.1 0
45.7 52.3 0
38.4 58 0
5.08 88.6 1
0.9 90 1
4.08 62 1
58.6 85.6 0
11.8 98.4 0
5.78 84.5 1
17.7 71.7 0
56.6 55.8 0
35.6 85.1 0
33.5 73 0
2.43 70.6 1
33.7 55.4 1
51.1 87.6 0
26 83.5 0
50.2 74 0
14.9 48.3 1
31.6 57 1
20.1 89.1 0
11.9 59.8 1
57.1 73 0
2.38 82.8 1
57.6 78.1 0
34.4 63.5 0
26.1 63.2 0
5.73 77.6 1
56.3 79.7 0
58.4 65.1 0
35 98.5 0
23.9 95.5 0
2.18 96.9 1
25 97.3 0
30.6 91.7 0
41.6 98.4 0
45 95.8 0
10.2 47.9 1
53.2 80.3 0
58.6 57.5 0
58.1 69.3 0
31 84.1 0
11.2 82.9 0
24.5 58.3 1
57.4 81 0
11.3 80.6 0
40 83.9 0
53.2 73.6 0
21.9 85.9 0
45.6 93 0
9.98 53.2 1
0.075 73.1 1
0.625 75.8 1
23.8 65.2 1
39.1 96.9 0
38.4 50.1 1
33.5 66.3 0
31.2 66.8 0
28.6 77.7 0
49 65.5 0
8.63 83 1
8.68 80.8 1
48.6 93.2 0
47.3 71.4 0
1.75 55 1
3.73 55 1
18.9 95.5 0
56.7 60.7 0
26.8 97.3 0
83 21 0
80.6 20.6 0
85.2 20.3 0
71 23.5 1
65.3 20.5 1
75.9 41.6 0
82.4 25.1 0
86.1 14.3 0
84 14.8 0
76.9 25.1 0
74.1 35.1 0
64.8 29.4 1
85.1 6.95 1
65.4 1.75 1
74.8 43.6 0
72.2 13.5 1
79.3 3.13 1
75.9 27.7 0
85.5 36.6 0
70.7 40.3 0
85.4 4.15 1
74.3 10.8 1
73.2 8.5 1
82.5 37.2 0
67.9 30.2 1
82.9 2.98 1
67.4 22 1
70.5 8.45 1
82 7.58 1
64.5 34.1 1
83.2 42.2 0
85.7 41.1 0
88.4 12.9 0
88.5 31.9 0
88.7 1.18 1
88.7 43.9 0
60.7 1.18 1
60.7 43.9 0
86 24.1 0
87.7 16.5 0
85.6 17 0
86 29.1 0
87 38.5 0
73 43.6 0
71.7 26.7 1
62.7 32.2 1
78.8 43.1 0
84.9 90.2 1
84.9 74.2 0
80.7 49.5 0
77.2 49 0
88.5 94.9 1
65.5 98.3 0
61.8 94.6 0
87.2 75.1 0
65.3 68.8 0
85.2 49 0
88.5 86.7 1
61.5 63.4 0
71.9 91.6 0
67.9 88.1 0
85 70.3 0
81.6 87.1 0
66.3 81.5 0
82.7 47.7 0
88.6 65.6 0
64.7 89.1 0
76.4 88.8 0
88.5 85 0
73 70.2 0
61.5 65.2 0
64.5 74.7 0
68.1 76.6 0
77.3 73.3 0
77.4 70.7 0
60.7 99.3 0
60.7 45.6 0
74.5 96.9 0
84.9 82.2 0
86 97.9 1
84.6 52.1 0
72.1 95.2 0
61.4 85 0
61.4 86.8 0
79.4 94.8 0
78 57.8 0
64 82.2 0
68.3 61.3 0
65.5 46.5 0
61.7 55.6 0
63.4 54.2 0
125 24.3 0
194 18.8 0
197 10.1 0
117 24.8 0
198 40.1 0
186 12.4 0
167 33.1 0
119 39.8 0
175 40.4 0
131 5.35 0
189 10.9 0
186 31.1 0
141 30.4 0
105 33.4 0
156 41.3 0
175 26.9 0
196 24.2 0
169 34.9 0
184 34.1 0
156 5.78 0
104 35.3 0
200 23.5 0
160 15.5 0
116 19.6 0
188 34.3 0
172 27.5 0
93.3 20.5 0
188 38 0
118 34.4 0
118 4.2 0
112 11.2 0
146 27 0
188 40.5 0
116 33.8 0
106 19.2 0
99.4 33.5 0
170 5.15 0
116 9.7 0
112 19.9 0
137 36.4 0
119 1.35 0
106 22.5 0
111 35.3 0
111 30.3 0
117 29.6 0
133 34.5 0
162 11.8 0
198 22.1 0
190 25.4 0
120 30.5 0
94.8 33.9 0
161 32.7 0
123 6.65 0
193 1.08 0
164 15.6 0
138 23.6 0
200 28.2 0
126 10.4 0
138 21.1 0
127 20.1 0
141 13.3 0
174 32.9 0
196 41.8 0
93.5 2.73 1
163 22.5 0
163 25.4 0
176 16.7 0
170 12.8 0
159 1.88 0
185 4.3 0
145 9.48 0
93 25.6 0
126 33.6 0
169 22 0
162 43.6 0
191 20.7 0
105 41.8 0
124 34.6 0
120 32.7 0
198 35.6 0
187 17.7 0
196 4 0
103 18.6 0
185 24.2 0
138 1.88 0
190 29.5 0
178 34.5 0
126 43.4 0
95.2 1.55 1
149 35.8 0
121 7.45 0
180 15.5 0
195 6.45 0
134 29.2 0
192 23.6 0
177 24.1 0
139 36.1 0
177 21.8 0
174 11 0
181 9.5 0
154 43.3 0
146 35.7 0
188 3.03 0
167 2.73 0
94.3 42.1 0
151 10.5 0
129 25.6 0
174 19.4 0
164 4.6 0
132 1.35 0
103 43.6 0
158 21.7 0
114 43.3 0
179 32.6 0
144 20.9 0
146 19.8 0
132 43.5 0
109 13.5 0
144 34 0
132 20.4 0
172 10.1 0
132 30.4 0
134 18.8 0
94.3 9.5 0
99.9 7.73 0
182 1.28 0
153 1.45 0
113 16.1 0
137 43.8 0
181 1.28 0
92.7 7.48 0
96.7 43.3 0
194 42.4 0
172 1.6 0
127 1.63 0
192 42.4 0
96.6 9.73 0
153 12.6 0
193 38 0
91.2 43.9 0
90.7 1.18 1
111 3 0
107 3.33 0
124 12.6 0
128 29.7 0
181 27.9 0
183 28.3 0
150 41.5 0
121 18.5 0
159 41.6 0
141 0.975 0
140 2.85 0
145 43.1 0
131 15.4 0
99.6 30.5 0
145 31.6 0
166 7.95 0
177 1.28 0
176 2.88 0
93.7 16.6 0
135 16.4 0
104 10.7 0
147 0.975 0
186 41.8 0
166 20.9 0
166 19.2 0
183 40.3 0
182 42.1 0
117 42 0
147 15 0
93.4 28.8 0
153 26.4 0
155 27.5 0
130 10.4 0
95.1 22 0
121 42.8 0
123 4.25 0
199 95.7 0
93.8 88 1
112 84.8 0
175 87.5 0
173 89.7 0
165 50.2 0
95.5 89.9 1
186 94.8 0
191 52 0
98.1 50.3 0
198 93.7 0
101 96.9 1
170 70.9 0
153 89.7 0
93 75 0
101 89.1 0
138 97 0
93.7 97.8 1
143 95.1 0
92.6 46.9 0
163 60.2 0
94.8 57.8 0
177 88.1 0
182 66 0
152 57.2 0
137 98.8 0
185 81.2 0
130 88.6 0
187 69.3 0
180 56.6 0
164 48 0
127 71.7 0
121 85.3 0
172 54.4 0
111 97.1 0
109 90.3 0
156 88.6 0
144 48.2 0
125 69.6 0
173 64.1 0
92.9 63.9 0
195 88.2 0
142 68.3 0
167 70.3 0
124 63.2 0
147 87.9 0
169 49.8 0
147 85.5 0
175 49.4 0
134 67.7 0
124 74.2 0
91.4 65.4 0
107 88.8 0
165 55.7 0
98.7 47.9 0
150 74.8 0
122 73.5 0
194 98.1 0
166 95.5 0
98.9 82.9 0
101 55.2 0
198 90.1 0
123 86.2 0
174 53.8 0
133 75.5 0
147 46.4 0
100 70.3 0
148 57.2 0
193 58.7 0
178 85.6 0
102 98.4 1
178 69 0
108 97.1 0
100 64.7 0
157 75.9 0
163 87 0
147 73.4 0
195 60.9 0
103 54.4 0
121 82.3 0
159 74 0
159 63.6 0
146 54.8 0
179 54.2 0
108 85.8 0
194 55.7 0
186 97.2 0
95.3 98.5 1
107 66.5 0
123 70.7 0
186 48.3 0
121 63.8 0
134 89.3 0
146 60.1 0
167 62.5 0
116 72.1 0
133 77.4 0
144 54.6 0
105 48.1 0
169 88.2 0
114 46.9 0
104 71.8 0
163 74.7 0
155 53.9 0
143 88.3 0
103 46.5 0
188 81.9 0
154 46.4 0
167 85.7 0
186 86.7 0
122 93.7 0
171 98.3 0
169 57.7 0
138 89.2 0
137 87.5 0
100 74.9 0
158 98.3 0
183 85.4 0
165 79.7 0
128 46.4 0
105 64.5 0
147 98.6 0
144 85.6 0
143 61.8 0
184 87.4 0
152 93.4 0
116 69.7 0
187 46.3 0
139 70 0
176 98.2 0
155 97.1 0
111 58.4 0
181 98.7 0
188 98.5 0
117 63.2 0
152 97.4 1
105 60.4 0
158 46.4 0
119 98.9 0
91.2 45.6 0
90.7 99.3 1
119 56.1 0
117 58.2 0
131 59.4 0
131 97.1 0
125 93.1 0
115 86.9 0
119 47 0
146 90.1 0
154 82.4 0
156 84.4 0
132 49.2 0
134 47.8 0
196 68.4 0
198 67.8 0
154 59.1 0
198 55.7 0
134 80 0
121 47 0
101 58.1 0
117 79.5 0
127 83.5 0
125 98.8 0
141 65.6 0
125 46.4 0
127 80.3 0
125 79.2 0
193 90.1 0
91.4 84.4 1
120 98.9 0
122 96.2 0
127 97.1 0
45 14.4 1
47.1 38.5 1
46.1 12.1 1
8.93 40.1 1
0.175 11.7 1
36.4 26 1
36.5 33.8 1
23.1 10.1 1
42 24.6 1
34.3 19.1 1
35.1 27.8 1
32.7 27.3 1
13.5 33.7 1
25.3 31.1 1
20.7 40.5 1
16.9 25.3 1
8.9 7.75 1
8.33 2.8 1
15.9 40.4 1
30.6 37 1
31.2 1.53 1
0.575 36.5 1
31.9 35 1
58.2 7.05 1
52.4 15 1
52.2 17.1 1
0.95 27.5 1
15.3 3.95 1
10.8 11.7 1
16.8 2.65 1
37.9 10.1 1
17.3 42.3 1
17 10 1
9.95 29.5 1
51.4 36.7 1
6.38 1.5 1
49.8 27.3 1
40 20.9 1
8.33 28.8 1
56.7 14.8 1
46.5 17.7 1
5.43 43.2 1
12.1 23.8 1
14.1 15 1
45.4 20.9 1
13.9 7.75 1
25.8 24.5 1
21.7 20.8 1
21.5 8.08 1
19.2 37.7 1
16.4 37.7 1
21.4 12.6 1
8.13 26.5 1
42.6 8.58 1
17 12.5 1
16.1 18.3 1
58.7 25.3 1
39.9 8.28 1
24.6 18.3 1
41 19 1
58.2 29.4 1
58.7 32.3 1
46.9 21.6 1
10.1 1.3 1
18.9 1.5 1
13.4 1.3 1
24.2 20.6 1
29.9 23.2 1
30.3 20.4 1
48.8 21 1
48.8 18.7 1
58.7 23.4 1
7.75 21.3 1
58.6 16.8 1
42 43.7 1
51.7 43.7 1
41.8 1.33 1
51.9 1.4 1
43.1 35.3 1
15.6 31.2 1
40.2 28.5 1
24.3 27.2 1
22.1 27.3 1
47.3 27.3 1
51.1 23.4 1
51.3 25.7 1
22 1.43 1
20.8 2.93 1
37.6 14.2 1
39.6 15.3 1
46.9 43.5 1
45.2 42.2 1
7.18 17.5 1
34.6 15.3 1
54.7 37.3 1
56.7 36 1
19.9 42.3 1
18.5 42.3 1
0.9 3.2 1
4.15 32.8 1
56.8 31.1 1
38.3 1.53 1
39.6 2.85 1
37.9 41.2 1
40.7 41.5 1
24.1 43.2 1
48.7 3.23 1
49.4 1.4 1
44 54.9 0
41.4 54.8 0
33.5 80.9 0
36.5 89.1 0
33 83.6 0
16.8 89.5 0
32.3 62 0
50.7 50.4 0
18.8 91 0
50.5 58.7 0
51.6 56.4 0
55.1 83.6 0
1.2 62.5 1
14.9 90.9 0
16.3 77.8 0
25.5 50.3 1
45.3 57.8 0
23.7 48.6 1
38.7 65.3 0
23.6 68.7 0
6.68 50.3 1
48.2 47.2 1
55 49.5 0
41.4 65.7 0
56.2 51.5 0
13.6 49.7 1
40.4 68.3 0
16 75.7 0
12.2 47.9 1
39 90.7 0
58.2 50.7 0
52.5 48.2 0
8.38 96.6 0
10.1 98.4 0
47.9 84.5 0
20.3 74.5 0
46.8 75 0
56.5 68.1 0
28.1 89.7 0
37 63 0
35.2 68.3 0
16.2 46.8 1
16.4 59.7 1
2.98 88.7 1
48.7 76 0
47.7 81.8 0
54.3 79 0
51.8 90.4 0
12.6 52.6 1
24.4 61.2 1
49.6 80.2 0
17.8 74.1 0
39.9 46.5 1
6.43 98.2 0
22.1 88.6 0
56.9 70.7 0
50.1 97.4 0
40.7 82 0
21.2 46.5 1
28.5 84.7 0
29.2 46.7 1
52 61.6 0
39.7 80.5 0
16.3 98.8 0
40.2 85.4 0
31 46.7 1
2.18 46.5 1
14 58.9 1
58.9 78.2 0
15.1 56.1 1
58.8 72 0
5.05 46.5 1
11.8 84.2 0
51.9 46.2 0
58.8 81.1 0
52.1 98.6 0
47.9 98.8 0
41.9 46.5 1
58.7 99.3 0
58.7 45.6 0
20.8 54 1
17.4 56.9 1
38 98.5 0
58.4 92 0
3.68 84.6 1
13.4 98.4 0
14.8 97.2 0
49.9 67.5 0
32.2 98.5 0
58 54.1 0
21.2 98.3 0
47.6 69.5 0
48.3 73 0
18.7 46.8 1
19.8 48.3 1
19.9 98.3 0
43.1 80.9 0
42 79.3 0
17.1 86.5 0
16.1 84.8 0
19 85.2 0
18 83.6 0
55.1 61.9 0
58.2 49.3 0
56.9 48.1 0
8.53 70.3 1
56.4 76.3 0
54.3 76.9 0
42.8 87 0
42.1 89.4 0
24.1 90.2 0
72.9 22 1
63.7 16.6 1
80.7 15 1
78.6 24.3 0
75.8 3.05 1
61.3 15.9 1
69.3 13.3 1
71.4 35.2 0
74.8 1.25 1
88.4 8.45 1
62.4 3.88 1
87.3 14.5 0
69.8 3 1
68.6 10.5 1
61.3 25 1
68.3 1.75 1
74.8 24 1
67.6 33.2 1
78.7 17.3 1
61.8 37.6 1
79.9 1.33 1
63 9.55 1
61.7 7.4 1
71.6 1.25 1
88.9 23 0
88.5 30.1 0
61.3 23.2 1
88.9 16.7 0
88.7 26.2 0
81.9 1.33 1
82 43.6 0
61.3 13.4 1
78.3 29.4 0
64.7 26.8 1
83.7 23.6 0
81.5 28.5 0
62.3 42.9 0
63.4 41.1 0
88.3 38 0
73.8 26.7 0
62.7 30.4 1
80.3 41.7 0
77.3 41.6 0
86 59.2 0
75.6 49 0
86.4 63.2 0
88.2 57.7 0
77 55.3 0
81.4 51.9 0
82.2 89.9 0
87.8 61.5 0
88.5 92 1
77.4 82.1 0
61.8 50.9 0
79.7 69.5 0
68.4 98.3 0
61.8 91.7 0
88.1 50.7 0
61.7 58.5 0
74.8 71.2 0
80.1 80 0
79.5 74.7 0
88.5 80.2 0
80.3 98.6 0
79.9 91.9 0
82.1 82 0
88.2 54.5 0
70.2 46.5 0
78.2 84.9 0
88.5 78.2 0
87.3 69.9 0
88.6 68.6 0
82.2 98.6 1
81.9 46.3 0
74.8 73.8 0
67.2 74.4 0
68.3 46.5 0
61.3 78.3 0
88.7 71.9 0
61.4 71.6 0
88.7 99.3 1
88.7 45.6 0
62.5 96.6 0
78.6 46.8 0
73.1 50.5 0
88.7 48.1 0
86.9 48.8 0
70.2 98.3 0
61.5 68.2 0
62.9 69.2 0
61.8 49.6 0
61.3 80.2 0
123 41.2 0
152 21.8 0
171 43.2 0
154 19.5 0
186 33.4 0
199 41.3 0
193 31.6 0
118 6.63 0
170 41.5 0
101 35.4 0
194 34 0
147 39 0
123 22.8 0
114 34 0
99 9.48 0
182 35.7 0
162 39.9 0
163 34.9 0
110 26 0
153 43.3 0
94.6 27.2 0
136 3.23 0
157 43 0
111 41.4 0
114 11.1 0
107 11.3 0
163 41.9 0
136 34.6 0
113 31.5 0
157 9 0
99.7 14.1 0
181 23.9 0
127 26.3 0
158 3.33 0
100 4.9 1
180 34.4 0
106 1.9 0
136 8.65 0
140 41.9 0
190 6.55 0
190 4.1 0
125 43.4 0
131 21.8 0
185 21 0
131 35.6 0
109 16.3 0
161 26.9 0
174 15.4 0
124 28.3 0
156 1.45 0
192 36 0
127 15.7 0
112 43.3 0
107 24.6 0
148 28.9 0
130 41.9 0
197 28.4 0
184 10.8 0
195 1.08 0
174 30.6 0
176 35.2 0
162 14.6 0
169 25.8 0
179 1.28 0
124 8.4 0
171 16.5 0
134 25.2 0
150 3.25 0
140 10.9 0
157 19.8 0
167 27.6 0
189 36.1 0
131 24.2 0
168 12.7 0
170 2.9 0
131 8.4 0
150 34.1 0
139 43.8 0
134 9.83 0
176 43.5 0
149 11 0
169 23.8 0
119 12.3 0
93.3 35.5 0
102 3.35 1
125 26.2 0
159 25.2 0
142 25.1 0
168 43.4 0
178 8.38 0
145 0.975 0
128 43.4 0
182 12.2 0
135 42.3 0
196 2.55 0
130 2.98 0
181 43.5 0
136 43.8 0
160 22.5 0
98.2 3 1
111 17.7 0
91.7 37.7 0
162 1.88 0
121 1.35 0
183 8.13 0
197 1.48 0
179 30.8 0
142 34.1 0
98.3 22.7 0
99.8 41.9 0
108 43.1 0
98.1 43.3 0
194 40.5 0
149 13.5 0
133 43.5 0
176 30 0
152 8.53 0
146 24.4 0
179 43.5 0
91.6 7.2 0
144 23.6 0
174 1.6 0
151 14.5 0
128 1.63 0
91.6 29.8 0
129 13.9 0
91.2 25.3 0
168 1.3 0
91.6 31.6 0
91.6 13.3 0
114 1.58 0
192 43.7 0
92.6 43.9 0
91.2 23.5 0
109 9.38 0
109 4.9 0
124 15 0
127 28.4 0
116 22.9 0
113 22.8 0
149 39.2 0
101 11.4 0
143 31.7 0
164 7.58 0
137 31.7 0
91.6 15.7 0
133 15.1 0
118 2.93 0
147 2.78 0
181 19.4 0
182 21 0
147 21.8 0
170 18.6 0
172 20.2 0
116 43.3 0
128 11.1 0
125 1.63 0
95.2 86.2 1
114 80.4 0
111 67.1 0
183 79.4 0
134 94.7 0
172 61.8 0
109 95.4 0
163 89.7 0
152 91 0
184 76.9 0
199 48.5 0
169 60.9 0
91.9 51.9 0
113 64.8 0
136 98.8 0
138 48.3 0
137 94.6 0
160 90.9 0
140 46.8 0
99.3 90.8 1
147 83 0
180 48.6 0
101 86.5 0
187 89.2 0
150 95.9 0
186 62.4 0
158 56 0
129 84.2 0
152 48.4 0
137 67.6 0
138 65.3 0
149 93.7 0
110 48.5 0
101 72.3 0
165 53.5 0
98.9 76 0
174 96.5 0
159 71.6 0
107 84.6 0
149 80.8 0
133 75.7 0
112 72.7 0
154 68.9 0
104 79.6 0
98.7 65.8 0
119 67.6 0
150 63.9 0
178 58.9 0
153 67.1 0
112 46.9 0
182 47 0
193 46.6 0
150 66.4 0
124 49.8 0
161 75 0
197 98.9 0
169 98.3 0
145 46.4 0
190 80.5 0
98.8 68.6 0
173 98.3 0
131 81.9 0
117 76.5 0
137 46.5 0
140 98.2 0
116 46.9 0
158 78 0
98.4 98.5 1
120 87 0
116 65.3 0
185 83.7 0
166 91.4 0
111 54.2 0
118 61.2 0
176 55.3 0
179 46.6 0
137 54.5 0
199 61.2 0
113 56.7 0
160 96.8 0
91.9 54.5 0
176 57.9 0
117 68 0
165 73.8 0
106 98.4 0
182 57.2 0
98.3 85.4 1
157 98.3 1
175 46.6 0
178 64 0
153 62.8 0
157 53.6 0
174 82.1 0
185 91.5 0
198 46.6 0
162 79.5 0
136 60.1 0
182 68.9 0
154 95.6 1
125 52.3 0
172 80.7 0
91.8 92 1
134 55.2 0
173 77.6 0
180 96.8 0
178 98.2 0
183 90 0
159 48.1 0
175 77 0
194 46.6 0
116 97.2 0
108 46.6 0
187 54.2 0
160 77.6 0
107 56.1 0
110 59.9 0
114 98.3 0
169 47.6 0
181 91.4 0
91.4 68.4 0
145 98.6 1
167 75.9 0
93 69.7 0
168 46.3 0
162 46.7 0
123 81.5 0
129 79.3 0
157 46.4 0
102 46.5 0
107 58.9 0
91.6 71.9 0
187 84.4 0
121 92.3 0
117 98.9 0
91.4 78.2 0
162 98.6 0
171 46.4 0
183 98.7 0
92.6 45.6 0
91.4 48.1 0
93.3 49.9 0
133 58.3 0
162 57.3 0
132 97.1 0
134 98.8 0
126 91.3 0
114 89.1 0
139 56.3 0
138 58.8 0
118 48.8 0
144 90.5 0
150 48.4 0
195 97 0
196 98.9 0
178 71.6 0
180 71.5 0
99.7 58.9 0
109 77.1 0
109 74.4 0
124 84 0
177 80.8 0
124 97.4 0
125 47.8 0
126 95.6 0
121 97.4 0
129 98.3 0
91.4 81.4 0
92.8 80.1 0
26.4 10.6 1
44.4 24.6 1
28 8.58 1
27.6 13.2 1
5 27.5 1
45.3 3.15 1
6 25.9 1
22.2 41.8 1
14.1 26.3 1
50.7 32.4 1
19.1 25.2 1
11.2 9.05 1
15.3 24.3 1
50.5 18.1 1
29 2.95 1
18.7 30.4 1
44.9 19.3 1
6.43 29.6 1
12.3 43.1 1
10.2 23.8 1
4.98 23.8 1
4.3 43.2 1
55.2 20.4 1
27.8 1.43 1
58.2 12.2 1
56.7 41.6 0
31.7 41.9 1
45.6 22.1 1
9.8 25.7 1
58 39.8 1
37 43.3 1
56.9 3.53 1
36.6 21.1 1
58.2 5.4 1
30.5 43.6 1
23 1.43 1
21.2 14.6 1
11.3 27.3 1
58.7 33.3 1
35.4 43.3 1
18 18.2 1
37.3 1.53 1
35.8 1.53 1
58.7 42.9 0
58.7 2.13 1
28.7 43.6 1
24.6 1.43 1
58.7 35.1 1
30.1 12.8 1
30.4 10.3 1
1.3 39.5 1
48.7 42.2 1
46.9 40.9 1
56.8 27.8 1
50.6 22.1 1
7.15 43.2 1
58.2 8.68 1
56.3 9.83 1
10.7 16.1 1
11.5 13.8 1
3.65 9.55 1
7.9 15.4 1
2.53 1.5 1
14.8 21.7 1
13.1 21.4 1
34.3 3.05 1
25.5 41.7 1
47.9 3.23 1
37 86.2 0
9.63 60.3 1
24.9 79.4 0
9.88 66 1
24.6 57.1 1
21.7 69.6 0
50.2 48.3 1
42.3 70.2 0
11.4 89.2 0
5.65 53.7 1
37 98.5 0
12.6 98.4 0
44.1 64.9 0
56.2 52.5 0
42.4 98.4 0
44.1 97.2 0
45.9 66.6 0
22.2 98.3 0
18.1 46.8 1
16.8 46.8 1
33.7 98.5 0
43.2 77.2 0
50.4 85.4 0
37.7 67.9 0
58.4 67.1 0
18.6 80.8 0
24.1 96.8 0
51.8 81 0
11.7 46.5 1
58.4 95.3 0
57.7 79.8 0
1.03 46.5 1
21 84.7 0
57.1 96.8 0
45 69.3 0
52.4 83.5 0
45.5 81 0
35.4 98.5 0
23.8 46.5 1
6.6 48 1
58.6 60.5 0
25.1 98.6 0
11.7 79.7 0
3.93 46.5 1
52.1 73.5 0
6.98 84.4 1
58.4 65.5 0
9.7 46.5 1
58.6 88.4 0
28.4 98.6 0
58.6 58.6 0
57.9 45.6 0
8.05 62.8 1
12.2 67.6 1
7.65 55 1
57 90.4 0
48.7 65.6 0
30.6 97.1 0
56.6 55.4 0
27.7 72.1 0
48.6 71.1 0
58.6 85.2 0
57.3 83.9 0
19.3 97 0
56.1 46.8 0
58.7 98.3 0
10.1 68.4 1
9.13 90.6 0
57 63.3 0
85.7 18.9 0
86.6 7.18 1
61.8 39.2 1
68.4 43.2 0
82.8 15.7 0
70.3 41.8 0
63.4 2.7 1
65 1.75 1
86.9 3.45 1
88.1 5.33 1
87.6 24.8 0
79.8 19.5 0
68.7 22.6 1
61.7 5.75 1
63.1 35.3 1
80.8 26 0
87 41.5 0
71.9 43.6 0
87.2 29.4 0
88.3 39.7 0
75.2 43.6 0
61.3 10.6 1
88.4 12 0
88.4 10.1 1
61.3 34.3 1
88.7 2.13 1
61.3 12.5 1
88.5 32.8 0
88.7 42.9 0
61.3 32.4 1
60.7 42.9 0
60.7 2.13 1
82.2 19.9 0
62.6 26.6 1
63.3 44.1 0
73.1 1.25 1
78.3 3.13 1
66.8 1.75 1
88.3 36.4 0
86.7 35.2 0
63.6 19.8 1
63.7 17.5 1
79.6 10.6 1
78.8 40.3 0
71.6 77.8 0
87 89.8 1
69.5 54.2 0
71.7 69.8 0
76 46.8 0
61.8 51.9 0
81.8 70.9 0
63.2 89.6 0
63.2 60.8 0
86.3 52.9 0
80.4 65.3 0
61.5 62.3 0
61.4 83 0
87 81.4 0
88.5 87.8 1
88.5 95.3 1
61.4 87.9 0
81.7 73.6 0
87.2 96.9 1
80.9 84.7 0
75.5 98.3 0
62.7 74.5 0
87.9 46.9 0
61.4 84.6 0
61.5 67.2 0
88.5 83 0
88.6 66 0
61.4 72.5 0
88.5 84.6 1
61.5 65.6 0
88.6 67.6 0
60.7 98.3 0
61.7 45.6 0
87.9 45.6 0
79.4 59.3 0
72.1 80.9 0
61.8 95 0
79.9 48 0
63.5 97.3 0
65.1 98.3 0
69.5 82.9 0
66.9 98.3 0
61.8 93.2 0
71.2 56.6 0
88.2 56.2 0
69.1 70.8 0
71.5 96.6 0
88.7 98.3 1
62.8 48.3 0
62.7 81.5 0
79.1 96.9 0
77.1 98.3 0
72.4 65.4 0
69.9 65 0
63.5 47.1 0
65.1 46.5 0
61.7 55.2 0
63.4 53.8 0
67.8 67.7 0
172 43.2 0
174 41.6 0
193 13.1 0
123 24.8 0
144 6 0
140 17.8 0
140 15.4 0
121 25.7 0
106 27 0
118 26 0
151 43.3 0
165 22.1 0
145 15.3 0
155 9.95 0
147 30.8 0
122 9.2 0
118 28.7 0
144 0.975 0
117 17.7 0
93.3 20.2 0
141 43.1 0
121 11.7 0
93.1 41.2 0
155 12.4 0
190 2.85 0
144 43.1 0
164 3.18 0
198 43.1 0
111 1.58 0
107 29.3 0
91.7 39.3 0
121 29.5 0
183 3.05 0
171 27 0
189 41.9 0
91.6 34.4 0
162 1.88 0
150 1.45 0
146 34.4 0
188 1.78 0
187 43.2 0
92.3 3.68 1
200 1.48 0
110 28.7 0
148 32.8 0
95 1.55 1
166 24.1 0
123 28.2 0
175 20.6 0
165 26.3 0
176 25.4 0
177 43.5 0
113 1.58 0
152 1.45 0
192 1.08 0
91.4 42.9 0
91.6 5.55 1
193 43.7 0
133 1.35 0
198 1.48 0
135 1.35 0
91.6 32.6 0
102 43.6 0
91.6 12.4 0
190 43.7 0
90.7 2.13 1
199 10.5 0
142 0.975 0
177 2.88 0
155 33.1 0
93.7 17.5 0
116 1.58 0
130 41.9 0
92.7 28.2 0
124 2.98 0
93.2 10.2 0
91.6 8.83 1
199 82.3 0
141 81.2 0
188 74 0
164 67 0
190 75.5 0
113 82.9 0
176 69 0
153 74.1 0
174 65.3 0
136 96.5 0
186 76.5 0
112 78.1 0
166 96.9 0
197 77.6 0
138 74.2 0
168 98.3 0
141 46.8 0
143 48.2 0
97.7 79.7 0
111 98.3 0
101 79.3 0
99.4 81.1 0
122 87.9 0
191 47.9 0
123 90.5 0
153 46.4 0
148 91.7 0
91.5 59.4 0
120 50.3 0
115 75.9 0
125 76.6 0
91.9 52.9 0
200 98.9 0
114 73.1 0
92.5 96.8 1
105 54 0
93.2 85.4 1
119 81.5 0
95.2 98.5 1
155 64.7 0
99.3 46.5 0
113 98.3 0
141 98.2 1
93.5 90.6 1
143 96.7 1
174 48 0
91.8 95.2 1
91.8 88.7 1
149 97.1 1
91.5 61.2 0
177 46.6 0
135 46.5 0
171 76.1 0
133 46.5 0
93 74.6 0
186 97.2 0
190 46.3 0
190 98.5 0
188 46.3 0
91.4 84 1
152 98.6 1
188 98.5 0
91.4 65.8 0
91.4 82.4 1
150 98.6 1
172 46.4 0
198 98.9 0
90.7 98.3 1
173 69.1 0
149 89.5 0
142 79.1 0
197 80.9 0
193 98.1 0
192 96.6 0
149 46.4 0
122 48.4 0
92.9 62.8 0
176 79.9 0
93.4 56.5 0
168 82.8 0
103 98.4 1
124 54.4 0
127 47.8 0
128 65.7 0
130 64.9 0
38.1 34.7 1
10.9 33.5 1
49.5 11.1 1
45.9 11.4 1
40.1 32.6 1
8.58 36.4 1
52 26.3 1
44.4 14.7 1
2 18 1
1.68 20.6 1
31.9 27.3 1
21.7 27.7 1
50.6 8.75 1
30 30.6 1
26 24.2 1
5.03 35.3 1
33.6 8.05 1
24.4 34.2 1
26.8 16.6 1
5.83 2.65 1
26.3 37 1
29.8 24.1 1
30.9 20 1
44.4 1.33 1
21.4 43.6 1
55.8 42.8 1
44 8 1
33.7 43.3 1
56 2.35 1
17.1 1.5 1
18.3 1.5 1
26.3 1.43 1
54.1 43.7 1
54.3 1.4 1
27.2 43.6 1
17.2 43.6 1
18.5 43.6 1
58.7 21 1
57.2 19.8 1
44.4 43.7 1
57.9 44.1 1
57.9 0.95 1
52.5 43.7 1
52.7 1.4 1
42.8 43.7 1
42.7 1.33 1
58.7 22.6 1
58.6 17.7 1
10.9 1.3 1
12.6 1.3 1
41.4 35.2 1
44 34.5 1
32.3 34.1 1
58.7 25.9 1
9.58 40.4 1
58.7 27.2 1
5.93 17.4 1
14.2 34.1 1
9.83 30.2 1
1.33 3.2 1
52.1 20.3 1
20.3 26.6 1
20.6 34.6 1
32.7 1.53 1
48.6 1.4 1
20 28.8 1
38.6 39.9 1
40.7 40.3 1
44.2 55.6 0
15.4 68.5 1
28.5 76.8 0
7.1 59.1 1
2.25 78.9 1
17.6 63.2 1
5.53 61.6 1
29.2 74.3 0
36.9 78.4 0
17.1 70.5 1
23 55 1
40.3 55 1
22.5 78.4 0
30.1 64.6 0
0.975 95.1 1
40.5 74.3 0
41.6 76.4 0
26.3 64.1 0
1.1 90.4 1
14.5 91.4 0
45.5 58.5 0
25.4 53 1
27.1 55.2 1
38.5 57.2 0
34.2 55.2 1
25 69.3 0
32.1 56.8 1
28.5 47.4 1
25.9 49.5 1
1.78 69.9 1
25 82.3 0
39.1 95.6 0
45.4 48.7 1
47.3 47.2 1
31.6 47.4 1
10.9 98.4 0
37.8 62.8 0
34.9 73 0
1.88 54.8 1
51.3 90.2 0
19.2 48.3 1
30.9 91.3 0
58.2 51.7 0
51.1 55 0
58.4 93.5 0
24.6 90.8 0
24.2 61.1 1
49.4 92.1 0
43.5 90.8 0
15.7 84.1 0
45.1 92.6 0
56.3 97.6 0
54.5 98.6 0
44.3 46.5 1
45.3 98.8 0
58.6 86.9 0
58.6 57.1 0
26.9 98.6 0
52.9 98.6 0
42.6 46.5 1
59.1 47.5 0
57.7 74.8 0
59.1 46.3 0
47 98.8 0
22.2 46.5 1
58.8 72.9 0
58.9 77.4 0
52.7 46.2 1
16.9 98.8 0
18.1 98.8 0
8.4 46.5 1
58.8 82.1 0
22.5 82.7 0
37 74.7 0
34 50 1
5.85 78.1 1
7.05 80.4 1
10.9 86.4 0
52.5 68.2 0
8.95 74.7 1
11.1 75.8 1
2.78 97 1
55.3 68.8 0
0.575 82.8 1
8.1 95.9 0
39.9 47.8 1
39.2 49.8 1
30.9 68.5 0
20.1 63.7 1
12.4 83.7 0
57.3 48.1 0
57.9 99 0
8.43 70.8 1
35.5 46.3 1
35.7 48.3 1
7.45 89 0
18.6 56.2 1
20 54.5 1
58.6 62 0
39.2 91.3 0
44.2 86.9 0
80.2 14.5 1
61.3 27.8 1
61.3 29.1 1
74.3 16.9 1
75.6 10.9 1
75.6 4 1
73.2 14.5 1
75 35.5 0
70.6 6.88 1
74.1 7.65 1
68.3 28.9 1
77.1 16.8 1
70.2 4.15 1
70.6 26.4 1
72.6 20.5 1
81 8.43 1
81.3 36.1 0
86 2.28 1
86.1 42.7 0
73.4 43.6 0
84.3 1.33 1
61.3 20.8 1
87.8 19.3 0
87.9 0.95 1
84.4 43.6 0
61.3 22.4 1
87.9 44.1 0
82.7 1.33 1
82.8 43.6 0
88.9 17.6 0
88.9 22.2 0
88.7 28.1 0
88.7 26.8 0
61.7 44.1 0
61.7 0.95 1
83.3 18.4 0
78.6 32.7 0
78.2 29.9 0
66.6 26.8 1
64.4 42.3 0
61.3 16.7 1
78 38.4 0
66.9 43.2 0
78.9 1.33 1
68.9 24.3 1
76.8 43.6 0
75.7 81.3 0
84.7 58.4 0
71.4 90.6 0
85.1 63 0
69.1 60.9 0
69 88.5 0
79.3 75.6 0
68.9 78 0
67.6 80.9 0
77.8 63.7 0
79.4 69.2 0
73.7 98.3 0
74.8 70.8 0
88.5 93.5 1
77.6 46.8 0
74.3 74.6 0
88.1 51.7 0
86.3 97.6 1
66.8 46.5 0
88.5 77.4 0
61.4 86.4 0
61.5 63.8 0
67.2 74.5 0
86 47.5 0
88.5 86.3 1
84.6 98.6 1
61.3 75.9 0
84.3 46.3 0
83 98.6 1
61.3 77.5 0
82.6 46.3 0
61 47.5 0
89.1 47.5 0
61 46.3 0
89.1 46.3 0
88.7 72.8 0
61.7 99 0
78.4 56.8 0
72.1 52.8 0
79.7 78 0
61.7 57 0
88.6 64.2 0
70.2 47.7 0
87.9 99 1
73.8 55.3 0
72 49.5 0
87.2 74.7 0
88.5 75.8 0
126 20.2 0
166 33 0
156 40.4 0
169 35.2 0
196 10.2 0
189 10.8 0
152 21.5 0
187 12.3 0
170 40.3 0
124 43.4 0
172 33.8 0
163 34.7 0
189 28.9 0
149 21 0
111 40.6 0
153 19.2 0
189 26.5 0
123 43.4 0
166 19.3 0
137 37.3 0
139 41.1 0
166 29.1 0
104 35.3 0
106 33.4 0
196 7.5 0
119 35.4 0
136 35.4 0
198 21.4 0
140 36.9 0
146 17.7 0
141 14 0
160 31.8 0
100 35.7 0
106 19.5 0
134 18.1 0
135 15.6 0
165 15.6 0
121 33.7 0
124 15.4 0
129 30.3 0
188 18.5 0
197 19 0
157 8.43 0
98.6 33.8 0
98.5 29 0
127 34.1 0
137 4.53 0
179 6.38 0
191 20 0
102 18.8 0
184 20.6 0
96.5 27.2 0
194 16.9 0
170 7.65 0
130 34.3 0
171 9.6 0
176 36.7 0
157 19.2 0
99.9 15.1 0
116 16.1 0
175 10.8 0
194 30.3 0
164 43.4 0
151 34.9 0
168 9.03 0
186 25.7 0
169 11 0
138 20.3 0
192 24.2 0
114 15.7 0
182 27.7 0
155 28.5 0
135 25.4 0
165 43.4 0
169 14.2 0
178 9.68 0
191 7.18 0
176 16 0
138 24.1 0
158 16.5 0
131 30.5 0
174 14.7 0
106 40.6 0
180 15.4 0
97.6 43.3 0
156 1.45 0
98.7 24.4 0
186 30.5 0
141 25.5 0
151 14.8 0
98.2 21.3 0
171 15.8 0
107 42 0
181 13.2 0
130 2.98 0
167 43.4 0
93.4 2.5 1
164 8.03 0
117 43.3 0
128 43.4 0
97.8 1.55 1
198 1.48 0
191 1.08 0
173 1.6 0
131 1.35 0
128 1.63 0
154 1.45 0
91.2 21 0
195 1.08 0
166 1.3 0
91.8 0.95 1
167 1.3 0
122 1.35 0
194 1.08 0
91.2 22.7 0
123 1.35 0
123 39.3 0
107 10.7 0
109 8.8 0
120 39.2 0
144 18.8 0
113 23.4 0
123 21.7 0
121 19 0
102 3.15 1
150 39.8 0
199 40.2 0
154 42.4 0
111 35.3 0
137 7.58 0
102 11.2 0
101 26.7 0
135 29.4 0
137 30.6 0
178 1.28 0
157 34.7 0
161 28.6 0
109 16 0
91.2 25.9 0
115 12.3 0
118 12.7 0
183 3.93 0
183 6.28 0
94.3 35.3 0
91.6 16.6 0
144 7.98 0
124 35.3 0
113 43.3 0
153 26.2 0
158 43 0
196 2.55 0
149 28.5 0
136 41.4 0
183 40.8 0
147 3.63 0
131 36 0
184 28 0
162 11 0
131 43.5 0
198 35.5 0
141 3.8 0
91.2 27.2 0
140 28.8 0
141 9.75 0
97.4 50.1 0
117 58.2 0
162 67.1 0
119 54.8 0
195 98.9 0
172 61.5 0
100 91.5 1
94.5 49.9 0
102 89.8 1
102 87.2 1
180 49.8 0
199 49.8 0
188 70 0
110 52.5 0
127 69.3 0
174 95.5 0
110 49.7 0
107 47.3 0
162 89.8 0
155 75.5 0
156 88.8 0
131 71.2 0
130 60.1 0
144 83.7 0
101 95.5 1
160 91 0
99.7 77.9 0
189 88.5 0
146 81.6 0
157 72.3 0
128 71.4 0
172 98.3 0
176 65.2 0
194 65.6 0
198 54.2 0
139 55.8 0
195 97 0
193 59.2 0
189 58.7 0
170 70.8 0
161 60.6 0
157 84.3 0
166 70.3 0
151 75.4 0
148 62.5 0
121 74.4 0
192 52.4 0
133 67.5 0
189 78 0
154 70 0
135 75.7 0
200 68.9 4
101 71.5 0
194 55 0
143 62.5 0
132 75.1 0
147 73.9 0
163 80.2 0
107 89.4 0
115 86.4 0
119 76.2 0
155 96.8 1
196 69.5 0
146 60.7 0
191 81.9 0
108 74.1 0
138 49.5 0
184 83.9 0
188 63.1 0
151 56 0
156 78.8 0
169 52.3 0
165 62.9 0
186 54.3 0
167 85.1 0
106 85.8 0
183 80 0
170 54.1 0
166 92.2 0
120 68.4 0
190 66.8 0
106 52.1 0
142 64.8 0
101 64 0
169 56.1 0
182 85.6 0
159 64.1 0
137 54 0
195 61.4 0
150 80.4 0
169 89.2 0
106 97 0
117 46.9 0
104 60.6 0
105 49.3 0
157 98.3 1
179 59.9 0
182 55.7 0
174 53.3 0
180 63.4 0
138 64.4 0
153 53.1 0
93.6 97.5 1
161 84 0
180 91.3 0
143 54 0
105 71 0
194 74.5 0
104 64.3 0
178 98.2 0
105 80 0
182 64.6 0
196 98.9 0
91.8 93.5 1
145 46.4 0
140 70.5 0
188 84.2 0
183 68.9 0
91.8 87.2 1
142 88.9 0
140 89.8 0
164 48 0
137 86.9 0
101 54.5 0
155 46.4 0
162 46.7 0
92.2 46.9 0
164 98.6 1
91.4 75.7 0
91.6 72.8 0
157 46.4 0
122 98.6 0
145 98.6 1
165 46.3 0
92.2 45.6 0
123 98.6 0
91.8 99 1
167 46.3 0
163 98.6 1
198 98.9 0
91.4 77.4 0
91.4 67.4 0
123 46.5 0
122 46.5 0
126 59 0
137 82.2 0
134 80.5 0
165 79.8 0
118 61.1 0
173 90.3 0
174 88.2 0
155 82.2 0
110 91.4 0
185 49.5 0
199 90.4 0
167 54.3 0
98.4 57.4 0
110 67 0
118 85.8 0
142 77 0
118 98 0
120 52.8 0
100 60.3 0
116 96.4 0
146 69.5 0
144 68.8 0
178 81.7 0
99.6 75.1 0
180 52.7 0
149 66.3 0
194 84 0
193 87.9 0
191 89.8 0
164 86.3 0
91.4 64.1 0
178 71.6 0
148 56.5 0
147 54.2 0
153 59.1 0
120 96.2 0
120 93.6 0
117 93.3 0
131 98.3 0
91.5 57.9 0
130 51.6 0
131 49.1 0
127 51.6 0
107 82.7 0
195 47.2 0
182 47.6 0
97.8 97.8 1
98.8 46.5 0
184 62.6 0
179 84.9 0
171 82.1 0
129 98.3 0
130 89.1 0
132 89.8 0
122 54.4 0
128 49.1 0
127 46.5 0
107 66.4 0
124 61.9 0
