6.53 28.5 1
6.78 41.5 1
18.4 74.8 0
6.15 78.5 1
6 81.6 1
43.1 28.7 1
47.4 1.2 1
47.3 42.2 1
28.6 55.2 1
55.4 69.5 0
58.2 73.5 0
28.9 65.2 0
58.4 53.3 0
31 70.4 0
21.4 67.1 1
32.2 62.9 0
25 64.1 1
27.4 70.9 0
36.7 81.5 0
37.2 98.5 0
44.5 81.5 0
86 2.38 1
78.2 44.3 0
70.9 58.8 0
88.2 73.4 0
88.7 67.1 0
65 64.1 0
102 24.9 0
98.3 28.5 0
119 22.4 0
93.7 8.35 1
96.4 31.7 0
93.9 55 0
109 54.5 0
96 59.8 0
91.4 74.3 0
119 67.1 0
119 74.9 0
115 90.6 1
113 98.6 0
108 89.5 1
133 19.7 0
154 28.5 0
147 20.4 0
126 4.45 0
166 2.6 0
122 20.6 0
163 67.9 0
122 52.8 0
121 67 0
138 64 0
135 32.8 0
151 98.5 1
154 81.7 0
165 98.4 1
134 81.2 1
190 31.8 0
176 98.3 1
8.95 39.9 1
4.93 39.7 1
18.1 79.2 0
54.5 1.48 1
46.4 28.7 1
59 17.8 1
21.3 22.4 1
28.4 37.3 1
54.4 31.4 1
28.9 69.2 0
21.3 53 1
21.3 76.6 0
52.8 98.7 0
46.3 88.8 0
61.7 19.6 1
77.7 28.7 0
88.8 22.7 0
80.8 57.5 0
81 68.9 0
86.3 32.4 0
61.7 67.1 0
85.3 64.2 0
78.4 64.1 0
81.8 65.9 0
69.6 63.9 0
77.9 74.7 0
82.8 81.4 0
104 26.4 0
107 20.3 0
116 56.4 0
92.3 75.9 0
118 53 0
110 66.7 0
91.4 68.2 0
99.7 31.5 0
124 9.05 0
131 21.2 0
164 28.3 0
134 28.4 0
135 1.5 0
152 75.7 0
136 64.6 0
164 31.7 0
168 52.7 0
134 78.4 0
163 78.7 0
123 77.2 1
166 97.6 1
179 18.8 0
173 76.6 0
171 67.4 0
7.1 38.1 1
18.5 52.9 1
7.73 32.9 1
53 28.1 1
58.4 22.3 1
59.1 28.1 1
45.9 12.3 1
21.3 19.1 1
57.5 20.5 1
58.6 66.7 0
45 77.3 0
21.3 73.3 0
47 31.4 1
41.9 31.4 1
23.4 96.3 0
58.7 97.8 0
53.2 81.5 0
41.4 98.5 0
76.7 1.7 1
89.1 28.1 0
82.7 1.43 1
78.4 59.3 0
76.2 78.5 0
62.3 78.8 0
88.7 97.8 1
82.8 98.6 0
91.9 22.7 0
113 57 0
107 62.5 0
107 65.1 0
99.4 78.6 1
98.3 81.8 1
128 18.2 0
169 28.1 0
131 15.8 0
123 22.6 0
137 19.4 0
152 31.7 0
144 59.7 0
154 33.3 0
152 81.7 0
152 97.1 1
127 83.5 1
169 97.8 1
163 81.4 0
180 21.3 0
191 1.48 0
171 22.3 0
176 31.8 0
178 70.3 0
174 39.6 0
182 72.6 0
178 66.8 0
9.43 1.53 1
18.6 22.3 1
18.5 16.5 1
18.1 0.95 1
18.1 31 1
5.43 56.2 1
36.2 1.43 1
56.2 2.43 1
44.6 2.65 1
42.8 1.45 1
38.3 2.88 1
37.8 5.18 1
52.5 69.2 0
43.6 32.7 1
24.9 56.4 1
56.1 32.4 1
56.6 81.5 0
88 26.6 0
83 31.4 0
77.4 71.5 0
77.8 90 0
81.5 90 0
79.7 92 0
79.6 88 0
87.9 81.5 0
72.8 90 0
106 24.9 0
102 20.3 0
104 18.5 0
91 32.1 0
117 77.3 1
127 8.98 0
153 26.6 0
153 3.18 0
151 1.65 0
163 1.65 0
169 17.9 0
122 0.95 0
166 32.7 0
169 67.7 0
145 50 0
134 31.4 0
122 31 0
168 81.5 0
171 19 0
181 64.8 0
179 78.6 0
171 32.1 0
178 98.3 1
3.95 59.7 1
8.9 76.9 1
7.8 98.5 1
37.5 78.3 0
46.9 78.5 0
32 92 0
47.2 98.5 0
42.9 81.5 0
57 96.4 0
82 28.7 0
88.3 17.9 0
87.2 20.9 0
61.5 72.9 0
86.1 82.8 0
87 96.4 1
93.4 20.8 0
117 19.7 0
91.5 17.8 0
118 17.8 0
91 28.1 0
105 89.8 1
133 3.3 0
144 46.7 0
146 61 0
142 67.1 0
122 73 0
146 64.8 0
144 57.3 0
163 98.4 1
181 17.3 0
195 1.63 0
171 28.1 0
185 68.6 0
199 71 4
178 40.6 0
172 73.2 0
197 67 4
193 33.6 0
200 89.3 4
178 81.6 0
191 81.6 4
18.4 73.1 1
16.5 77.6 1
5.9 98.5 1
52.9 1.48 1
57.6 26.2 1
36 76.5 0
56 77.6 0
52.8 31.4 1
58.6 47.7 0
46.2 81.5 0
43.2 97 0
34.1 90 0
83.3 27.1 0
70.3 21.1 1
63.8 77 0
86.1 77.5 0
61.2 47.5 0
74 65.4 0
70.8 91.9 0
70.5 88.2 0
92.9 26.6 0
91.4 72.6 0
119 73.2 0
103 65.9 0
92.9 66.6 0
98.7 33.3 0
98 76.5 1
102 88.1 1
111 92.2 1
141 21.3 0
139 15.3 0
122 18.9 0
168 22.5 0
163 28.3 0
123 29.1 0
121 27.3 0
142 69.9 0
163 31.7 0
148 66 0
166 82.9 0
189 21.7 0
193 20.3 0
183 19.8 0
173 12.2 0
172 26.2 0
192 28.5 0
196 58.7 4
199 64.2 4
190 78.2 4
191 31.8 0
194 90 0
190 98.4 0
18.1 28.8 1
17.2 18.3 1
16.2 2.48 1
18.7 47.7 1
19.4 78 0
8.38 56.9 1
1.85 92 1
4.13 90.1 1
42.9 55.2 1
57.9 78.8 0
61.7 17.9 1
75.1 69.5 0
87.9 78.8 0
68.5 90.1 0
119 28.1 0
117 26.3 0
119 32.1 0
91.3 42.2 0
119 34 0
104 70.3 0
112 63.8 0
103 91.9 1
141 46.4 0
140 51.2 0
147 69.9 0
168 78.8 0
121 47.6 0
159 91.9 1
158 88.1 0
156 90.3 1
161 89.8 1
167 96.1 1
123 88.7 1
171 2.1 0
171 3.98 0
198 60.4 4
188 31.8 0
5.78 1.8 1
0.025 1.33 1
1.78 88.3 1
58.5 10.4 1
58.5 12.2 1
57.9 29.4 1
39 60.2 0
58.1 40.3 1
21.6 40.2 1
42.6 72.9 0
21.6 42.1 1
58.1 42.2 1
42 59.5 0
31.5 88.3 0
29.4 90.3 0
87.9 29.4 0
71.2 65.5 0
113 28.2 0
91.4 2.1 1
119 12.1 0
97.3 67.7 0
111 61.6 0
100 64.7 0
99.3 71.1 0
92.7 33.8 0
91.3 40.4 0
101 90.2 1
167 20.8 0
168 29.4 0
167 26.4 0
144 71.5 0
166 77.4 0
169 72.1 0
187 28.5 0
199 55.2 4
193 67.3 4
178 33.2 0
197 92 0
18.5 10.4 1
18.5 12.3 1
18.1 98.6 0
18.1 81.5 0
46.8 27 1
21.8 5.78 1
40.2 26.2 1
21.5 2.1 1
21.8 9.1 1
21.5 28.1 1
38.1 56.4 1
21.5 32.1 1
61.8 22.8 1
88.2 5.4 1
61.5 2.1 1
86.7 27.9 0
61.5 28.1 1
71.1 69.6 0
61.5 32.1 1
62.7 49.5 0
111 26.6 0
119 2.1 0
119 10.2 0
119 42.2 0
91.4 47.5 0
150 58.7 0
148 54.8 0
139 49.3 0
167 66.5 0
122 39.2 0
167 73.2 0
131 82.9 1
122 98.6 1
122 81.5 1
192 16.3 0
187 19.9 0
189 26.9 0
171 47.5 0
196 88.1 4
16.8 26.8 1
18.1 5.5 1
22.8 26.3 1
62.1 5.55 1
88.5 12.1 1
88.4 35.4 0
61.7 42.4 1
88.5 47.6 0
61.7 40.5 1
119 40.3 0
141 15.3 0
168 8.95 0
122 12.5 0
127 29.1 0
189 15.9 0
193 3.1 0
189 64.5 4
191 69.7 4
192 98.4 0
8.1 3.33 1
5.53 19.6 1
16.9 42.9 1
17.8 76.4 0
23.2 3.9 1
56.3 27.5 1
40.3 54.3 1
29.5 74.7 0
21.7 47.5 1
63.5 3.68 1
61.4 10.3 1
88.5 10.2 1
61.4 12.2 1
118 5.68 0
91.7 35.7 0
112 31.6 0
113 78.5 1
119 47.6 0
143 19.3 0
122 10.6 0
150 56.2 0
157 31.6 0
123 45.8 0
121 42.4 0
178 1.45 0
199 1.63 0
173 33.9 0
173 57.7 0
16.9 41 1
11.5 46.6 1
8.58 60.5 1
16.3 97 0
58.4 5.45 1
58.7 2.1 1
21.3 12.7 1
22.6 18 1
44.4 19.6 1
58.2 35.4 1
58.7 32.1 1
88.7 2.1 1
88.7 32.1 0
116 3.8 0
91.7 5.68 1
109 28.4 0
108 81.4 1
167 13.1 0
169 2.1 0
122 28.5 0
168 46.9 0
168 39 0
168 43 0
127 31.9 0
168 35.7 0
169 32.1 0
122 78.8 1
175 59.5 0
188 67 4
198 90 4
0.125 20.4 1
19.4 28.1 1
12.3 1.53 1
19.4 2.1 1
19.4 32.1 1
5.88 61.3 1
15.6 45.8 1
12.3 98.5 0
40.4 24.1 1
56.2 73.1 0
55.6 45.1 1
86.9 3.53 1
61.3 35.6 1
87 41.8 0
93.1 3.8 1
102 1.38 1
91.9 81.5 0
157 1.53 0
121 2.1 0
166 27.7 0
127 27.1 0
128 1.8 0
123 40.6 0
121 58.3 0
121 32.1 0
157 98.6 1
128 98.5 1
124 83.3 1
135 96.8 1
171 11.4 0
171 9.48 0
198 44.2 0
185 98.3 0
171 82.6 0
171 97.5 1
13 28 1
12.2 31.5 1
12.7 78.4 1
16.6 83 0
57.5 15 1
36.8 28.8 1
23.1 10.8 1
43.3 38.1 1
49.9 72.5 0
63.5 21.1 1
86.1 72.8 0
67.7 48.9 0
62.8 33.7 1
87.4 38.3 0
82.3 76.6 0
91.1 10.2 1
91.1 12.1 1
110 31.6 0
111 77.2 1
109 78.7 1
98 46.1 0
99 98.4 1
123 2.35 0
165 11 0
127 78.4 1
168 60.9 0
156 31.6 0
168 58.8 0
146 31.4 0
124 34.2 0
133 95.3 1
181 1.45 0
172 35.8 0
171 42.3 0
16.6 9.13 1
12.8 81.6 1
27.8 28.2 1
41.2 45.8 1
30.3 41.2 1
32 78.1 0
49.8 77.3 0
21.6 35.6 1
58.2 61 0
58.2 58.9 0
27.8 78.6 0
58.3 92.2 0
57 90.1 0
86.6 7.35 1
67.9 46.4 0
87.2 33.5 0
86.5 90 1
88.2 92.2 1
88.2 87.8 1
72.4 81.6 0
116 9.13 0
99.9 3.08 1
98.3 1.7 1
93 39.3 0
101 98.4 0
118 81.5 1
156 66.9 0
123 36.1 0
140 31.4 0
156 81.7 0
127 89.9 1
176 17.5 0
175 28.1 0
171 40.4 0
188 96.7 0
11.3 26.5 1
3.7 14.4 1
9.6 28.5 1
17.5 3.63 1
16.6 35.7 1
15.4 33.8 1
3.83 54.9 1
18.3 59 1
18.3 61.1 1
1.55 97 1
10.1 97 1
56.8 9.03 1
44.1 16.9 1
57.1 3.58 1
28.2 1.8 1
29.3 26.6 1
46 20.7 1
43 20.7 1
56.3 38.9 1
51.3 46.8 1
28.8 43.9 1
22.7 70.5 1
23.9 78.6 0
57 33.5 1
21.9 92.1 0
58.7 87.9 0
30.5 98.5 0
28.4 98.5 0
63.5 7.63 1
68 78.2 0
69.2 31.6 1
62.9 45.1 0
71.3 31.6 1
85.4 39.5 0
79.6 83 0
95.6 28.5 0
103 45.6 0
92.7 45 0
98.4 48.7 0
91.9 78.8 0
99.5 44.9 0
93.7 81.5 1
112 82.1 1
165 14.8 0
159 16.6 0
162 16.8 0
157 28.5 0
155 1.53 0
167 5.75 0
129 33.3 0
157 78.5 0
167 33.8 0
128 49.1 0
132 61.5 0
131 78.4 1
129 76.8 0
123 50 0
138 95 1
168 87.9 0
155 98.6 1
136 88.3 1
130 98.5 1
146 98.5 1
146 81.5 0
172 5.2 0
191 41.8 0
175 55.8 0
180 46.1 0
183 44.7 0
183 31.4 0
172 78.8 0
199 98.5 0
0.575 13.6 1
14.7 39.7 1
12.1 49.1 1
9.13 46.2 1
10.3 31.5 1
18.6 66.8 1
18.1 92 0
9.08 81.6 1
31.5 28.4 1
23 33.7 1
37.4 31.4 1
42.7 77.8 0
51.9 78.8 0
21.5 97.5 0
22.6 81.5 0
50.1 97.2 0
32.5 81.5 0
58.7 84 0
70.6 1.58 1
63.2 26.7 1
68.5 1.58 1
88.5 57.6 0
76.8 31.5 0
70.4 98.5 0
79.7 97 0
68.1 81.6 0
68.3 98.5 0
61.8 92 0
61.6 88.1 0
61.5 97.5 0
62.6 81.5 0
76.3 81.6 0
76.4 98.4 0
70.5 83.2 0
117 14.8 0
111 1.7 0
91.9 29.4 0
103 47.9 0
110 83.4 1
119 97.5 1
91.4 97.5 1
151 28.1 0
132 10.2 0
130 1.8 0
160 3.18 0
121 5.38 0
139 1.5 0
145 1.5 0
134 8.4 0
121 24.2 0
136 57 0
167 40.9 0
153 65.2 0
136 38 0
123 60 0
140 78.6 0
123 96.5 1
128 81.7 1
183 28.5 0
172 29.4 0
197 28.8 0
174 19.1 0
196 45.7 0
176 78.6 0
179 48.6 0
190 49.1 0
172 61.8 0
173 84.2 0
173 95.8 1
2.65 3.13 1
6.25 28.5 1
2.23 46.8 1
6.35 43.1 1
17.2 50.3 1
2.93 77 1
10.9 78.4 1
5.25 31.4 1
18.5 88 0
10.7 83.2 1
30.2 12.2 1
28.5 20.6 1
34.8 27.2 1
50.2 2.68 1
42.3 28.7 1
48.2 1.2 1
59 17 1
39.8 19.4 1
54.9 75.6 0
55.8 50.8 0
49 46.1 1
49.2 38.2 1
57.6 46.5 0
24.3 44.5 1
34.1 68.8 0
31.7 31.7 1
45.9 67.5 0
21.4 66.8 1
28.3 81.7 0
21.8 88.2 0
36.4 81.5 0
36.9 98.5 0
69.5 50.2 0
72 78.5 0
80.2 33 0
88.5 53.7 0
61.5 53.3 0
88.7 66.8 0
63.5 90.1 0
102 9.95 0
109 1.7 0
98.6 28.5 0
119 23.2 0
93.1 50 0
91.7 53.2 0
91.6 62 0
119 66.8 0
118 78.8 1
95.1 78 1
91.9 90.3 1
104 81.4 1
91.9 88.2 1
108 98.5 1
129 28 0
169 12.6 0
158 19.5 0
133 12.4 0
124 29.1 0
162 19.5 0
121 26 0
144 8.3 0
128 46.8 0
131 31.4 0
156 39.1 0
148 38.8 0
150 33.1 0
160 33.3 0
137 77 0
136 34.1 0
159 39.1 0
146 78.4 0
123 55 0
122 53.1 0
121 66.7 0
167 89.8 0
126 83.5 1
168 91.9 0
137 82.8 1
140 81.6 1
182 9.8 0
192 44.5 0
191 51.3 4
196 78.1 4
180 31.4 0
189 98.4 0
175 98.3 1
176 81.6 0
172 88.1 0
172 91.9 0
10.5 1.53 1
16.9 64.3 1
17.7 47 1
10.2 50.4 1
3.68 71.4 1
7.95 48.8 1
2.9 38.7 1
2.03 33 1
17 70.3 1
5.88 78.5 1
18.9 42.3 1
16.9 32.3 1
18.7 48.9 1
5.73 81.6 1
16.6 90.1 0
50.5 26.3 1
31.1 19.5 1
37.4 21.3 1
35.2 21.8 1
21.3 23.2 1
39.5 17.8 1
41.2 67.1 0
32.9 41.4 1
41.6 48.2 1
30.6 45.4 1
39.1 45 1
33.1 44.1 1
21.3 72.4 1
34.3 65.5 0
23.2 39 1
49.9 32.8 1
53.1 51 0
45.7 70 0
47.9 31.4 1
41.2 76.1 0
22.4 77.4 0
23.7 90.3 0
30.8 83.3 0
77.4 28.7 1
88.8 23.5 0
84.8 75.3 0
86.6 45 0
69.9 76.7 0
61.2 46.3 0
72.1 49 0
61.7 66.8 0
89 41.4 0
63 39.4 1
112 14.6 0
93.8 27.8 0
99.4 14.6 0
103 59.2 0
117 45 0
101 49.7 0
117 70.4 0
91.9 31.2 0
103 31.5 0
91.4 67.9 0
93.3 76.7 0
102 83.1 1
149 26.5 0
137 9.68 0
136 12.2 0
147 8.45 0
142 3 0
155 28.5 0
146 28.3 0
168 16.7 0
159 66.1 0
155 78.5 0
138 38.2 0
123 70.1 0
156 46.6 0
130 70.7 0
121 48.8 0
123 32.3 0
160 96.9 1
155 81.7 0
134 88.4 1
143 83 1
150 98.5 1
134 81.2 1
185 7.83 0
187 1.48 0
173 27.5 0
173 50 0
185 33.2 0
172 53.2 0
199 76.6 4
190 53.5 4
196 50.7 4
184 46.9 0
174 77.4 0
198 41.3 0
172 31.2 0
171 67.1 0
18.5 15.6 1
0.675 7.65 1
18.9 40.4 1
4.38 50.5 1
1.95 83.3 1
8.83 98.5 1
26.8 18.2 1
30.2 3.23 1
54.2 16.1 1
32 1.43 1
21.3 25 1
41.9 1.45 1
41 69.6 0
46.8 48.4 1
49.4 60.4 0
58.4 53.7 0
43.8 66.1 0
58.6 66.4 0
44.2 76.2 0
21.3 53.4 1
57.5 49.1 0
41.1 31.4 1
32.4 97 0
23.4 96 0
52.4 81.5 0
39.8 83 0
58.7 97.5 0
52 98.7 0
57.4 82.6 0
79.6 3.13 1
76.4 1.7 1
86.8 14.9 1
81.9 1.43 1
89 39.5 0
87 50.6 0
74.5 33.2 1
75.9 78.5 0
61.8 61.2 0
63.2 70.1 0
62.6 78.8 0
61.8 59.1 0
63.3 95.9 0
82 81.4 0
82 98.6 0
88.7 82.6 0
88.7 97.5 1
71.9 94.4 0
109 12.7 0
116 27.6 0
99.6 9.13 1
91.9 23.5 0
119 25.1 0
102 12.7 0
113 21.9 0
118 29.4 0
100 55 0
100 31.5 0
99.9 60.5 0
112 45.6 0
118 53.4 0
103 78.6 1
99.7 78.6 1
93.8 95.9 1
119 92.1 1
112 98.6 1
135 28.4 0
135 1.5 0
167 10.5 0
166 3.88 0
160 77.1 0
146 43.2 0
128 69 0
159 51.6 0
146 38.6 0
155 51.7 0
133 69.2 0
128 55.6 0
134 39.6 0
122 61.7 0
144 33 0
143 77 0
134 78.4 0
162 78.7 0
156 69.5 0
130 53.6 0
141 33 0
158 83.1 0
150 83.2 0
130 81.7 1
162 81.4 0
169 97.5 1
169 82.6 0
180 25.4 0
178 27 0
183 12.5 0
196 1.63 0
194 27.3 0
171 23.1 0
198 52.2 4
185 42.3 0
193 39.7 0
173 70.8 0
197 31.8 0
187 49.9 0
173 90 0
192 81.6 4
12 17.4 1
18.6 23.1 1
7.45 32.9 1
1.43 55.3 1
18.5 53.3 1
33.6 15.3 1
52.2 28.1 1
27.9 12.5 1
35.9 1.43 1
37.8 11.8 1
41.5 8.63 1
54.1 18.7 1
21.8 7.45 1
56.3 19.5 1
58.4 23.1 1
41.3 16.7 1
39.1 2.88 1
56.8 62.4 0
35.5 33.1 1
47.8 78.5 0
40.6 98.5 0
48 98.5 0
88.8 25.4 0
88.3 17 0
74.8 56 0
70.3 45 0
61.5 72 0
82.2 31.4 0
64.2 83.1 0
91.9 25.3 0
91.5 16.9 1
118 16.9 0
103 56.5 0
91.4 46.3 0
91.4 48.8 0
119 59.3 0
119 61.4 0
98.6 81.8 1
110 97 1
139 27.2 0
160 21 0
152 18.1 0
148 3.15 0
148 10.3 0
162 1.65 0
143 9.88 0
123 23.4 0
130 45.4 0
167 55.5 0
149 43.4 0
166 62.2 0
150 78.4 0
155 33.3 0
159 47 0
154 62.9 0
151 31.7 0
135 42.2 0
168 53.1 0
122 72.2 0
169 67.4 0
153 47.6 0
124 77.2 1
151 81.7 0
138 90.3 1
152 97.1 1
133 90.7 1
141 98.2 1
121 91.5 1
121 89.4 1
124 86.2 1
173 13.1 0
187 9.6 0
171 25 0
190 1.48 0
181 60.6 0
181 49.5 0
179 78.6 0
186 78.2 0
172 72.4 0
187 52.8 4
191 78.2 4
192 76.2 4
175 31.8 0
197 81.5 4
10.6 20.3 1
18.1 7.18 1
1.48 26.5 1
4.13 26.5 1
18.8 35.3 1
1.05 69.7 1
1.73 67 1
18.4 72.2 1
15 98.5 0
5.23 98.5 1
19.4 97.5 0
19.4 82.6 0
36.4 9.35 1
48.3 28.3 1
58.4 25 1
23.9 27.5 1
38.1 27.5 1
22.6 29.4 1
38.4 7.6 1
32.7 54.3 1
36 70.3 0
43.3 71.1 0
37.2 78.3 0
28 31.6 1
51 58 0
37 46.5 1
51.4 62.6 0
36.4 64.5 0
42.7 74.5 0
57 43.1 1
28.5 76.6 0
23 50.2 1
43.9 60.5 0
24.4 83.2 0
57 96.1 0
42.1 81.5 0
47.1 81.5 0
63.2 15.1 1
81.2 28.7 0
68.2 28.6 1
62.6 29.4 1
88.5 8.55 1
61.4 8.68 1
72.7 46.3 0
61.5 50.1 0
87 96.1 1
87 83.9 0
106 3.08 0
118 7.35 0
110 10.3 0
114 28.2 0
111 20.3 0
92.8 7.63 1
111 48.4 0
107 39.3 0
117 50.3 0
116 77.3 1
119 72.3 0
91.4 71.7 0
118 31.2 0
91.3 58.4 0
95.7 33.1 0
118 88.5 1
152 26.6 0
153 20.7 0
151 1.65 0
169 5.25 0
154 3.18 0
159 60.1 0
133 46.1 0
155 40.9 0
150 40.8 0
161 61.7 0
138 42.4 0
134 31.4 0
153 49.8 0
121 35.3 0
149 89.2 1
151 91.3 1
145 96.7 1
167 84 0
162 98.4 1
121 97.5 1
121 82.6 1
123 81.5 1
199 15.1 0
186 12.2 0
200 9.95 0
172 1.15 0
176 3.63 0
199 22.3 0
183 59 0
183 38.6 0
171 48.7 0
173 65.4 0
180 54.8 0
171 46.2 0
180 96.6 0
179 98.3 1
179 81.6 0
186 81.7 0
15.5 28 1
4.05 17.2 1
4.45 11.9 1
1.3 1.33 1
18 25.5 1
17.2 17.4 1
15 1.53 1
9.83 76.9 1
16.8 55.8 1
15.3 78.4 1
45.8 25.6 1
31.3 9.53 1
58.4 7.13 1
40.8 27.5 1
21.3 16.1 1
52.1 1.48 1
58.5 13.2 1
41.6 10.6 1
40 12 1
50.3 75.3 0
39.3 50.1 1
35.7 76.5 0
30.6 76.1 0
43.2 34.1 1
58.2 37.1 1
22.1 59.1 1
22.1 61.2 1
22.7 46 1
30.1 49.9 1
22.7 42.8 1
28 51.3 1
52 31.4 1
58.7 78.8 0
51.2 83.5 0
80.7 15.4 1
76 26.6 1
72.1 3.28 1
61.7 17.1 1
69.9 11.1 1
80.7 46.4 0
79.6 49.1 0
88.5 46.3 0
87.9 61.7 0
68 33.3 1
88.5 48.8 0
64.1 77 0
88.7 78.8 0
92.7 14.8 1
97.5 13.4 0
115 34.9 0
109 49.4 0
104 40.8 0
119 46.3 0
112 70.5 0
111 72.3 1
119 48.8 0
91.3 43.2 0
92.9 66.3 0
91.7 37.4 0
98.3 76.5 1
104 96.9 1
94.6 83.2 1
117 96 1
94.3 91.2 1
134 4.55 0
123 9.18 0
160 26.8 0
122 3.5 0
147 12.7 0
168 23.3 0
162 28.3 0
157 11.2 0
159 57.9 0
139 40 0
129 58.2 0
145 40.5 0
161 56.2 0
168 37.4 0
128 66.2 0
162 31.7 0
169 78.8 0
146 90.7 1
126 96.4 1
183 55.9 0
193 33.6 0
173 45 0
194 83.1 4
172 81.1 0
172 98.9 1
5.1 1.8 1
18.5 13.2 1
15.4 81.6 1
17.5 95.9 0
48.8 19 1
24.5 19.1 1
36.2 15 1
45.7 15.7 1
22.6 1.15 1
29.7 33.3 1
36.9 49.2 1
32.5 51.3 1
22.6 31.2 1
21.7 48.7 1
54.4 89.7 0
72.4 9.75 1
62.6 1.15 1
78.3 17.9 1
86.3 59.2 0
80.4 38.2 0
62.6 31.2 1
61.3 37.3 1
63.3 55.9 0
116 21 0
119 13.1 0
117 1.15 0
92.4 1.15 1
99 33.3 0
119 43.2 0
107 33.2 0
106 77.3 1
92.8 60.3 0
97.8 56.5 0
116 83.5 1
144 12.4 0
155 11.4 0
160 72.4 0
160 41.3 0
123 64.8 0
121 45.1 0
169 71.2 0
167 49.4 0
132 53.5 0
133 82.9 1
167 95.8 1
134 92.8 1
196 22.1 0
193 28.5 0
171 7.83 0
187 31.8 0
171 58.3 0
192 31.8 0
196 97 0
182 83.4 0
19.4 78.8 0
8.53 90.9 1
58.7 29.4 1
30.8 56.1 1
42.9 43.4 1
52.4 76.8 0
29 39.5 1
48.3 83.6 0
79.4 20.5 1
88.5 13 1
88.7 29.4 0
69.5 14 1
72.6 26.4 1
78.2 45 0
86.5 69.7 0
87.4 36.7 0
61.7 43.4 1
97.7 10.7 1
98.2 20.1 0
115 37.9 0
114 78.5 1
117 64.6 0
125 16.6 0
149 17.8 0
168 25.2 0
169 29.4 0
123 28.5 0
141 25.6 0
126 29.1 0
160 49.2 0
134 48.6 0
168 45.7 0
163 71.3 0
121 78.8 1
168 48.2 0
123 78.8 1
126 86.4 1
187 28.5 0
198 1.63 0
177 1.45 0
178 44.9 0
173 39.4 0
173 60.1 0
179 33.2 0
193 98.4 0
11.4 11 1
7.7 20.3 1
1.3 18 1
19.4 29.4 1
19.4 26.9 1
9.05 70.3 1
13.1 46.5 1
15.9 44.4 1
10.6 89 1
17.9 84.1 0
3.33 98.5 1
51.4 21.3 1
36 25.9 1
24.3 2.95 1
45.9 6.53 1
55.4 56.8 0
23.5 64.4 1
56.6 69.5 0
32 69.8 0
39 39.3 1
52.9 45.4 1
24.9 70.9 0
42.6 91.4 0
81.1 8.33 1
87.6 26.6 0
61.4 13.2 1
78 39.8 0
72.1 57.9 0
63.5 64.5 0
101 26.1 0
112 25 0
91.1 8.55 1
93 55.1 0
97.7 59.3 0
111 41.1 0
117 90.7 1
107 89.4 1
153 8.78 0
121 29.4 0
127 3.2 0
168 3.38 0
123 37.8 0
148 31.4 0
137 71.9 0
124 46.3 0
158 31.6 0
167 66.2 0
121 43.4 0
174 15.7 0
172 37.4 0
178 59 0
174 32.9 0
182 89 0
180 90.6 0
188 91.5 0
190 89.8 0
13.4 1.53 1
0.35 28.5 1
3.95 31.4 1
13.4 98.5 0
51.2 9.85 1
48.8 16.8 1
36.1 23.5 1
38.3 23 1
45.7 4.08 1
58.7 1.15 1
21.3 13.7 1
57.2 26.2 1
48 43.4 1
28.5 54.6 1
58 71.8 0
32.1 63.6 0
38.8 31.4 1
21.6 37.2 1
58.7 31.2 1
39.7 89.4 0
42.9 94.9 0
79.2 10.5 1
64.6 2.73 1
61.8 23.6 1
88.7 1.15 1
70.5 64.3 0
86.5 64.9 0
70.2 40.1 0
67.9 38.7 1
88.7 31.2 0
78.8 76.3 0
82.3 52.5 0
77.8 81.6 0
104 27.7 0
95.3 21 0
108 28.4 0
117 56.2 0
102 38.8 0
93.9 34.2 0
107 81.4 1
131 25.1 0
123 18.4 0
167 7.43 0
148 20.2 0
169 1.15 0
151 76.9 0
130 38.4 0
168 43.9 0
121 56.9 0
169 31.2 0
138 32.7 0
124 97.9 1
137 92.5 1
135 98.8 1
194 8.23 0
192 9.83 0
183 75.1 0
199 45.4 4
181 31.4 0
181 45.2 0
178 56.3 0
184 98.3 0
174 82.7 0
19.4 1.15 1
4.95 28.5 1
11.1 71.7 1
4.58 78.5 1
2.58 48.9 1
0.85 78.5 1
18.6 68.3 1
19.4 31.2 1
18.2 33.5 1
16.5 77.2 1
0.025 49.7 1
4.43 81.6 1
56.3 15.7 1
45.8 52.6 1
43.2 36.5 1
52.1 48.9 1
21.4 68.3 1
22.6 98.9 0
21.1 82.6 0
38.3 98.5 0
83 22.4 0
61.8 25.5 1
77.2 58.4 0
87.9 71.6 0
61.5 51.8 0
78.2 31.5 0
88.7 68.2 0
87 42.8 0
63.8 49.3 0
81.6 77.9 0
62.6 98.9 0
61.1 82.6 0
77.9 98.4 0
106 7.45 0
99.9 28.5 0
115 2.85 0
103 1.38 1
105 66 0
91.7 51.7 0
111 68.1 0
119 68.2 0
117 34.4 0
117 98.9 1
92.4 98.9 1
91 82.6 1
119 82.6 1
161 8.85 0
124 25.9 0
158 1.53 0
121 1.15 0
126 27.1 0
168 57.4 0
128 40.2 0
166 76.1 0
166 73.5 0
121 68.1 0
121 31.2 0
122 33.4 0
158 98.6 1
160 81.4 0
133 97.3 1
148 81.5 0
144 81.5 0
148 98.5 1
136 81.2 1
127 98.5 1
184 4.3 0
173 3.33 0
171 12.3 0
199 28.8 0
172 17.3 0
197 49.1 4
174 97.2 1
9.23 9.65 1
13.9 28 1
8.2 44.3 1
4.45 53.3 1
13.7 78.4 1
49.9 11.9 1
42.5 24 1
51.2 13.6 1
26.4 28.2 1
42.2 19.2 1
48.7 6.55 1
42.7 17.3 1
33.4 78.1 0
36.7 38.1 1
27 44.1 1
23.5 56.1 1
26.4 78.6 0
58.3 93.6 0
37.9 81.5 0
78.8 28.7 0
87.2 20.5 0
76.7 69.9 0
88.5 52.2 0
63.9 32.8 1
84 90 0
75.3 90 0
79.7 94.5 0
79.6 85.5 0
88.2 93.6 1
88.2 86.4 1
73.8 81.6 0
94.1 2.85 1
91.1 13 1
91.4 69.4 0
97.5 40.8 0
101 78.6 1
101 31.5 0
109 31.6 0
108 78.7 1
97.3 98.4 1
163 15.4 0
146 1.5 0
121 7.05 0
137 1.5 0
169 16 0
126 78.4 1
135 78.4 0
162 69 0
122 51.7 0
139 78.6 0
122 95.4 1
139 97 1
191 58.7 4
173 55 0
184 31.4 0
172 51.7 0
200 50.6 4
194 44 0
189 83.3 4
9.63 67.7 1
18.3 57.6 1
18.3 62.5 1
0.575 31.6 1
11.9 56.2 1
1.23 94.5 1
0.025 81.7 1
13.8 81.6 1
28.6 24 1
26.8 1.8 1
58.6 67.8 0
21.3 52 1
49.6 54.8 0
32 94.5 0
34.4 98.5 0
21.9 93.5 0
58.7 86.5 0
24.5 97.4 0
27 98.5 0
83.4 25.4 0
77.9 1.7 1
64.3 28 1
84.6 7.78 1
77.3 78.5 0
66.6 78.2 0
72.7 31.6 1
61.7 68.3 0
68.6 71.6 0
73.9 95.9 0
107 26.1 0
109 21.1 0
117 38.9 0
113 33 0
106 72.9 1
118 51.9 0
94.9 31.4 0
99.9 81.8 1
113 82.1 1
103 98.4 1
141 1.5 0
125 1.4 0
123 13.8 0
130 74.3 0
146 63 0
124 39.1 0
126 33.3 0
136 36.6 0
148 78.4 0
168 86.5 0
139 81.6 1
185 28.5 0
188 42.1 0
197 46.9 4
182 47.4 0
195 78.1 4
171 43.2 0
171 68.6 0
182 98.3 0
8.43 28.5 1
14.9 17.4 1
16.2 2.68 1
16.2 49.7 1
13.7 49 1
18.5 51.9 1
13.2 32.9 1
18.1 93.4 0
54.7 10 1
32.3 13.8 1
32.9 28.4 1
44 22.2 1
45.8 22.5 1
41.1 38.7 1
56.4 47.8 1
57.2 52.3 0
24.2 40.6 1
59 45.6 0
21.1 78.8 0
33.9 81.5 0
58.7 98.9 0
58.7 81.1 0
67.1 1.58 1
70.8 25 1
88.5 56.2 0
89 37.9 0
61.1 78.8 0
64.4 97.4 0
62.7 84.2 0
61.6 86.7 0
66.7 81.6 0
66.9 98.5 0
61.8 93.4 0
88.7 81.1 0
88.7 98.9 1
70.4 96 0
70.5 85.7 0
96.8 28.5 0
96.6 1.7 1
119 78.8 1
91 78.8 0
102 85.6 1
94.8 97.3 1
105 81.4 1
92.4 93.4 1
148 28.3 0
149 1.65 0
158 28.5 0
122 27.3 0
132 78.4 1
158 78.5 0
151 72 0
135 32.7 0
126 48.6 0
144 78.4 0
168 51.7 0
169 68.8 0
148 50.5 0
124 49.3 0
143 88 1
154 98.6 1
131 98.5 1
169 98.9 1
169 81.1 0
200 25.4 0
180 22.7 0
195 14.6 0
182 27.3 0
179 28.9 0
196 28.8 0
189 61 4
199 31.8 0
172 63.2 0
171 78.8 0
180 78.6 0
188 94.8 0
198 98.5 0
11.3 24.1 1
1.33 4.9 1
15.6 37.9 1
19 46.3 1
8.05 78.5 1
9.15 31.5 1
17.7 48.3 1
7.9 81.6 1
18.5 86.6 0
19.4 98.9 0
19.4 81.1 0
47.2 19.2 1
32.6 20.5 1
57.9 17.7 1
21.1 29.4 1
43.7 27.4 1
37.4 1.43 1
50.3 66.6 0
46.6 59.9 0
58.6 63.9 0
38.6 78.3 0
24.1 32.7 1
21 45.4 1
33.1 31.7 1
42.1 78.9 0
45.6 90 0
22.9 84.3 0
21.8 86.8 0
26.9 81.7 0
73.9 1.7 1
61.1 29.4 1
75.9 51.5 0
68.1 55.3 0
73.4 78.5 0
66 90.1 0
105 14 0
118 26.3 0
113 1.7 0
119 29.4 0
91 29.4 0
91.6 63.4 0
92.8 84.3 1
91.9 86.8 1
109 83.4 1
131 22.4 0
140 28.8 0
144 28.3 0
135 7.1 0
140 54.7 0
131 59 0
140 60.9 0
138 36.8 0
126 46.3 0
133 56.4 0
140 34.3 0
159 94.4 1
158 85.6 0
143 98.2 1
127 81.7 1
168 93.3 1
121 98.9 1
121 81.1 1
193 5.18 0
171 29.4 0
198 54.5 4
195 67.7 4
194 51.5 4
177 78.6 0
195 41.2 0
186 68 4
180 81.6 0
172 93.3 1
172 86.7 0
199 81.5 4
6.55 49.6 1
18.8 37 1
1.78 85.8 1
22.4 26.3 1
38.3 19.9 1
54.5 61.6 0
26.8 41.3 1
35 45 1
58.9 49.5 0
40.6 77.2 0
31.5 85.8 0
50.8 92.6 0
71.5 28.5 1
81.7 56.2 0
66.4 31.6 1
74 37.8 0
108 1.7 0
100 20.9 0
96.2 78 1
115 70.8 0
109 54.9 0
104 78.6 1
105 31.5 0
96.8 81.8 1
107 98.5 1
127 17.6 0
169 6.93 0
169 13.6 0
135 2.75 0
136 27.2 0
153 1.65 0
157 61.7 0
139 63.3 0
153 31.7 0
168 63.8 0
121 37 0
132 31.4 0
143 31.6 0
159 63.3 0
125 55 0
177 27 0
178 9.45 0
181 2.83 0
185 35.5 0
184 40.7 0
183 72.1 0
196 31.8 0
177 98.3 1
184 81.7 0
177 81.6 0
195 81.5 4
1.85 9.9 1
12.7 64.5 1
15.7 31.4 1
5.7 65 1
2.05 53.7 1
2.58 36.9 1
51.1 24.6 1
57.3 21.3 1
33.4 1.43 1
21.1 1.15 1
54.4 39.6 1
57.1 58.2 0
59 43.9 1
21 43.6 1
21.1 31.2 1
41.6 32.7 1
61.1 1.15 1
79.8 35.2 0
65.2 39.7 1
82.5 38.9 0
61.8 62.6 0
61.1 31.2 1
61.8 57.7 0
92.8 26.6 0
117 22.8 0
119 1.15 0
91.4 47.5 0
94.6 40.3 0
119 31.2 0
91 31.2 0
111 77.2 1
116 97.5 1
113 98.6 1
119 93.5 1
154 28.5 0
154 78.5 0
130 51.1 0
154 55.3 0
124 31.3 0
122 63.1 0
122 48.1 0
153 81.7 0
122 82.6 1
194 20.6 0
172 26.2 0
171 1.15 0
171 47.5 0
171 31.2 0
179 37.8 0
192 90.6 0
16.8 26.8 1
8.43 4.58 1
15.3 8.75 1
1.98 60.1 1
18.9 43.3 1
16.3 97.4 0
5.85 89.9 1
47.2 17 1
50.6 39.4 1
28.2 65.5 1
46.1 77.3 0
28.2 68.4 0
37.1 90.5 0
80.3 13.2 1
88.5 47.6 0
82 68.1 0
82 65.9 0
66.3 49.3 0
89 42.4 0
115 8.98 0
91 1.15 1
119 57.9 0
119 62.8 0
93.1 32.5 0
111 43.9 0
165 19.7 0
140 22.6 0
134 20.2 0
163 2.93 0
155 5.4 0
160 68.1 0
164 60.8 0
164 56.2 0
158 70.2 0
143 60.2 0
137 75.1 0
163 77.4 0
137 83.9 1
131 81.7 1
136 86.4 1
121 92.9 1
121 88 1
122 85.5 1
190 25.3 0
10.5 39.8 1
6.1 70.8 1
1.03 39.9 1
10.2 85.5 1
53 14.6 1
47.3 26.9 1
24.8 9.63 1
33.4 11.1 1
23.2 17.2 1
37.1 12.9 1
38.7 28.8 1
22.7 47.2 1
48.6 72.1 0
43.4 72.7 0
26.6 31.6 1
66.8 28.6 1
71.6 17.7 1
87.2 33.4 0
81.4 50.8 0
119 47.6 0
119 37.1 0
91.3 57 0
117 84.6 1
118 87.1 1
147 4.38 0
121 16.7 0
133 27.1 0
143 4.23 0
147 6.9 0
142 27.1 0
126 1.4 0
144 6.75 0
160 74.9 0
135 65.1 0
146 49.6 0
138 98.8 1
136 98.8 1
177 31.8 0
182 76.9 0
185 76.5 4
191 81.6 4
182 85.7 0
17.7 39 1
7.08 37.1 1
1.73 34.3 1
18.1 78.8 1
16.6 82.7 1
35.7 10.5 1
45.5 12.4 1
53.2 20 1
49.7 4.1 1
47.6 2.63 1
58.7 28.1 1
42.3 26.1 1
38.9 42.1 1
36.4 35 1
22.1 62.6 1
22.1 57.7 1
41.1 96.4 0
70 22 1
88.7 28.1 0
64.9 7.48 1
78.8 42.7 0
70 42.8 0
68.7 35.4 1
64.3 44.7 1
87.9 63.1 0
66.8 45.3 0
103 8.85 0
93.7 22.8 0
114 26.6 0
97.4 50 0
98.4 43.3 0
96.9 33.1 0
106 62 0
151 9.78 0
127 9.13 0
131 15.6 0
163 10.8 0
166 27.7 0
144 45.6 0
132 51.1 0
160 53.9 0
135 70.8 0
153 70.1 0
142 65.1 0
140 70.5 0
168 46.9 0
129 35.4 0
122 78.8 1
128 91.4 1
184 6.83 0
197 9.85 0
190 78.2 4
178 71.2 0
180 64.4 0
199 40.5 0
19.4 28.1 1
6.23 17.9 1
13 40.3 1
18 45 1
55.8 2.63 1
47.9 36.5 1
51.4 68.6 0
57.2 55.5 0
50.9 95.5 0
21.1 98.9 0
21.1 81.1 0
63.5 20.7 1
62.3 47.3 0
69.4 74.7 0
65.1 70.6 0
68.8 52.1 0
77.9 64.1 0
85.3 51.7 0
61.1 98.9 0
61.1 81.1 0
106 4.93 0
94.7 50.8 0
112 58.2 0
92.9 36.9 0
109 40.5 0
111 92.4 1
119 98.9 1
119 81.1 1
91 81.1 0
130 26.7 0
136 19.9 0
123 2.55 0
122 29.4 0
138 56.5 0
133 39 0
148 70.5 0
166 32.9 0
159 37.3 0
151 65.9 0
131 63.4 0
156 37.3 0
156 34.8 0
152 95.4 1
151 92.9 1
142 84.8 1
133 84 1
134 86.5 1
195 3.7 0
190 9.3 0
186 2.85 0
177 50 0
175 50.6 0
194 58.9 4
188 78.2 4
171 56.9 0
185 90.4 0
171 81.1 0
171 98.9 1
190 98.4 0
15.4 64.9 1
0.725 57.9 1
10.3 74.9 1
4.03 66.4 1
13.4 45.1 1
9.73 57.4 1
50.3 20.4 1
23.5 7.25 1
56.3 12.3 1
21.3 22 1
23.2 20.6 1
31 17.9 1
42.9 47.2 1
40.5 66.3 0
55.7 32.6 1
58.9 51.2 0
53.1 58.1 0
53.7 47.5 1
74 26.4 1
85.9 25.5 0
69.7 27.1 1
88.8 22.3 0
85.7 82.5 0
85.7 97.5 0
83.2 81.4 0
83.2 98.6 0
108 9.23 0
112 9.5 0
99.1 4.55 1
104 48.4 0
114 31.4 0
96.7 46.1 0
111 75.1 1
91 98.9 1
145 43.5 0
129 42.6 0
160 34.8 0
127 38.6 0
141 45.3 0
149 45 0
143 56.1 0
122 45.7 0
168 77.5 0
164 72.6 0
168 72.4 0
181 15.6 0
197 14.5 0
191 47.9 4
192 45.5 0
200 74.9 4
177 41 0
188 81.7 0
7.2 34.5 1
15.1 56.5 1
4.1 43.1 1
15.7 71.2 1
27.3 10.1 1
53.4 28.1 1
55.9 26.8 1
30.9 46.6 1
45.4 47.1 1
47.9 67.1 0
46.5 50 1
47.1 32.6 1
49.1 34 1
46.8 71.1 0
43.9 54.5 1
37.8 66.1 0
52.8 97 0
55.3 95.9 0
46.8 98.5 0
81.7 20.8 1
62.9 26.7 1
85 44.6 0
82.6 45.2 0
75.6 53.6 0
74.3 34.7 1
62.6 75.8 0
61.5 73.3 0
70.5 70.2 0
72.5 97.5 0
72.8 84.1 0
105 16.7 0
110 16.2 0
118 18.2 0
107 48.6 0
104 71.3 1
108 72.3 1
116 32.6 0
104 60.3 0
94.1 45.6 0
99.7 51 0
104 44.9 0
160 4.65 0
129 10.3 0
138 14.5 0
121 14.3 0
165 40.6 0
134 67.4 0
148 66.4 0
138 31.3 0
136 31.3 0
127 71 0
124 71 0
158 96.1 1
159 83.9 0
165 88.9 0
123 96.8 1
162 88.9 0
145 89 1
153 91.1 1
155 91.1 1
183 20.3 0
180 28.9 0
175 21.1 0
181 10.7 0
177 66.9 0
198 63.9 4
181 95.3 0
11.5 15.7 1
6.75 11.7 1
9.85 2.78 1
18.6 21.8 1
16.8 6.8 1
18.6 19.3 1
18.1 1.15 1
9.28 26 1
18.4 73.5 1
2.6 44.7 1
17.1 76 1
14.1 31.4 1
10.4 95.6 1
29.5 4.9 1
29.5 8 1
39.2 21.5 1
38.4 4.03 1
40.3 68.8 0
55.1 41.9 1
37.8 59.8 1
37.6 68.6 0
43.5 61.9 0
44.3 64.4 0
56.3 37.8 1
25.5 91.1 0
28.7 91.1 0
85.4 3.9 1
67.5 9.23 1
88.3 18.3 1
88.5 8.55 1
83.4 31.4 0
76 65.3 0
113 13.6 0
116 14.2 0
105 27.7 0
99 7.65 1
91.5 18.2 0
116 25.3 0
92.8 7.63 1
106 56.1 0
101 61.6 0
98.2 75 1
101 64.2 0
119 73.6 1
118 76.1 1
98.5 72.1 0
106 75.7 1
99.7 53.8 0
141 8.8 0
152 25.3 0
149 25.1 0
152 22.6 0
122 21.8 0
166 17.4 0
158 15.4 0
122 1.15 0
148 37.3 0
149 34.7 0
156 43 0
140 52.5 0
125 60 0
122 73.4 1
126 31.3 0
143 75.3 0
152 47.4 0
123 75.9 1
140 89.1 1
163 83.1 0
165 84.2 0
190 22.6 0
194 25.7 0
187 48.9 0
185 46.9 0
198 61.4 4
192 98.4 0
18.5 12.5 1
1.55 25.2 1
3.6 75.7 1
3.6 73.1 1
58.4 7.13 1
53.3 1.48 1
38.2 6.45 1
41.7 22.6 1
42.5 7.8 1
33 16.4 1
28.4 16.8 1
29 15 1
38.9 17.2 1
42.5 2.93 1
41 41.5 1
55.1 75.3 0
35.2 71.5 0
35.6 74.7 0
45 34 1
23.9 75.6 0
36.9 57.3 1
39.2 32.7 1
22.8 73.1 1
39.2 84.5 0
43.3 81.5 0
45.8 81.5 0
76.8 25.2 1
85.3 14.8 1
82 26.9 0
74.4 11.4 1
79.5 56.6 0
70.4 56.2 0
77.9 50.2 0
62.6 49.9 0
65.1 55.7 0
101 24.2 0
107 13 0
116 7.2 0
119 12.3 0
99.8 16 0
111 18.9 0
116 45.4 0
113 46.1 0
92.9 42.3 0
99.6 34.8 0
111 61 0
113 64.9 0
99.6 91 1
96 91 1
136 12.6 0
159 9.43 0
132 13.4 0
149 22.4 0
168 2.43 0
137 2.75 0
131 3.33 0
132 4.58 0
151 75 0
166 58.1 0
140 43 0
168 37.4 0
159 43.4 0
163 31.7 0
153 62.2 0
144 72.3 0
130 65.7 0
152 49.7 0
150 84.7 0
149 87.2 1
131 91 1
163 98.4 1
166 97.3 1
183 13.4 0
193 16.3 0
173 22.6 0
182 1.38 0
193 74.6 4
190 63.8 4
175 71.7 0
186 59.8 4
181 38.2 0
181 92.6 0
4.2 25.2 1
9.93 51.5 1
24.6 4.63 1
30.6 48.8 1
35.5 48.9 1
50.9 64.5 0
57.5 78.8 0
53.2 31.4 1
52.6 52 0
54 91.6 0
82.9 15.5 1
78 22.1 1
61.7 18.3 1
79 4.58 1
62.9 8.53 1
84.7 57.9 0
77.8 33.7 0
88.7 77.6 0
72.4 49.5 0
87.4 35.6 0
103 13 0
117 20.3 0
107 34.6 0
113 38.8 0
94 75.2 0
93 72.7 0
117 42.1 0
113 78.5 1
108 50.6 0
105 43.1 0
110 95.3 1
104 92.9 1
125 9.95 0
163 19.1 0
157 19.8 0
163 28.3 0
142 14.9 0
165 10.3 0
153 17.6 0
137 10.1 0
146 37.2 0
141 40.6 0
144 40.8 0
145 34.5 0
155 53.1 0
150 60.2 0
156 45.6 0
127 94.8 1
176 4.93 0
195 23.5 0
186 20.4 0
171 7.83 0
191 38.3 0
192 35.3 0
183 33.6 0
187 40.5 0
173 39.4 0
180 61.8 0
174 73.3 0
175 75.8 0
191 54.4 4
6.4 3.05 1
13 8.73 1
6.35 22.7 1
10.3 60.2 1
7.4 97 1
40.4 13.8 1
55.1 14.1 1
43.2 11.3 1
40.8 16.1 1
37.6 15.9 1
49.7 42.1 1
50 57.4 0
21 46.6 1
33.9 55.9 1
59 46.9 0
24.3 50.8 1
35.1 63.4 0
55.7 83.9 0
53.2 82.8 0
64.5 15 1
67.1 14.1 1
76.4 18 1
61.4 12.4 1
77.3 10.8 1
88.5 12.3 1
70.7 15.1 1
71.6 5.5 1
85.5 21.2 1
84.8 75.3 0
62.6 36.7 1
99 26.6 0
103 3.23 0
94.7 25.3 0
96.8 26.6 0
119 28.1 0
91.1 8.55 1
99.9 40.1 0
115 51 0
107 37.1 0
94.6 54.4 0
113 50.4 0
109 78.7 1
97.2 55.3 0
101 37.2 0
104 95.4 1
154 20.2 0
167 29.4 0
139 28.8 0
157 13.3 0
167 26.4 0
137 28.8 0
151 39.6 0
157 56.7 0
153 39.4 0
159 45.9 0
162 40.4 0
147 54.2 0
146 95.3 1
146 92.8 1
199 26.6 0
175 13.2 0
177 28.9 0
192 71.5 4
181 51 0
179 34.7 0
178 43.6 0
188 33.6 0
172 37.4 0
186 70.5 4
175 90.9 0
194 84.6 4
195 87.1 4
199 90.6 4
11.4 13.3 1
15.5 4.18 1
18.1 28.8 1
3.65 32.7 1
19 47.5 1
10.2 42.6 1
9.93 92.9 1
5.7 97 1
18.1 98.9 0
18.1 81.1 1
43.2 20.7 1
55.4 22.1 1
45.2 14.3 1
49.6 8.23 1
21.1 28.1 1
31.6 74.3 0
43.4 44.3 1
38.8 51 1
49 74.9 0
33 50.3 1
30.3 65.5 0
32.6 71.1 0
25.3 65.1 1
41.1 37.1 1
52.4 43.4 1
57.8 48.2 0
33.2 41.1 1
44.8 96.5 0
64.6 4.45 1
71.7 8.4 1
88.7 1.93 1
61.1 28.1 1
82.9 2.75 1
85 65.5 0
72.3 60 0
88.7 31.9 0
72 62.8 0
93.4 20.1 0
91 28.1 0
116 65.2 0
96.1 31.4 0
94.3 67.2 0
96.8 67.8 0
108 91.3 1
107 87.6 1
154 13.5 0
160 25.4 0
160 22.3 0
148 13.2 0
144 20.1 0
143 12.9 0
145 2.73 0
121 28.1 0
153 3.88 0
127 59 0
152 56.1 0
127 66.5 0
124 65.4 0
121 42.6 0
165 49.2 0
132 95.7 1
132 93.2 1
135 82.4 1
122 98.9 1
122 81.1 1
194 12.2 0
187 13.3 0
189 15.6 0
192 26.9 0
171 28.1 0
189 2.9 0
186 26.5 0
182 53.6 0
190 33.6 0
184 54.7 4
186 53.2 4
174 66.3 0
178 90.7 0
196 95.6 0
196 93.1 0
15.4 89.4 1
49.1 25.2 1
47.1 21 1
57.5 1.15 1
39.4 53.8 1
45.9 44.2 1
30.3 68.3 0
25.4 69 1
21.6 37.2 1
58.8 56.8 0
25 72.3 1
26.6 51.4 1
57.5 31.2 1
27.5 74.8 0
39.7 87.5 0
61.8 22.4 1
79.5 6.88 1
85 68.9 0
77 45.8 0
75.9 38.3 0
109 26.9 0
115 4.58 0
99.1 18.5 0
104 64.4 0
108 85.1 1
123 19.7 0
149 15.5 0
167 23.1 0
134 42.6 0
168 43.2 0
162 75.2 0
136 76.5 0
165 66.2 0
139 76.6 0
133 44.4 0
167 31.2 0
137 49.5 0
171 11.5 0
177 2.75 0
175 54.1 0
178 55 0
184 78.3 0
188 87.9 0
184 96.9 0
189 96.5 0
9.25 7.18 1
16.6 58.3 1
13.1 71.6 1
16.6 61.1 1
19.4 31.9 1
27.1 3.48 1
54.3 68.9 0
31.9 57.7 1
54.8 59.5 0
38.7 34.7 1
45.1 36.4 1
47.2 54.1 0
47.3 85.1 0
51.9 84.9 0
54.4 87.4 0
72.9 28.5 1
86.5 8.23 1
68.2 65.6 0
71.9 38.4 0
77.8 74.7 0
86.8 55.9 0
77.8 67.7 0
64.8 65.2 0
67 76.3 0
76.3 71.5 0
63.2 42.9 1
86.8 53.4 0
85.9 32.2 0
74.5 45.8 0
110 25.3 0
94 15.6 1
97.2 9.18 1
96.5 15 0
115 57.2 0
112 67.5 0
165 8.13 0
128 26.7 0
131 28.7 0
121 7.05 0
144 62.7 0
158 33.1 0
162 49.2 0
121 31.9 0
121 47.4 0
123 40.2 0
139 82.7 1
144 83.3 0
198 1.63 0
184 1.38 0
177 46.2 0
174 45.6 0
173 33.7 0
175 60.8 0
199 98.5 0
13.3 3.03 1
0.425 27.2 1
5.03 27.2 1
5.68 62.6 1
12.6 43.2 1
8.5 76.5 1
0.275 33 1
44.6 6.8 1
33.3 76.3 0
30.1 34.7 1
32.3 62.7 1
30.5 39.6 1
56.6 93.4 0
62.6 51.6 0
63.7 34.1 1
77.2 61.3 0
88.5 47.6 0
107 24.6 0
91.1 12.3 1
115 39.8 0
93.3 52.5 0
94.4 60.9 0
97 60.4 0
112 82.1 1
161 7.23 0
129 4.73 0
146 20.4 0
140 3.2 0
123 58 0
127 35.3 0
131 33.5 0
156 94.4 1
154 96.9 1
130 96.9 1
128 96.9 1
176 15.8 0
173 4.63 0
172 18.5 0
200 18.4 0
179 10.6 0
173 52.3 0
187 44.6 0
178 60.2 0
171 42.5 0
16.4 19.3 1
7.18 24.7 1
17 67.4 1
18.2 33.3 1
3.8 97 1
12.7 89.2 1
56.2 8.85 1
47.6 11.8 1
48.9 22.4 1
44.4 4.35 1
52.6 76.5 0
23.2 67.5 1
22.7 33.5 1
56.1 54.1 0
34.1 46.4 1
56.4 72.8 0
26.4 76.9 0
29.4 94.4 0
23.7 93.3 0
24.8 95.8 0
27.3 96.9 0
67.1 3.3 1
85.5 42.4 0
87.1 67.4 0
94.6 4.33 1
106 67.3 0
109 68.2 0
102 77.1 1
109 33.1 0
97.7 96.8 1
105 85.5 1
110 82.1 1
163 16.7 0
138 4.45 0
139 9.23 0
148 76.5 0
122 33.3 0
134 49.1 0
161 85.6 0
167 86.7 0
126 86.4 1
191 4.98 0
180 32.9 0
193 49.6 4
180 43.9 0
196 48.6 4
191 56.7 4
182 96.9 0
189 84.8 4
185 95 0
17.2 10.2 1
7.43 51.1 1
10.7 54.3 1
18.8 77.6 1
12.6 97.1 1
3.18 94.5 1
35.9 25.9 1
21.9 18.7 1
52.8 26.4 1
55.3 25.1 1
50 16.6 1
22.7 13 1
57.5 28.8 1
25.5 56.7 1
46.8 75.7 0
45.5 72.7 0
21.1 77.6 1
37.6 96.9 0
57.5 98.9 0
57.5 81.1 0
34.4 94.4 0
35.1 96.9 0
78.3 27.2 1
87.5 28.8 0
65.3 41.4 1
76.4 76.8 0
73.9 76.8 0
61.1 77.6 0
89 37.9 0
74.5 85.6 0
75.6 88.1 0
78.1 85.6 0
68.6 94.4 0
66.1 91.9 0
77 83.1 0
67.2 96.9 0
63.6 93.3 0
64.7 95.8 0
87.5 98.9 1
87.5 81.1 0
112 3.43 0
109 23 0
117 10.3 0
111 56.9 0
94.5 38.6 0
101 33.1 0
117 67.4 0
119 77.6 1
91 77.6 0
108 96.8 1
115 90.1 1
94.2 93.2 1
158 3 0
133 22.4 0
161 14.5 0
135 25.9 0
147 33 0
128 74.3 0
153 76.6 0
126 76.8 1
163 67.6 0
123 52 0
148 51.9 0
121 77.6 1
148 83 0
140 95.5 1
138 93 1
167 98.9 1
167 81.1 0
194 2.08 0
177 22.4 0
185 26.5 0
174 25.1 0
174 62.9 0
180 72.3 0
177 77 0
195 76.4 4
171 77.6 0
14.4 15.8 1
0.15 23.3 1
12.4 62.3 1
13.7 76.8 1
11.7 67.5 1
8.9 33.1 1
6.28 53.7 1
5.95 44.3 1
7.45 67.1 1
18.1 30.8 1
16.1 93.5 0
14.9 96 0
35.9 23.5 1
30.2 24.3 1
42.1 16.7 1
23.7 25.1 1
32.2 26.8 1
50.6 14.8 1
27 23.8 1
26.2 26.3 1
37.9 18.5 1
27.8 56.1 1
46.2 61.3 0
45.8 78.9 0
43.3 78.9 0
45.3 88 0
46.5 92.1 0
37.3 83.1 0
34.8 83.1 0
34.1 85.6 0
84.7 6.2 1
88.5 10.4 1
82.3 76.5 0
64.8 37.8 1
72.5 33.2 1
86.1 72.8 0
74.2 94.4 0
84 87.8 0
84 92.2 0
75.3 91.9 0
86.5 86.4 0
86.5 93.6 0
77.8 94.4 0
81.5 94.7 0
81.5 85.3 0
68.3 85.7 0
65.8 88.2 0
76.7 96.9 0
66.9 83.2 0
63.3 86.8 0
64.4 84.3 0
109 19.7 0
97.1 3.18 1
110 3.43 0
115 68.9 0
96.1 76.5 1
104 77.1 1
103 33.1 0
108 52.8 0
102 96.9 1
95.2 95.7 1
106 83 1
125 12.7 0
137 22.2 0
136 8.25 0
123 2.55 0
147 63.8 0
131 74.4 0
132 76.8 0
122 30.8 0
122 44.3 0
148 97.1 1
177 7.3 0
182 22.6 0
179 4.13 0
181 35.1 0
195 65.6 4
196 46.4 4
194 53.2 4
194 45 0
196 54.7 4
179 77 0
185 66.6 4
