5.7 8.6 0
5.7 13.2 0
10.3 8.6 0
10.3 13.2 0
5.7 17.8 0
10.3 17.8 0
5.7 22.4 0
10.3 22.4 0
5.7 27 0
10.3 27 0
5.7 31.6 0
10.3 31.6 0
5.7 36.2 0
10.3 36.2 0
5.7 40.8 0
10.3 40.8 0
5.7 45.4 0
10.3 45.4 0
5.7 50 0
10.3 50 0
5.7 54.6 0
10.3 54.6 0
5.7 59.2 0
10.3 59.2 0
5.7 63.8 0
10.3 63.8 0
5.7 68.4 0
10.3 68.4 0
5.7 73 0
10.3 73 0
5.7 77.6 0
10.3 77.6 0
5.7 82.2 0
10.3 82.2 0
5.7 86.8 0
10.3 86.8 0
5.7 91.4 0
10.3 91.4 4
14.9 8.6 4
14.9 13.2 0
14.9 17.8 0
14.9 22.4 0
14.9 27 0
14.9 31.6 0
14.9 36.2 0
14.9 40.8 0
14.9 45.4 0
14.9 50 0
14.9 54.6 0
14.9 59.2 0
14.9 63.8 0
14.9 68.4 0
14.9 73 0
14.9 77.6 0
14.9 82.2 0
14.9 86.8 0
14.9 91.4 0
19.5 8.6 4
19.5 13.2 0
19.5 17.8 0
19.5 22.4 0
19.5 27 0
19.5 31.6 0
19.5 36.2 0
19.5 40.8 0
19.5 45.4 0
19.5 50 0
19.5 54.6 0
19.5 59.2 0
19.5 63.8 0
19.5 68.4 0
19.5 73 0
19.5 77.6 0
19.5 82.2 0
19.5 86.8 0
19.5 91.4 4
24.1 8.6 4
24.1 13.2 4
24.1 17.8 0
24.1 22.4 0
24.1 27 0
24.1 31.6 0
24.1 36.2 0
24.1 40.8 0
24.1 45.4 0
24.1 50 0
24.1 54.6 0
24.1 59.2 0
24.1 63.8 0
24.1 68.4 0
24.1 73 0
24.1 77.6 0
24.1 82.2 0
24.1 86.8 4
24.1 91.4 4
28.7 8.6 4
28.7 13.2 4
28.7 17.8 4
28.7 22.4 4
28.7 27 0
28.7 31.6 0
28.7 36.2 0
28.7 40.8 0
28.7 45.4 0
28.7 50 0
28.7 54.6 0
28.7 59.2 0
28.7 63.8 0
28.7 68.4 0
28.7 73 0
28.7 77.6 0
28.7 82.2 0
28.7 86.8 4
28.7 91.4 4
33.3 8.6 4
33.3 13.2 4
33.3 17.8 4
33.3 22.4 4
33.3 27 4
33.3 31.6 4
33.3 36.2 0
33.3 40.8 0
33.3 45.4 0
33.3 50 0
33.3 54.6 0
33.3 59.2 0
33.3 63.8 0
33.3 68.4 0
33.3 73 0
33.3 77.6 4
33.3 82.2 4
33.3 86.8 4
33.3 91.4 4
37.9 8.6 4
37.9 13.2 4
37.9 17.8 4
37.9 22.4 4
37.9 27 4
37.9 31.6 4
37.9 36.2 4
37.9 40.8 4
37.9 45.4 4
37.9 50 4
37.9 54.6 4
37.9 59.2 4
37.9 63.8 4
37.9 68.4 4
37.9 73 4
37.9 77.6 4
37.9 82.2 4
37.9 86.8 4
37.9 91.4 4
42.5 8.6 4
42.5 13.2 4
42.5 17.8 4
42.5 22.4 4
42.5 27 4
42.5 31.6 4
42.5 36.2 4
42.5 40.8 4
42.5 45.4 4
42.5 50 4
42.5 54.6 4
42.5 59.2 4
42.5 63.8 4
42.5 68.4 4
42.5 73 4
42.5 77.6 4
42.5 82.2 4
42.5 86.8 4
42.5 91.4 4
47.1 8.6 4
47.1 13.2 4
47.1 17.8 4
47.1 22.4 4
47.1 27 4
47.1 31.6 4
47.1 36.2 4
47.1 40.8 4
47.1 45.4 4
47.1 50 4
47.1 54.6 4
47.1 59.2 4
47.1 63.8 4
47.1 68.4 4
47.1 73 4
47.1 77.6 4
47.1 82.2 4
47.1 86.8 4
47.1 91.4 4
51.7 8.6 4
51.7 13.2 4
51.7 17.8 4
51.7 22.4 4
51.7 27 4
51.7 31.6 4
51.7 36.2 4
51.7 40.8 4
51.7 45.4 4
51.7 50 4
51.7 54.6 4
51.7 59.2 4
51.7 63.8 4
51.7 68.4 4
51.7 73 4
51.7 77.6 4
51.7 82.2 4
51.7 86.8 4
51.7 91.4 4
56.3 8.6 4
56.3 13.2 4
56.3 17.8 4
56.3 22.4 4
56.3 27 4
56.3 31.6 4
56.3 36.2 4
56.3 40.8 4
56.3 45.4 4
56.3 50 4
56.3 54.6 4
56.3 59.2 4
56.3 63.8 4
56.3 68.4 4
56.3 73 4
56.3 77.6 4
56.3 82.2 4
56.3 86.8 4
56.3 91.4 4
60.9 8.6 4
60.9 13.2 4
60.9 17.8 4
60.9 22.4 4
60.9 27 4
60.9 31.6 4
60.9 36.2 4
60.9 40.8 4
60.9 45.4 4
60.9 50 4
60.9 54.6 4
60.9 59.2 4
60.9 63.8 4
60.9 68.4 4
60.9 73 4
60.9 77.6 4
60.9 82.2 4
60.9 86.8 4
60.9 91.4 4
65.5 8.6 4
65.5 13.2 4
65.5 17.8 4
65.5 22.4 4
65.5 27 4
65.5 31.6 4
65.5 36.2 4
65.5 40.8 4
65.5 45.4 4
65.5 50 4
65.5 54.6 4
65.5 59.2 4
65.5 63.8 4
65.5 68.4 4
65.5 73 4
65.5 77.6 4
65.5 82.2 4
65.5 86.8 4
65.5 91.4 4
70.1 8.6 4
70.1 13.2 4
70.1 17.8 4
70.1 22.4 4
70.1 27 4
70.1 31.6 4
70.1 36.2 4
70.1 40.8 4
70.1 45.4 4
70.1 50 4
70.1 54.6 4
70.1 59.2 4
70.1 63.8 4
70.1 68.4 4
70.1 73 4
70.1 77.6 4
70.1 82.2 4
70.1 86.8 4
70.1 91.4 4
74.7 8.6 4
74.7 13.2 4
74.7 17.8 4
74.7 22.4 4
74.7 27 4
74.7 31.6 4
74.7 36.2 4
74.7 40.8 4
74.7 45.4 4
74.7 50 4
74.7 54.6 4
74.7 59.2 4
74.7 63.8 4
74.7 68.4 4
74.7 73 4
74.7 77.6 4
74.7 82.2 4
74.7 86.8 4
74.7 91.4 4
79.3 8.6 4
79.3 13.2 4
79.3 17.8 4
79.3 22.4 4
79.3 27 4
79.3 31.6 4
79.3 36.2 4
79.3 40.8 4
79.3 45.4 4
79.3 50 4
79.3 54.6 4
79.3 59.2 4
79.3 63.8 4
79.3 68.4 4
79.3 73 4
79.3 77.6 4
79.3 82.2 4
79.3 86.8 4
79.3 91.4 4
83.9 8.6 4
83.9 13.2 4
83.9 17.8 4
83.9 22.4 4
83.9 27 4
83.9 31.6 4
83.9 36.2 4
83.9 40.8 4
83.9 45.4 4
83.9 50 4
83.9 54.6 4
83.9 59.2 4
83.9 63.8 4
83.9 68.4 4
83.9 73 4
83.9 77.6 4
83.9 82.2 4
83.9 86.8 4
83.9 91.4 4
88.5 8.6 4
88.5 13.2 4
88.5 17.8 4
88.5 22.4 4
88.5 27 4
88.5 31.6 4
88.5 36.2 4
88.5 40.8 4
88.5 45.4 4
88.5 50 4
88.5 54.6 4
88.5 59.2 4
88.5 63.8 4
88.5 68.4 4
88.5 73 4
88.5 77.6 4
88.5 82.2 0
88.5 86.8 0
88.5 91.4 0
93.1 8.6 4
93.1 13.2 4
93.1 17.8 4
93.1 22.4 4
93.1 27 4
93.1 31.6 4
93.1 36.2 4
93.1 40.8 4
93.1 45.4 4
93.1 50 4
93.1 54.6 4
93.1 59.2 4
93.1 63.8 4
93.1 68.4 4
93.1 73 4
93.1 77.6 0
93.1 82.2 0
93.1 86.8 0
93.1 91.4 0
97.7 8.6 4
97.7 13.2 4
97.7 17.8 4
97.7 22.4 4
97.7 27 4
97.7 31.6 4
97.7 36.2 4
97.7 40.8 4
97.7 45.4 4
97.7 50 4
97.7 54.6 4
97.7 59.2 4
97.7 63.8 4
97.7 68.4 0
97.7 73 0
97.7 77.6 0
97.7 82.2 0
97.7 86.8 0
97.7 91.4 0
102.3 8.6 4
102.3 13.2 4
102.3 17.8 4
102.3 22.4 4
102.3 27 4
102.3 31.6 4
102.3 36.2 4
102.3 40.8 4
102.3 45.4 4
102.3 50 4
102.3 54.6 4
102.3 59.2 0
102.3 63.8 0
102.3 68.4 0
102.3 73 0
102.3 77.6 0
102.3 82.2 0
102.3 86.8 0
102.3 91.4 0
106.9 8.6 4
106.9 13.2 4
106.9 17.8 4
106.9 22.4 4
106.9 27 4
106.9 31.6 4
106.9 36.2 4
106.9 40.8 4
106.9 45.4 4
106.9 50 4
106.9 54.6 0
106.9 59.2 0
106.9 63.8 0
106.9 68.4 0
106.9 73 0
106.9 77.6 0
106.9 82.2 0
106.9 86.8 0
106.9 91.4 0
111.5 8.6 4
111.5 13.2 4
111.5 17.8 4
111.5 22.4 4
111.5 27 4
111.5 31.6 4
111.5 36.2 4
111.5 40.8 4
111.5 45.4 0
111.5 50 0
111.5 54.6 0
111.5 59.2 0
111.5 63.8 0
111.5 68.4 0
111.5 73 0
111.5 77.6 0
111.5 82.2 0
111.5 86.8 0
111.5 91.4 0
116.1 8.6 4
116.1 13.2 4
116.1 17.8 4
116.1 22.4 4
116.1 27 4
116.1 31.6 4
116.1 36.2 4
116.1 40.8 0
116.1 45.4 0
116.1 50 0
116.1 54.6 0
116.1 59.2 0
116.1 63.8 0
116.1 68.4 0
116.1 73 0
116.1 77.6 0
116.1 82.2 0
116.1 86.8 0
116.1 91.4 0
120.7 8.6 4
120.7 13.2 4
120.7 17.8 0
120.7 22.4 0
120.7 27 0
120.7 31.6 0
120.7 36.2 0
120.7 40.8 0
120.7 45.4 0
120.7 50 0
120.7 54.6 0
120.7 59.2 0
120.7 63.8 0
120.7 68.4 0
120.7 73 0
120.7 77.6 0
120.7 82.2 0
120.7 86.8 0
120.7 91.4 0
125.3 8.6 0
125.3 13.2 0
125.3 17.8 0
125.3 22.4 0
125.3 27 0
125.3 31.6 0
125.3 36.2 0
125.3 40.8 0
125.3 45.4 0
125.3 50 0
125.3 54.6 0
125.3 59.2 0
125.3 63.8 0
125.3 68.4 0
125.3 73 0
125.3 77.6 0
125.3 82.2 0
125.3 86.8 0
125.3 91.4 0
129.9 8.6 0
129.9 13.2 0
129.9 17.8 0
129.9 22.4 0
129.9 27 0
129.9 31.6 0
129.9 36.2 0
129.9 40.8 0
129.9 45.4 0
129.9 50 0
129.9 54.6 0
129.9 59.2 0
129.9 63.8 0
129.9 68.4 0
129.9 73 0
129.9 77.6 0
129.9 82.2 0
129.9 86.8 0
129.9 91.4 0
134.5 8.6 0
134.5 13.2 0
134.5 17.8 0
134.5 22.4 0
134.5 27 0
134.5 31.6 0
134.5 36.2 0
134.5 40.8 0
134.5 45.4 0
134.5 50 0
134.5 54.6 0
134.5 59.2 0
134.5 63.8 0
134.5 68.4 0
134.5 73 0
134.5 77.6 0
134.5 82.2 0
134.5 86.8 0
134.5 91.4 0
139.1 8.6 0
139.1 13.2 0
139.1 17.8 0
139.1 22.4 0
139.1 27 0
139.1 31.6 0
139.1 36.2 0
139.1 40.8 0
139.1 45.4 0
139.1 50 0
139.1 54.6 0
139.1 59.2 0
139.1 63.8 0
139.1 68.4 0
139.1 73 0
139.1 77.6 0
139.1 82.2 0
139.1 86.8 0
139.1 91.4 0
143.7 8.6 0
143.7 13.2 0
143.7 17.8 0
143.7 22.4 0
143.7 27 0
143.7 31.6 0
143.7 36.2 0
143.7 40.8 0
143.7 45.4 0
143.7 50 0
143.7 54.6 0
143.7 59.2 0
143.7 63.8 0
143.7 68.4 0
143.7 73 0
143.7 77.6 0
143.7 82.2 0
143.7 86.8 0
143.7 91.4 0
148.3 8.6 0
148.3 13.2 0
148.3 17.8 0
148.3 22.4 0
148.3 27 0
148.3 31.6 0
148.3 36.2 0
148.3 40.8 0
148.3 45.4 0
148.3 50 0
148.3 54.6 0
148.3 59.2 0
148.3 63.8 0
148.3 68.4 0
148.3 73 0
148.3 77.6 0
148.3 82.2 0
148.3 86.8 0
148.3 91.4 0
152.9 8.6 0
152.9 13.2 0
152.9 17.8 0
152.9 22.4 0
152.9 27 0
152.9 31.6 0
152.9 36.2 0
152.9 40.8 0
152.9 45.4 0
152.9 50 0
152.9 54.6 0
152.9 59.2 0
152.9 63.8 0
152.9 68.4 0
152.9 73 0
152.9 77.6 0
152.9 82.2 0
152.9 86.8 0
152.9 91.4 0
157.5 8.6 0
157.5 13.2 0
157.5 17.8 0
157.5 22.4 0
157.5 27 0
157.5 31.6 0
157.5 36.2 0
157.5 40.8 0
157.5 45.4 0
157.5 50 0
157.5 54.6 0
157.5 59.2 0
157.5 63.8 0
157.5 68.4 0
157.5 73 0
157.5 77.6 0
157.5 82.2 0
157.5 86.8 0
157.5 91.4 0
162.1 8.6 0
162.1 13.2 0
162.1 17.8 0
162.1 22.4 0
162.1 27 0
162.1 31.6 0
162.1 36.2 0
162.1 40.8 0
162.1 45.4 0
162.1 50 0
162.1 54.6 0
162.1 59.2 0
162.1 63.8 0
162.1 68.4 0
162.1 73 0
162.1 77.6 0
162.1 82.2 0
162.1 86.8 0
162.1 91.4 0
166.7 8.6 0
166.7 13.2 0
166.7 17.8 0
166.7 22.4 0
166.7 27 0
166.7 31.6 0
166.7 36.2 0
166.7 40.8 0
166.7 45.4 0
166.7 50 0
166.7 54.6 0
166.7 59.2 0
166.7 63.8 0
166.7 68.4 0
166.7 73 0
166.7 77.6 0
166.7 82.2 0
166.7 86.8 0
166.7 91.4 0
171.3 8.6 0
171.3 13.2 0
171.3 17.8 0
171.3 22.4 0
171.3 27 0
171.3 31.6 0
171.3 36.2 0
171.3 40.8 0
171.3 45.4 0
171.3 50 0
171.3 54.6 0
171.3 59.2 0
171.3 63.8 0
171.3 68.4 0
171.3 73 0
171.3 77.6 0
171.3 82.2 0
171.3 86.8 0
171.3 91.4 4
175.9 8.6 0
175.9 13.2 0
175.9 17.8 0
175.9 22.4 0
175.9 27 0
175.9 31.6 0
175.9 36.2 0
175.9 40.8 0
175.9 45.4 0
175.9 50 0
175.9 54.6 0
175.9 59.2 0
175.9 63.8 0
175.9 68.4 0
175.9 73 0
175.9 77.6 0
175.9 82.2 0
175.9 86.8 4
175.9 91.4 4
180.5 8.6 0
180.5 13.2 0
180.5 17.8 0
180.5 22.4 0
180.5 27 0
180.5 31.6 0
180.5 36.2 0
180.5 40.8 0
180.5 45.4 0
180.5 50 0
180.5 54.6 0
180.5 59.2 0
180.5 63.8 0
180.5 68.4 4
180.5 73 4
180.5 77.6 4
180.5 82.2 4
180.5 86.8 4
180.5 91.4 4
185.1 8.6 4
185.1 13.2 4
185.1 17.8 4
185.1 22.4 4
185.1 27 4
185.1 31.6 4
185.1 36.2 4
185.1 40.8 4
185.1 45.4 4
185.1 50 4
185.1 54.6 4
185.1 59.2 4
185.1 63.8 4
185.1 68.4 4
185.1 73 4
185.1 77.6 4
185.1 82.2 4
185.1 86.8 4
185.1 91.4 4
189.7 8.6 4
189.7 13.2 4
189.7 17.8 4
189.7 22.4 4
189.7 27 4
189.7 31.6 4
189.7 36.2 4
189.7 40.8 4
189.7 45.4 4
189.7 50 4
189.7 54.6 4
189.7 59.2 4
189.7 63.8 4
189.7 68.4 4
189.7 73 4
189.7 77.6 4
189.7 82.2 4
189.7 86.8 4
189.7 91.4 4
194.3 8.6 4
194.3 13.2 4
194.3 17.8 4
194.3 22.4 4
194.3 27 4
194.3 31.6 4
194.3 36.2 4
194.3 40.8 4
194.3 45.4 4
194.3 50 4
194.3 54.6 4
194.3 59.2 4
194.3 63.8 4
194.3 68.4 4
194.3 73 4
194.3 77.6 4
194.3 82.2 4
194.3 86.8 4
194.3 91.4 4
0 100 4
0 95.4545 4
0 90.9091 0
0 86.3636 0
0 81.8182 0
0 77.2727 0
0 72.7273 0
0 68.1818 0
0 63.6364 0
0 59.0909 0
0 54.5455 0
0 50 0
0 45.4545 0
0 40.9091 0
0 36.3636 0
0 31.8182 0
0 27.2727 0
0 22.7273 0
0 18.1818 0
0 13.6364 0
0 9.09091 0
0 4.54545 4
0 0 4
200 100 4
195.349 100 4
190.698 100 4
186.047 100 4
181.395 100 4
176.744 100 4
172.093 100 4
167.442 100 4
162.791 100 0
158.14 100 0
153.488 100 0
148.837 100 0
144.186 100 0
139.535 100 0
134.884 100 0
130.233 100 0
125.581 100 0
120.93 100 0
116.279 100 0
111.628 100 0
106.977 100 0
102.326 100 0
97.6744 100 0
93.0233 100 0
88.3721 100 0
83.7209 100 4
79.0698 100 4
74.4186 100 4
69.7674 100 4
65.1163 100 4
60.4651 100 4
55.814 100 4
51.1628 100 4
46.5116 100 4
41.8605 100 4
37.2093 100 4
32.5581 100 4
27.907 100 4
23.2558 100 4
18.6047 100 4
13.9535 100 4
9.30233 100 4
4.65116 100 4
200 0 4
200 4.54545 4
200 9.09091 4
200 13.6364 4
200 18.1818 4
200 22.7273 4
200 27.2727 4
200 31.8182 4
200 36.3636 4
200 40.9091 4
200 45.4545 4
200 50 4
200 54.5455 4
200 59.0909 4
200 63.6364 4
200 68.1818 4
200 72.7273 4
200 77.2727 4
200 81.8182 4
200 86.3636 4
200 90.9091 4
200 95.4545 4
4.65116 0 4
9.30233 0 4
13.9535 0 4
18.6047 0 4
23.2558 0 4
27.907 0 4
32.5581 0 4
37.2093 0 4
41.8605 0 4
46.5116 0 4
51.1628 0 4
55.814 0 4
60.4651 0 4
65.1163 0 4
69.7674 0 4
74.4186 0 4
79.0698 0 4
83.7209 0 4
88.3721 0 4
93.0233 0 4
97.6744 0 4
102.326 0 4
106.977 0 4
111.628 0 4
116.279 0 4
120.93 0 4
125.581 0 0
130.233 0 0
134.884 0 0
139.535 0 0
144.186 0 0
148.837 0 0
153.488 0 0
158.14 0 0
162.791 0 0
167.442 0 0
172.093 0 0
176.744 0 0
181.395 0 4
186.047 0 4
190.698 0 4
195.349 0 4
100.066 95.6989 0
146.321 95.6989 0
132.475 95.6991 0
192.368 95.3876 4
39.9081 95.6991 4
178.62 95.6979 4
113.836 95.6993 0
2.93551 3.08498 4
164.713 95.6993 0
145.831 4.30106 0
20.9209 4.30159 4
21.9285 95.6982 4
71.7691 4.30108 4
67.8317 95.6991 4
63.1671 95.699 4
62.5698 4.30085 4
3.52978 94.1112 4
118.21 4.30078 4
34.944 4.3009 4
91.0401 95.6993 0
53.2343 95.6992 4
17.1653 95.6918 4
196.491 5.89764 4
150.127 4.30101 0
25.2401 4.30107 4
86.07 95.6987 4
76.1011 4.30116 4
29.926 4.30107 4
113.182 4.30089 4
16.7116 4.30435 4
99.2014 4.30099 4
94.5442 4.30105 4
177.905 4.30177 0
103.863 4.30078 4
108.507 4.30084 4
154.742 4.30104 0
127.806 95.6994 0
159.39 4.30085 0
182.542 4.30578 0
141.608 4.30075 0
173.817 4.30121 0
26.1877 95.6989 4
123.088 4.30051 0
197.092 88.8535 4
85.2841 4.30117 4
169.276 4.30079 0
2.86997 11.1814 0
150.859 95.6987 0
164.101 4.30064 0
155.527 95.6987 0
197.144 84.2941 4
2.85244 15.7092 0
2.85024 20.2777 0
2.85 24.8501 0
2.84997 29.4227 0
2.84997 33.9955 0
2.84997 38.5682 0
2.84997 43.1409 0
2.84997 47.7136 0
2.84997 52.2864 0
2.84997 56.8591 0
2.84997 61.4318 0
2.84997 66.0045 0
2.84997 70.5773 0
2.85003 75.15 0
2.85057 79.7226 0
197.149 20.2774 4
197.15 24.85 4
197.15 29.4227 4
197.15 33.9955 4
197.15 38.5682 4
197.15 43.1409 4
197.15 47.7136 4
197.15 52.2864 4
197.15 56.8591 4
197.15 61.4318 4
197.15 66.0045 4
197.15 70.5773 4
197.15 75.15 4
197.149 79.7226 4
104.606 95.6989 0
197.144 15.7054 4
2.85588 84.294 0
44.4405 95.6993 4
7.62182 95.4361 4
48.3946 4.30114 4
197.093 11.142 4
2.90835 88.8523 0
11.9983 4.32589 4
89.9026 4.30114 4
81.3831 95.6993 4
183.232 95.6899 4
80.6715 4.30117 4
39.7681 4.30068 4
187.243 4.33415 4
118.477 95.6992 0
127.646 4.3004 0
53.035 4.30092 4
95.8065 95.6993 0
57.9912 95.6993 4
67.2551 4.3009 4
142.079 95.6992 0
174.349 95.6991 4
169.647 95.6993 4
57.9696 4.3008 4
196.475 94.1033 4
137.342 95.6989 0
31.0971 95.6983 4
44.0952 4.30121 4
7.04367 4.46115 0
136.644 4.30085 0
76.3979 95.6991 4
192.118 4.5869 4
35.7528 95.6991 4
71.7608 95.6992 4
131.984 4.30075 0
109.245 95.6993 0
187.894 95.642 4
3.0665 6.39424 0
48.9768 95.6993 4
160.15 95.6991 0
12.1882 95.6488 4
123.138 95.6992 0
