109.856 44.9673 1
100.476 68.6813 1
0 100 0
0 95.4545 0
0 90.9091 1
0 86.3636 1
0 81.8182 1
0 77.2727 1
0 72.7273 1
0 68.1818 1
0 63.6364 1
0 59.0909 1
0 54.5455 1
0 50 1
0 45.4545 1
0 40.9091 1
0 36.3636 1
0 31.8182 1
0 27.2727 1
0 22.7273 1
0 18.1818 1
0 13.6364 0
0 9.09091 0
0 4.54545 0
0 0 0
200 100 0
195.349 100 0
190.698 100 0
186.047 100 0
181.395 100 0
176.744 100 0
172.093 100 0
167.442 100 0
162.791 100 0
158.14 100 0
153.488 100 0
148.837 100 0
144.186 100 0
139.535 100 1
134.884 100 1
130.233 100 1
125.581 100 1
120.93 100 0
116.279 100 0
111.628 100 0
106.977 100 0
102.326 100 0
97.6744 100 0
93.0233 100 0
88.3721 100 0
83.7209 100 0
79.0698 100 0
74.4186 100 0
69.7674 100 0
65.1163 100 0
60.4651 100 0
55.814 100 0
51.1628 100 0
46.5116 100 0
41.8605 100 0
37.2093 100 0
32.5581 100 0
27.907 100 0
23.2558 100 0
18.6047 100 0
13.9535 100 0
9.30233 100 0
4.65116 100 0
200 0 0
200 4.54545 0
200 9.09091 0
200 13.6364 0
200 18.1818 0
200 22.7273 0
200 27.2727 0
200 31.8182 0
200 36.3636 0
200 40.9091 0
200 45.4545 0
200 50 0
200 54.5455 0
200 59.0909 0
200 63.6364 0
200 68.1818 0
200 72.7273 0
200 77.2727 0
200 81.8182 0
200 86.3636 0
200 90.9091 0
200 95.4545 0
4.65116 0 0
9.30233 0 0
13.9535 0 0
18.6047 0 0
23.2558 0 0
27.907 0 0
32.5581 0 0
37.2093 0 0
41.8605 0 0
46.5116 0 0
51.1628 0 0
55.814 0 0
60.4651 0 0
65.1163 0 0
69.7674 0 0
74.4186 0 0
79.0698 0 0
83.7209 0 0
88.3721 0 0
93.0233 0 0
97.6744 0 0
102.326 0 1
106.977 0 1
111.628 0 1
116.279 0 1
120.93 0 1
125.581 0 1
130.233 0 1
134.884 0 1
139.535 0 1
144.186 0 1
148.837 0 1
153.488 0 1
158.14 0 1
162.791 0 1
167.442 0 1
172.093 0 0
176.744 0 0
181.395 0 0
186.047 0 0
190.698 0 0
195.349 0 0
109.378 40.0866 1
130.699 53.5869 1
105.027 56.8252 1
5.7 8.6 0
5.7 13.2 0
10.3 8.6 0
10.3 13.2 0
5.7 17.8 1
10.3 17.8 1
5.7 22.4 1
10.3 22.4 1
5.7 27 1
10.3 27 1
5.7 31.6 1
10.3 31.6 1
5.7 36.2 1
10.3 36.2 1
5.7 40.8 1
10.3 40.8 1
5.7 45.4 1
10.3 45.4 1
5.7 50 1
10.3 50 1
5.7 54.6 1
10.3 54.6 1
5.7 59.2 1
10.3 59.2 1
5.7 63.8 1
10.3 63.8 1
5.7 68.4 1
10.3 68.4 1
5.7 73 1
10.3 73 1
5.7 77.6 1
10.3 77.6 1
5.7 82.2 1
10.3 82.2 1
5.7 86.8 1
10.3 86.8 1
5.7 91.4 1
10.3 91.4 1
14.9 8.6 0
14.9 13.2 0
14.9 17.8 1
14.9 22.4 1
14.9 27 1
14.9 31.6 1
14.9 36.2 1
14.9 40.8 1
14.9 45.4 1
14.9 50 1
14.9 54.6 1
14.9 59.2 1
14.9 63.8 1
14.9 68.4 1
14.9 73 1
14.9 77.6 1
14.9 82.2 1
14.9 86.8 1
14.9 91.4 1
19.5 8.6 0
19.5 13.2 1
19.5 17.8 1
19.5 22.4 1
19.5 27 1
19.5 31.6 1
19.5 36.2 1
19.5 40.8 1
19.5 45.4 1
19.5 50 1
19.5 54.6 1
19.5 59.2 1
19.5 63.8 1
19.5 68.4 1
19.5 73 1
19.5 77.6 1
19.5 82.2 1
19.5 86.8 1
19.5 91.4 1
24.1 8.6 0
24.1 13.2 0
24.1 17.8 1
24.1 22.4 1
24.1 27 1
24.1 31.6 1
24.1 36.2 1
24.1 45.4 1
24.1 50 1
24.1 54.6 1
24.1 59.2 1
24.1 63.8 1
24.1 68.4 1
24.1 73 1
24.1 77.6 1
24.1 82.2 1
24.1 86.8 1
24.1 91.4 1
28.7 8.6 0
28.7 13.2 0
28.7 17.8 1
28.7 22.4 1
28.7 27 1
28.7 31.6 1
28.7 36.2 1
28.7 45.4 1
28.7 50 1
28.7 54.6 1
28.7 59.2 1
28.7 63.8 1
28.7 68.4 1
28.7 73 1
28.7 77.6 1
28.7 82.2 1
28.7 86.8 1
28.7 91.4 1
33.3 8.6 0
33.3 13.2 0
33.3 17.8 1
33.3 22.4 1
33.3 27 1
33.3 31.6 1
33.3 36.2 1
28.7 40.8 1
33.3 40.8 1
33.3 45.4 1
33.3 50 1
33.3 54.6 1
33.3 59.2 1
33.3 63.8 1
33.3 68.4 1
33.3 73 1
33.3 77.6 1
33.3 82.2 1
33.3 86.8 1
33.3 91.4 1
37.9 8.6 0
37.9 13.2 0
37.9 17.8 1
37.9 22.4 1
37.9 27 1
37.9 31.6 1
37.9 36.2 1
37.9 40.8 1
37.9 45.4 1
37.9 50 1
37.9 54.6 1
37.9 59.2 1
37.9 63.8 1
37.9 68.4 1
37.9 73 1
37.9 77.6 1
37.9 82.2 1
37.9 86.8 1
37.9 91.4 1
42.5 8.6 0
42.5 13.2 0
42.5 17.8 1
42.5 22.4 1
42.5 27 1
42.5 31.6 1
42.5 36.2 1
42.5 40.8 1
42.5 45.4 1
42.5 50 1
42.5 54.6 1
42.5 59.2 1
42.5 63.8 1
42.5 68.4 1
42.5 73 1
42.5 77.6 1
42.5 82.2 1
42.5 86.8 1
42.5 91.4 1
47.1 8.6 0
47.1 13.2 0
47.1 17.8 1
47.1 22.4 1
47.1 27 1
47.1 31.6 1
47.1 36.2 1
47.1 40.8 1
47.1 45.4 1
47.1 50 1
47.1 54.6 1
47.1 59.2 1
47.1 63.8 1
47.1 68.4 1
47.1 73 1
47.1 77.6 1
47.1 82.2 1
47.1 86.8 1
47.1 91.4 1
51.7 8.6 0
51.7 13.2 0
51.7 17.8 0
51.7 22.4 1
51.7 27 1
51.7 31.6 1
51.7 36.2 1
51.7 40.8 1
51.7 45.4 1
51.7 50 1
51.7 54.6 1
51.7 59.2 1
51.7 63.8 1
51.7 68.4 1
51.7 73 1
51.7 77.6 1
51.7 82.2 1
51.7 86.8 1
51.7 91.4 1
56.3 8.6 0
56.3 13.2 0
56.3 17.8 0
56.3 22.4 1
56.3 27 1
56.3 31.6 1
56.3 36.2 1
56.3 40.8 1
56.3 45.4 1
56.3 50 1
56.3 54.6 1
56.3 59.2 1
56.3 63.8 1
56.3 68.4 1
56.3 73 1
56.3 77.6 1
56.3 82.2 1
56.3 86.8 1
56.3 91.4 0
60.9 8.6 0
60.9 13.2 0
60.9 17.8 0
60.9 22.4 0
60.9 27 1
60.9 31.6 1
60.9 36.2 1
60.9 40.8 1
60.9 45.4 1
60.9 50 1
60.9 54.6 1
60.9 59.2 1
60.9 63.8 1
60.9 68.4 1
60.9 73 1
60.9 77.6 1
60.9 82.2 1
60.9 86.8 0
60.9 91.4 0
65.5 8.6 0
65.5 13.2 0
65.5 17.8 0
65.5 22.4 0
65.5 27 0
65.5 31.6 1
65.5 36.2 1
65.5 40.8 1
65.5 45.4 1
65.5 50 1
65.5 54.6 1
65.5 59.2 1
65.5 63.8 1
65.5 68.4 1
65.5 73 1
65.5 77.6 1
65.5 82.2 1
65.5 86.8 0
65.5 91.4 0
70.1 8.6 0
70.1 13.2 0
70.1 17.8 0
70.1 22.4 0
70.1 27 0
70.1 31.6 1
70.1 36.2 1
70.1 40.8 1
70.1 45.4 1
70.1 54.6 1
70.1 59.2 1
70.1 63.8 1
70.1 68.4 1
70.1 73 1
70.1 77.6 1
70.1 82.2 0
70.1 86.8 0
70.1 91.4 0
74.7 8.6 0
74.7 13.2 0
74.7 17.8 0
74.7 22.4 0
74.7 27 0
74.7 31.6 0
74.7 36.2 1
74.7 40.8 1
74.7 59.2 1
74.7 63.8 1
74.7 68.4 1
74.7 73 1
74.7 77.6 1
74.7 82.2 0
74.7 86.8 0
74.7 91.4 0
79.3 8.6 0
79.3 13.2 0
79.3 17.8 0
79.3 22.4 0
79.3 27 0
79.3 31.6 1
79.3 36.2 1
79.3 40.8 1
79.3 59.2 1
79.3 63.8 1
79.3 68.4 1
79.3 73 1
79.3 77.6 1
79.3 82.2 0
79.3 86.8 0
79.3 91.4 0
83.9 8.6 0
83.9 13.2 0
83.9 17.8 0
83.9 22.4 0
83.9 27 0
83.9 31.6 1
83.9 36.2 1
83.9 40.8 1
83.9 59.2 1
83.9 63.8 1
83.9 68.4 1
83.9 73 1
83.9 77.6 1
83.9 82.2 0
83.9 86.8 0
83.9 91.4 0
88.5 8.6 0
88.5 13.2 0
88.5 17.8 0
88.5 22.4 1
88.5 27 1
88.5 31.6 1
88.5 36.2 1
88.5 40.8 1
88.5 59.2 1
88.5 63.8 1
88.5 68.4 1
88.5 73 1
88.5 77.6 1
88.5 82.2 1
88.5 86.8 0
88.5 91.4 0
93.1 8.6 0
93.1 13.2 1
93.1 17.8 1
93.1 22.4 1
93.1 27 1
93.1 31.6 1
93.1 36.2 1
93.1 40.8 1
93.1 59.2 1
93.1 63.8 1
93.1 68.4 1
93.1 73 1
93.1 77.6 1
93.1 82.2 1
93.1 86.8 0
93.1 91.4 0
97.7 8.6 1
97.7 13.2 1
97.7 17.8 1
97.7 22.4 1
97.7 27 1
97.7 31.6 1
97.7 77.6 1
97.7 82.2 1
97.7 86.8 1
97.7 91.4 0
102.3 8.6 1
102.3 13.2 1
102.3 17.8 1
102.3 22.4 1
102.3 27 1
102.3 31.6 1
102.3 82.2 1
102.3 86.8 1
102.3 91.4 0
106.9 8.6 1
106.9 13.2 1
106.9 17.8 1
106.9 22.4 1
106.9 27 1
106.9 82.2 1
106.9 86.8 1
106.9 91.4 1
111.5 8.6 1
111.5 13.2 1
111.5 17.8 1
111.5 22.4 1
111.5 27 1
111.5 82.2 1
111.5 86.8 1
111.5 91.4 1
116.1 8.6 1
116.1 13.2 1
116.1 17.8 1
116.1 22.4 1
116.1 27 1
111.5 77.6 1
116.1 77.6 1
116.1 82.2 1
116.1 86.8 1
116.1 91.4 1
120.7 8.6 1
120.7 13.2 1
120.7 17.8 1
120.7 22.4 1
120.7 27 1
116.1 73 1
120.7 73 1
120.7 77.6 1
120.7 82.2 1
120.7 86.8 1
120.7 91.4 1
125.3 8.6 1
125.3 13.2 1
125.3 17.8 1
125.3 22.4 1
125.3 27 1
125.3 73 1
125.3 77.6 1
125.3 82.2 1
125.3 86.8 1
125.3 91.4 1
129.9 8.6 1
129.9 13.2 1
129.9 17.8 1
129.9 22.4 1
129.9 27 1
125.3 31.6 1
129.9 31.6 1
129.9 77.6 1
129.9 82.2 1
129.9 86.8 1
129.9 91.4 1
134.5 8.6 1
134.5 13.2 1
134.5 17.8 1
134.5 22.4 1
134.5 27 1
134.5 31.6 1
129.9 36.2 1
134.5 36.2 1
134.5 77.6 1
134.5 82.2 1
134.5 86.8 1
134.5 91.4 1
139.1 8.6 1
139.1 13.2 1
139.1 17.8 1
139.1 22.4 1
139.1 27 1
139.1 31.6 1
139.1 36.2 1
134.5 40.8 1
139.1 40.8 1
139.1 82.2 1
139.1 86.8 1
139.1 91.4 1
143.7 8.6 1
143.7 13.2 1
143.7 17.8 1
143.7 22.4 1
143.7 27 1
143.7 31.6 1
139.1 77.6 1
143.7 77.6 1
143.7 82.2 1
143.7 86.8 1
143.7 91.4 1
148.3 8.6 1
148.3 13.2 1
148.3 17.8 1
148.3 22.4 1
148.3 27 1
148.3 31.6 1
148.3 77.6 1
148.3 82.2 1
148.3 86.8 1
148.3 91.4 1
152.9 8.6 1
152.9 13.2 1
152.9 17.8 1
152.9 22.4 1
152.9 27 1
148.3 73 1
152.9 73 1
152.9 77.6 1
152.9 82.2 1
152.9 86.8 1
152.9 91.4 1
157.5 8.6 1
157.5 13.2 1
157.5 17.8 1
157.5 22.4 1
157.5 27 1
152.9 63.8 1
152.9 68.4 1
157.5 63.8 1
157.5 68.4 1
157.5 73 1
157.5 77.6 1
157.5 82.2 1
157.5 86.8 1
157.5 91.4 1
162.1 8.6 1
162.1 13.2 1
162.1 17.8 1
162.1 22.4 1
162.1 27 1
157.5 59.2 1
162.1 59.2 1
162.1 63.8 1
162.1 68.4 1
162.1 73 1
162.1 77.6 1
162.1 82.2 1
162.1 86.8 1
162.1 91.4 0
166.7 8.6 1
166.7 13.2 1
166.7 17.8 1
166.7 22.4 1
166.7 27 1
162.1 31.6 1
166.7 31.6 1
166.7 59.2 1
166.7 63.8 1
166.7 68.4 1
166.7 73 1
166.7 77.6 1
166.7 82.2 1
166.7 86.8 0
166.7 91.4 0
171.3 8.6 1
171.3 13.2 1
171.3 17.8 1
171.3 22.4 1
171.3 27 1
171.3 31.6 1
166.7 36.2 1
171.3 36.2 1
166.7 54.6 1
171.3 54.6 1
171.3 59.2 1
171.3 63.8 1
171.3 68.4 1
171.3 73 1
171.3 77.6 1
171.3 82.2 0
171.3 86.8 0
171.3 91.4 0
175.9 8.6 0
175.9 13.2 0
175.9 17.8 1
175.9 22.4 1
175.9 27 1
175.9 31.6 1
175.9 36.2 1
171.3 40.8 1
175.9 40.8 1
171.3 45.4 1
175.9 45.4 1
171.3 50 1
175.9 50 1
175.9 54.6 1
175.9 59.2 1
175.9 63.8 1
175.9 68.4 1
175.9 73 0
175.9 77.6 0
175.9 82.2 0
175.9 86.8 0
175.9 91.4 0
180.5 8.6 0
180.5 13.2 0
180.5 17.8 0
180.5 22.4 0
180.5 27 0
180.5 31.6 0
180.5 36.2 0
180.5 40.8 0
180.5 45.4 1
180.5 50 1
180.5 54.6 1
180.5 59.2 1
180.5 63.8 0
180.5 68.4 0
180.5 73 0
180.5 77.6 0
180.5 82.2 0
180.5 86.8 0
180.5 91.4 0
185.1 8.6 0
185.1 13.2 0
185.1 17.8 0
185.1 22.4 0
185.1 27 0
185.1 31.6 0
185.1 36.2 0
185.1 40.8 0
185.1 45.4 0
185.1 50 0
185.1 54.6 0
185.1 59.2 0
185.1 63.8 0
185.1 68.4 0
185.1 73 0
185.1 77.6 0
185.1 82.2 0
185.1 86.8 0
185.1 91.4 0
189.7 8.6 0
189.7 13.2 0
189.7 17.8 0
189.7 22.4 0
189.7 27 0
189.7 31.6 0
189.7 36.2 0
189.7 40.8 0
189.7 45.4 0
189.7 50 0
189.7 54.6 0
189.7 59.2 0
189.7 63.8 0
189.7 68.4 0
189.7 73 0
189.7 77.6 0
189.7 82.2 0
189.7 86.8 0
189.7 91.4 0
194.3 8.6 0
194.3 13.2 0
194.3 17.8 0
194.3 22.4 0
194.3 27 0
194.3 31.6 0
194.3 36.2 0
194.3 40.8 0
194.3 45.4 0
194.3 50 0
194.3 54.6 0
194.3 59.2 0
194.3 63.8 0
194.3 68.4 0
194.3 73 0
194.3 77.6 0
194.3 82.2 0
194.3 86.8 0
194.3 91.4 0
142.134 44.2266 1
105.449 46.964 1
119.52 38.0704 1
130.403 65.6484 1
132.434 57.601 1
144.295 40.7706 1
142.295 65.1445 1
105.101 43.6698 1
145.53 60.3946 1
113.23 34.6585 1
126.501 49.4685 1
115.389 38.7109 1
159.656 42.9345 1
140.039 70.1161 1
105.381 50.9431 1
127.323 34.5838 1
151.423 59.4844 1
105.263 65.2176 1
111.117 48.8525 1
126.588 56.0602 1
25.6163 39.5664 1
72.2077 95.699 0
2.96168 3.08088 0
155.526 4.30106 1
146.289 95.6989 1
139.575 61.3922 1
146.239 52.2075 1
12.0474 4.32485 0
96.6061 74.3012 1
91.3235 44.3254 1
96.5837 66.3584 1
113.15 57.8145 1
96.2039 34.3893 1
150.71 45.2954 1
148.764 65.4136 1
142.248 34.5448 1
72.305 4.30075 0
126.534 65.4986 1
39.7964 95.6992 1
12.0872 95.6494 1
112.559 63.1413 1
105.118 30.4066 1
134.133 68.7481 1
130.197 61.261 1
53.6969 95.6994 0
168.192 52.3006 1
131.709 39.7621 1
22.7245 42.4368 1
26.0372 4.30126 0
108.537 79.2738 1
164.724 95.6992 0
91.3703 55.0648 1
35.7054 4.30098 0
100.714 79.3394 1
133.026 95.699 1
100.383 44.1715 1
113.522 74.661 1
118.399 30.6831 1
192.116 95.4186 0
148.817 39.6551 1
123.461 95.6993 1
97.2234 61.8747 1
109.755 4.30094 1
109.249 75.1641 1
153.992 39.9113 1
3.50508 94.0889 0
142.076 4.30076 1
187.484 95.6635 0
196.497 5.91134 0
178.298 95.6981 0
150.644 30.7352 1
136.734 74.4468 1
173.532 95.699 0
22.0929 39.0361 1
136.803 79.5005 1
173.762 4.30196 0
150 70.3162 1
143.056 37.9568 1
26.1671 42.8627 1
128.548 95.6992 1
188.311 4.35658 0
167.99 38.267 1
118.81 4.30074 1
137.764 56.7009 1
95.0863 95.699 0
122.669 30.2591 1
96.1738 70.5519 1
90.2723 61.8234 1
76.8861 4.30091 0
145.646 74.7178 1
76.8712 95.6994 0
133.08 4.30105 1
137.718 4.3008 1
128.161 74.7877 1
116.229 52.7235 1
147.562 48.5538 1
113.814 95.6988 1
119.123 69.9543 1
128.481 4.30081 1
39.9829 4.30076 0
150.836 95.699 1
160.023 4.30091 1
90.7071 4.30144 0
118.496 95.6994 1
44.5847 4.30097 0
105.297 4.30093 1
124.23 60.4652 1
197.092 88.8568 0
81.475 95.6995 0
21.3234 95.6976 1
16.671 95.6886 1
2.87292 11.1759 0
67.5828 95.6989 0
135.049 62.439 1
197.144 84.2945 0
2.85268 15.7088 1
197.149 79.7227 0
2.85026 20.2777 1
2.85 24.85 1
2.84997 29.4227 1
2.84997 33.9955 1
2.84997 38.5682 1
2.84997 43.1409 1
2.84997 47.7136 1
2.84997 52.2864 1
2.84997 56.8591 1
2.84997 61.4318 1
2.84997 66.0045 1
2.84997 70.5773 1
2.85003 75.15 1
197.15 24.85 0
197.15 29.4227 0
197.15 33.9955 0
197.15 38.5682 0
197.15 43.1409 0
197.15 47.7136 0
197.15 52.2864 0
197.15 56.8591 0
197.15 61.4318 0
197.15 66.0045 0
197.15 70.5773 0
197.15 75.15 0
2.85055 79.7226 1
197.149 20.2774 0
97.8562 38.4754 1
81.4728 4.3007 0
197.144 15.706 0
2.85571 84.2938 1
104.558 78.7447 1
16.7709 4.30486 0
100.663 75.7221 1
113.333 69.8062 1
49.2377 4.3008 0
128.955 70.4058 1
197.094 11.1481 0
2.90651 88.8503 1
142.183 58.125 1
123.837 4.30091 1
168.725 4.30099 1
95.39 4.30082 0
145.524 70.2595 1
44.4485 95.699 0
183.922 4.31268 0
86.0222 95.6996 0
141.655 74.0273 1
155.873 60.1509 1
100.399 71.5455 1
25.975 95.699 1
109.247 95.6993 0
62.9772 4.30115 0
155.488 95.6993 0
116.519 65.9272 1
30.6255 95.6984 1
164.562 55.5895 1
167.508 43.3696 1
53.814 4.30096 0
86.058 4.30112 0
104.438 74.468 1
87.2069 55.7154 1
30.9738 4.30093 0
168.587 34.2085 1
160.288 30.334 1
178.94 4.3032 0
7.11994 4.44224 0
101.033 33.7585 1
196.481 94.1041 0
150.671 4.30098 1
118.991 44.8036 1
62.6652 95.6978 0
125.278 39.1755 1
137.489 95.6993 1
100.221 95.698 0
67.9881 4.30065 0
164.224 4.30104 1
146.327 29.8277 1
164.071 29.7663 1
63.8803 43.6873 1
142.152 95.6992 1
140.988 51.6451 1
68.0224 38.7509 1
90.3681 95.6992 0
173.208 43.1108 1
72.6613 44.1594 1
146.012 4.30076 1
72.76 34.6417 1
90.2401 39.3606 1
167.721 48.1031 1
159.703 61.1036 1
57.9834 95.6988 0
159.575 38.1706 1
100.349 4.30107 1
101.107 49.2749 1
108.007 60.7888 1
94.7988 49.4014 1
109.712 25.5356 1
58.0977 4.30176 0
86.0091 65.7672 1
124.59 52.4935 1
63.513 47.436 1
77.6296 43.9689 1
72.6054 65.7281 1
67.7724 47.5425 1
104.89 95.6987 0
168.566 56.1028 1
109.526 30.3062 1
132.495 74.1226 1
123.637 70.1808 1
100.789 29.7109 1
35.2135 95.6991 1
7.6036 95.4076 0
68.003 61.219 1
154.119 54.0987 1
183.214 95.6924 0
44.0728 34.4392 1
89.2348 49.7712 1
3.09773 6.39279 0
36.1888 42.4026 1
49.0841 95.6994 0
36.1745 34.601 1
169.219 95.6991 0
67.8411 42.5953 1
71.6418 38.6999 1
21.4554 4.30149 0
113.935 4.30092 1
76.4133 34.2284 1
155.495 30.7373 1
123.744 44.6647 1
192.44 4.61086 0
163.918 34.3784 1
160.16 95.6992 0
77.6352 55.2487 1
82.579 44.0383 1
72.6094 56.144 1
64.1765 51.9264 1
113.243 25.1578 1
136.831 38.8553 1
96.8691 56.5688 1
68.1816 52.4149 1
82.4272 55.7712 1
147.028 56.3474 1
76.6461 65.1202 1
117.512 56.9462 1
76.1007 38.2189 1
150.447 51.2531 1
80.5133 34.501 1
80.3262 49.7013 1
121.186 34.9955 1
39.6658 42.5727 1
44.3188 37.9877 1
71.9853 61.6445 1
116.853 48.3247 1
160.048 47.0859 1
85.116 34.6539 1
63.5955 56.3096 1
81.8939 65.5726 1
109.421 36.3777 1
86.3709 61.4297 1
109.42 54.2798 1
113.897 43.5407 1
85.1476 50.6862 1
163.416 60.3189 1
87.3945 43.5984 1
35.7701 38.5134 1
102.317 60.0794 1
147.047 34.6184 1
40.1228 34.1818 1
81.1353 38.5269 1
152.197 34.8636 1
95.046 41.8038 1
121.8 55.3244 1
67.4157 56.8024 1
135.971 49.6338 1
163.535 45.146 1
150.987 56.4527 1
85.9413 38.6527 1
76.2656 60.8181 1
155.121 46.5126 1
163.407 40.3125 1
113.411 29.2174 1
75.5006 49.8503 1
135.885 43.5367 1
146.295 44.7312 1
80.8331 61.3769 1
91.0375 59.5579 1
163.467 50.6147 1
121.861 49.2751 1
119.816 40.5348 1
108.286 45.5874 1
129.778 44.9117 1
109.817 65.4408 1
39.7945 38.2281 1
157.548 34.7569 1
127.547 52.2399 1
104.158 45.5677 1
131.016 49.8814 1
145.021 49.7195 1
116.896 35.1132 1
118.525 61.4206 1
121.509 65.7899 1
0 100 0
0 95.4545 0
0 90.9091 1
0 86.3636 1
0 81.8182 1
0 77.2727 1
0 72.7273 1
0 68.1818 1
0 63.6364 1
0 59.0909 1
0 54.5455 1
0 50 1
0 45.4545 1
0 40.9091 1
0 36.3636 1
0 31.8182 1
0 27.2727 1
0 22.7273 1
0 18.1818 1
0 13.6364 0
0 9.09091 0
0 4.54545 0
0 0 0
200 100 0
195.349 100 0
190.698 100 0
186.047 100 0
181.395 100 0
176.744 100 0
172.093 100 0
167.442 100 0
162.791 100 0
158.14 100 0
153.488 100 0
148.837 100 0
144.186 100 1
139.535 100 0
134.884 100 1
130.233 100 1
125.581 100 1
120.93 100 0
116.279 100 0
111.628 100 0
106.977 100 0
102.326 100 0
97.6744 100 0
93.0233 100 0
88.3721 100 0
83.7209 100 0
79.0698 100 0
74.4186 100 0
69.7674 100 0
65.1163 100 0
60.4651 100 0
55.814 100 0
51.1628 100 0
46.5116 100 0
41.8605 100 0
37.2093 100 0
32.5581 100 1
27.907 100 1
23.2558 100 1
18.6047 100 0
13.9535 100 0
9.30233 100 0
4.65116 100 0
200 0 0
200 4.54545 0
200 9.09091 0
200 13.6364 0
200 18.1818 0
200 22.7273 0
200 27.2727 0
200 31.8182 0
200 36.3636 0
200 40.9091 0
200 45.4545 0
200 50 0
200 54.5455 0
200 59.0909 0
200 63.6364 0
200 68.1818 0
200 72.7273 0
200 77.2727 0
200 81.8182 0
200 86.3636 0
200 90.9091 0
200 95.4545 0
4.65116 0 0
9.30233 0 0
13.9535 0 0
18.6047 0 0
23.2558 0 0
27.907 0 0
32.5581 0 0
37.2093 0 0
41.8605 0 0
46.5116 0 0
51.1628 0 0
55.814 0 0
60.4651 0 0
65.1163 0 0
69.7674 0 0
74.4186 0 0
79.0698 0 0
83.7209 0 0
88.3721 0 0
93.0233 0 0
97.6744 0 0
102.326 0 1
106.977 0 1
111.628 0 1
116.279 0 1
120.93 0 1
125.581 0 1
130.233 0 1
134.884 0 1
139.535 0 1
144.186 0 1
148.837 0 1
153.488 0 1
158.14 0 1
162.791 0 1
167.442 0 1
172.093 0 0
176.744 0 0
181.395 0 0
186.047 0 0
190.698 0 0
195.349 0 0
104.154 39.3873 1
106.225 69.5555 1
5.7 8.6 0
5.7 13.2 0
10.3 8.6 0
10.3 13.2 0
5.7 17.8 1
10.3 17.8 1
5.7 22.4 1
10.3 22.4 1
5.7 27 1
10.3 27 1
5.7 31.6 1
10.3 31.6 1
5.7 36.2 1
10.3 36.2 1
5.7 40.8 1
10.3 40.8 1
5.7 45.4 1
10.3 45.4 1
5.7 50 1
10.3 50 1
5.7 54.6 1
10.3 54.6 1
5.7 59.2 1
10.3 59.2 1
5.7 63.8 1
10.3 63.8 1
5.7 68.4 1
10.3 68.4 1
5.7 73 1
10.3 73 1
5.7 77.6 1
10.3 77.6 1
5.7 82.2 1
10.3 82.2 1
5.7 86.8 1
10.3 86.8 1
5.7 91.4 1
10.3 91.4 1
14.9 8.6 0
14.9 13.2 1
14.9 17.8 1
14.9 22.4 1
14.9 27 1
14.9 31.6 1
14.9 36.2 1
14.9 40.8 1
14.9 45.4 1
14.9 50 1
14.9 54.6 1
14.9 59.2 1
14.9 63.8 1
14.9 68.4 1
14.9 73 1
14.9 77.6 1
14.9 82.2 1
14.9 86.8 1
14.9 91.4 1
19.5 8.6 0
19.5 13.2 1
19.5 17.8 1
19.5 22.4 1
19.5 27 1
19.5 31.6 1
19.5 36.2 1
19.5 40.8 1
19.5 45.4 1
19.5 50 1
19.5 54.6 1
19.5 59.2 1
19.5 63.8 1
19.5 68.4 1
19.5 73 1
19.5 77.6 1
19.5 82.2 1
19.5 86.8 1
19.5 91.4 1
24.1 8.6 0
24.1 13.2 1
24.1 17.8 1
24.1 22.4 1
24.1 27 1
24.1 31.6 1
24.1 36.2 1
24.1 40.8 1
24.1 45.4 1
24.1 50 1
24.1 54.6 1
24.1 59.2 1
24.1 63.8 1
24.1 68.4 1
24.1 73 1
24.1 77.6 1
24.1 82.2 1
24.1 86.8 1
24.1 91.4 1
28.7 8.6 0
28.7 13.2 1
28.7 17.8 1
28.7 22.4 1
28.7 27 1
28.7 31.6 1
28.7 36.2 1
28.7 40.8 1
28.7 45.4 1
28.7 50 1
28.7 54.6 1
28.7 59.2 1
28.7 63.8 1
28.7 68.4 1
28.7 73 1
28.7 77.6 1
28.7 82.2 1
28.7 86.8 1
28.7 91.4 1
33.3 8.6 0
33.3 13.2 1
33.3 17.8 1
33.3 22.4 1
33.3 27 1
33.3 31.6 1
33.3 36.2 1
33.3 40.8 1
33.3 45.4 1
33.3 50 1
33.3 54.6 1
33.3 59.2 1
33.3 63.8 1
33.3 68.4 1
33.3 73 1
33.3 77.6 1
33.3 82.2 1
33.3 86.8 1
33.3 91.4 1
37.9 8.6 0
37.9 13.2 0
37.9 17.8 1
37.9 22.4 1
37.9 27 1
37.9 31.6 1
37.9 45.4 1
37.9 50 1
37.9 54.6 1
37.9 59.2 1
37.9 63.8 1
37.9 68.4 1
37.9 73 1
37.9 77.6 1
37.9 82.2 1
37.9 86.8 1
37.9 91.4 1
42.5 8.6 0
42.5 13.2 0
42.5 17.8 1
42.5 22.4 1
42.5 27 1
42.5 31.6 1
42.5 45.4 1
42.5 50 1
42.5 54.6 1
42.5 59.2 1
42.5 63.8 1
42.5 68.4 1
42.5 73 1
42.5 77.6 1
42.5 82.2 1
42.5 86.8 1
42.5 91.4 1
47.1 8.6 0
47.1 13.2 0
47.1 17.8 1
47.1 22.4 1
47.1 27 1
47.1 31.6 1
42.5 40.8 1
47.1 40.8 1
47.1 45.4 1
47.1 50 1
47.1 54.6 1
47.1 59.2 1
47.1 63.8 1
47.1 68.4 1
47.1 73 1
47.1 77.6 1
47.1 82.2 1
47.1 86.8 1
47.1 91.4 1
51.7 8.6 0
51.7 13.2 0
51.7 17.8 0
51.7 22.4 1
51.7 27 1
51.7 31.6 1
47.1 36.2 1
51.7 36.2 1
51.7 40.8 1
51.7 45.4 1
51.7 50 1
51.7 54.6 1
51.7 59.2 1
51.7 63.8 1
51.7 68.4 1
51.7 73 1
51.7 77.6 1
51.7 82.2 1
51.7 86.8 1
51.7 91.4 0
56.3 8.6 0
56.3 13.2 0
56.3 17.8 0
56.3 22.4 1
56.3 27 1
56.3 31.6 1
56.3 36.2 1
56.3 40.8 1
56.3 45.4 1
56.3 50 1
56.3 54.6 1
56.3 59.2 1
56.3 63.8 1
56.3 68.4 1
56.3 73 1
56.3 77.6 1
56.3 82.2 1
56.3 86.8 1
56.3 91.4 0
60.9 8.6 0
60.9 13.2 0
60.9 17.8 0
60.9 22.4 0
60.9 27 1
60.9 31.6 1
60.9 36.2 1
60.9 40.8 1
60.9 45.4 1
60.9 50 1
60.9 54.6 1
60.9 59.2 1
60.9 63.8 1
60.9 68.4 1
60.9 73 1
60.9 77.6 1
60.9 82.2 1
60.9 86.8 0
60.9 91.4 0
65.5 8.6 0
65.5 13.2 0
65.5 17.8 0
65.5 22.4 0
65.5 27 1
65.5 31.6 1
65.5 36.2 1
65.5 40.8 1
65.5 59.2 1
65.5 63.8 1
65.5 68.4 1
65.5 73 1
65.5 77.6 1
65.5 82.2 0
65.5 86.8 0
65.5 91.4 0
70.1 8.6 0
70.1 13.2 0
70.1 17.8 0
70.1 22.4 0
70.1 27 0
70.1 31.6 1
70.1 36.2 1
70.1 63.8 1
70.1 68.4 1
70.1 73 1
70.1 77.6 0
70.1 82.2 0
70.1 86.8 0
70.1 91.4 0
74.7 8.6 0
74.7 13.2 0
74.7 17.8 0
74.7 22.4 0
74.7 27 0
74.7 31.6 0
74.7 68.4 1
74.7 73 0
74.7 77.6 0
74.7 82.2 0
74.7 86.8 0
74.7 91.4 0
79.3 8.6 0
79.3 13.2 0
79.3 17.8 0
79.3 22.4 0
79.3 27 0
79.3 31.6 0
79.3 68.4 1
79.3 73 1
79.3 77.6 0
79.3 82.2 0
79.3 86.8 0
79.3 91.4 0
83.9 8.6 0
83.9 13.2 0
83.9 17.8 0
83.9 22.4 0
83.9 27 0
83.9 31.6 1
83.9 68.4 1
83.9 73 0
83.9 77.6 0
83.9 82.2 0
83.9 86.8 0
83.9 91.4 0
88.5 8.6 0
88.5 13.2 0
88.5 17.8 0
88.5 22.4 1
88.5 27 1
88.5 31.6 1
88.5 68.4 1
88.5 73 1
88.5 77.6 0
88.5 82.2 0
88.5 86.8 0
88.5 91.4 0
93.1 8.6 0
93.1 13.2 1
93.1 17.8 1
93.1 22.4 1
93.1 27 1
93.1 31.6 1
88.5 36.2 1
93.1 36.2 1
88.5 63.8 1
93.1 63.8 1
93.1 68.4 1
93.1 73 1
93.1 77.6 1
93.1 82.2 0
93.1 86.8 0
93.1 91.4 0
97.7 8.6 1
97.7 13.2 1
97.7 17.8 1
97.7 22.4 1
97.7 27 1
97.7 31.6 1
97.7 68.4 1
97.7 73 1
97.7 77.6 1
97.7 82.2 1
97.7 86.8 0
97.7 91.4 0
102.3 8.6 1
102.3 13.2 1
102.3 17.8 1
102.3 22.4 1
102.3 27 1
102.3 77.6 1
102.3 82.2 1
102.3 86.8 1
102.3 91.4 0
106.9 8.6 1
106.9 13.2 1
106.9 17.8 1
106.9 22.4 1
106.9 27 1
106.9 77.6 1
106.9 82.2 1
106.9 86.8 1
106.9 91.4 1
111.5 8.6 1
111.5 13.2 1
111.5 17.8 1
111.5 22.4 1
111.5 77.6 1
111.5 82.2 1
111.5 86.8 1
111.5 91.4 1
116.1 8.6 1
116.1 13.2 1
116.1 17.8 1
116.1 22.4 1
116.1 77.6 1
116.1 82.2 1
116.1 86.8 1
116.1 91.4 1
120.7 8.6 1
120.7 13.2 1
120.7 17.8 1
120.7 22.4 1
116.1 27 1
120.7 27 1
116.1 73 1
120.7 73 1
120.7 77.6 1
120.7 82.2 1
120.7 86.8 1
120.7 91.4 1
125.3 8.6 1
125.3 13.2 1
125.3 17.8 1
125.3 22.4 1
125.3 27 1
125.3 73 1
125.3 77.6 1
125.3 82.2 1
125.3 86.8 1
125.3 91.4 1
129.9 8.6 1
129.9 13.2 1
129.9 17.8 1
129.9 22.4 1
129.9 27 1
125.3 31.6 1
129.9 31.6 1
129.9 73 1
129.9 77.6 1
129.9 82.2 1
129.9 86.8 1
129.9 91.4 1
134.5 8.6 1
134.5 13.2 1
134.5 17.8 1
134.5 22.4 1
134.5 27 1
134.5 31.6 1
129.9 36.2 1
134.5 36.2 1
134.5 77.6 1
134.5 82.2 1
134.5 86.8 1
134.5 91.4 1
139.1 8.6 1
139.1 13.2 1
139.1 17.8 1
139.1 22.4 1
139.1 27 1
139.1 31.6 1
139.1 36.2 1
139.1 77.6 1
139.1 82.2 1
139.1 86.8 1
139.1 91.4 1
143.7 8.6 1
143.7 13.2 1
143.7 17.8 1
143.7 22.4 1
143.7 27 1
143.7 31.6 1
143.7 77.6 1
143.7 82.2 1
143.7 86.8 1
143.7 91.4 1
148.3 8.6 1
148.3 13.2 1
148.3 17.8 1
148.3 22.4 1
148.3 27 1
143.7 73 1
148.3 73 1
148.3 77.6 1
148.3 82.2 1
148.3 86.8 1
148.3 91.4 1
152.9 8.6 1
152.9 13.2 1
152.9 17.8 1
152.9 22.4 1
152.9 27 1
148.3 68.4 1
152.9 68.4 1
152.9 73 1
152.9 77.6 1
152.9 82.2 1
152.9 86.8 1
152.9 91.4 1
157.5 8.6 1
157.5 13.2 1
157.5 17.8 1
157.5 22.4 1
157.5 27 1
152.9 63.8 1
157.5 63.8 1
157.5 68.4 1
157.5 73 1
157.5 77.6 1
157.5 82.2 1
157.5 86.8 1
157.5 91.4 1
162.1 8.6 1
162.1 13.2 1
162.1 17.8 1
162.1 22.4 1
162.1 27 1
162.1 63.8 1
162.1 68.4 1
162.1 73 1
162.1 77.6 1
162.1 82.2 1
162.1 86.8 1
162.1 91.4 0
166.7 8.6 1
166.7 13.2 1
166.7 17.8 1
166.7 22.4 1
166.7 27 1
166.7 63.8 1
166.7 68.4 1
166.7 73 1
166.7 77.6 1
166.7 82.2 1
166.7 86.8 0
166.7 91.4 0
171.3 8.6 1
171.3 13.2 1
171.3 17.8 1
171.3 22.4 1
171.3 27 1
166.7 31.6 1
171.3 31.6 1
166.7 59.2 1
171.3 59.2 1
171.3 63.8 1
171.3 68.4 1
171.3 73 1
171.3 77.6 1
171.3 82.2 0
171.3 86.8 0
171.3 91.4 0
175.9 8.6 0
175.9 13.2 0
175.9 17.8 1
175.9 22.4 1
175.9 27 1
175.9 31.6 1
171.3 36.2 1
175.9 36.2 1
171.3 40.8 1
175.9 40.8 1
171.3 45.4 1
171.3 50 1
175.9 45.4 1
175.9 50 1
171.3 54.6 1
175.9 54.6 1
175.9 59.2 1
175.9 63.8 1
175.9 68.4 1
175.9 73 1
175.9 77.6 0
175.9 82.2 0
175.9 86.8 0
175.9 91.4 0
180.5 8.6 0
180.5 13.2 0
180.5 17.8 0
180.5 22.4 0
180.5 27 0
180.5 31.6 0
180.5 36.2 0
180.5 40.8 0
180.5 45.4 0
180.5 50 0
180.5 54.6 1
180.5 59.2 0
180.5 63.8 0
180.5 68.4 0
180.5 73 0
180.5 77.6 0
180.5 82.2 0
180.5 86.8 0
180.5 91.4 0
185.1 8.6 0
185.1 13.2 0
185.1 17.8 0
185.1 22.4 0
185.1 27 0
185.1 31.6 0
185.1 36.2 0
185.1 40.8 0
185.1 45.4 0
185.1 50 0
185.1 54.6 0
185.1 59.2 0
185.1 63.8 0
185.1 68.4 0
185.1 73 0
185.1 77.6 0
185.1 82.2 0
185.1 86.8 0
185.1 91.4 0
189.7 8.6 0
189.7 13.2 0
189.7 17.8 0
189.7 22.4 0
189.7 27 0
189.7 31.6 0
189.7 36.2 0
189.7 40.8 0
189.7 45.4 0
189.7 50 0
189.7 54.6 0
189.7 59.2 0
189.7 63.8 0
189.7 68.4 0
189.7 73 0
189.7 77.6 0
189.7 82.2 0
189.7 86.8 0
189.7 91.4 0
194.3 8.6 0
194.3 13.2 0
194.3 17.8 0
194.3 22.4 0
194.3 27 0
194.3 31.6 0
194.3 36.2 0
194.3 40.8 0
194.3 45.4 0
194.3 50 0
194.3 54.6 0
194.3 59.2 0
194.3 63.8 0
194.3 68.4 0
194.3 73 0
194.3 77.6 0
194.3 82.2 0
194.3 86.8 0
194.3 91.4 0
158.961 56.3296 1
