19 18.5 1
0.6 9.75 1
32.8 20.8 1
3.28 48.9 1
38.9 21.9 1
1.33 48.9 1
17.2 28.7 1
22.6 69.7 1
7.83 98.8 1
14.2 64.4 1
44.5 36.2 1
46.8 1.45 1
41.2 48.1 1
48.7 35.9 1
60.3 55.2 0
42.7 74.8 0
41.2 77.4 0
42 51.1 1
60.2 94.7 0
116 19 0
113 42.9 0
106 31.9 0
81.2 22.4 1
116 6.7 1
119 23.2 0
82 1.1 1
81.2 48.1 0
116 16.1 0
103 54.1 0
115 69.6 0
81.2 72.6 0
96 98.5 1
82 51.1 0
146 45.8 0
136 23.3 0
139 1.6 1
166 47.3 0
162 48.6 0
123 18.9 0
157 41.9 0
134 22.9 0
137 1.6 1
168 1.1 0
152 76.5 0
143 95.5 0
149 95.5 0
121 74.9 0
166 81.9 0
155 57 0
157 86.1 0
158 60.7 0
200 33.2 0
172 26.9 0
187 25.4 0
180 45.8 0
180 43.1 0
198 95.3 4
197 60.4 4
193 51.2 4
171 77.1 4
191 51.2 4
172 99 4
24.9 11.6 1
10.6 16.2 1
37.4 3.05 1
38.9 18.6 1
10.4 30.3 1
24.6 21.4 1
24 78 1
5.95 98.8 1
38.8 77.5 0
37 65.6 0
20 84 1
11.5 70 1
27.7 59.5 1
22.7 72.7 1
46.4 8.75 1
72.5 41.9 0
67.8 20.3 1
69.3 39.3 1
78.5 38.6 0
78.6 19.6 1
41.3 22.4 1
52.8 1.43 1
47.2 48.8 1
40.9 1.75 1
43.5 11.8 1
62 3.93 1
71.7 72.7 0
59.2 80.6 0
75.8 69.5 0
78.6 77.1 0
53 51.3 1
55.7 86.2 0
96.8 40.1 0
96.8 45.8 0
110 30.4 0
101 9.85 1
87.2 48.8 0
108 41.2 0
92.1 42.3 0
87.4 26.9 1
108 89.9 1
101 75.9 1
106 72.7 0
112 64.3 0
111 69.1 0
112 75 0
88.5 92.4 0
95.3 68.8 0
94.1 56.2 0
153 45.8 0
147 18 0
122 38.7 0
151 14.1 0
168 7.93 0
159 6 0
165 1.4 0
121 47.1 0
123 49 0
145 20 0
137 10.6 0
136 12.5 0
129 94.6 1
132 87.6 0
152 69.3 0
160 78.4 0
169 72.8 4
169 57.1 0
163 98.4 0
169 58.9 0
133 85.2 0
128 91.9 1
150 59.6 0
169 51.9 0
139 83.8 0
150 62.1 0
127 51.9 0
156 71.8 0
188 10.2 0
180 1.38 0
184 1.38 0
171 18.6 0
171 21.9 0
171 93.2 0
179 55.7 4
194 63.8 4
172 53 0
176 51.1 0
26.6 40 1
16.1 38.9 1
22.6 39.7 1
34 1.3 1
39 1.75 1
27.3 46.5 1
22.6 64.7 1
38.2 99 0
29.2 73.5 1
11.8 73.4 1
47.8 10.5 1
47 12.2 1
70.3 35 1
48.5 30.4 1
78.5 8.18 1
41.9 43.4 1
78.5 36.9 0
42.4 19.5 1
52.9 48.8 1
68.5 32.3 1
77.7 1.1 1
56.3 51.3 0
41.4 73 0
78.9 97.7 0
101 34.1 0
96.4 34.9 0
113 36.9 0
118 39 0
85.1 1.65 1
81.5 8.18 1
116 33.3 0
81.9 43.4 0
113 48.8 0
94.4 15.4 1
110 42.5 0
83.9 33.1 1
110 80.8 1
104 66.6 0
109 72.9 0
119 73.8 0
119 77.1 0
101 80.4 1
119 97.7 1
139 10.4 0
121 31.6 0
152 23.8 0
122 8.78 1
168 6.25 0
139 48.9 0
169 22.7 0
131 1.33 1
146 32.1 0
168 48.8 0
168 43.2 0
122 37.1 0
129 34.5 0
152 81.4 0
154 85.9 0
128 65.9 0
128 76.2 0
129 71.6 0
142 74.4 0
161 60.2 0
141 70.4 0
168 94 0
123 53.7 0
174 31.5 0
192 10.1 0
189 45.5 0
188 1.55 0
195 25.5 0
199 66.4 4
171 51.9 0
178 61.9 4
5.35 6.25 1
5 1.3 1
38.9 31.5 1
38.7 38.5 1
20.6 31.2 1
14.3 12 1
26.6 15.3 1
38.2 51.1 1
41.7 38.9 1
78.5 6.5 1
41.2 17.6 1
56.2 48.8 1
41.7 87.1 0
41.7 88.9 0
53 98.8 0
78.2 51.1 0
64.1 77.4 0
65.4 74.4 0
52.7 59.4 0
91.4 19.3 1
93.6 23.4 1
104 43.3 0
96.9 26.7 0
81.5 6.5 1
111 48.8 0
119 1.75 1
114 9.03 1
89.4 26.8 1
118 20.6 0
91.7 74.5 0
94.9 73.3 0
109 63.4 0
113 86.7 1
90.1 54.9 0
86.6 98.7 0
119 51.9 0
81.3 94.4 0
96.1 51.1 0
106 87 1
151 39.9 0
151 35.5 0
154 29.8 0
155 11.8 0
136 42.2 0
168 35.7 0
159 47.1 0
122 7.1 1
137 48.9 0
169 18 0
121 27.9 0
166 2.5 0
148 83.6 0
136 91.6 0
160 68.9 0
145 80.7 0
140 89 0
121 65 0
165 53.8 0
169 62.9 4
121 97.7 1
171 38 0
197 37.1 0
175 28.7 0
189 42.7 0
193 25.6 0
171 8.05 0
171 48.1 0
172 1.1 0
172 58.8 4
173 57 0
172 82 4
32.7 41.9 1
21.3 1.18 1
9.18 48.8 1
12.3 35.2 1
6.08 17.5 1
12.2 57.4 1
38.8 81.3 0
13.4 98.8 1
33.9 98.3 0
37.4 74.8 0
38.6 72.8 0
34.5 64.9 1
30.4 79 0
31.7 81.3 0
54.3 14.3 1
70.6 48.3 0
51.2 16.8 1
59.1 20.4 1
58.1 18.4 1
64 1.18 1
41.2 13.8 1
49 16.3 1
56.4 98.8 0
78.7 86.5 0
41.2 60 1
50 58.8 0
45.2 98.7 0
45.2 51.6 1
81.8 39 0
93 64.8 0
107 81.6 1
118 89.4 1
89.6 62.8 0
113 84.2 1
96.8 61.2 0
161 36.3 0
159 34 0
153 19.9 0
141 12.9 0
168 38.8 0
168 20.2 0
154 1.23 0
133 30.6 0
145 3.65 1
168 86.1 4
121 67.1 0
149 69 0
121 76.5 0
156 74.4 0
186 2.93 0
171 36.4 0
171 6.38 0
188 60.6 4
193 80.6 4
0.5 16.5 1
10.8 8.18 1
30.6 48.3 1
38.7 36.9 1
26.7 1.33 1
38.9 27.9 1
17.6 1.18 1
17.4 48.9 1
6.23 12 1
38.2 48.8 1
38.7 90 0
2.88 85.3 1
30.2 67.7 1
31.7 90.3 0
6.8 61.2 1
38.4 86.2 0
19.2 86.2 1
11.6 82.9 1
0.95 85.1 1
26.7 66.8 1
68.8 24.1 1
41.7 37.2 1
56.3 18.5 1
78.9 48.1 0
78.9 31.3 1
73.5 13.9 1
64.2 70.4 0
78.7 88.3 0
43.6 97.8 0
100 1.45 0
119 27.1 0
107 22.9 0
95.7 2.95 0
83.5 2.75 1
118 48.8 0
112 33.3 0
104 23 0
117 95.5 1
107 95.7 1
99.5 55.6 0
111 57.6 0
132 39.5 0
161 9.78 0
141 42.4 0
123 17.2 0
156 1.23 0
122 1.1 1
169 27.7 0
128 42.2 0
168 26.1 0
160 54.5 0
121 73.2 0
146 51.2 0
121 51.9 0
190 75.8 4
175 97.7 4
2.03 12.7 1
12.8 32.9 1
22.2 11.7 1
33.8 48.6 1
28.5 1.33 1
38.5 13.5 1
26.1 74.2 1
4.75 51.7 1
3.38 59.6 1
38 56.8 1
33.2 52 1
36.8 97.4 0
17.4 51.2 1
17.1 98.8 1
20.7 90 1
15.5 58.6 1
8.08 83.1 1
7.25 66.5 1
15 87.3 1
58.4 12.2 1
73.8 48.6 0
78.6 17.8 1
76.2 2.75 1
66.6 48.3 0
49.7 73.9 0
78.3 56.7 0
73.5 51.8 0
60.8 60.3 0
73.3 98.4 0
69.7 82.3 0
71.3 89.1 0
71.4 84.5 0
41.2 64 0
52.3 74 0
58.5 62.9 0
67.5 82.5 0
84.7 19.6 1
101 18.4 1
92.4 1.5 1
110 25.7 0
101 26.1 0
118 13.1 1
81.1 31.1 1
103 30.7 0
114 17.7 0
117 22.4 0
109 93.5 1
93.7 75 0
81.9 87.4 0
118 93.4 1
81.9 57.1 0
119 56.2 0
102 59.4 0
109 60.5 0
155 33.4 0
151 16.7 0
139 25.8 0
163 1.4 0
131 16 0
123 31.6 0
134 71 0
135 73.4 0
133 63.4 0
138 79.3 0
160 80.7 0
162 56.8 0
143 58.5 0
148 51.2 0
167 90.6 0
136 60 0
166 54.9 0
130 77.8 0
149 58 0
186 23.2 0
192 41.1 0
176 1.53 0
193 17.3 0
182 24.2 0
173 93.9 4
191 87.1 4
189 89.6 4
197 75.1 4
181 56.3 4
181 98.6 4
180 69.6 4
185 51.7 4
181 61.3 4
177 66.8 4
21 15.7 1
8.3 8.7 1
37.4 17.8 1
17.9 30.5 1
24.6 43.8 1
24.4 41.2 1
25.6 79.8 1
24.3 82.3 1
24.5 90.7 1
31.4 52 1
38 58.6 1
31.2 69.9 1
8.73 51.7 1
38.7 94 0
13.7 89.6 1
8.58 88.5 1
55.8 2.68 1
74.1 1.65 1
43.5 2.1 1
78.9 27.7 1
73.7 10.3 1
71.7 51.8 0
78.3 58.5 0
71.5 98.4 0
41.6 56.4 1
47.9 65.2 0
41.2 66.1 0
43.6 52.7 1
119 8.73 1
90.7 30 1
119 36.2 0
86.8 1.65 1
81.1 27.5 1
117 3.28 1
83.5 17.7 1
101 66.1 0
84.7 53.4 0
118 59.2 0
81.9 58.9 0
81.9 89.2 0
90.9 57.7 0
84.7 74.6 0
113 51.4 0
135 39.7 0
143 40.4 0
149 48.5 0
128 2.25 1
129 3.58 1
147 41.8 0
140 81.4 0
135 68.5 0
138 75.5 0
140 52 0
140 68.4 0
148 98.6 0
145 98.6 0
135 97.9 0
136 51.9 0
129 81.6 0
129 53.8 0
131 79.6 0
195 48.7 4
178 2.9 0
187 17.4 0
199 10.4 0
182 59.1 4
177 98.6 4
184 68 4
173 74.1 4
194 72.7 4
186 81.7 4
185 80.1 4
192 64.1 4
32.9 27.6 1
1.08 1.3 1
14 47.7 1
26.6 27.5 1
1.05 51.7 1
14 53.2 1
30.5 98.1 0
43.6 42 1
57.6 22.2 1
62.6 48.6 0
57.5 1.25 1
42.2 0.65 1
76 14.1 1
68.6 90.8 0
47.7 60.8 0
77 96.1 0
78.1 94 0
53.5 75.7 0
65.4 98.4 0
78.5 64.5 0
65.5 51.7 0
71.6 68.9 0
95.4 41.9 0
94.5 31 0
101 48.4 0
81.2 36.1 0
113 1.53 1
119 7.05 1
98.1 89.4 1
81.9 64.7 0
87.2 52.3 0
110 51.6 0
105 51.6 0
119 86.1 1
119 64.8 0
99.6 61.7 0
122 11.9 1
121 22.9 0
122 45.9 0
122 48.4 0
124 47.7 0
149 28.4 0
121 19.8 0
149 25.8 0
158 12.7 0
153 41.6 0
166 41.8 0
130 62.9 0
148 88.2 0
141 60.9 0
146 90.6 0
147 64.9 0
142 90.7 0
142 64.4 0
165 51.5 0
168 50.8 0
198 41.1 0
176 48.2 0
173 2.63 0
190 68.5 4
194 98.1 4
185 98.4 4
172 72.5 4
174 51.9 0
190 98.4 4
12.9 1.88 1
36.5 8.45 1
8.63 1.4 1
36.1 1.95 1
38.7 43.2 1
37.7 0.65 1
24.6 18 1
7 15.1 1
25.5 51.7 1
22.8 98.5 1
39.3 97.7 0
36.2 53.1 1
26.5 98.1 0
56.8 7.73 1
54.5 32.7 1
55.8 21.1 1
78.2 22.6 1
41.5 27.6 1
78.7 43.2 0
41.3 5.08 1
76.2 10.5 1
78.7 83.6 0
41.6 94.4 0
63.3 98.4 0
46.6 75.8 0
78.5 66.6 0
63.4 51.7 0
46.9 51.6 1
46.9 98.7 0
41.2 97.7 0
76.5 52.9 0
108 8.55 1
83.7 42.2 0
89.8 70.5 0
95 89.2 1
98.1 74.4 0
103 75.4 1
100 85.7 1
81.9 66.8 0
91.8 98.6 0
119 66.9 0
81.2 97.7 0
117 53.2 0
101 91.3 1
149 1.68 1
168 32.6 0
127 48.8 0
158 83.6 0
154 51.5 0
168 83.2 4
131 97.9 0
131 51.9 0
140 98.2 0
168 66.4 4
157 98.1 0
121 55.5 0
167 96.1 0
169 97.7 4
123 86.5 1
166 76.8 4
181 30.1 0
180 28.1 0
182 48.9 0
172 42.8 0
172 49.4 0
184 48.9 4
173 46.3 0
195 15.2 0
178 33.4 0
191 82.6 4
186 74.2 4
181 73.9 4
174 78.8 4
172 50.8 0
171 97.7 4
172 68.1 4
37 31.7 1
22.1 3.13 1
4.65 34.3 1
3.9 47 1
16.1 3.05 1
12.6 46.4 1
12.4 97 1
37.1 82.7 0
23.4 51.7 1
8.75 96.9 1
24.2 67.6 1
46.7 19.2 1
65.8 1.18 1
51 19.2 1
59.4 30.8 1
52 40.1 1
77.1 31.8 1
54.1 63.1 0
60.7 90.2 0
52.4 79.1 0
77.2 74.3 0
78.6 72.8 0
50.5 66.1 0
93.8 1.5 0
81.9 13.4 1
98.4 1.45 0
96.1 17.8 1
102 56.1 0
99.3 98.5 1
105 79.9 1
82.5 96.5 0
92.6 84.9 0
118 82.1 1
92.9 67.5 0
146 23.9 0
144 25.7 0
155 48.6 0
163 26.5 0
131 48.4 0
135 4.3 1
168 13.4 0
121 43.4 0
122 26.5 0
147 28.8 0
124 20.4 0
140 3.93 1
153 98.2 0
157 51.7 0
168 77.8 4
167 63.7 4
182 12.2 0
199 15.8 0
188 30.8 0
172 12.9 0
171 33.3 0
195 12.6 0
187 76.2 4
184 60.7 4
186 69.6 4
173 83.1 4
171 64 4
172 54.8 0
183 62.9 4
6.43 2.7 1
22.1 46.8 1
38.4 4.93 1
37.3 26.4 1
37.3 22.4 1
36.8 47.4 1
37 88.4 0
3.35 90.8 1
5.13 81.3 1
3.73 79.2 1
10.5 59.5 1
39.3 51.9 1
3.03 75.7 1
5.1 74.1 1
72.1 46.9 0
42.5 8.68 1
52.1 9.23 1
62 11.2 1
62.2 34.9 1
77.6 46.7 0
78.2 49.4 0
42.6 13.5 1
78.7 1.75 1
64.8 46.9 0
58.8 86.3 0
60.5 84.1 0
71.3 61.2 0
68.9 59 0
79.3 51.9 0
66 66.1 0
64.7 61.1 0
78.2 98.7 0
41.2 51.9 1
70 66.4 0
90.9 36.5 0
94.8 33.8 0
95.3 48.7 0
119 43.3 0
93.1 48.7 0
118 0.65 1
93.9 20 1
81.2 1.75 1
103 88.9 1
81.9 82.5 0
118 50.8 0
118 98.7 1
81.2 51.9 0
93.6 91.6 1
167 36.9 0
128 26.2 0
129 13.5 0
145 48.6 0
145 12.2 0
157 48.6 0
121 1.75 1
131 26.9 0
169 1.75 0
155 83.4 0
123 59.7 0
165 89 0
168 53.4 0
198 38.7 0
181 15.4 0
185 15.7 0
191 48.6 4
185 12.5 0
171 1.75 0
195 87.3 4
199 85.1 4
195 53.2 4
197 91 4
173 86.6 4
32.2 46.9 1
36.7 12.2 1
12.4 27.2 1
27.5 24 1
39.3 48.1 1
20.2 58.6 1
18.8 97.3 1
35.5 62 1
0.525 69.2 1
30 87.4 0
27.5 87.7 0
4.5 69.5 1
76.8 20.7 1
41.6 32.6 1
50.2 47.5 1
41.2 48.1 1
64.8 85 0
64.6 89.1 0
41.6 82.2 0
42.8 58.7 1
105 48.6 0
83.6 24.4 1
103 2.68 0
117 28.1 0
108 1.23 1
118 31.6 0
81.2 48.1 0
119 48.1 0
83 31.1 1
89.4 86.5 0
94.3 97 1
92.9 51.4 0
131 24.4 0
129 23.7 0
158 2.63 0
169 48.1 0
169 89.1 4
163 51.5 0
122 81.7 0
122 98.7 1
122 50.8 0
121 93.4 1
195 43.4 4
172 26.9 0
192 36.3 0
198 29.9 0
173 22.7 0
198 79.4 4
25.5 48.9 1
8.18 41.2 1
25.1 36.4 1
38.5 67 0
13.8 60.7 1
16.6 69.4 1
32.1 96.4 0
77.2 41.5 0
76.8 34.3 1
78.5 39.8 0
64.1 2.75 1
82.6 19.8 1
117 37.5 0
119 17.7 0
113 47.5 0
117 47.4 0
93.2 98.6 1
113 98.9 1
102 51.2 0
117 73.4 0
94.6 52.4 0
90.3 90.7 0
147 5.33 0
145 1.35 1
122 40 0
123 41.8 0
121 18.1 0
149 10.3 0
130 17.6 0
128 97.7 0
123 64.1 0
123 89.8 1
123 95.5 1
193 30.8 0
183 97 4
200 98.5 4
182 51.2 4
194 70.2 4
23.4 48.9 1
28.6 28.9 1
3.3 53.4 1
0.825 98.4 1
37.9 96.1 0
12.1 54.9 1
48 20.8 1
52.8 14.8 1
43.8 24.8 1
59.1 15.5 1
78.5 35.7 1
78.5 9.4 1
48.2 15.1 1
49.1 71.7 0
50.5 86.3 0
88.7 35.7 0
88.7 33.2 0
83.4 11.3 1
81.5 9.4 1
81.4 18 1
118 40.2 0
104 1.23 0
90.3 15.8 1
109 2.75 1
102 39.1 0
111 53 0
117 57.7 0
117 87.8 1
122 10 1
168 5.03 0
123 47.1 0
167 3.15 0
124 27.8 0
137 53.9 0
185 38.3 0
191 1.55 0
199 68.5 4
174 96.4 4
37.3 41.5 1
10.2 20.8 1
12.2 48.8 1
35 98.3 0
12.1 52 1
17.7 76.9 1
63.5 24.6 1
62.5 16.8 1
54.6 70.6 0
78.7 85.4 0
117 11.5 1
116 2.18 1
97.7 98.5 1
94.7 80.7 0
87.8 77.2 0
124 4.88 1
168 34.5 0
125 13.3 0
167 30.4 0
144 5.98 0
168 85 4
173 10.7 0
171 9.28 0
187 38.2 0
173 40.5 0
171 39.3 0
174 47.5 0
189 54.2 4
177 78.4 4
177 90.7 4
191 96.5 4
30.8 26.7 1
24.5 3.28 1
38.2 10.3 1
38.7 39.8 1
31.1 14.3 1
25.6 1.33 1
18.7 45.3 1
25.4 61.3 1
38.4 85.1 0
62.9 9.3 1
78.5 5.28 1
41.7 40.1 1
64.7 13.7 1
66.9 13.1 1
77.2 3.4 1
42.8 96.5 0
57.5 74 0
114 1.53 1
83.1 37.5 0
117 42 0
81.8 40.3 0
81.5 5.28 1
82.7 3.4 1
87.2 20.5 1
161 28.1 0
162 25.1 0
121 30.5 0
121 29.2 0
168 40.1 0
139 18 0
135 6.83 1
137 2.98 1
167 56.7 0
122 70.4 0
137 96 0
124 54 0
123 77.2 0
127 53.2 0
175 16.8 0
171 5.15 0
173 18.5 0
175 1.53 0
184 35.8 0
188 35.9 0
172 3.28 0
173 80.5 4
173 60.2 4
180 81.5 4
11.4 3.28 1
36.8 33.9 1
38.7 35.6 1
31.1 3.98 1
0.7 47.7 1
35 48.6 1
10.8 47.6 1
38.9 30.4 1
38.9 29.1 1
38 55.7 1
34.3 52 1
10.3 98.1 1
37.3 53.9 1
24.9 96.5 0
58 46 1
47.5 4.5 1
46.5 2.65 1
70.9 4.05 1
62.2 20.1 1
76.8 48 0
75 48.6 0
78.3 55.5 0
74.6 51.8 0
74.4 98.4 0
76.3 97.1 0
76.8 82.6 0
49.9 80 0
44.1 75.2 0
41.2 78.2 0
77.6 53.7 0
82.5 22.6 1
85.4 16.8 1
110 11.8 1
81.9 56 0
83.8 86.1 0
115 95.4 1
83.1 54.1 0
84.4 69.7 0
81.9 84.3 0
82.7 77.9 0
82.5 72 0
115 51.4 0
119 55 0
84.7 79.7 0
87.6 79.3 0
117 52.1 0
129 47.2 0
134 15.5 0
169 28.9 0
163 47.3 0
165 46.1 0
123 2.63 1
166 26.8 0
166 44.2 0
155 96.3 0
155 53.2 0
167 92.4 4
163 73.2 4
122 84.9 0
165 73.9 4
171 35.1 0
171 92 4
171 90.2 4
173 66.4 4
190 52.5 4
173 77.5 4
1.9 43.3 1
3.78 37.7 1
4.65 39.5 1
16.2 48.9 1
32.9 2.65 1
16.3 19 1
18.1 47.4 1
29.9 23.7 1
37.9 46.7 1
38.8 80.2 0
18.2 52.5 1
16.2 51.2 1
5.55 97.4 1
38.8 78.2 0
14.7 97.7 1
16.1 97.7 1
43.3 36.2 1
59.4 11 1
50.6 3.28 1
43.2 44.4 1
69.3 2.4 1
42.3 22.9 1
44.4 46.3 1
46.2 24.2 1
52.1 1.43 1
48.1 48.8 1
63.4 18.6 1
51.6 91.3 0
41.6 55.3 1
42.8 53.5 1
72.4 76.8 0
71.3 74.7 0
57.2 51.3 0
76.8 79.2 0
78.6 77.8 0
46.8 77.9 0
41.4 72.1 0
53 84.8 0
43.3 70.5 0
103 47 0
86.1 23.8 1
83.2 44.5 0
84.4 46.4 0
119 25.8 0
88.1 48.8 0
117 5.48 1
119 24 0
117 79.3 0
117 83.4 1
147 47 0
164 20.8 0
131 11.8 0
161 45.9 0
132 1.33 1
122 21.2 0
167 87.5 4
166 69.8 4
123 83 0
161 96.5 0
167 72.4 4
162 98.4 0
194 47.3 4
181 1.38 0
190 1.55 0
183 1.38 0
198 3.35 0
183 52.9 4
177 88.2 4
177 51.1 0
19.7 2.35 1
18.3 2.35 1
12.8 43.8 1
9.85 1.4 1
36.1 18.8 1
14.8 21.7 1
6.88 26.1 1
20 54.2 1
3.83 95.7 1
33.2 75.7 0
42.7 11.9 1
65.9 2.75 1
49.9 43.3 1
41.3 10.3 1
41.6 34.5 1
77.5 26.9 1
41.2 16.7 1
52.1 48.8 1
54.5 28.3 1
41.2 14.8 1
44.5 19.6 1
55.8 14.9 1
56.3 47.4 0
78.9 30.2 1
78.9 28.9 1
48.3 17.8 1
57.7 53.6 0
42.9 79.7 0
54.1 80.5 0
53 52.6 0
53.8 72.4 0
97.4 2.95 0
117 19.3 0
117 14.5 1
90.5 8.75 1
109 38.2 0
119 9.95 1
115 48.7 0
110 15.7 1
104 52.8 0
100 81.6 1
83.2 92.1 0
81.3 93.2 0
119 77.9 0
94.5 78.5 0
97.3 51.1 0
119 85 1
97.2 70.1 0
87.5 98.7 0
162 19.5 0
167 20.2 0
154 7.88 0
169 23.5 0
159 41.4 0
167 15.8 0
169 17.1 0
169 25.3 0
125 34.6 0
129 95.6 0
167 81.8 4
121 68.1 0
158 88.2 0
166 52.3 0
172 84.8 4
199 53.2 4
17.2 25.8 1
15.2 24.9 1
9.03 25.4 1
17 79.8 1
36.1 75.4 0
10.3 53.7 1
11.6 68.3 1
64.6 41.5 1
58.1 17 1
70 16.2 1
75.7 25.8 1
56.8 27.5 1
43 86.4 0
57.3 98.8 0
50.9 54.2 0
52.3 98.8 0
57.8 96.4 0
93.6 10.5 1
81.1 30 1
81.1 28.8 1
82.4 25.7 1
90.2 47.5 0
107 37.1 0
110 48.8 0
119 34.9 0
81.2 34.9 1
119 5.83 1
118 46.8 0
83.1 33 1
90.5 42 0
101 96.6 1
116 97.6 1
95.2 57.2 0
89.1 97.3 0
156 25.1 0
136 48.9 0
158 4.75 0
140 48.9 0
123 30.5 0
123 29.2 0
128 89.2 0
125 88.1 1
160 76.5 0
169 61.8 4
169 59.9 4
6.98 45.7 1
21.2 25 1
38.5 16.4 1
21.8 23.1 1
33.3 18.4 1
38.5 14.5 1
4.08 1.3 1
8.18 47.6 1
19.7 76.3 1
21.1 63.3 1
16 74.6 1
38.6 71.9 0
65.7 39.2 1
60.3 19.8 1
42.6 26 1
41.5 28.8 1
58.7 8.78 1
63 29.4 1
72.5 28.6 1
61.4 40.6 1
70.6 6.95 1
48.3 74.9 0
49 84.7 0
54.1 91.6 0
50.2 97.5 0
55 74.1 0
44.7 84.9 0
88.9 11 1
117 32.9 0
114 98.9 1
104 98.1 1
142 33.2 0
163 29.9 0
167 8.38 0
127 20 0
162 17.6 0
153 1.23 0
158 24 0
141 35.9 0
165 10.3 0
123 33 0
123 36.4 0
169 55.2 0
121 72.3 0
195 35.4 0
174 28.1 0
199 1.25 0
186 6.63 0
196 2.1 0
173 32.1 0
175 56.6 4
29.3 33.8 1
16.8 42.7 1
57 43.5 1
56.3 17.2 1
57.7 13.7 1
52.9 22.1 1
61.1 7.63 1
59.2 24.8 1
78.6 15 1
78.6 16.9 1
64.3 31.4 1
52.4 69.6 0
41.2 61 1
41.7 89.9 0
43.3 91.8 0
52.5 77.1 0
41.2 62.8 0
58.9 71 0
41.2 67.1 0
43 68.1 0
111 43.5 0
104 6.55 1
111 1.53 1
90 3.15 1
96.9 72.6 0
99.2 76.1 0
88.8 53.7 0
86.5 70.8 0
84.8 76.4 0
84.6 73 0
109 98.9 1
145 9.43 0
147 3.03 1
124 15.7 0
123 6.75 1
152 2.9 0
162 1.4 0
156 27.2 0
159 20.3 0
135 47.3 0
160 1.4 0
157 64.2 0
123 55.8 0
127 70.1 0
154 64.5 0
162 90.2 0
129 55.1 0
195 32.7 0
187 33.1 0
186 4.18 0
193 3.65 0
198 31.9 0
183 86.1 4
190 56.8 4
23.3 28.6 1
13.8 14.7 1
14 1.88 1
15.4 1.88 1
30.9 38.2 1
16.8 4.23 1
15 47.7 1
36 20.9 1
16.9 7.55 1
22.2 60.8 1
38.7 90.9 0
38.7 92.8 0
34 63.4 1
70.7 19.1 1
50 25.6 1
50.5 27.6 1
69.6 48.3 0
67.7 48.3 0
61.7 48.6 0
49.6 19.3 1
43.1 30.3 1
41.3 84.9 0
57.2 69.3 0
78.7 89.3 0
76.8 90.9 0
101 1.45 1
87.7 1.65 1
108 47.4 0
91.6 1.5 1
117 23.1 0
105 14.7 1
108 10.8 1
108 16.7 1
92.2 81.6 0
118 90.4 1
118 92.3 1
147 8.78 0
167 12 0
134 13.2 0
169 10.1 0
131 7.58 1
121 34.9 0
127 3.78 1
139 5.3 1
142 3.68 1
168 31.5 0
165 42.7 0
153 88.1 0
143 53.2 0
155 90 0
125 58.2 0
128 58.3 0
144 51.2 0
150 52.7 0
149 51.2 0
184 33 0
178 17.8 0
174 21 0
173 14.8 0
178 20.7 0
175 92.4 4
182 91.2 4
180 98.6 4
186 51.7 4
178 98.6 4
179 52.3 4
3.65 32.7 1
20.4 4.3 1
4.13 30.5 1
29.7 48.3 1
2.3 45.8 1
31.7 35.1 1
7.45 39.4 1
8.38 37.1 1
5.73 36.1 1
31.3 6.48 1
19.2 7.63 1
29.5 1.33 1
25.1 28.1 1
37.1 81.6 0
13.7 95.8 1
15 53.2 1
15 93.2 1
5.83 51.7 1
7.45 95.5 1
37 69.9 0
7.65 51.7 1
17.8 96.2 1
17.8 93.6 1
6.9 91.9 1
51.9 37.8 1
44.9 43 1
55.4 30.5 1
66.6 10.5 1
42.7 5.18 1
72.9 1.65 1
55.2 3.88 1
44 3.3 1
72.5 26.4 1
60.7 38.1 1
77.1 30.7 1
78.5 67.6 0
50 93.1 0
115 25.4 0
85 43.2 0
105 12.6 1
99.1 52.3 0
119 67.8 0
118 81 0
134 22.2 0
136 22.6 0
139 30.7 0
138 35.3 0
137 32.2 0
134 2.7 1
121 5.15 1
128 17.5 0
130 5.05 1
123 12.2 1
158 18.7 0
122 3.28 1
142 47.4 0
163 70.5 4
144 98.6 0
149 98.6 0
124 52.1 0
196 48.7 4
199 48.7 4
200 22.9 0
179 2.9 0
196 22.7 0
184 88.7 4
193 54.4 4
197 52 4
175 81.6 4
193 57 4
173 55.1 0
178 80.4 4
177 76.1 4
174 75.4 4
174 53.3 0
180 86 4
18.6 19 1
35.7 30.2 1
34.4 7.03 1
5.25 46.9 1
4.18 23 1
26.9 9.2 1
36.1 27.3 1
1.33 29.4 1
7.4 28.9 1
34.1 28.1 1
38.4 23.6 1
38.4 25.4 1
33.2 20.5 1
38.7 44.2 1
38.7 45.5 1
38.7 0.65 1
39.3 49.4 1
2.13 1.3 1
38 61.5 1
30.4 52 1
38 59.6 1
19.3 57.1 1
22.4 51.7 1
12.3 79.4 1
19.9 98.5 1
21.8 98.5 1
39.3 98.7 0
39.3 50.8 1
4.43 92.1 1
16.7 65.5 1
53 7.2 1
63.2 36.9 1
55.4 6.6 1
53.8 34.1 1
57.7 29.7 1
52.1 42 1
50.7 45.9 1
50.7 33.9 1
42.5 46.9 1
58.4 1.25 1
61 31.1 1
78.7 44.2 0
78.7 45.5 0
78.7 0.65 1
41.3 0.65 1
41.2 49.4 1
79.3 49.4 0
68.3 6.88 1
60 77.5 0
60.3 53.9 0
76.8 61.5 0
68.3 96.8 0
78.5 63.4 0
68.6 53.5 0
66.5 98.4 0
43 83.4 0
70.5 98.4 0
66.6 51.7 0
70.7 51.8 0
78.3 59.4 0
62.3 98.4 0
62.4 51.7 0
78.1 80.9 0
78.1 92.9 0
41.2 98.7 0
79.3 98.7 0
41.2 50.8 1
79.3 50.8 0
60.2 96 0
117 26.9 0
104 39.2 0
97.8 8.1 1
100 48.4 0
82.5 47 0
81.9 14.4 1
107 6.63 1
81.2 49.4 0
81.2 0.65 1
119 49.4 0
119 0.65 1
81.9 67.8 0
113 77.3 0
81.9 59.9 0
118 60.2 0
117 69.6 0
118 71.8 0
81.9 90.2 0
109 51.6 0
106 51.6 0
81.2 98.7 0
119 98.7 1
81.2 50.8 0
119 50.8 0
97.1 80.8 0
83.3 81 0
119 63.6 0
117 62.5 0
81.9 63.5 0
83.8 62.1 0
127 13.1 0
150 48.5 0
168 14.4 0
161 43.2 0
121 23.7 0
126 48.8 0
121 25.5 0
121 44.4 0
121 45.6 0
124 48.8 0
169 49.4 0
169 0.65 0
121 0.65 1
121 49.4 0
137 9.15 0
167 46.9 0
134 97.9 0
135 51.9 0
132 87.6 0
123 98.7 0
162 59.2 0
168 67.4 4
132 97.9 0
133 51.9 0
141 52 0
158 98.1 0
152 51.5 0
166 95.9 4
169 98.7 4
169 50.8 0
121 98.7 1
121 50.8 0
133 85.2 0
172 45 0
172 43.8 0
179 39.1 0
172 25.6 0
178 48.2 0
171 49.4 0
171 0.65 0
186 47.1 0
172 23.8 0
172 69 4
172 71.6 4
188 98.4 4
186 98.4 4
171 98.7 4
171 50.8 0
4.23 20.2 1
29.3 9.75 1
1.55 8.5 1
28.3 53.7 1
26.6 51.7 1
29.5 98.1 0
27.7 98.1 0
2.23 89 1
21.1 70.1 1
10.4 76.2 1
68.5 20 1
61.7 23.8 1
58.3 23 1
54.9 36.5 1
51.4 10.9 1
62.2 33.1 1
60.9 2.83 1
42.6 14.5 1
41.6 31.5 1
76.9 23.8 1
51.6 71.4 0
54.4 86.8 0
41.6 81.1 0
77.1 69.5 0
47.8 51.6 1
41.6 93.2 0
47.8 98.7 0
93.5 13.2 1
107 32.4 0
86.8 25.7 1
118 29.2 0
83 30 1
88.3 43.8 0
118 30.5 0
116 74.7 0
91 98.6 0
150 1.68 0
159 17.1 0
133 48.4 0
139 8.95 0
128 34.8 0
157 61.3 0
141 98.2 0
143 96.8 0
158 51.7 0
155 59.1 0
163 74.9 4
122 78.7 0
122 80.6 0
150 96.7 0
165 75.5 4
190 37.1 0
181 9.1 0
179 8.18 0
180 36.7 0
188 25.9 0
188 29 0
179 47.1 0
181 48.9 4
183 41.6 0
185 48.9 4
197 96.6 4
195 98.1 4
174 88 4
177 55.9 4
11.6 15.8 1
25.9 11.5 1
10.1 29.8 1
16.1 27.6 1
27.3 35.9 1
36.7 13.2 1
31.1 73.8 1
21.6 72.2 1
14.3 64.7 1
15.8 68 1
17.9 70.5 1
28.9 66.1 1
65.3 44.4 0
49.5 36.1 1
54.8 21.5 1
67.6 3.98 1
43.9 7.1 1
63.5 12 1
46.2 7.08 1
62 1.58 1
58.7 79.9 0
78.6 71.9 0
104 4.15 1
109 30.9 0
108 40.5 0
112 37 0
90.7 13.6 1
92.1 48.7 0
119 44.3 0
119 45.5 0
96.5 48.7 0
97.7 47.1 0
106 1.23 1
113 75.1 0
111 98.9 1
132 18.9 0
154 24 0
137 19.4 0
158 48.6 0
154 48.6 0
152 47 0
166 29.9 0
135 89.6 0
152 69.2 0
127 67.3 0
167 62.6 4
128 71.9 0
122 60.8 0
152 98.2 0
168 80.5 4
122 62.6 0
168 78.6 4
151 60.2 0
151 62.7 0
155 70.8 0
188 40.7 0
180 41.5 0
171 60.9 4
179 62.2 4
171 62.8 4
21.6 30.9 1
29.6 13.1 1
5.25 4.05 1
12.5 20.3 1
4.35 6.45 1
28.3 38.4 1
27.6 47.2 1
8.4 43.1 1
14.1 26.7 1
10.9 27.5 1
24.4 22 1
0.375 33 1
37.1 2.9 1
38.4 4.78 1
20.6 45.3 1
24.2 77.4 1
13.4 67.2 1
52 20 1
52 13.3 1
60.2 16.4 1
49.6 14 1
77.1 9.53 1
50.9 89 0
105 41.4 0
100 9 1
94.2 1.5 1
88.7 17.3 1
89.4 19.1 1
89.4 51.4 0
82.5 96.5 0
92 51.4 0
91.5 76.3 0
150 36.3 0
146 33.1 0
160 25.6 0
127 74.9 0
199 27.4 0
172 29.3 0
188 46.8 4
172 30.6 0
196 25.2 0
14.1 11.6 1
27.4 14.2 1
22.4 48.9 1
25.6 23.4 1
38.5 68 0
31.7 78.1 0
32.9 80.3 0
11.9 74.6 1
63.7 15.4 1
46.8 22 1
48.2 29.6 1
59.6 47.2 0
48 12.4 1
48.8 10.8 1
70.2 38.2 1
54.4 15.4 1
47.5 16.6 1
47.7 72.7 0
53.4 58.2 0
50.8 57.6 0
98.1 4.7 1
119 14.8 1
106 48.6 0
119 16.8 0
112 10.6 1
116 13 1
96.6 54.4 0
95.8 52.4 0
94.7 97 1
102 98.1 1
96.9 78.6 0
150 39.2 0
147 17.9 0
167 28.4 0
121 17.2 0
144 48.6 0
145 20 0
127 97.7 0
124 96.4 0
124 70.7 0
121 90.3 1
162 51.5 0
121 92.2 1
191 26.2 0
191 29.3 0
190 48.6 4
188 53 4
14.9 43.6 1
26.6 48.9 1
13.1 48.8 1
24.5 42.3 1
27.1 29.5 1
37 89.4 0
35.9 79.8 0
2.4 97 1
68.7 31.4 1
71.2 35.3 1
67.9 14.9 1
46.9 47.6 1
58 48.7 0
76.8 34.1 1
75.7 29.2 1
42.8 59.7 0
42.7 76.9 0
52.8 82.6 0
83.9 20.8 1
108 4.23 1
86.9 47.6 0
86.4 21.4 1
89.5 78 0
107 97 1
101 51.2 0
103 58.1 0
134 17.5 0
123 10.3 1
159 27.5 0
142 1.35 1
136 1.38 1
144 1.35 1
159 3.53 0
160 53.2 0
123 65.3 0
127 51.4 0
125 51.4 0
155 73.4 0
190 39.8 0
171 15.2 0
171 17.2 0
183 39.4 0
199 4.63 0
199 98.5 4
182 57.9 4
179 90.4 4
180 51.2 4
174 58.8 4
6.33 19.3 1
15.2 16.6 1
24.5 3.28 1
8.43 21.3 1
16.8 47.4 1
30.6 2.68 1
37.6 30.1 1
37.6 28.8 1
13.1 52 1
17 52.5 1
18.9 51.3 1
16.3 57.4 1
35 98.3 0
37.5 77.3 0
32.5 71.5 1
14.5 98.9 1
15.9 98.9 1
77.2 41.5 0
78.5 39.8 0
78.5 35.5 1
48.7 3.05 1
51.6 4.48 1
72.2 14.9 1
47.7 1.2 1
41.1 25.3 1
78.7 26.1 1
53.1 2.63 1
71.7 2.88 1
41.1 23.5 1
47.9 43.3 1
41.3 44.4 1
41.3 45.7 1
54.6 43.3 1
44.3 21.3 1
78.7 24.3 1
77.5 28.1 1
75.3 76.5 0
44.8 71.7 0
55.5 52.6 0
77.2 75.1 0
76.8 83.7 0
50.3 82.1 0
78.7 85.4 0
64.4 77.5 0
65.5 75.2 0
42.9 73.3 0
58 75 0
112 47.5 0
81.3 25 1
111 32.9 0
83.3 15.8 1
81.4 17.1 1
81.3 23.2 1
81.3 44.5 0
81.3 45.7 0
116 2.18 1
112 16.5 1
89.4 80 0
116 78.2 0
99 54.3 0
93.6 98.6 0
81.4 78.4 0
93.4 76.8 0
81.4 80.4 0
168 4.88 0
163 19.5 0
126 1.53 1
168 44.4 0
124 1.53 1
133 6.7 1
126 15.5 0
162 48.8 0
123 48.1 0
166 16.7 0
168 18 0
168 45.6 0
167 26 0
167 69.2 4
168 85 4
162 95.3 4
169 90.1 4
169 91.9 4
166 93.4 4
163 97.2 4
169 71.8 4
163 92.8 4
165 60.4 4
167 58.5 4
182 36.9 0
171 80.4 4
190 51.3 4
171 78.5 4
176 52.6 4
12.5 3.28 1
25.6 1.33 1
20.2 1.18 1
5.7 48.8 1
18.8 1.18 1
2.58 38.3 1
1.83 41.9 1
3.45 40 1
36.8 48 1
32.4 1.35 1
35 48.6 1
18.8 48.6 1
7.53 48.8 1
20.7 53 1
11.7 81.6 1
38.4 85.1 0
19.4 74.1 1
2.55 86 1
0.625 85.8 1
37.9 96.1 0
54.9 17.6 1
65.7 18.8 1
64.4 10.1 1
52.6 47.2 1
54.3 45.8 1
76.8 48 0
75 48.6 0
53.4 89.3 0
56 54.9 0
44.3 78.5 0
48.6 78.2 0
49.9 52.9 1
52 51.3 0
96.1 1.5 1
118 40.3 0
89 46.3 0
114 1.53 1
104 31.2 0
83.2 69.4 0
96.9 98.5 1
117 88.8 1
96.5 89 1
118 76.7 0
81.3 71.6 0
117 82.3 0
162 9.6 0
164 21.9 0
168 34.3 0
142 18.2 0
122 40 0
123 41.9 0
121 13.7 1
164 24.2 0
167 36 0
175 1.53 0
180 4.88 0
172 91.7 4
172 89.8 4
174 96.4 4
37.2 17.4 1
22.7 26.5 1
19.7 21.8 1
19.9 37 1
21.1 34.8 1
25.7 79.1 1
38 55.7 1
34.3 52 1
25.8 74.7 1
10.3 98.1 1
4.98 98.6 1
14.8 79.3 1
37.3 53.9 1
37.3 73.5 0
72.1 46.9 0
76.8 19.9 1
78.5 5.13 1
61.9 21.6 1
77.2 14.1 1
70.1 1.23 1
47.2 25.3 1
44.7 16.1 1
43.2 17.7 1
76.2 2.3 1
78.3 55.5 0
74.6 51.8 0
74.4 98.4 0
41.6 55.3 1
42.8 53.5 1
77.6 53.7 0
83.4 11.3 1
81.5 9.43 1
81.5 5.13 1
81.9 56 0
83.8 86.1 0
83.1 54.1 0
81.9 84.3 0
116 93.3 1
117 52.1 0
119 55 0
115 51.4 0
147 40.8 0
163 17.6 0
166 21.3 0
160 47.3 0
132 2.8 1
166 2.05 0
130 9.8 1
167 82.9 4
123 83 0
122 84.9 0
148 74.9 0
123 76.4 0
173 10.7 0
171 9.3 0
171 5 0
173 40.6 0
184 2.63 0
172 3.13 0
183 97 4
179 87.8 4
36.8 33.8 1
37.3 41.5 1
32.2 46.9 1
32 27.2 1
38.7 39.8 1
38.2 10.3 1
38.7 35.5 1
6.15 24.7 1
15.5 23 1
24.5 26 1
10.3 43.8 1
9.75 46.4 1
35 3.6 1
36.3 5.48 1
3.88 2.65 1
17.3 73.2 1
58.7 12.5 1
53.9 19.4 1
64.9 1.58 1
41.7 40.1 1
52.8 27.4 1
49.8 76.4 0
55.8 79.3 0
50.8 95.9 0
77.4 96.1 0
111 46 0
117 42 0
81.8 40.3 0
83.1 31.9 1
117 48 0
107 35.1 0
115 48.7 0
116 4.38 1
83.5 2.3 1
111 53 0
168 40.1 0
168 22.9 0
129 88.4 0
160 88.5 4
189 2.8 0
180 16.3 0
171 35 0
183 7.05 0
171 39.3 0
194 2.1 0
174 47.5 0
172 84.8 4
13 17.7 1
19.1 25.1 1
8.3 24 1
9.85 1.4 1
3.3 53.4 1
21.5 77.6 1
24.9 96.5 1
14.3 76.2 1
32.1 96.4 0
59.2 17.9 1
42.7 12.9 1
76.8 78.4 0
78.6 77.1 0
43 88.2 0
47.5 85.3 0
42.8 96.5 0
117 38.5 0
117 31.8 0
113 13.3 1
92.3 84.1 0
88.5 70.9 0
105 98.1 1
119 85 0
143 33.6 0
146 30.4 0
148 35.3 0
123 31.9 0
155 53.2 0
121 67.1 0
137 53.9 0
146 76.2 0
195 47.3 4
191 96.5 4
185 52.9 4
28 31.8 1
15.6 46.3 1
20.5 47.5 1
36.5 62.9 1
15.8 54.5 1
2.95 77.3 1
70.9 29.3 1
59.9 21.3 1
51.7 24.2 1
41.6 34.3 1
57.7 25.9 1
67.1 45.8 0
55.5 75.2 0
95.3 9.2 1
110 35 0
81.3 94.3 0
105 52.8 0
86.6 98.7 0
117 57.7 0
129 47.2 0
124 8.75 1
122 15.2 0
140 5.05 1
158 22.1 0
122 22 0
155 96.3 0
153 66.6 0
167 86.7 4
123 86.9 0
173 22.2 0
173 33.1 0
173 66.4 4
178 53.8 4
16.1 3.05 1
37.1 22.1 1
35.8 71.5 0
3.03 98.6 1
18.8 97.3 1
48.7 46 1
41.3 10.4 1
56.4 98.8 0
56.9 96.4 0
55 94.7 0
53 98.8 0
54.6 77 0
102 7.08 1
92.8 1.5 1
119 5.68 1
83.1 38.4 0
119 9.98 1
119 34.8 0
81.2 34.7 1
111 48.8 0
114 98.9 1
84.7 74.8 0
117 96.6 1
133 23.7 0
123 46.9 0
128 5.25 1
137 48.9 0
139 48.9 0
146 70.6 0
169 55.2 0
137 96 0
125 66.9 0
131 53.3 0
181 11.3 0
195 53.2 4
197 60.4 4
4.73 34.4 1
1.93 2.65 1
20 84 1
38.4 83.2 0
29.1 59.5 1
43.3 36.9 1
68.1 38.6 1
42.5 48.2 1
72.5 41.9 0
41.2 66.1 0
103 47 0
101 3.2 1
85.9 10.8 1
81.1 28.1 1
83 28.8 1
82.4 26.3 1
84.3 26.9 1
82.5 48.2 0
108 89.9 1
112 65.2 0
117 73.2 0
87.9 53.7 0
146 22.6 0
123 38.1 0
168 32.4 0
129 95.6 0
121 73.2 0
122 55 0
152 76.5 0
122 53.2 0
195 62.7 4
22.1 3.13 1
3.65 45.8 1
37.2 26.3 1
37.6 46.7 1
30 7.83 1
38.2 49.4 1
21.6 38.1 1
22.9 36 1
12.4 97 1
10.3 53.7 1
8.7 96.8 1
39.3 51.9 1
52 39.7 1
65.8 16.6 1
62.6 48.6 0
78.6 17.8 1
78.7 10.7 1
77.6 46.7 0
78.2 49.4 0
74.7 35 1
66.1 31.2 1
67.6 8.8 1
78.2 32.1 1
78.1 82 0
43 82.3 0
41.2 64 0
41.3 84.9 0
79.3 51.9 0
41.2 51.9 1
100 39.1 0
98 39.9 0
100 34.4 0
118 49.4 0
118 0.65 1
84.1 97.8 0
106 71.4 0
118 50.8 0
92.2 98.6 0
83.3 82.1 0
87.6 94 0
81.2 51.9 0
111 69.1 0
144 13.6 0
152 12.9 0
167 6.55 0
147 47 0
133 4.18 1
167 12.9 0
163 1.4 0
136 47.3 0
138 85.2 0
141 70.4 0
142 74.4 0
166 52.3 0
121 51.9 0
188 10.2 0
173 13.8 0
177 98.6 4
196 79.3 4
171 55.1 4
199 61.7 4
38.7 43.3 1
38.2 12.2 1
38.7 1.6 1
16.8 38.2 1
3.3 90.3 1
8.83 51.7 1
38.7 93.9 0
22.8 98.5 1
36.2 53.1 1
17.1 69.1 1
36.8 97.4 0
39.3 97.7 0
52.3 8.9 1
77.1 8.3 1
54.7 31.9 1
43.1 42.1 1
74.1 1.65 1
78.7 43.3 0
77.7 0.65 1
59.3 29.9 1
41.3 1.6 1
61.8 77.3 0
63.3 98.4 0
78.5 66.6 0
63.4 51.7 0
41.2 97.7 0
79.3 97.7 0
76.5 52.9 0
97.6 35.1 0
90.1 26.2 1
94.1 24.2 1
117 20.2 0
81.9 13.4 1
86.8 1.65 1
109 47.4 0
106 2.7 1
109 64.4 0
105 68 0
81.9 66.8 0
112 87.5 1
119 66.9 0
81.2 97.7 0
117 53.2 0
119 97.7 0
110 80.8 1
108 71.7 0
151 10.6 0
167 42 0
166 24.8 0
121 43.4 0
127 48.8 0
121 34.7 0
121 1.6 1
138 43.4 0
147 82.4 0
151 80.7 0
145 80.7 0
146 51.2 0
168 66.4 4
122 81.7 0
157 98.1 4
122 97.7 0
121 97.7 0
148 51.2 0
169 97.7 4
172 42.8 0
172 49.4 0
173 46.3 0
178 1.53 0
171 1.6 0
192 10.1 0
173 82.6 4
181 98.6 4
172 50.8 0
171 97.7 4
174 93.9 4
172 68.1 4
198 63.9 4
31.4 14.8 1
11.7 1.4 1
23.4 51.7 1
31.5 62.2 1
64.5 25.2 1
63.1 1.58 1
70.6 48.3 0
56.3 22.8 1
50.6 20.1 1
57.5 1.25 1
41.4 4.68 1
42.7 2.8 1
78.7 88.3 0
78.5 64.5 0
54.6 98.8 0
96.3 26.1 1
111 1.53 1
83.2 42.3 0
118 46.8 0
89.6 62.8 0
106 88.1 1
119 64.7 0
110 51.6 0
119 83.2 0
93 64.8 0
108 81.6 1
96.5 62.1 0
142 13.8 0
154 29.8 0
121 10.9 1
122 3.13 1
121 5 1
168 49.4 0
156 4.3 0
154 11.6 0
166 48.1 0
139 87.9 0
154 51.5 0
131 97.9 0
168 81.6 4
160 68.9 4
157 51.7 0
168 50.8 0
148 98.6 0
123 68.8 0
167 96.6 4
176 48.2 0
183 4.6 0
176 1.53 0
200 48.7 4
176 9.6 0
173 2.48 0
173 74.7 4
173 86.6 4
172 72.5 4
173 52.2 0
172 59.5 4
13.3 35.5 1
36.8 31.5 1
30.7 48.3 1
32.7 41.9 1
28.5 1.33 1
18.1 23.1 1
4.85 51.7 1
19.2 86.2 1
25.5 51.7 1
33.9 98.3 0
33.1 90.3 0
27.4 61 1
68.8 24.1 1
66.6 2.8 1
70 33.6 1
56 2.45 1
41.6 32.4 1
77.5 3.25 1
78.1 94 0
65.4 98.4 0
65.5 51.7 0
78.7 86.5 0
46.9 51.6 1
46.9 98.7 0
41.6 94.3 0
76.3 97.4 0
118 22.2 0
101 48.4 0
119 43.3 0
93.1 48.7 0
107 22.9 1
118 12.3 1
96.8 3.25 1
82 0.65 1
111 57.6 0
81.9 64.7 0
112 82.9 0
161 36.3 0
159 34 0
132 30.6 0
131 38.8 0
153 19.9 0
153 9.23 0
149 48.5 0
147 3.03 1
169 10.1 0
157 48.6 0
141 47.4 0
168 3 0
168 0.65 0
125 28 0
140 52 0
145 98.6 0
168 64.3 4
135 97.9 0
136 51.9 0
147 69 0
194 79.9 4
188 60.6 4
185 98.4 4
175 97.7 4
6.23 12 1
26.7 1.33 1
33.8 48.6 1
12.6 26.9 1
10.8 8.18 1
38.4 88 0
6.8 61.2 1
4.35 59.6 1
31.4 52 1
38 58.6 1
0.95 51.7 1
26.5 98.1 0
38.4 86.2 0
20.7 90 1
78.5 38.6 0
78.5 36.7 0
53.6 13.9 1
49 15.5 1
73.8 48.6 0
41.3 12.2 1
76.9 23 1
64.2 70.4 0
71.7 51.8 0
78.3 58.4 0
71.5 98.4 0
72.4 84.8 0
78.6 72.8 0
71.3 89.1 0
67.5 82.5 0
113 1.53 1
102 4.68 1
110 25.7 0
101 26.1 1
95.3 48.7 0
119 32.9 0
104 23 1
101 17.2 1
84.7 53.4 0
81.9 58.9 0
81.9 89.2 0
92.9 51.4 0
114 51.4 0
118 59.2 0
139 25.8 0
155 33.4 0
140 43.5 0
154 6.9 0
131 48.4 0
155 48.6 0
141 2.73 1
149 1.68 1
165 1.4 0
128 42.2 0
153 98.2 4
122 63.8 0
134 71 0
123 58.2 0
122 77.9 0
121 74.9 0
135 73.4 0
130 77.8 0
186 23.2 0
184 48.9 4
182 48.9 4
182 24.2 0
172 31.6 0
190 98.4 4
192 75.8 4
194 98.1 4
171 63.9 4
177 66.8 4
180 81.4 4
2.03 12.7 1
36.1 7.6 1
17.9 30.5 1
13.8 33.2 1
21 15.7 1
21.2 11.4 1
7.55 9.43 1
13.7 89.6 1
7.25 66.5 1
24.5 90.7 1
38 56.8 1
33.2 52 1
8.58 88.5 1
38.5 67 0
8.08 83.1 1
30.5 98.1 0
15 87.3 1
72.6 10.1 1
47 65.5 0
41.6 58.2 1
60.8 60.3 0
78.3 56.7 0
73.5 51.8 0
41.6 56.4 1
73.3 98.4 0
52.5 97.1 0
72 76.5 0
70.9 74.5 0
58.5 62.9 0
69.7 82.3 0
43.6 52.7 1
81.2 32.9 1
82.3 3.25 1
81.9 87.4 0
109 92.4 1
81.9 57.1 0
108 60.1 0
118 94.5 1
90.9 58.9 0
94.5 58.6 0
95.1 51.4 0
119 56.2 0
88.5 51.4 0
151 16.7 0
143 40.4 0
121 49.4 0
123 49.4 0
133 63.4 0
138 75.5 0
140 81.4 0
129 81.6 0
128 97.7 0
148 56.7 0
135 68.5 0
135 85.4 0
143 57.3 0
140 68.4 0
140 98.2 0
160 80.7 4
123 95.5 0
168 77.8 4
138 79.3 0
136 60 0
124 52.5 0
131 79.6 0
192 18.6 0
188 18.6 0
199 81.3 4
191 87.1 4
189 89.6 4
197 75.1 4
194 73.9 4
183 66.5 4
180 69.6 4
23.4 48.9 1
6.63 2.75 1
18 81 1
13.4 98.9 1
38.5 64.9 0
23.8 83.1 1
29.7 63.6 1
78.5 6.35 1
53.1 25.3 1
55.7 24.6 1
78.7 12.6 1
68.6 90.8 0
41.3 83.1 0
71.6 68.9 0
46.4 61.5 0
81.5 8.2 1
81.5 6.35 1
91.3 29.3 1
94.2 29.4 1
118 3.8 1
114 48.7 0
85.1 1.65 1
119 13.9 1
101 66.1 0
84.4 92.4 0
101 83.2 1
99.3 62.6 0
116 97.9 0
81.4 81.5 0
88.2 96.4 0
151 28.4 0
153 41.6 0
163 20.6 0
135 39.7 0
144 90.7 0
146 90.6 0
130 62.9 0
142 64.4 0
141 60.9 0
147 64.9 0
123 72.3 0
121 93.3 0
167 92.9 4
136 88.1 0
122 59.8 0
167 75.8 4
171 8.08 0
198 41.1 0
171 6.23 0
192 4.48 0
171 14.3 0
192 64.1 4
171 81.5 4
186 81.7 4
185 80.1 4
29.9 23.3 1
38.7 38.6 1
38.2 9.05 1
38.7 36.7 1
21.3 1.18 1
8.7 1.4 1
12.2 48.8 1
25.5 48.9 1
35.4 13.9 1
24.6 18 1
7.45 13.9 1
12.1 52 1
10.9 67.9 1
58.6 42.2 1
41.7 38.9 1
42.7 7.53 1
54.7 18.5 1
42.1 28.2 1
43.2 26.6 1
43.6 97.8 0
90 6.95 1
91.1 40.8 0
105 48.6 0
119 17.7 0
96.6 41.7 0
101 95.2 1
119 87.9 0
97.4 98.5 1
119 86.1 0
111 98.9 1
168 38.9 0
159 40.3 0
168 43.4 0
121 32.9 0
145 48.6 0
121 18.1 0
168 37 0
158 12.7 0
150 25.2 0
154 2.18 0
148 88.2 0
128 51.4 0
163 51.5 0
159 76.8 4
187 7.85 0
171 38.1 0
193 48.6 4
178 33.4 0
171 36.2 0
171 18.1 0
180 27.5 0
174 27.5 0
190 68.5 4
181 74 4
21.6 32.8 1
31.9 17 1
10.2 47.6 1
38.7 18.2 1
23.8 66.8 1
38.2 51.1 1
20.6 63 1
38.7 73.7 0
71.4 8.4 1
78.2 21 1
41.3 43.5 1
57.1 48.7 0
60.8 41 1
50.5 67.3 0
54.1 63.1 0
45.2 98.7 0
78.2 51.1 0
45.2 51.6 1
43.8 67.3 0
112 42.6 0
90 4.4 1
81.3 43.5 0
81.4 18 1
101 92.4 1
100 85.7 1
103 75.4 0
113 98.9 1
119 51.9 0
98 69.7 0
129 36.6 0
161 30.3 0
127 1.53 1
123 2.48 1
137 1.38 1
169 18.1 0
121 12.8 1
142 37.9 0
168 46.9 0
121 21.4 0
159 82.6 4
158 65.1 4
168 53.4 0
121 89.3 0
130 51.4 0
121 87.6 0
195 15.2 0
171 21.4 0
199 15.8 0
191 48.6 4
181 29.5 0
186 74.2 4
191 82.6 4
183 64 4
184 51.2 4
182 51.2 4
186 69.6 4
38.8 31.3 1
38.7 21.6 1
33.5 1.35 1
12.4 11.1 1
16.9 40.7 1
21.7 60.5 1
38.7 77.1 0
38.2 99 0
64.4 44.8 0
44.3 30.3 1
63.8 27.7 1
41.6 35.5 1
54.2 47.1 0
46.6 48.8 1
41.1 22.7 1
71.1 25.6 1
72.5 19.9 1
43.1 20.4 1
78.7 23.5 1
71.8 39.8 0
59.9 70.2 0
70 66.4 0
72.4 62.3 0
44.5 92.1 0
56.1 51.3 0
60.7 90.2 0
49 91.8 0
78.6 74.5 0
78.2 99 0
54.1 97.1 0
41.5 73.5 0
60.5 82.8 0
93.8 20.8 1
90.9 36.5 0
86.6 48.9 0
81.3 22.4 1
97.7 16.9 1
119 1.6 1
82.7 20.7 1
92.9 67.5 0
105 79.9 0
119 73.6 0
104 51.2 0
82.6 74.6 0
81.3 72.5 0
102 51.2 0
118 99 0
104 89 1
152 4.05 0
154 22.2 0
134 13.5 0
131 28.1 0
129 33.5 0
155 28.2 0
127 21.2 0
145 16.2 0
128 26.8 0
122 9.3 1
169 12 0
139 1.38 1
163 48.8 0
145 1.35 1
142 25.7 0
152 24.9 0
123 29.4 0
157 70.1 4
169 56.4 4
169 72.7 4
169 58.1 4
126 75 0
186 32 0
186 12.2 0
194 11.8 0
180 20.6 0
172 0.95 0
187 76.2 4
190 57.6 4
185 60.7 4
193 51.3 4
178 60.8 4
171 77.7 4
172 53.3 4
171 51.9 0
176 51.5 4
20.4 30.2 1
0.8 48.9 1
8.7 48.8 1
0.75 18.9 1
29.6 2.68 1
30.7 39.1 1
15.3 11.1 1
16.8 8.25 1
30 87.4 0
14.8 91.9 1
35.9 90.1 0
5.75 82 1
6.45 74.1 1
9.25 59.5 1
46.6 29.5 1
52.5 48.4 0
41.3 9.13 1
46.9 1.2 1
53 1.2 1
57.5 8.33 1
42 18.2 1
43.3 48.8 1
58.1 68.5 0
52 69.3 0
65.8 67.5 0
57.6 86.8 0
75.7 90.5 0
41.5 76.8 0
64.7 61.1 0
52.8 51.3 0
44 61 0
68.9 57.6 0
64.8 85 0
76 83.7 0
96 34 0
119 37.9 0
81.2 37.8 0
119 6.9 1
119 36 0
81.2 36 0
119 8.75 1
83.3 48.9 0
89.4 86.5 0
99.1 75.2 0
93.6 91.6 0
119 76.9 0
81.4 77.6 0
104 58.6 0
138 24 0
160 4.78 0
129 3 1
168 28.3 0
168 27 0
168 20 0
131 1.48 1
145 10 0
131 83.3 0
154 83.2 4
161 59.4 0
143 54.5 0
169 89.1 4
122 56.2 0
163 98.9 4
169 94.5 4
169 51.9 0
153 74 4
131 70.9 0
150 69.6 0
149 53.9 0
169 87.3 4
184 31.9 0
186 16.9 0
199 31 0
198 38.7 0
195 43.4 0
188 1.25 0
186 1.25 0
194 35.3 0
194 87.8 4
199 85.1 4
197 91 4
182 92.8 4
179 63.5 4
191 51.3 4
171 93.2 4
184 85.4 4
176 58.5 4
18.4 17.7 1
19.7 8.95 1
26 7.8 1
24.8 4.23 1
2.53 23.8 1
35.7 2.3 1
3.2 19.8 1
9.6 36.1 1
37.7 0.95 1
4.73 48.8 1
3.03 47.7 1
7.6 40.1 1
12.3 4.23 1
1.73 10.1 1
33.3 34.5 1
22.2 41.5 1
4.83 30.2 1
26.4 86.7 1
7.08 90.6 1
18.3 51.3 1
17.1 51.3 1
17.7 98.9 1
16.5 98.9 1
22.3 68.8 1
4.5 69.5 1
18.2 92.9 1
29.4 74.4 1
0.525 69.2 1
13.8 60.7 1
61.2 6.55 1
76.1 41.1 0
55.7 7.05 1
78.7 28 1
78.7 26.7 1
79 1.6 1
41.3 46.3 1
41.3 47.6 1
60.1 38.5 1
60.2 94.7 0
55 86.6 0
60.3 55.2 0
41.3 87.8 0
64.6 89.1 0
41.3 86 0
42 51.1 1
66.5 79.1 0
115 25.2 0
103 15.1 1
104 39.6 0
88.2 25 1
81.3 25.7 1
108 18.4 1
109 9.95 1
81.3 46.4 0
81.3 47.6 0
97 73.5 0
115 69.6 0
112 78.3 0
94.3 96 0
90.3 90.7 0
82 51.1 0
101 59 0
136 31.6 0
152 39.9 0
162 7.1 0
137 36.6 0
128 22.9 0
124 41.3 0
122 48.1 0
157 18.8 0
138 30 0
122 26.1 0
153 36.3 0
162 69.8 4
165 51.5 0
128 75.6 0
194 21 0
173 26.3 0
194 32.7 0
181 85.2 4
178 75.8 4
194 57.2 4
194 70.2 4
171 56.3 4
172 99 4
171 58.1 4
