48.9 40 1
37.3 2 1
0.625 40 1
1.53 16.4 0
45.4 39.7 1
39.3 11.7 1
28.7 12.8 1
40.8 9.4 1
31 10.6 1
1.38 30.8 1
51.6 14 1
10 5.13 0
38.8 38.2 1
14.2 2.38 0
4.88 35.4 1
56.4 6 1
55.2 4.13 1
14.9 26.3 1
13.5 24.1 1
42.9 27.1 1
33.6 32.2 1
52.7 3.18 1
11.5 29.3 1
35.9 41.9 1
13.8 29 1
38.9 18.5 1
46.4 22.8 1
30.2 43.4 1
5.43 32.9 1
43.1 1.43 1
10.4 34.6 1
43.7 24.6 1
11 24.7 1
24.1 38.4 1
54.9 14.4 1
55.5 42.2 1
56.5 9.2 1
32.4 29.4 1
57.1 27.7 1
15.5 18.9 1
24.8 40.7 1
17.9 10.3 0
12.3 17.2 0
58.8 19.3 1
19.1 38.6 1
12.3 8.63 0
53 43.1 1
28.5 3.1 1
1.55 18.7 0
36.2 31.9 1
3.78 24.9 1
58.9 27 1
56.8 12.9 1
51.9 21.1 1
21.6 16.7 1
57.5 32 1
3.43 43.8 1
12.2 1.38 0
32.7 23.5 1
24.9 18.9 1
53.3 24.8 1
7.23 43.8 1
57.5 0.95 1
57.5 44.1 1
58.8 21.8 1
25.2 13.9 1
49 36.9 1
46.7 36.5 1
7.63 4.98 0
2.78 41 1
34.4 1.13 1
35.1 3.13 1
18.9 40.9 1
43.3 42.8 1
34.9 29.2 1
34.6 26 1
17.1 43.5 1
8.83 21.7 1
36.1 18.6 1
55.9 25.8 1
57.6 25.1 1
20.8 42.4 1
1.15 37 1
3.3 38 1
9.28 10.4 0
43.5 14.3 1
41 14.7 1
43.4 10 1
14.4 59.1 1
20.9 68.6 0
29.5 60.2 1
51.5 84.3 0
47.2 77.8 0
6.05 70.9 1
41.5 66.9 0
22.6 90.1 0
6.9 77.6 1
38.1 50.2 1
43.8 60.4 1
19.8 75.4 0
28.1 76.4 0
57.9 77.3 0
30.2 70.8 0
51.7 73.8 0
3.53 97.1 0
40.3 77.9 0
4.88 61.2 1
17.2 47.9 1
20.1 85.8 0
39.3 48.1 1
20.9 61.8 1
10.9 96.2 0
29.7 98.1 0
12.5 98 0
22.4 57.4 1
36.4 67.8 0
55.6 97.2 0
6.45 90.1 0
56.2 82.1 0
33.4 58.1 1
22.3 63.8 0
53.1 98.1 0
29.6 81.2 0
0.75 59.3 1
11.8 89.2 0
25.7 82.7 0
3.25 53.5 1
34.6 79.5 0
13.3 84.7 0
26.6 56.3 1
49.3 67.6 0
58.7 55.5 1
55.1 88.8 0
33.8 76 0
35.9 74.3 0
31.2 87.8 0
18.2 46.1 1
55.7 49.5 1
57.1 87.4 0
10 52.2 1
57.1 72.1 0
58.1 94.3 0
21.8 47.9 1
43.1 46.8 1
44 98.5 0
24.7 98.5 0
45 48.1 1
34.1 98.1 0
52.1 70.9 0
17.1 72.8 0
36.3 84.1 0
57.1 85.8 0
5.13 46.5 1
58.7 58.8 1
46.5 98.5 0
27.5 46.3 1
46.9 46.3 1
57.5 99.1 0
23.7 71 0
28.3 88.3 0
27.3 90.6 0
9.45 59.8 1
1.83 63.9 1
18.2 90.2 0
35.7 48.4 1
44.4 92 0
47.7 92 0
22.9 98.5 0
41.8 62.2 0
9.45 75.5 0
9.2 73.5 1
51.7 87.6 0
57.5 46.3 1
54.5 65 0
13.7 48.3 1
53.2 48.2 1
25.9 48.1 1
3.15 94.2 0
10.5 46.5 1
8.93 49.3 1
58.3 65.7 0
55.4 70.4 0
8.65 67.5 1
69.2 33.2 1
70.8 35.5 1
79.9 27.7 0
68.2 1.35 1
65.3 43.3 1
87.9 18.2 1
68.9 3.7 1
84.9 33.2 0
63.2 12.4 1
63.5 42.3 1
85.2 41 0
68.6 43.3 1
62.1 27.8 1
76.5 21 1
86.9 31.3 0
61.9 18.1 1
63.6 20 1
82.7 41.9 1
61.4 5.5 1
88.5 27 0
61.7 21.9 1
87.5 44.1 0
87.5 0.95 1
61.7 44.1 1
61.7 0.95 1
70 12.7 1
70.5 41.5 1
76.3 3.65 1
67 9.58 1
79.2 13.9 1
64.6 9.1 1
63.2 10.6 1
71.5 24.6 1
72.8 22.1 1
78.3 73.7 1
80 92 1
65.3 70.8 0
72 48.3 0
78 63.4 1
81 49.5 0
65.3 46.9 1
74.4 60.8 1
63.6 76.1 1
61.5 90.1 0
70.9 70.9 1
80.8 68.9 1
70.1 96.4 1
72.7 73.6 1
68.6 46.9 1
63.3 82.7 0
71.3 79 1
89 85.4 1
82.9 90.7 1
61.9 84.7 0
69 79.4 1
65 63.3 1
65 98.3 0
68.3 98.3 1
86.6 69.5 1
71.5 60.8 1
63.2 97.4 0
61.9 52.3 1
71.1 83.3 1
88.8 58.5 1
61.5 81.5 0
73.8 88.7 1
72.9 81.5 1
61.5 77.3 0
85.7 97.7 1
88.2 94.7 1
68.8 81.8 1
61.5 94.5 0
89 88.7 1
83.2 98.6 1
88.7 76.8 1
87.5 99.1 1
61.7 99.1 0
72.1 86.7 1
76.9 88.6 1
86.8 60.4 1
61.9 54.1 1
61.8 65.5 0
87.5 46.3 0
87.2 90.5 1
85.6 53.2 1
62.8 48.8 1
60.9 46.9 1
136 37.9 0
178 32.7 0
161 5.15 1
176 34.7 0
171 39.4 0
115 28.9 0
170 18 0
142 4.8 1
138 12.8 1
145 24.9 0
179 25.9 0
190 31.3 0
169 16.2 0
163 15.3 0
168 39.5 0
107 26.1 0
111 4.1 1
171 33.6 0
141 11.7 1
94 42.2 0
153 6.8 1
154 4.53 1
160 8.38 1
158 1.63 1
186 26.1 0
113 12.8 1
142 25.1 0
134 18.5 0
189 33.6 0
156 33.3 0
135 22.2 0
167 3.3 1
182 29 0
133 23.6 0
119 14.2 1
131 3.48 1
136 2.1 1
111 13.8 1
142 9.05 1
94.7 15.1 0
133 42 0
94.6 29 0
95 34.4 0
123 18 1
103 23.9 0
152 2.35 1
194 39.9 0
111 35 0
120 26.8 0
123 1.78 1
166 23.2 0
111 32.5 0
179 19.2 0
178 1.4 1
180 3 1
155 40.4 0
100 20.6 0
122 15.4 1
119 20.9 0
144 31.7 0
102 15.5 1
145 33.9 0
166 43.7 0
172 27.8 0
157 27 0
105 15.1 1
101 37.5 0
151 2.35 1
114 16.6 1
112 16.3 1
99.6 2.83 1
120 4.4 1
150 23.6 0
135 43.8 0
160 30.4 0
103 36.9 0
192 4.95 1
178 43.6 0
169 10.1 1
92.7 13.6 0
199 7.23 1
196 19.6 0
179 8.25 1
110 43.5 0
176 8.38 1
105 4.53 1
161 35.7 0
96.5 27.4 0
179 41.7 0
129 42.1 0
171 14.4 0
154 27.1 0
127 36.6 0
144 15.8 0
196 43.7 0
158 42 0
198 37.4 0
151 43.4 0
176 22.7 0
132 17 1
131 43.2 0
105 8.8 1
116 20.2 0
136 25.3 0
156 43.9 0
117 7.15 1
198 1.15 1
175 13.4 0
191 43.6 0
137 23.9 0
187 8.93 1
173 43.6 0
188 14 0
142 19 0
100 43.7 0
106 7.03 1
103 9.18 1
101 1.4 1
190 15 0
179 15.1 0
176 43.6 0
164 43.7 0
189 43.6 0
102 43.7 0
112 43.5 0
97.8 1.43 1
139 43.8 0
127 43.9 0
92.2 44.1 0
92 0.95 1
128 2.2 1
132 14 1
110 6.6 1
121 32.1 0
156 1.63 1
142 30.7 0
137 33.5 0
134 34.5 0
118 41.7 0
149 3.83 1
104 30.5 0
105 32.5 0
148 22.7 0
92 18 0
107 18.6 1
144 43.6 0
199 32.3 0
125 31.6 0
137 31.1 0
148 35.1 0
99.2 8.15 1
114 3.05 1
163 3.53 1
109 41.2 0
199 41.8 0
138 2.1 1
195 10.5 1
116 40.3 0
167 29.6 0
165 28.6 0
183 25.2 0
135 29.2 0
93 10.3 1
94.6 8.95 0
120 7.38 1
119 8.5 1
147 28.7 0
122 42.5 0
195 34.5 0
196 1.15 1
147 40.1 0
130 33.9 0
186 16.9 0
93.9 20.1 0
91.9 22.1 0
146 2.7 1
144 1.23 1
137 61.9 0
174 80.5 0
104 87.5 1
182 61.1 0
136 49.9 0
173 50.2 0
162 60.5 0
138 71.1 0
116 52.7 0
189 87.2 0
146 52.6 0
100 59 0
117 90.6 0
163 84.9 0
121 48.1 0
123 46.5 0
93.6 84.8 1
176 83.8 0
149 89.4 0
127 59.9 0
188 89.9 0
100 53.3 0
124 83 0
172 53.8 0
101 65.2 1
111 59.8 0
123 53.3 0
122 71 0
156 88 0
154 89.7 0
113 64.6 0
192 50.3 0
169 89.2 0
194 96.5 0
155 63 0
119 89.4 0
98.4 89.4 1
121 54.2 0
155 84.3 0
171 48.5 0
178 46.8 0
149 92 0
191 73.7 0
166 92.5 0
108 46.6 0
146 86.3 0
174 77 0
191 59.7 0
149 69.6 0
132 46.5 0
180 48.2 0
122 74.1 0
164 88.9 0
161 73.6 0
141 60.6 0
142 58.9 0
127 80.7 0
93 95.8 1
128 64.1 0
178 66.6 0
185 64.1 0
162 57 0
180 73.6 0
113 81.3 1
121 92.3 0
151 80.4 0
103 60.7 0
121 95.5 0
105 71.8 1
107 69.4 0
132 76.9 0
108 77.1 1
103 46.6 0
135 46.5 0
118 85.2 0
91.3 85.6 1
143 90 0
117 83.5 0
131 71.5 0
186 56.7 0
191 96.8 0
194 70.3 0
194 72.7 0
127 46.9 0
98.1 54.7 0
130 93.6 0
188 80.6 0
139 97.1 0
93 91.3 1
103 80.8 1
136 64.8 0
168 70.6 0
168 72.7 0
198 77.4 0
107 61.3 0
135 88 0
138 46.1 0
158 77.6 0
144 46.7 0
140 53.1 0
169 86.5 0
141 72.1 0
132 97.4 0
166 69.2 0
163 46.7 0
101 98 1
92.1 73.7 1
159 95.6 0
130 98.9 0
140 98.5 0
141 47.8 0
190 61.9 0
146 81.8 0
95.2 65.7 1
178 56.4 0
193 53.1 0
167 81.6 0
91.5 55.3 1
119 59.5 0
176 88 0
91.5 58.6 1
119 65.4 0
199 46.4 0
172 98.4 0
150 98.7 0
163 98.7 0
196 46.4 0
127 98.9 0
92 99.1 1
124 48.4 0
123 50 0
135 60.3 0
114 70.5 0
182 83.7 0
185 80 0
106 82.8 1
182 63.7 0
113 69 0
158 63.7 0
100 70.7 1
143 86.2 0
192 88.6 0
158 49.8 0
117 48.1 0
167 74.2 0
125 74.3 0
97.5 46.7 0
154 47.1 0
155 50.1 0
139 75.7 0
140 77.5 0
141 74.1 0
143 75.9 0
135 54.9 0
190 49 0
174 63.7 0
168 98.4 0
166 97.1 0
149 48.7 0
189 95.2 0
133 87.1 0
93.5 60.1 1
150 58.1 0
124 97.5 0
123 98.6 0
156 98.4 0
158 98.4 0
199 86.4 0
143 66.7 0
106 89.9 1
109 89.9 1
92.3 82.7 1
92.2 46.3 0
197 83.3 0
197 80 0
154 66.2 0
153 96.5 0
145 97.2 0
109 84.9 1
117 78.3 0
159 92.7 0
158 90.4 0
181 77.8 0
184 75.3 0
175 66.5 0
127 89.4 0
166 64.2 0
168 62.5 0
5.25 14.8 0
49.9 25.3 1
27.2 14.1 1
40.2 33.2 1
23.6 5.13 1
47 43.5 1
10.2 31.6 1
55.2 17.2 1
13.1 3.93 0
48.2 23.3 1
42.9 31.2 1
42.8 3.03 1
49.7 20.5 1
45.2 7 1
17.7 35.5 1
44.7 4.38 1
18.1 33.1 1
36.2 44 1
48.4 9.05 1
5.23 11.6 0
13.1 14.9 1
13.3 42 1
23.4 35.1 1
38.8 20.7 1
15.2 15.2 1
9.3 41.2 1
54.8 10.9 1
6.1 1.23 0
9.2 23.4 1
11.1 2.93 0
55.7 30.5 1
58.1 39 1
22.4 22.2 1
55.6 33.8 1
52 23.8 1
1.05 24.6 1
3.68 19.6 0
28.6 20 1
29.6 18.2 1
14.4 17.5 0
8.7 38.8 1
53.2 33.5 1
17.5 12.5 1
21.4 14.5 1
12.2 36.7 1
53.3 31.1 1
31.4 6.38 1
27.1 1.98 1
20.8 32.8 1
4.5 23.2 1
25.6 1.98 1
3.73 9 0
1.2 8.58 0
20.2 22.2 1
19.2 19.9 1
21.6 28.5 1
27.4 43.4 1
31.4 2.4 1
25.8 43.4 1
37.9 44 1
2.43 1.23 0
17.5 1 0
23.7 12.4 1
20.6 6.95 1
18.4 8.5 1
40.6 5.03 1
48.7 3.05 1
40.3 25.9 1
41.1 23.4 1
51.5 11.4 1
6.28 28.1 1
48.1 16.7 1
7.63 2.78 0
27.3 26.5 1
25.2 26.5 1
24.6 28.9 1
33.1 2.4 1
33.9 4.4 1
17.1 43.5 1
45.3 41.3 1
41.6 41.8 1
58.1 36.1 1
8.08 18.5 1
36 20.7 1
21.9 3.15 0
20.4 4.15 1
14.1 6.78 0
44.4 16.4 1
11.4 11 0
44.5 12 1
43.5 68.7 0
8.45 71.8 1
22.9 68.8 0
26.1 86.3 0
25.1 88.6 0
9.9 69.8 1
38.1 58.4 1
26.9 64.7 0
17.8 49.5 1
15.2 48.3 1
13.5 96 0
41.7 82.7 0
45.5 60.3 0
22.2 76.2 0
0.875 77.5 1
20.3 88.3 0
8.28 82.3 0
43.3 88.1 0
27 74.5 0
48 61.6 0
27.7 95.4 0
18 98.3 0
29.1 96.9 0
40.1 55.9 1
15.6 94.3 0
49.9 83.1 0
34.6 70 0
58.3 83 0
35.6 90 0
31.4 49.8 1
33.3 77.8 0
11.4 64.6 1
16.1 80.8 0
50.3 59.8 0
46.3 54.7 1
2 61.1 1
5.7 95.3 0
50.2 95 0
15.4 55.9 1
24.1 74.2 0
1.6 51.5 1
58.7 61.6 0
39 61.3 1
5.33 92.4 0
56.9 54.3 1
7.43 98.2 0
19.3 51.3 1
27.7 52.4 1
35.2 65.5 0
6.05 84.8 0
58.1 92.7 0
50.2 48.1 1
13.8 54.1 1
14.6 75.5 0
30.1 47.7 1
15.9 77.2 0
12.2 69.1 1
31.6 85.4 0
58.2 52.3 1
32.5 98.1 0
58.3 84.8 0
17.6 67.8 1
58.6 72.8 0
30.7 52.7 1
15.8 91 0
17.1 71 0
15.7 69.5 1
12.4 46.5 1
7.18 46.5 1
15.6 63 1
17.8 64.1 1
42.8 75.8 0
7.73 61.1 1
25.1 98.5 0
20.3 47.9 1
0.95 67.2 1
43.1 57 1
21.9 96.8 0
56.8 95.8 0
48.9 54.7 1
50.6 56.7 1
56.5 75.1 0
54.9 62.5 0
1.43 46.2 1
2.78 47.6 1
21.4 81.5 0
18.1 84.3 0
18.8 82.3 0
47.4 81.5 0
30.4 78.5 0
49.9 87.9 0
58.7 46.9 1
24.7 46.8 1
2.75 70.3 1
9.08 47.9 1
56.9 68.9 0
5.65 65.9 1
66.3 33.3 1
71.2 31.4 1
72.8 33.8 1
74 28.7 1
81.1 22.7 1
84.9 21.5 0
63.7 16.1 1
72 3.88 1
86.8 28.2 0
61.8 39.1 1
61.8 36.2 1
63.8 25.9 1
73.3 43.2 0
88.1 39 0
88.1 36.1 0
77.4 16.4 1
74.9 43.2 1
83.5 1.5 1
86 2.45 1
64.9 1.35 1
63.1 2.3 1
88.5 25.8 0
62.1 30.6 1
71 15 1
77.4 34.2 0
79.5 32.2 0
62.6 41 1
86.1 10 0
84.6 8.73 0
79.2 2.13 1
88.5 23.9 0
86.4 16.5 0
64.7 88.1 0
80.5 71.8 1
64.9 75.1 0
68.5 71.2 0
87.2 84.5 1
87.2 53.8 0
83.4 46.6 0
88.4 52 0
85.2 73.4 1
86.6 71.6 1
84.5 68 1
64.9 56.4 0
72.1 68.2 1
77.2 55.8 0
88 63.2 1
79.9 54.3 0
88.8 55.2 1
68.3 63.4 1
81.8 79.6 1
82 55.8 1
63.2 68.7 0
73.8 46.5 0
62.3 96 0
88 64.8 1
63.1 61.5 0
81.6 59.1 1
78.5 82.7 1
71.1 84.9 1
82.9 73.7 1
86.9 96.3 1
68.1 56.5 1
88.2 93.2 1
73.1 98.2 1
75.3 46.5 0
76.5 81.2 1
63 58.3 0
61.5 92.9 0
74.7 98.2 1
82.9 88.1 1
79.1 86.3 1
78.6 90.3 1
63.5 72.8 0
79.8 98.6 1
88.2 82.6 1
78.7 94.7 1
85.1 91 1
63.3 64.5 0
88.7 46.9 0
85.9 47.8 0
63.6 47.5 1
61.7 45.6 1
183 20 0
114 26.8 0
122 27.3 0
106 24.2 0
114 30.7 0
161 17 0
148 6.58 1
154 10.7 1
101 4.7 1
123 30.3 0
192 31.4 0
180 28.2 0
179 24.2 0
174 34.7 0
94.6 25.9 0
143 26.8 0
127 17.1 1
197 34.9 0
125 19.1 0
145 26.5 0
163 12.5 0
105 41.3 0
155 35.6 0
143 14.2 0
158 24.7 0
187 33.1 0
172 20.9 0
174 16.2 0
192 39.7 0
126 9.68 1
173 32.4 0
121 9.08 1
154 15.6 0
115 14.6 1
147 8.35 1
145 8.6 1
155 2.8 1
121 18.5 1
108 22.2 0
93.1 36.1 0
131 24.7 0
142 7.33 1
156 17.1 0
153 1.18 1
155 21.6 0
158 29.3 0
103 17.7 0
114 35.6 0
105 17.4 0
119 25 0
157 37.5 0
128 34.8 0
182 1.6 1
185 36.5 0
98.5 27.5 0
199 4.35 1
147 15.2 0
166 33 0
174 4.4 1
117 43.2 0
132 29.2 0
195 42.2 0
178 17.4 0
175 9.93 1
174 23 0
114 23.2 0
97.6 12.8 0
115 41.7 0
102 13.9 1
113 9.3 1
99.6 30 0
144 35.8 0
191 7.95 1
153 29.2 0
186 14.5 0
107 1.25 1
186 2.98 1
165 35.3 0
184 34.6 0
160 40.6 0
172 3 1
146 19.1 0
115 8.23 1
187 1.38 1
136 43.8 0
116 1.43 1
174 29.6 0
98 34.2 0
154 42.3 0
155 43.9 0
150 17.6 0
156 30.9 0
160 37.7 0
199 1.15 1
113 43.5 0
185 32.7 0
158 43.9 0
141 42.4 0
117 1.43 1
123 38.5 0
108 1.25 1
175 43.6 0
103 43.7 0
93.6 2.38 1
138 43.8 0
91.6 5.6 0
127 5.2 1
97.2 9.95 0
92.7 27.6 0
97.7 41.9 0
177 30 0
118 32.6 0
118 34.9 0
125 14.9 1
146 37 0
143 29.1 0
138 34.9 0
136 35.9 0
120 15.9 1
169 20.4 0
121 3.2 1
146 22.9 0
93.1 16.2 0
146 43.6 0
141 23 0
121 35.8 0
119 36.6 0
93.1 38 0
183 43.1 0
185 41.7 0
174 19.3 0
123 41.1 0
149 33.9 0
101 7.58 1
114 1.43 1
113 4.28 1
102 3.28 1
140 36.6 0
139 38.3 0
106 13.2 1
107 42.6 0
197 43.7 0
198 40.2 0
193 10.6 1
120 41.7 0
168 27.5 0
166 26.5 0
135 27.5 0
149 29.6 0
146 30.1 0
182 12.5 0
182 10.2 1
123 43.9 0
190 36 0
196 2.85 1
93.4 30.8 0
147 42 0
140 3.33 1
130 31.4 0
187 21.6 0
146 1.23 1
160 61.8 0
101 56.5 0
180 61 0
169 48.5 0
100 50.3 0
123 46.5 0
178 77.9 0
165 50.8 0
109 49.9 0
142 62.9 0
113 48.4 0
144 61.2 0
149 61.3 0
150 48.7 0
98.5 66.4 1
151 89 0
169 54.3 0
91.3 86 1
176 62 0
130 49.7 0
157 72.7 0
154 55.4 0
142 87.4 0
119 49.7 0
159 74.1 0
154 61.1 0
155 74.9 0
145 84.1 0
128 76.7 0
161 82.2 0
167 84.6 0
179 49.6 0
103 55 0
164 56 0
179 65.1 0
115 77.1 0
131 47.8 0
181 94.9 0
114 54 0
153 84 0
186 49.9 0
133 62.1 0
95.2 53.8 0
185 67 0
200 96.8 0
197 98.4 0
155 98.4 0
149 55.2 0
192 95.2 0
133 75.2 0
91.3 87.7 1
130 89.9 0
180 52.5 0
160 55.1 0
185 89 0
174 85.7 0
180 70 0
145 77.1 0
99.7 96.2 1
131 95.8 0
113 79.2 0
152 74.7 0
93.7 97.3 1
187 74.3 0
172 46.7 0
158 81.8 0
164 62.2 0
109 59.3 0
159 66.8 0
172 79 0
107 66 0
108 56.2 0
129 61.4 0
137 98.5 0
133 72.6 0
195 98.4 0
198 62.7 0
200 48.4 0
104 46.6 0
97.9 98.2 1
126 68.7 0
189 78.4 0
150 76.6 0
186 98.4 0
168 78.9 0
134 64.8 0
120 78.2 0
93.4 76 1
107 46.6 0
163 78.5 0
131 92.1 0
164 70.1 0
163 91.2 0
108 74.6 1
126 66.3 0
128 72.4 0
149 73 0
123 98.6 0
134 80.7 0
139 92.3 0
93.4 72.1 1
189 92.4 0
105 80.1 1
91.4 77.2 1
156 68 0
111 97.3 0
116 98.3 0
194 78.9 0
91.7 94.4 1
92 62.9 1
196 76.3 0
123 62.6 0
117 98.3 0
117 60 0
142 98.5 0
148 75 0
178 88.3 0
92 64.5 1
194 46.4 0
126 98.9 0
107 98.5 1
142 46.7 0
135 98.5 0
108 98.5 1
147 98.7 0
197 46.4 0
130 52.8 0
113 72.8 0
179 84 0
104 84.7 1
127 93.7 0
143 84 0
175 46.8 0
174 48.4 0
194 86.9 0
193 91.2 0
159 48.5 0
91.6 51.2 0
92.9 49.2 0
101 79.1 1
165 74.6 0
113 87.7 0
154 48.8 0
147 46.6 0
146 48.3 0
177 75.3 0
175 74.6 0
145 91.5 0
142 56.3 0
140 55.5 0
183 96.9 0
179 96.6 0
104 96.5 1
184 47.7 0
114 95.1 0
112 95.3 0
173 69.7 0
173 71.7 0
93.7 81.6 1
91.3 46.9 0
197 81.9 0
126 48.4 0
182 75.5 0
126 91.7 0
198 57.9 0
200 90.7 0
150 94.7 0
153 94.4 0
3.28 15.7 0
6.28 17 1
41 8.15 1
37.6 3.38 1
8.35 30.6 1
32.6 39.8 1
38.2 31.6 1
33.4 17.2 1
22.9 7.93 1
1.2 29 1
4.7 26.8 1
14.4 24.1 1
57.1 17.8 1
37.4 11.9 1
34.5 12.5 1
58 5.88 1
38.5 26.8 1
31.1 34.8 1
57.1 29.3 1
31.1 41.9 1
15.8 26.3 1
56.7 4 1
10.1 18.4 1
11.7 40.9 1
35.2 40.4 1
9.53 1.55 0
5.03 30.1 1
14.4 30.5 1
32.9 32.5 1
23 19.9 1
0.6 22.3 1
42.7 28.3 1
58.1 37.5 1
58 8.8 1
6.23 32 1
47.6 7.28 1
44.6 23.1 1
52.8 18.8 1
14.7 1 0
26.8 19.1 1
11.1 38.5 1
47.1 31.8 1
56.8 40.9 1
27.8 17.2 1
23 37.1 1
51.7 1.7 1
18.5 25.9 1
4.88 36.9 1
51.8 43.1 1
29.9 4.38 1
15.8 43.5 1
49.5 29.7 1
32 22.4 1
19.9 37.2 1
2.98 21.7 1
14.1 43.5 1
58.8 25 1
18.8 1 1
16.3 1 0
3.53 42.3 1
58.3 13.8 1
21.3 30.7 1
20.9 18.3 1
24.8 42.2 1
29.5 22.1 1
7.53 42.7 1
0.65 1.23 0
58.9 31.5 1
5.58 41.2 1
6.4 38.8 1
40.8 44 1
58.8 23.1 1
4.1 1.23 0
58.7 0.95 1
58.7 44.1 1
21.4 43.8 1
38.8 44 1
26.4 34.3 1
18.1 8.2 1
5.85 7.5 0
22.8 24.1 1
49.2 1.7 1
47.1 4.65 1
49.7 11.2 1
8.23 27.9 1
48.9 18.8 1
49.8 15.3 1
16.7 20.1 1
35.7 44 1
18.8 42.3 1
35.5 27.1 1
56.9 34.7 1
15.5 6.95 1
42.7 17.8 1
40.3 16.6 1
30.3 10.6 1
57 25.7 1
7.35 10.1 0
42.4 70.4 0
26.6 83.9 0
47.4 76.1 0
15.9 49.9 1
6.5 78.3 1
22.7 90.5 0
37.5 50.4 1
11.9 94.2 0
30 62.4 0
16.8 54.5 1
46.7 67 0
56.3 77.8 0
24.4 64.5 0
35.1 48.6 1
24.6 67.2 0
9.73 57.7 1
9.08 63.5 1
39.2 67.6 0
27.1 67.4 0
54.6 90.4 0
10.6 87.3 0
54.9 81.5 0
33.2 88.7 0
29.6 60 1
38.1 65.3 0
52.5 96.6 0
57 48.7 1
37.7 88.4 0
58.2 49.9 0
28.4 92.1 0
56.9 54.7 1
39.8 46.8 1
39.5 81.7 0
22 56.7 1
2.63 98.6 0
45.3 49.8 1
36.2 86 0
36.1 72.4 0
33.1 57.2 1
11.2 82.7 0
12.2 84.8 0
13.1 90.9 0
9.05 98.2 0
9.98 53.4 1
7.38 87.7 0
8.05 55 1
58.7 55.9 0
21.8 46.8 1
19.2 98.3 0
48.9 85.3 0
58.2 51.4 1
14.6 58.2 1
51.5 69 0
26.7 49.5 1
20.7 98.3 0
19 69.3 0
1.5 84.8 1
16.6 74.1 0
17.9 75.7 0
49.6 92.1 0
13.7 68.6 1
48.2 46.3 1
36.3 80.3 0
58.3 86.9 0
36.9 82.7 0
41.9 46.8 1
28.3 47.7 1
47.7 98.5 0
52 46.8 1
58.7 57.6 0
58.3 85.2 0
13.2 46.5 1
58.6 69.4 0
58.7 45.6 1
58.7 99.1 0
29.3 83.4 0
16.8 61 1
18.9 62 1
41.1 73 0
23.2 96.8 0
24.3 95.5 0
26.2 97.2 0
19.7 49.5 1
20.2 46.8 1
2.78 65.8 1
35.2 94.8 0
16.7 98.3 0
18.9 53.5 1
39 96.8 0
41.4 95.3 0
44.8 56.9 0
42.2 63.9 0
50.2 74.2 0
56.9 67.5 0
54.8 67 0
1.05 94.2 0
1 71.2 1
7.18 65.4 1
71.3 39.8 1
64.2 35 1
71.7 9.9 1
86.3 34.1 0
81.5 25.7 0
65.9 41.7 1
76.7 9.7 1
88.1 37.5 0
67.6 41.7 1
69.9 5.23 1
86.8 40.9 0
77.3 19.7 1
88.3 30.9 0
73.2 1.53 1
77.7 29.1 0
69.2 8.25 1
74.7 1.53 1
61.7 25 1
87.3 3.8 0
61.8 13.3 1
61.7 23.1 1
62.2 3.65 1
67 1.35 1
88.5 13.5 0
88.5 5.68 0
65.3 1.35 1
88.7 44.1 0
61.4 5.53 1
88.8 0.95 0
60.8 0.95 1
60.8 44.1 1
62.1 29 1
86.8 27 0
64.5 31.3 1
61.8 37.7 1
77.5 41.7 0
78.9 39.8 0
88.5 10.3 0
81.5 41.6 0
77.9 12.4 1
81.3 14.1 0
81.1 3.63 1
77.8 3.65 1
63.3 8.68 1
61.8 10.1 1
65.8 19.3 1
69.3 16.4 1
69.2 19 1
70 94 1
62.8 89.4 0
88.2 81.7 1
75.8 73.8 1
61.9 51.4 1
86.9 80.3 1
71.6 75.3 1
67.7 48.4 0
71.1 77.8 1
84.7 74.6 1
63.7 96.9 0
68.8 78.2 0
63.2 85.6 0
87.2 85 1
65.4 98.3 0
67.5 75.5 0
67.5 88.4 1
86.4 66.3 1
80.1 48 0
67.1 98.3 0
69.7 60.9 0
89 85.8 1
88.7 78.1 1
61.4 69.4 0
81.9 98.6 1
79.9 80.4 1
70.3 91.1 1
74.4 88.4 1
74.4 81.3 1
67.7 59 0
61.5 62.8 0
77.9 79 1
78.3 46.5 0
88.4 51.1 0
61.5 80.6 0
61.5 78.5 0
89 87.5 1
88.4 69.2 1
88.8 55.6 1
88.8 57.4 0
88.7 45.6 0
88.7 99.1 1
60.8 99.1 0
60.8 45.6 1
78.3 69 1
75.8 67.5 1
80.8 88.1 1
84.8 95.2 1
61.9 50 1
80.2 96.6 1
86.1 92.7 1
66 48.4 1
63.2 54.8 0
63.2 67.3 0
67.3 83.2 1
64.6 83.6 0
87.2 48.4 0
183 22.7 0
113 6.55 1
165 23 0
137 11.8 1
181 19.9 0
134 5.78 1
108 27.9 0
195 20.2 0
134 11.4 1
94.5 41 0
161 21.6 0
135 3.58 1
134 40.7 0
168 5.2 1
148 10.4 1
126 23.9 0
159 9.85 1
168 41.8 0
116 25.4 0
139 14.9 0
148 4.3 1
98.9 20.7 0
120 13 1
115 41.7 0
185 19 0
167 12.2 0
159 16.3 0
177 36.6 0
142 15.4 0
179 40 0
131 16.7 1
168 14.6 0
94.8 24.5 0
124 10.4 1
127 7.93 1
180 9.53 1
167 16.5 0
152 23.8 0
130 3.43 1
172 41.7 0
105 30.1 0
127 11.5 1
128 40.8 0
156 23.9 0
127 32.3 0
153 21.8 0
98.7 43.7 0
102 24.3 0
185 12.5 0
168 34.3 0
192 42 0
184 30.5 0
120 20.2 0
139 23.9 0
167 36.7 0
106 32.1 0
132 27.6 0
144 6.88 1
120 10.2 1
158 1.63 1
139 17.5 0
175 6.65 1
154 25.6 0
185 10.2 1
199 8.53 1
193 43.4 0
97.8 31.9 0
131 43.2 0
113 11.3 1
103 11.5 0
141 18 0
127 38.1 0
99.5 26.1 0
152 17.6 0
110 36.4 0
109 32 0
199 27.5 0
108 6.85 1
118 43.2 0
192 36.8 0
92.7 8.93 0
163 34.8 0
197 2.85 1
109 2.48 1
145 20.7 0
173 14.8 0
148 17.5 0
176 12 0
125 43.9 0
91.2 10.3 0
188 7.48 1
160 42.5 0
142 20.7 0
142 43.6 0
126 43.9 0
162 43.7 0
91.6 7.08 0
96.9 1.43 0
158 43.9 0
95.2 1.43 0
91.4 35.5 0
188 43.6 0
92.3 3.73 0
91.2 13.5 0
91.3 44.1 0
142 1.23 1
90.7 0.95 0
128 3.43 1
91.5 27.8 0
97.3 40.6 0
112 7.63 1
121 33.1 0
116 34.4 0
191 22.8 0
192 20.3 0
141 30.9 0
125 3 1
121 4.6 1
91.4 38.5 0
94.6 38.6 0
175 18 0
138 30.8 0
180 13.4 0
105 11.2 1
110 39.5 0
196 42.2 0
137 3.58 1
121 40.4 0
120 43.2 0
193 25.7 0
107 2.48 1
106 4.35 1
156 11.3 1
163 29.9 0
148 31.1 0
194 34.5 0
188 35.6 0
146 4.35 1
184 1.6 1
94.8 32.1 0
91.5 30.6 0
190 2.88 1
191 4.58 1
132 33.6 0
131 31.1 0
180 6.45 1
181 4.2 1
177 1.4 1
175 2.68 1
186 23.7 0
198 13.9 0
95.3 20.4 0
93.3 22.4 0
176 43.6 0
178 43.6 0
98.9 36.5 0
152 50.4 0
127 56.8 0
175 81.9 0
95.3 84.8 1
124 55.2 0
168 50.8 0
152 53.8 0
112 49.9 0
126 59.4 0
113 60.2 0
177 80.6 0
121 70.5 0
120 66.7 0
167 57.9 0
167 60.6 0
136 57.8 0
125 83.1 0
119 69.2 0
112 52.7 0
91.3 48.1 0
172 63 0
165 86 0
147 80.9 0
103 62.8 0
130 69.8 0
138 58.1 0
127 74.8 0
101 74.3 1
110 52.8 0
178 48.2 0
150 66.8 0
147 88.3 0
97 87.2 1
148 71 0
174 54.7 0
163 72.7 0
178 63.3 0
157 76.2 0
93 89.2 1
147 90.9 0
174 94.6 0
113 82.3 0
115 92 0
182 68.5 0
187 82.2 0
139 95.1 0
193 50.2 0
103 65.5 0
188 48.5 0
132 83.8 0
198 68.4 0
134 76.3 0
153 91.3 0
175 56.7 0
139 60.7 0
127 81.2 0
192 92.4 0
175 89.6 0
198 98.4 0
163 68.2 0
133 78 0
156 83.7 0
170 79.1 0
161 66.4 0
102 98 1
142 73 0
130 67.3 0
174 91.6 0
160 49.7 0
95.3 98.2 1
189 75.3 0
162 47.9 0
98 71.6 1
146 75.6 0
197 52.9 0
115 58.3 0
129 97.3 0
174 68.2 0
114 46.6 0
187 97.1 0
108 67.9 0
115 97.1 0
169 98.4 0
136 81.7 0
119 52.4 0
196 62.5 0
159 79.5 0
97 98.2 1
195 69 0
171 91 0
185 52.8 0
184 96.9 0
166 67.3 0
91.5 55.7 0
106 98.5 1
151 81.1 0
178 56 0
94.7 73 1
120 96.9 0
128 65.8 0
91.7 92.8 1
91.5 57.4 0
143 97 0
138 67.5 0
193 67.1 0
196 60 0
118 98.3 0
194 53 0
182 92.2 0
158 88.7 0
193 65 0
113 98.8 0
137 69.7 0
136 91.1 0
172 98.4 0
125 97.5 0
145 95.7 0
127 97.3 0
93.4 65.6 1
187 63.7 0
189 63.1 0
191 98.7 0
91.4 80.5 1
162 98.7 0
91.4 68.8 1
91.3 45.6 0
90.7 99.1 1
182 85.8 0
184 81.6 0
106 84 1
134 53.3 0
176 48.2 0
195 89.5 0
140 80 0
190 57.2 0
93.7 52 0
94.9 49.9 0
117 46.6 0
99.1 79.8 1
165 76.5 0
167 76.2 0
199 65.9 0
97.6 48.7 0
150 63.7 0
178 68.5 0
145 92.7 0
139 47.5 0
141 49.2 0
138 49.8 0
140 51.5 0
188 68.2 0
186 66.7 0
182 98.5 0
179 98.5 0
111 67.3 0
120 85.1 0
122 82.8 0
120 81 0
121 59 0
141 90.7 0
158 98.4 0
160 97.1 0
117 64.1 0
170 70 0
170 72.1 0
137 86.7 0
153 66.4 0
91.4 70.9 1
127 49.7 0
125 46.5 0
126 88.5 0
200 59.4 0
198 88.7 0
27.4 12.7 1
10.5 22.6 1
4.3 17.9 1
4.73 13 0
16.5 22.6 1
10.7 32.1 1
39.5 38.1 1
48.4 13.6 1
58 7.35 1
25.7 30.2 1
0.65 35.6 1
16.4 34.7 1
39.9 28.6 1
13.6 2.55 1
15.5 4.1 1
56.3 10.5 1
16.8 32.3 1
35.5 4.65 1
3.45 28.8 1
18 13.8 1
42.1 1.6 1
34 1.28 1
40.4 21.7 1
32.2 36.8 1
31.7 29.7 1
45.1 31.3 1
19.9 27.1 1
19 23.8 1
58.3 16 1
20.3 15 1
11.6 13.8 1
58.9 29.9 1
51.7 30.7 1
38.6 1.38 1
45.4 15.6 1
50.1 41.6 1
28.5 3.25 1
32.8 43.5 1
21.9 1.3 1
25 3.28 1
42.9 20.7 1
58.3 12.5 1
45.5 13.2 1
48.3 43.5 1
32.3 1.28 1
37.5 44 1
0.95 6.9 0
58.9 32.8 1
58.7 2.3 1
58.7 42.7 1
19.9 43.8 1
22.8 43.8 1
49.5 27.1 1
27.4 23.9 1
24.3 35.1 1
20.3 6.65 1
39.3 4.98 1
50.7 17.4 1
15.6 18.7 1
7.7 25.5 1
5.43 25.2 1
34.9 42.5 1
38.3 14.6 1
43.7 8.78 1
40.5 35.5 1
35.8 18.1 1
27.4 28.5 1
25 11.7 1
30.6 8.1 1
32.3 11.6 1
47.5 34.5 1
11.1 11.2 1
17.5 1 1
17.8 2.55 1
20.4 2.3 1
57.1 28.1 1
41.8 40.3 1
7.95 10.8 1
12.5 42.4 1
12.4 36.8 1
25.3 89 0
46.9 63.6 0
54.9 75.6 0
47.8 78.6 0
36.1 57.9 1
7.7 80.7 0
44.5 62.2 0
35.3 91.9 0
54.9 79.4 0
22 98.3 0
28.1 63.4 0
50.3 78.1 0
43.1 89.4 0
8 59 1
39.8 69.4 0
0.125 66.9 1
58.4 77.9 0
33.3 50.1 1
44.6 91.4 0
57 82.4 0
3.93 53.6 1
35 46.5 1
8.98 47.9 1
2.28 51.7 1
11.9 89 0
39.5 63 0
33.6 86.3 0
21.9 61.4 0
15.2 64.4 1
26.5 91.5 0
49.2 49.8 1
17.3 65.5 1
58.2 52.7 0
44.2 86.1 0
13.8 98 0
13.4 65.9 1
48.7 53.2 1
0.75 97.1 1
47.2 48 1
6.03 96.8 0
56.2 92.7 0
49.6 96.9 0
58.7 81.1 0
7.08 46.5 1
46.1 53.2 1
51.4 90 0
22.8 81.1 0
23.5 74.8 0
55.4 55.9 1
24 93 0
31.7 46.4 1
4.63 84.4 1
28.2 75.1 0
21.6 76.7 0
38.9 79.3 0
15.3 52.7 1
38.4 72 0
51.9 98.4 0
15 46.5 1
0.1 69.3 1
23.2 46.8 1
51.9 82 0
32.4 69.7 0
52.4 56.7 1
57.2 57.9 0
15.6 78.9 0
12.3 57.4 1
33.6 65.5 0
12.3 54.8 1
31.9 54.4 1
29.9 70.4 0
58.6 68 0
4.3 98.6 0
58.6 71.5 0
58.7 97.7 0
27.5 98.7 0
42.2 74.9 0
34 96.7 0
37.4 95.4 0
32.8 77.4 0
15.9 96.3 0
57.2 60.2 0
20.1 54.4 1
39.2 98.7 0
2.73 78.4 1
1.35 60.8 1
0.1 59.1 1
9.05 76.2 1
43.2 83.7 0
45.3 82.8 0
55 95.2 0
42.8 97.2 0
26.3 56.3 1
2.63 47.6 1
29.9 78.1 0
32.4 96.7 0
30.7 95.5 0
73.2 13.7 1
78.9 8.2 1
82.1 17.6 0
71.1 36.8 1
77.8 36.3 0
73.1 41.5 0
61.8 15.5 1
65.4 43.4 1
81.3 9.9 0
88.3 32.3 0
65.3 26.5 1
79.8 20.6 0
88.3 29.3 0
76.3 1.53 1
67.2 43.4 0
76.1 41.7 0
76.2 15 1
63.6 2.7 1
78.8 43.5 0
88.5 7.15 0
61.4 7 1
82.3 1.5 1
61.8 12 1
88.5 12.2 0
88.7 42.7 0
88.8 2.3 0
60.8 2.3 1
60.8 42.7 1
63.5 28.3 1
85.2 25.7 0
72.5 27.1 1
63.4 38 1
64.2 40.4 1
87 9.03 0
80.9 43.5 0
80.1 12.7 0
79.7 5.15 1
86.9 23.2 0
88.5 15.7 0
84.8 18.3 0
65.9 16.7 1
70.3 25 1
71.6 22.5 1
78 71.9 1
71.7 50.2 0
78.1 84.3 1
85.5 89.1 1
72.3 53.3 0
85.4 80.2 1
76.9 55.6 0
63.4 51.7 0
84.9 77 1
68.6 85.5 1
62.8 91.2 0
87.2 78 1
67.2 46.6 1
69.3 73.6 0
61.4 68 0
68.8 69.2 0
70.8 67.4 0
64.8 53.4 0
83.1 79.2 1
63.1 81.1 0
73.3 79.3 1
69.1 65.2 0
72.4 84.6 1
88.4 49.7 0
74 86.1 1
61.3 85.7 0
75.4 96.7 1
87.2 54.2 0
82.2 46.6 0
68 89.8 0
73 89.8 1
88.4 71.3 1
88.4 67.8 1
76.9 46.5 0
82.4 60.5 0
61.4 71.5 0
64.5 59.7 0
61.4 55.5 0
61.3 87.4 0
62.1 45.6 0
61.4 57.3 0
88.7 97.7 1
60.8 97.7 0
72.1 95.8 1
82.3 96.6 1
63.4 50.3 0
77.2 94.7 1
88.2 83 1
65.5 46.6 1
64.2 49.1 1
64.7 66.3 0
85.3 60.7 0
64.4 82.9 0
181 22.6 0
108 18.8 0
109 20.9 0
168 20.9 0
110 17 0
147 12 0
161 5.23 1
137 9.2 1
106 24.2 0
106 39.6 0
124 21.5 0
99.2 5.28 0
184 40.1 0
135 38.5 0
135 42.5 0
123 25.9 0
148 40.3 0
104 24.4 0
182 35.3 0
113 40 0
130 23.8 0
183 41.6 0
91.5 26.5 0
174 40 0
99.9 22.7 0
134 8.88 1
189 29.6 0
142 26.9 0
128 17.2 0
185 37.4 0
163 3.6 1
162 18.9 0
138 33 0
145 13.9 0
187 27.9 0
149 35.6 0
167 3.48 1
180 18.1 0
159 23.8 0
141 33.1 0
159 14.2 0
169 43.1 0
179 34.6 0
171 4.43 1
114 17.4 0
200 5.65 1
142 35.5 0
161 12.1 0
152 10 1
150 10.1 1
146 43.6 0
139 26.2 0
175 36.6 0
91.5 29 0
108 13.3 1
132 12.9 1
124 8.8 1
153 19.9 0
103 29.2 0
155 19.7 0
147 14.9 0
125 7.13 1
132 4.9 1
169 8.15 1
112 41.8 0
151 43.4 0
187 15.2 0
171 7.38 1
139 7.33 1
121 7.5 1
130 41.9 0
113 43.5 0
113 37 0
171 43.1 0
101 28.6 0
110 13.1 1
154 35 0
192 29.7 0
137 28.5 0
199 22.8 0
147 24.5 0
156 36.9 0
91.2 15.7 0
191 15.7 0
121 22.1 0
168 1.43 1
152 28.8 0
120 24.7 0
128 36.3 0
97.8 24.5 0
152 7.68 1
120 1.43 1
154 42.3 0
173 23.7 0
127 42.6 0
150 7.7 1
116 14.1 1
187 4.48 1
91.4 37 0
124 42.6 0
130 11.6 1
155 2.8 1
173 8.2 1
97.5 14.5 0
125 38.6 0
91.4 22.8 0
197 26.5 0
160 38 0
191 7.58 1
166 30.9 0
188 2.88 1
194 1.7 1
127 1.23 1
155 43.9 0
118 1.43 1
172 1.28 1
153 1.18 1
91.2 12.2 0
130 1.23 1
151 1.18 1
90.7 2.3 0
99.5 8.15 0
97.2 9.48 0
140 40.2 0
116 32.1 0
124 13.1 1
125 13.8 1
142 29.3 0
101 18.6 0
121 14.7 1
137 42.5 0
124 4.4 1
125 1.23 1
113 21.4 0
115 19.6 0
94.6 17.8 0
122 36.9 0
120 37.8 0
177 28.9 0
179 27.7 0
113 2.65 1
102 1.88 1
134 21.3 0
134 19.2 0
178 11.7 0
191 42 0
108 40.9 0
105 36.6 0
106 34.4 0
139 4.8 1
121 41.9 0
106 1.23 1
105 3.1 1
156 13.9 0
163 31.8 0
98.7 43.7 0
172 25.9 0
146 1.23 1
191 1.5 1
192 3.2 1
177 6.13 1
179 2.6 1
188 21.7 0
197 11 1
176 41.9 0
178 41.9 0
97.4 38.2 0
174 28.5 0
91.5 31.9 0
92.9 33.3 0
180 81.8 0
101 57.2 0
170 62.8 0
103 87.7 1
169 56 0
102 94.5 1
112 89.1 0
101 59.7 0
100 89.3 1
122 56 0
146 83.2 0
95.4 82.4 1
93 85.1 1
153 96.3 0
113 91.3 0
153 63.4 0
94.7 87.5 1
165 57.8 0
148 61.1 0
124 69.1 0
123 64.1 0
132 49.1 0
140 53.9 0
146 54.4 0
167 95.8 0
155 57.3 0
142 63.5 0
137 77 0
162 63.5 0
161 84.3 0
188 84.9 0
198 64.1 0
167 93.2 0
100 96.2 1
150 96.6 0
177 89.9 0
150 69.6 0
165 60.4 0
169 46.7 0
121 91.7 0
126 85.5 0
164 50.2 0
119 90 0
155 98.4 0
115 83.9 0
94.9 59.9 0
146 70.8 0
137 96.5 0
130 82.9 0
175 71.6 0
181 59.2 0
106 63 0
145 79.1 0
157 98.4 0
150 98.7 0
182 49.1 0
127 70.8 0
129 53.8 0
106 91.3 1
141 95 0
182 52 0
144 49.7 0
187 57.3 0
133 71.7 0
93.6 54.7 0
104 46.6 0
144 69.5 0
123 60.7 0
129 89 0
174 61.2 0
180 72.7 0
132 95.4 0
120 48.1 0
153 74.7 0
187 46.3 0
113 80.2 0
194 81.8 0
105 65.7 0
108 77.4 1
172 96.5 0
133 82.2 0
132 86.2 0
193 97.1 0
127 78.5 0
155 60.5 0
170 87.1 0
194 73 0
178 46.4 0
121 46.5 0
178 53.8 0
153 83.3 0
186 95.6 0
190 79.2 0
195 63.9 0
174 58.8 0
194 48 0
172 86 0
118 46.6 0
140 88.1 0
106 78.7 1
108 74.9 0
155 46.7 0
92.4 95.9 1
161 79.9 0
148 56.1 0
106 73.2 0
194 98.4 0
158 46.7 0
150 46.6 0
98.7 81.9 1
121 98.6 0
185 86.5 0
142 48.1 0
187 92.8 0
117 76.6 0
185 91.4 0
121 75.1 0
137 65.7 0
134 65.7 0
130 98.4 0
124 98.6 0
193 79.3 0
146 97.2 0
183 98.5 0
171 46.7 0
175 52.5 0
94.7 75.5 1
191 67 0
196 48 0
162 46.2 0
147 46.6 0
160 92.7 0
191 64.8 0
147 98.7 0
126 95.9 0
120 77.2 0
142 66.1 0
158 86 0
91.4 78.5 1
189 98.7 0
91.4 67.4 1
130 46.3 0
90.7 97.7 1
113 70.3 0
112 72.6 0
180 86.1 0
134 47.8 0
135 50.1 0
182 79.9 0
132 52.3 0
144 56.3 0
175 49.8 0
138 79.7 0
191 59.2 0
145 61.2 0
198 50 0
101 77.2 1
99.3 77.9 1
110 90.6 0
111 92.8 0
111 83.8 0
112 85.4 0
180 67 0
177 74.4 0
175 73.7 0
179 95.4 0
105 94.7 1
108 56.4 0
151 78.6 0
136 96.5 0
135 98.5 0
163 53.6 0
161 53.1 0
119 83.4 0
185 59.9 0
142 92 0
124 46.5 0
184 46.3 0
117 62.4 0
114 64.3 0
137 88.5 0
135 85.8 0
107 46.6 0
110 97.3 0
126 47.8 0
125 90.8 0
9.2 17.8 1
25.8 22.8 1
14.3 20 1
39.7 8.1 1
13.2 23.8 1
37.9 32.4 1
28.3 34.6 1
34.2 15.1 1
6.48 12.9 1
55.2 4.63 1
12.7 31.3 1
6.83 4.65 1
23.6 31 1
11 20 1
0.4 29.4 1
23.5 20.2 1
54.8 9.23 1
15.4 28.8 1
52.8 24.7 1
26 20 1
40.3 2.98 1
18.4 28.8 1
56.5 7.05 1
30.4 41.9 1
55.4 40.2 1
35.1 33 1
37.1 38.8 1
52.7 3.28 1
28.4 43.4 1
33.1 20.7 1
19.4 30.8 1
23.9 37.1 1
31.7 24 1
32 28.6 1
56.6 37.8 1
35.1 2.65 1
20.5 25 1
55.5 35.9 1
31.6 18.5 1
4.45 4.48 1
14.5 7.7 1
11.3 38.6 1
19.7 42.2 1
52.9 41.6 1
51.2 40 1
52.2 34.1 1
50.4 35.9 1
5.48 33.1 1
27.6 7.4 1
27 4.55 1
33.2 26.2 1
44.9 28.4 1
16 15.3 1
19.4 38 1
17.1 17.7 1
43.6 16.9 1
41 42.5 1
3.45 7 1
19.9 17.5 1
3.25 2.6 1
4.68 35.5 1
0.925 2.6 1
34.9 7.63 1
5.83 42.4 1
2.43 43.5 1
6.2 37.4 1
37.2 1.38 1
23.3 1.3 1
7.78 43.9 1
47.4 23 1
45.5 23.7 1
26.1 32.3 1
5.83 7.18 1
23.3 22.9 1
47.6 3.3 1
55.7 19.6 1
58.9 28.6 1
25.8 41 1
36.6 16 1
0.2 42 1
16.8 42 1
18.6 40.7 1
57.4 22.3 1
35.7 20.2 1
29.4 30 1
32.5 9.1 1
24.9 8.93 1
20.1 3.85 1
1.63 14.9 1
1.93 12.8 1
37.5 9.48 1
55.3 25.6 1
44.3 39.7 1
14.4 36.1 1
11.1 35.2 1
22.3 69.4 0
8.28 72.3 1
25.5 83.1 0
18.1 85.3 0
9.73 70.3 1
1.95 65.4 1
17 89.7 0
39.6 55.1 1
38 53 1
57.1 79.5 0
7.63 49.5 1
18 55.5 1
18.7 81.7 0
34.7 80.5 0
6.35 53.6 1
38.7 48.3 1
44 97.2 0
29.6 80 0
58.3 87.7 0
33.2 47.9 1
8.28 52 1
23.9 63.4 0
52.1 59.8 0
31.8 63.6 0
12.7 70.2 1
19.9 61.6 1
46.3 85.2 0
43.4 48.5 1
13.4 76.3 0
6.3 58.3 1
46.4 98.5 0
42.8 93 0
24 56.1 1
21.8 59 1
10.4 46.5 1
44.6 55.4 1
27.7 58.4 0
44.8 74.3 0
32.8 90.6 0
22.7 79 0
30.6 92.2 0
15.6 48.1 1
25.7 75.8 0
5.48 81.9 1
12 81.1 0
52 79.9 0
36.8 84.6 0
7.1 88.5 0
47.9 91.7 0
13.8 78.9 0
52.7 48.3 1
28.6 68.4 0
57.5 45.6 1
32.6 67.5 0
1.58 91.6 0
57 83.8 0
33.3 53 1
15.9 59.3 1
36.8 46.5 1
31.6 59 1
29.3 72.9 0
16.7 72.3 0
58.7 82.5 0
17.5 46.6 1
19.2 75.9 0
12.4 46.5 1
17.9 57.9 1
50.2 70.4 0
9.1 98.2 0
29.8 82.6 0
44.7 71 0
25.7 48.2 1
19.1 87.9 0
19.6 48.4 1
32.5 79.3 0
55.1 61.3 0
4.5 91.3 0
18 98.3 0
40.4 89.4 0
2.4 80.5 1
56.4 50.2 0
55.2 48.9 1
10.9 77.1 0
36.1 98.6 0
41.3 98.7 0
51.9 75.3 0
1.28 46.2 1
27.3 53.9 1
4.88 46.5 1
47.3 69.1 0
65.9 29.7 1
73.4 10.6 1
65.7 36.2 1
85 33.6 0
69.2 40 1
85.2 40.3 0
62.4 33 1
68.7 28.1 0
79.9 33 0
69 37 1
70.1 20.6 1
80.2 26 0
70 2.88 1
75.2 40 0
63.2 25.6 1
63.7 42.1 1
67.8 1.35 1
75.8 20.4 1
73.2 35 0
64.6 8.18 1
68 25.6 1
78.1 28.2 0
83.6 1.5 0
61.7 21.9 1
62.1 1.35 1
62.1 43.7 0
77.4 43.5 0
88.3 28.1 0
71.1 29.1 1
64 16.1 1
68.1 7.28 1
75.5 36.5 0
87.3 3.7 0
86.9 17.6 0
69.1 50.3 0
67.9 94.4 0
66.8 96.8 0
73.4 48.3 0
77.4 62.4 0
64.2 75.5 0
64.3 92.2 0
87.9 91.6 1
76.1 74.8 1
69.5 54.7 0
84.9 65.1 0
77.2 77.2 1
70 85.2 1
62.8 77.7 0
64.3 95.4 0
67.1 66.9 0
79.7 54.1 0
76.7 46.5 0
63 84.4 0
85.8 85.8 1
74.4 91.3 1
75.6 84.3 1
81.8 55.6 0
87.6 87.4 1
61.7 82.6 0
87.5 45.6 0
62.9 54.1 0
77.4 91.7 1
81.3 80.1 1
61.6 52.4 0
73.9 82.8 1
83.7 87.4 1
83.4 46.6 0
76.9 98.6 1
75.2 60.6 0
88.4 52.4 0
88.8 58.1 0
68.4 79.9 0
62.1 98.6 0
61.3 46.9 1
79.5 68.5 1
76.9 67 1
73.7 94.3 1
84.6 75.2 1
78.7 96.6 1
70.1 60.8 0
63.7 47.2 1
86.5 62.5 1
67.1 82.5 0
85.9 47.2 0
87.2 48.4 0
126 21.4 0
172 32.2 0
166 18.8 0
145 11 1
163 22.2 0
107 26.6 0
181 39.9 0
163 19.5 0
132 21.7 0
196 22.3 0
127 23.8 0
112 1.23 1
182 37.2 0
193 12.8 1
105 26.8 0
124 30.3 0
132 18 0
134 36.5 0
188 31.6 0
167 40.5 0
138 13.9 0
146 41.9 0
139 22.6 0
194 18.2 0
151 24.7 0
149 25.7 0
186 29.9 0
167 11.8 0
175 18.6 0
199 40.2 0
127 14.8 1
178 25.2 0
157 23.1 0
106 17.6 0
160 3.18 1
118 10.6 1
159 26 0
149 41.8 0
188 26.1 0
151 36.2 0
115 25.9 0
162 1.55 1
159 18.3 0
110 27.9 0
166 25.1 0
111 30.1 0
135 43.6 0
109 34.4 0
118 13.4 1
131 9.5 1
130 7.63 1
93 24.9 0
106 11.2 1
116 9.93 1
152 26.5 0
132 41.8 0
185 13.2 0
172 21.6 0
167 37.7 0
160 8.18 1
152 43.4 0
185 17.1 0
193 43.4 0
92.6 17.2 0
110 9.1 1
192 18.3 0
165 5.03 1
157 20.2 0
199 25.1 0
159 29.2 0
132 27.9 0
151 16.7 0
108 43.3 0
126 31.5 0
170 2.7 1
96.2 16.9 0
108 8.7 1
195 33.5 0
98.5 32.8 0
124 37 0
148 30.1 0
137 1.48 1
186 8.78 1
149 28.7 0
99.8 15.1 0
121 2.83 1
157 1.63 1
91.5 27.8 0
155 32.3 0
115 12.1 1
93.4 7.18 0
175 24.3 0
132 14.6 1
164 43.7 0
191 37.4 0
111 11.5 1
137 18.2 0
148 17.1 0
94.5 9.03 0
185 4.3 1
125 41.2 0
162 36.4 0
181 7.73 1
128 43.7 0
110 1.23 1
189 36.3 0
135 1.48 1
189 1.5 1
188 43.6 0
160 40.9 0
144 43.6 0
122 43.7 0
157 43.9 0
143 43.6 0
144 1.23 1
123 1.4 1
173 1.28 1
128 1.23 1
152 1.18 1
143 1.23 1
113 27.3 0
114 29.5 0
200 32.7 0
197 34.5 0
138 40.3 0
147 37.2 0
132 35.7 0
174 11.9 0
172 14.1 0
118 19.2 0
125 2.63 1
181 15.4 0
92.9 39.1 0
104 37.5 0
195 25.2 0
191 26.9 0
117 43.2 0
154 10.7 0
162 29.1 0
97.5 42.4 0
95.2 2.5 0
170 26.2 0
146 2.88 1
142 21.1 0
183 2.8 1
148 1.65 1
149 2.83 1
103 42.2 0
105 40.5 0
177 3.88 1
93.8 42.8 0
91 42.7 0
92.3 44.1 0
187 23.8 0
197 15.1 0
99.8 35.6 0
93.6 3.85 0
174 26.5 0
96.9 2.5 0
126 54.4 0
171 57.6 0
121 66 0
192 55.1 0
189 83.8 0
173 56.8 0
169 60.9 0
193 86.2 0
127 52.2 0
128 56 0
103 85 1
144 83.1 0
123 82.9 0
144 52.7 0
143 80.4 0
167 76 0
178 92.3 0
125 65.3 0
104 74.5 1
168 85.1 0
159 57.1 0
153 48.4 0
98 59.8 0
176 95 0
131 70.4 0
153 77.6 0
124 85.2 0
103 54 0
169 77.7 0
102 50.6 0
99.2 73.5 1
152 97.9 0
102 91.5 1
189 74.4 0
93.3 61.7 1
199 56.5 0
145 58.9 0
198 54.2 0
176 46.4 0
120 87.8 0
188 81.1 0
104 48.6 0
123 90.3 0
110 79.1 0
129 61.8 0
145 46.6 0
137 98 0
169 97.1 0
143 72.3 0
145 73.5 0
180 92.7 0
162 72.7 0
131 67.8 0
132 61.6 0
157 68.5 0
185 56.3 0
184 67.4 0
133 67.8 0
129 84.9 0
157 71 0
186 73.4 0
148 98.7 0
92.9 57.9 0
151 46.6 0
135 57.8 0
94.9 56.2 0
130 86.8 0
184 75.1 0
170 80.9 0
159 60.3 0
106 96.7 0
148 87.6 0
119 53.3 0
135 70 0
104 77.4 1
98.5 67.4 1
173 88.4 0
152 71.7 0
170 89.5 0
148 58.8 0
147 77.6 0
115 55.2 0
185 54.1 0
194 70.8 0
120 80 0
92.1 52.9 0
116 75.2 0
93.1 81.4 1
160 95.7 0
115 57.4 0
139 73.3 0
155 83 0
132 92.7 0
187 62.2 0
160 47.9 0
130 78.7 0
149 81.5 0
177 98.9 0
135 83.2 0
106 67.5 0
121 73.1 0
138 71 0
157 89.6 0
134 46.3 0
192 46.6 0
160 73.4 0
92.7 76.8 1
139 64.8 0
176 69.3 0
114 46.6 0
179 57 0
188 46.3 0
140 62.6 0
151 87.5 0
112 98.8 0
109 95.5 0
157 46.7 0
109 59.5 0
173 82.3 0
148 46.6 0
123 98.6 0
123 46.5 0
138 46.4 0
91.7 91.8 1
135 92.3 0
189 61.6 0
97.3 75.9 1
196 75 0
163 91.8 0
140 66.5 0
142 46.4 0
162 97.3 0
128 98.4 0
117 46.6 0
151 85.2 0
143 98.5 0
128 46.3 0
116 70 0
93.4 65.5 1
118 66.6 0
143 54.6 0
200 50.2 0
116 97.1 0
149 63.5 0
200 71.9 0
198 70.2 0
190 50.1 0
125 77.8 0
124 75.5 0
179 97.4 0
187 70.2 0
109 54.5 0
111 68 0
134 97 0
184 59 0
120 59.5 0
158 78.2 0
114 62.6 0
108 48.1 0
91.3 46.9 0
111 98.8 0
92.7 71.7 1
97.6 48.3 0
120 94.9 0
199 88.9 0
200 94.5 0
7.15 17.2 1
9.05 23.2 1
15.3 22.4 1
8.88 31.1 1
9.93 15.5 1
7.88 14.9 1
27.9 32.6 1
18 10.1 1
28.4 16.6 1
28 14.3 1
2.65 29.1 1
37 36.8 1
14.4 14.6 1
14.5 4.85 1
58.3 17.2 1
21.5 14.9 1
34.7 35.4 1
9.58 1.55 1
38.1 25.8 1
39.6 27.6 1
39.2 23.2 1
42.8 34.9 1
44.7 41.9 1
17.9 36.1 1
45.9 1.6 1
52.4 29.3 1
35 26.3 1
12.2 13.4 1
17.9 43.4 1
15.6 40.6 1
3.95 22.1 1
44.8 19.3 1
43.8 21.3 1
35.7 42.5 1
55.9 2.93 1
44.6 32.8 1
21.8 8.2 1
56 42.1 1
53.2 35.7 1
21.6 37.1 1
58.3 12.6 1
37.3 44 1
51.1 32.4 1
42.7 43.5 1
43.4 1.6 1
44.3 37 1
27.8 2.58 1
47.4 20 1
51.4 37.4 1
57.5 1.35 1
57.5 43.7 1
53.4 1.58 1
32.1 43.5 1
53.5 43.4 1
23 43.8 1
4.08 43.5 1
2.6 35.2 1
47 43.5 1
29.3 1.28 1
17.8 1.55 1
58.9 32.7 1
31.5 1.28 1
9.45 43.9 1
23.5 1.3 1
45.3 10.1 1
46 12.6 1
51.1 26.8 1
28.4 24.9 1
47.9 25.6 1
45.9 26.3 1
24 33.1 1
7.25 8.93 1
50.2 10.6 1
53.2 20 1
7.33 25.1 1
5.05 24.7 1
25.5 38.6 1
11.7 1.55 1
39.2 34.7 1
29.7 28.9 1
27.7 27.4 1
12.2 9.13 1
24 13.6 1
46.1 34.9 1
49.3 34.1 1
24.1 9.5 1
47.8 8.63 1
8.65 37.5 1
55.4 28 1
11.4 43.9 1
13 41 1
13 34.4 1
22.5 72.1 0
10.9 96.2 0
22.7 93.2 0
3.9 55.6 1
41.1 50 1
27.6 82.3 0
36.8 72.7 0
24 67.7 0
6.33 55.6 1
19.9 68.8 0
37.5 92.5 0
47.5 63.5 0
34.5 73.1 0
32.6 75.2 0
56.5 89.8 0
37.2 56.2 0
23.3 46.8 1
0.35 63.3 1
8.28 59.3 1
56.5 66.4 0
35.7 54.2 1
13.1 87 0
14.1 65.5 1
44 87.5 0
39.3 62.2 0
12.5 98 0
37.9 64.5 0
8.38 64 1
21 81.5 0
14.2 72.3 0
34.5 83.5 0
32.5 84.9 0
29.9 64.5 0
25.1 85.9 0
58.6 67.8 0
9.75 80.2 0
32.7 71.5 0
9.85 89.3 0
56.4 52.1 0
17 94.9 0
15.8 64.1 1
55 54.2 0
0.75 97.1 1
50.5 50 1
42.5 98.7 0
29.8 55 1
4.13 66 1
29.7 57.5 1
5.68 86.1 0
41 82.7 0
57 74.4 0
13.4 84.7 0
46.1 78.6 0
25.9 62.1 0
23.8 58.5 1
58.4 76.7 0
49.7 84.6 0
58.2 92.1 0
19.8 59.2 1
55.6 97 0
30.2 66.9 0
32.2 61.1 0
58.6 72.7 0
58.7 46.9 1
31 46.4 1
14.4 52.3 1
30.3 97.3 0
12.5 53.3 1
2.73 72.7 1
14.4 49.5 1
25.2 78.4 0
57.5 98.6 0
32 98.6 0
58.6 58.4 0
6.48 65.9 1
51.5 82.8 0
28.7 46.4 1
17.2 79.4 0
53.1 98.4 0
28.3 98.7 0
4.33 98.6 0
7.4 96.8 0
21 96.9 0
22.9 95.6 0
21.2 88.8 0
57 85.5 0
58.6 60.7 0
5.35 89.7 0
18.5 96.9 0
40.5 91.6 0
1.98 77.6 1
55.7 47.1 1
3.53 59.7 1
2.28 58 1
8.63 74.7 1
37.6 97.3 0
2.7 49.2 1
50.3 55.1 0
19.4 64.2 1
71.6 15.1 1
80.1 4.88 1
88.4 19.3 0
86.5 37.9 0
78.8 35.3 0
82.1 33.2 0
82.4 40.1 0
86.9 31.7 0
76.2 17.2 1
85.1 9 0
75.1 26.7 0
76.1 1.53 1
73.8 22.1 1
79 30.4 0
71.9 43.3 0
88.4 21.8 0
88.5 7.18 0
67.9 43.4 0
62.8 6.5 1
87.5 43.7 0
72.2 1.53 1
61.5 27.5 1
64.1 4.08 1
61.3 2.2 1
61.3 42.8 1
88.5 12.3 0
61.8 12.1 1
62.2 18.1 1
63.9 20 1
86.7 26.2 0
88.3 28.1 0
78.3 21.4 0
86.1 2.35 0
88.8 2.2 0
80.1 50.5 0
73.9 67.7 0
77.7 64.6 0
79.3 83.8 1
87.2 54.4 0
76.8 58.3 0
74.6 77.4 0
75.5 53.9 0
67.9 53.2 0
86.5 89.6 1
80.1 61.7 0
73.5 75 0
66.7 91.2 0
62.9 48.4 0
66.8 76 0
68.8 83.6 0
74.8 48.3 0
69.7 87.4 0
71.8 46.9 0
85.4 83.8 1
82.3 66 0
64.5 79.5 0
72.8 80.7 0
88.6 77.4 1
61.3 90.4 0
67.1 78.7 0
88.4 67.6 1
68.1 58.9 0
88.4 72.5 1
87.3 59.6 0
88.5 61.5 0
81.9 58.2 0
72.7 87.5 1
88.4 52.7 0
70.1 81 0
67.9 46.6 0
87.5 98.6 1
61.4 72.7 0
88.7 46.9 0
62.8 59.8 0
61.3 97.5 0
61.4 58 0
61.5 61.8 0
61.3 88.2 0
78.3 73 1
71 97.6 1
85.1 95.1 1
82.6 96.5 1
87 75 1
81.5 87.4 1
61.4 67.8 0
62.8 65.9 0
86.8 82.2 1
169 32.8 0
111 20.2 0
127 19.2 0
111 17.7 0
131 19.5 0
119 7.18 1
140 24.9 0
101 5.18 0
115 40.1 0
108 21.9 0
142 36.8 0
168 30.3 0
179 33.3 0
149 11.6 0
195 20.3 0
102 3.2 1
101 22.4 0
118 16.7 0
114 6.38 1
179 19.1 0
137 21.7 0
101 28.5 0
123 27.8 0
144 15.1 0
146 23.6 0
169 41.9 0
104 29.1 0
154 41 0
169 14.1 0
155 38.5 0
131 25.4 0
184 15.2 0
131 40.5 0
117 32.6 0
120 15 1
148 43.4 0
173 9.35 0
187 18.8 0
169 21.8 0
105 4.43 1
179 43.3 0
163 26.3 0
116 34.8 0
103 11.4 0
114 35.8 0
131 30.1 0
122 32 0
190 15.3 0
102 36.5 0
93 10.5 0
164 38 0
136 16.2 0
168 9.3 0
139 2.7 1
101 42.2 0
166 42.4 0
140 6.95 1
145 41.9 0
94.2 16.4 0
133 15.9 0
109 43.3 0
106 1.23 1
157 31.4 0
125 35.4 0
193 31.2 0
162 11.8 0
183 43.5 0
135 28.4 0
111 43.3 0
103 23 0
170 8.53 1
194 1.7 1
119 24.8 0
120 40.4 0
157 1.63 1
142 42.1 0
162 42.1 0
98.4 24.2 0
94.7 5.83 0
168 24.3 0
154 4.03 1
145 2.88 1
187 37.6 0
133 43.6 0
132 2.7 1
141 1.23 1
163 1.55 1
184 6.98 1
143 7.13 1
151 14.1 0
124 33.1 0
91.5 27.8 0
158 36.9 0
115 15.7 1
91.2 12.3 0
153 6.63 1
134 1.48 1
120 37.8 0
130 13.3 1
91.4 19 0
157 43.9 0
167 1.43 1
91.4 21.5 0
122 43.7 0
183 1.2 1
199 30.3 0
141 39.9 0
101 19.9 0
98.5 17.5 0
130 37.6 0
153 32.2 0
136 43.6 0
172 43.1 0
174 41.4 0
114 4.1 1
174 20.6 0
198 1.7 1
199 4.15 1
146 21.3 0
183 31.2 0
191 40.3 0
106 35.3 0
193 26.5 0
107 15.4 0
109 15.2 0
187 40.3 0
188 41.9 0
118 41.8 0
93 25.6 0
154 13.3 0
162 30.9 0
117 2.88 1
170 27.7 0
141 19.5 0
196 43.4 0
96.9 10.9 0
91.4 37 0
104 43.5 0
106 41.8 0
113 1.23 1
92.5 41.5 0
198 37 0
196 12.2 1
98.3 37.3 0
173 29.4 0
94.1 33.1 0
97.1 4.48 0
91.8 1.35 0
169 64.8 0
172 65 0
114 73.4 0
195 58.8 0
172 67.4 0
93.3 63.1 0
168 67.6 0
191 84.7 0
170 68.9 0
195 82.8 0
123 67.2 0
165 76.4 0
157 57.6 0
163 69.9 0
194 88.8 0
154 94.8 0
121 55.1 0
98.7 87.2 1
164 86.3 0
98.1 57.3 0
152 54.2 0
193 95.3 0
162 84.6 0
160 67 0
137 50 0
199 64.3 0
189 76.7 0
178 62.3 0
191 73.2 0
165 50.1 0
154 62.8 0
103 61.8 0
154 56.5 0
128 60.4 0
106 80.1 0
148 69.5 0
112 59.9 0
123 80.2 0
169 83.2 0
149 95.2 0
180 59.9 0
100 84.2 1
200 52.9 0
148 84.8 0
120 57.4 0
133 59.9 0
131 53.3 0
198 98.4 0
157 98.4 0
154 91.7 0
186 95.5 0
193 83.9 0
115 79.8 0
182 73.4 0
140 87.2 0
91.4 60.9 0
105 89.9 0
182 68.8 0
176 97 0
123 87.8 0
106 55.5 0
101 66.6 0
134 54.8 0
106 82.7 1
91.7 89.6 1
157 60.8 0
176 46.4 0
155 67.7 0
94.9 49.5 0
138 75.7 0
106 50.1 0
136 47.7 0
118 73.8 0
98.2 98.2 1
155 70.2 0
144 48 0
131 81.3 0
113 66.6 0
117 83.8 0
97.8 69.9 1
164 96 0
165 93.4 0
137 58.2 0
175 48.1 0
173 98.1 0
134 73 0
142 68 0
186 54.7 0
187 92.8 0
182 53.3 0
134 65 0
176 61.3 0
198 74.5 0
91.7 83 1
134 75.1 0
136 71.4 0
170 92.7 0
171 95.2 0
171 72.9 0
108 67.6 0
172 84.5 0
159 91.4 0
179 54.8 0
161 62 0
150 55.4 0
110 73.3 0
181 47.7 0
99 80 1
113 48.1 0
113 53.9 0
185 90 0
131 96.8 0
126 95.7 0
105 98.2 0
125 91.9 0
173 46.7 0
162 79.9 0
91.3 75.8 1
158 87 0
111 46.5 0
109 46.5 0
196 46.6 0
144 67.6 0
91.4 67.2 1
129 89.9 0
125 49.2 0
128 64.3 0
179 46.4 0
183 46.3 0
189 98.7 0
150 83.5 0
194 76.9 0
94.5 70.1 1
163 98.6 0
113 98.8 0
131 47.6 0
123 98.6 0
123 46.5 0
183 98.5 0
133 98.4 0
133 46.3 0
145 98.5 0
163 46.2 0
91.3 73.3 1
192 58.3 0
95.2 66.5 0
193 92.6 0
144 63.1 0
117 95.7 0
116 98.8 0
169 48.3 0
168 50.6 0
109 90.8 0
110 93 0
99.8 98.2 1
147 95.7 0
190 47.9 0
146 92.7 0
148 92.1 0
138 55.2 0
117 78.3 0
149 79 0
141 96.5 0
135 95 0
123 62.3 0
121 61.6 0
155 79.8 0
116 92.6 0
118 91.7 0
106 70.5 0
174 74.8 0
136 87.5 0
95.1 98.2 1
92.3 46.3 0
107 61.8 0
91.8 98.6 1
93.5 96.8 1
97.5 46.3 0
