0.0409412938575351
0.0348740832686072
0.0430619361832579
0.0428807681316972
0.0640160256487607
0.0414781422470182
0.0301938164178428
0.0646987294408397
0.0471248470958275
0.0802349118022052
0.029215083133753
0.0653853032240427
0.0772130690142455
0.0486232987208991
0.0467110890917401
0.0590126017089388
0.0350483052499813
0.0204810577026693
0.0313075868364285
0.0283315960122395
0.0723280625737859
0.0657867244478621
0.0482841927378285
0.0337745855580732
0.03255801278839
0.0351605454085873
0.0374062943265758
0.031015332771711
0.0232888400205707
0.0391039123127769
0.0362788341792145
0.0381665697122708
0.0282172927634561
0.0563313087199551
0.0289372873325262
0.0547645378600718
0.0479500360810941
0.0680849448890131
0.0768737117757669
0.0823966621606125
0.131071394534828
0.0378911078029748
0.00833869490309109
0.0096592788843009
0.0662006986798093
0.0462542269410929
0.0319878742310126
