"a.h"	"a.theta"	"a.K"
"1"	0.430853810708073	1.17988774078382	1.91311448824269
"2"	0.579063418618785	1.01710119879278	0.565506529343984
"3"	0.55752841196603	1.07384470956363	2.84860218954198
"4"	0.737173631825962	1.06675593876319	3.84308461074302
"5"	0.622080970741854	1.21728442689382	0.174455814566624
"6"	0.436334766800182	1.44231329576375	2.97501944647431
"7"	0.833347080743066	0.878767477258992	3.28684868024074
"8"	0.801720571342783	0.909484132105809	0.477857231204231
"9"	1.00910671405815	0.894725403168042	0.0171927469427977
"10"	0.718924999087356	0.877235516439649	0.0884920798526354
"11"	0.79881689943658	0.898322881899219	2.96659162934549e-05
"12"	0.511433120512601	1.14335773558371	0.000153386271744568
"13"	0.819833172049787	0.853194573210816	0.00023682166131991
"14"	0.551461705499193	1.12834528920542	7.66088577009958e-05
"15"	0.441270974312093	1.11304298360913	0.000918632067041644
"16"	0.50719142999396	1.14999025614055	0.13905898262557
"17"	0.447442156832138	1.17237907526035	12.2203348367925
"18"	0.5552380318267		1.23819528100002	2.91602472657256
"19"	0.47158579604916	1.24534808183721	1.81198068269682
"20"	0.529887304798321	1.06571292619027	0.901776432783999
"21"	1.35039081317675	0.70508591354556	0
"22"	0.922852087506112	0.885174830086222	0.174934797242937
"23"	1.82034798426063	0.849853481774655	0
"24"	0.868839379499882	1.10837740612631	0.00909950634697169
"25"	0.624179477538399	1.06978174463879	0.463388239918984
"26"	0.728825380958593	0.939891916905038	0.64276501188804
"27"	0.84310547749093	1.13071842980953	0.0583001384679522
"28"	0.724977874611678	0.993844263611666	2.37713385794799
"29"	1.67102997501133	0.838329253517272	0
"30"	0.867576745919596	1.0244893021119		0.0494573939320644
"31"	1.18560384693836	0.877246486214977	0.0200278944091207
"32"	1.27580939799962	0.883765908013938	0.000728894988512241
"33"	0.85377193046797	1.15207405719858	0.17479855518901
"34"	0.790590390752014	0.980102761210167	0
"35"	0.812681458992774	0.75394808366897	3.83719745236782
"36"	0.671272057508119	0.891351500035711	0.461690260246888
"37"	0.876295895247191	1.13301749760082	0.577678202800255
"38"	2.08519536539204	0.799067158072042	0
"39"	1.11029189107426	1.14043001248353	0.152318616290969
"40"	0.697483562120423	1.15378518837048	0.0467991455241036
"41"	1.17404762390726	0.77395615768479	0.0568810575147401
"42"	2.22166990138818	0.644741761473108	0.23541970706948
"43"	0.662644709152437	0.930567159819264	3.11523529359096
"44"	1.33176317983949	0.827295254472735	0
"45"	0.839386701241543	1.15341213746957	0.503590797015979
"46"	0.686751194883438	0.851894243111994	1.04766733418916
"47"	0.620395600971026	1.1812300391911		0.463313811389524
"48"	1.50191977762807	0.846769410559688	0.105386067089061
"49"	0.869965060429001	1.09737336336953	0.0507501650880017
"50"	0.497752532040287	1.27833714369004	1.40535003201762
"51"	1.29511202698996	1.03282047695529	2.8002305529543
"52"	0.871147986669617	0.967222817825744	0.93281685960388
"53"	0.620940049062833	1.08171751546087	2.3333750819748
"54"	0.53621567574485	1.2645243672993		0.720357468507906
"55"	0.642780262369116	1.09827071169664	0
"56"	0.705838700968236	1.20656544017952	0.114323286790439
"57"	0.561808971083624	1.26166487558058	1.05424101329116
"58"	1.25729330367672	0.843408934945679	0.595871653108755
"59"	1.30180729582527	1.07195299753104	0.114193548200251
"60"	2.06881239207474	0.818107199671362	0.23445007612146
"61"	1.32869772806		0.846726909445543	0.0583115990809791
"62"	0.948764313777478	1.14498474359303	0
"63"	1.0695965473865		0.874048012576257	0
"64"	0.979938675188138	0.857193610167383	0
"65"	1.153169883922		0.863054578224554	0.257888396623619
"66"	1.23357915539754	0.865434819649716	0.00534739924607937
"67"	0.950794653746398	1.10822233042059	1.90507919016728
"68"	0.849020737650931	0.924859046514277	1.25152606949549
"69"	0.977025372926044	0.861098593021064	0
"70"	1.00372666729437	0.853122025330043	0
"71"	1.50884753223035	0.898265759073841	0
"72"	0.75457344093673	1.10048550538658	0.6095556250629
"73"	0.71623662158168	1.10926673135936	0.132392560894194
"74"	0.655580005678487	0.984323911700705	0.221051422477654
"75"	1.00144248749031	0.877609433769884	0.000251720491528251
"76"	1.36216558960597	0.764989934392078	2.62579404279044
"77"	0.648019041499106	0.868966928117142	3.07774296299761
"78"	0.976114234600467	1.1506478343085		0.100852970169764
"79"	0.864596575279983	1.07034172368789	0.18985651540399
"80"	0.792068413656145	1.08060659082488	0.114987856841578
"81"	0.834098957358379	1.10893909158091	0.0665632404603629
"82"	0.761948190925554	1.18150808771556	1.04000266740532
"83"	0.507863361269867	0.991298781783552	2.22562685520075
"84"	0.664791944546337	1.22050702529884	2.19471566013665
"85"	0.941863152563188	1.13685548687156	0.0185796034720563
"86"	0.964412212561571	0.990038454920276	6.71962325572704
"87"	1.31813759148268	0.915764055608583	0.00058835410994845
"88"	0.61950441663655	1.344304779607		2.34151532562949
"89"	1.35914959062511	0.917712122768344	0.6697035620793
"90"	1.44693267218753	0.913866551263735	0.672709780884798
"91"	0.516634581074522	1.21633503277554	0.635337015280087
"92"	1.39212070975683	0.933617863997599	0.22648854232496
"93"	0.620147849503753	1.26300840182737	0.408892030956997
"94"	2.61473548350444	0.874439533912975	0.000340626063654366
"95"	0.702628174160074	1.21581465253349	2.44218565638251
"96"	0.795913806208035	1.24444743389462	18.0627808354753
"97"	3.4635572223544		1.05953084012199	0.000634803118628591
"98"	1.03197997563497	1.02176456705555	0.0010218781909631
"99"	0.903913133720663	1.06195407630487	0.00205923938481958
"100"	0.893949707506776	1.18102892784925	0.116896671845021
"101"	1.2469162974866		1.03315016661336	0.228170568955078
"102"	0.682502453383229	1.28652030338362	0.337698423451283
"103"	0.78226096771966	1.15763055564794	1.00989075561138
"104"	0.668872187557451	1.09393096380966	0.40395222735992
"105"	1.00904289484969	0.776486431639926	0
"106"	0.60947642613148	1.09643210294132	1.62695987754009
"107"	0.662947291332098	1.1334725705532		5.42897846239568
"108"	2.34752126529447	0.716343544332205	0.228398241583812
"109"	0.712361460384683	1.04755109774816	0.109434554926631
"110"	2.38337335058885	0.850382271613702	0.221644260497598
"111"	1.77433031791642	1.00193238100089	1.26852024500747
"112"	0.973936319413358	0.918621514093343	0.00872571404517053
"113"	1.9258036296258		0.934076480957891	0.000129928847402679
"114"	0.847205593174629	0.892505121993963	0.0043668033095553
"115"	0.548736209296431	1.16482494762103	0.917371183477536
"116"	1.24319202468098	0.890970748371052	0
"117"	0.692536695876154	0.918227771308552	0
"118"	1.92239297833014	0.826054902901827	0.0252336503165904
"119"	1.37633729769974	0.884613070949948	0.0895152464463363
"120"	2.47829311620572	0.858373941526295	1.34329272257901
"121"	0.618971006243181	1.23362221807725	0
"122"	1.22813361163805	0.701303411102384	2.19471566013665
"123"	1.87901596990664	0.756825734727364	0.142685392929652
"124"	0.433602303242109	0.748658806988214	0.0756097227962048
"125"	0.858454326144842	0.86293780116428	2.96035162479652
"126"	0.901012880695475	0.827741107458658	0.00928980173602817
"127"	0.845744109262677	0.829023610351807	2.34151532562949
"128"	0.643675600076656	0.799484367984305	0.580474272483995
"129"	1.00345532149467	0.845082108795933	0.519644621320003
"130"	1.16218677724311	0.90877902863282	0.415990409471454
